parkingFacilityOccupancy;parkingFacilityStatus;parkingFacilityStatusTime;totalNumberOfOccupiedParkingSpaces;totalNumberOfVacantParkingSpaces;totalParkingCapacityLongTermOverride;totalParkingCapacityOverride;totalParkingCapacityShortTermOverride;id;TIME
0.18;open;2021-11-01T05:02:00Z;27;123;200;350;150;24276[Turmcenter];2021-11-01T05:07:02.018Z
0.13513513;open;2021-11-01T05:02:00Z;55;352;0;407;407;18944[Alte Oper];2021-11-01T05:07:02.018Z
0.052197803;open;2021-11-01T05:02:00Z;19;345;0;364;364;24281[Hauptbahnhof Süd];2021-11-01T05:07:02.018Z
0.27194068;open;2021-11-01T05:02:00Z;220;589;0;809;809;24279[Konstabler];2021-11-01T05:07:02.018Z
0.47887325;open;2021-11-01T05:02:00Z;204;222;0;426;426;18497[Hauptwache];2021-11-01T05:07:02.018Z
0.47205883;open;2021-11-01T05:02:00Z;321;359;0;680;680;18495[Am Gericht];2021-11-01T05:07:02.018Z
0.08928572;open;2021-11-01T05:02:00Z;80;816;70;966;896;109240[MyZeil];2021-11-01T05:07:02.018Z
0.39589906;open;2021-11-01T05:02:00Z;251;383;0;634;634;18494[Konrad-Adenauer-Straße];2021-11-01T05:07:02.018Z
0.18;open;2021-11-01T05:12:00Z;27;123;200;350;150;24276[Turmcenter];2021-11-01T05:17:02.893Z
0.13513513;open;2021-11-01T05:12:00Z;55;352;0;407;407;18944[Alte Oper];2021-11-01T05:17:02.893Z
0.06868132;open;2021-11-01T05:12:00Z;25;339;0;364;364;24281[Hauptbahnhof Süd];2021-11-01T05:17:02.893Z
0.27317676;open;2021-11-01T05:12:00Z;221;588;0;809;809;24279[Konstabler];2021-11-01T05:17:02.893Z
0.47887325;open;2021-11-01T05:12:00Z;204;222;0;426;426;18497[Hauptwache];2021-11-01T05:17:02.893Z
0.4764706;open;2021-11-01T05:12:00Z;324;356;0;680;680;18495[Am Gericht];2021-11-01T05:17:02.893Z
0.39905363;open;2021-11-01T05:12:00Z;253;381;0;634;634;18494[Konrad-Adenauer-Straße];2021-11-01T05:17:02.893Z
0.18;open;2021-11-01T05:27:00Z;27;123;200;350;150;24276[Turmcenter];2021-11-01T05:32:02.955Z
0.14496315;open;2021-11-01T05:27:00Z;59;348;0;407;407;18944[Alte Oper];2021-11-01T05:32:02.955Z
0.09065934;open;2021-11-01T05:27:00Z;33;331;0;364;364;24281[Hauptbahnhof Süd];2021-11-01T05:32:02.955Z
0.27317676;open;2021-11-01T05:27:00Z;221;588;0;809;809;24279[Konstabler];2021-11-01T05:32:02.955Z
0.48591548;open;2021-11-01T05:27:00Z;207;219;0;426;426;18497[Hauptwache];2021-11-01T05:32:02.955Z
0.47941175;open;2021-11-01T05:27:00Z;326;354;0;680;680;18495[Am Gericht];2021-11-01T05:32:02.955Z
0.09040178;open;2021-11-01T05:27:00Z;81;815;70;966;896;109240[MyZeil];2021-11-01T05:32:02.955Z
0.4022082;open;2021-11-01T05:27:00Z;255;379;0;634;634;18494[Konrad-Adenauer-Straße];2021-11-01T05:32:02.955Z
0.18;open;2021-11-01T05:37:00Z;27;123;200;350;150;24276[Turmcenter];2021-11-01T05:42:00.807Z
0.14496315;open;2021-11-01T05:37:00Z;59;348;0;407;407;18944[Alte Oper];2021-11-01T05:42:00.807Z
0.10989011;open;2021-11-01T05:37:00Z;40;324;0;364;364;24281[Hauptbahnhof Süd];2021-11-01T05:42:00.807Z
0.27317676;open;2021-11-01T05:37:00Z;221;588;0;809;809;24279[Konstabler];2021-11-01T05:42:00.807Z
0.48826292;open;2021-11-01T05:37:00Z;208;218;0;426;426;18497[Hauptwache];2021-11-01T05:42:00.807Z
0.48382354;open;2021-11-01T05:37:00Z;329;351;0;680;680;18495[Am Gericht];2021-11-01T05:42:00.807Z
0.09040178;open;2021-11-01T05:37:00Z;81;815;70;966;896;109240[MyZeil];2021-11-01T05:42:00.807Z
0.40063092;open;2021-11-01T05:37:00Z;254;380;0;634;634;18494[Konrad-Adenauer-Straße];2021-11-01T05:42:00.807Z
0.25333333;open;2021-11-01T06:27:00Z;38;112;200;350;150;24276[Turmcenter];2021-11-01T06:32:01.990Z
0.15724815;open;2021-11-01T06:27:00Z;64;343;0;407;407;18944[Alte Oper];2021-11-01T06:32:01.990Z
0.13736264;open;2021-11-01T06:27:00Z;50;314;0;364;364;24281[Hauptbahnhof Süd];2021-11-01T06:32:01.990Z
0.2855377;open;2021-11-01T06:27:00Z;231;578;0;809;809;24279[Konstabler];2021-11-01T06:32:01.990Z
0.4976526;open;2021-11-01T06:27:00Z;212;214;0;426;426;18497[Hauptwache];2021-11-01T06:32:01.990Z
0.5132353;open;2021-11-01T06:27:00Z;349;331;0;680;680;18495[Am Gericht];2021-11-01T06:32:01.990Z
0.092633925;open;2021-11-01T06:27:00Z;83;813;70;966;896;109240[MyZeil];2021-11-01T06:32:01.990Z
0.4037855;open;2021-11-01T06:27:00Z;256;378;0;634;634;18494[Konrad-Adenauer-Straße];2021-11-01T06:32:01.990Z
0.31333333;open;2021-11-01T06:43:00Z;47;103;200;350;150;24276[Turmcenter];2021-11-01T06:47:01.971Z
0.15970516;open;2021-11-01T06:43:00Z;65;342;0;407;407;18944[Alte Oper];2021-11-01T06:47:01.971Z
0.16483517;open;2021-11-01T06:43:00Z;60;304;0;364;364;24281[Hauptbahnhof Süd];2021-11-01T06:47:01.971Z
0.2843016;open;2021-11-01T06:43:00Z;230;579;0;809;809;24279[Konstabler];2021-11-01T06:47:01.971Z
0.5023474;open;2021-11-01T06:43:00Z;214;212;0;426;426;18497[Hauptwache];2021-11-01T06:47:01.971Z
0.5352941;open;2021-11-01T06:43:00Z;364;316;0;680;680;18495[Am Gericht];2021-11-01T06:47:01.971Z
0.09709822;open;2021-11-01T06:43:00Z;87;809;70;966;896;109240[MyZeil];2021-11-01T06:47:01.971Z
0.41955835;open;2021-11-01T06:43:00Z;266;368;0;634;634;18494[Konrad-Adenauer-Straße];2021-11-01T06:47:01.971Z
0.33333334;open;2021-11-01T06:53:00Z;50;100;200;350;150;24276[Turmcenter];2021-11-01T06:57:01.603Z
0.17199017;open;2021-11-01T06:53:00Z;70;337;0;407;407;18944[Alte Oper];2021-11-01T06:57:01.603Z
0.1923077;open;2021-11-01T06:53:00Z;70;294;0;364;364;24281[Hauptbahnhof Süd];2021-11-01T06:57:01.603Z
0.28800988;open;2021-11-01T06:53:00Z;233;576;0;809;809;24279[Konstabler];2021-11-01T06:57:01.603Z
0.5046948;open;2021-11-01T06:53:00Z;215;211;0;426;426;18497[Hauptwache];2021-11-01T06:57:01.603Z
0.55441177;open;2021-11-01T06:53:00Z;377;303;0;680;680;18495[Am Gericht];2021-11-01T06:57:01.603Z
0.09933036;open;2021-11-01T06:53:00Z;89;807;70;966;896;109240[MyZeil];2021-11-01T06:57:01.603Z
0.4274448;open;2021-11-01T06:53:00Z;271;363;0;634;634;18494[Konrad-Adenauer-Straße];2021-11-01T06:57:01.603Z
0.42666668;open;2021-11-01T07:08:00Z;64;86;200;350;150;24276[Turmcenter];2021-11-01T07:12:02.154Z
0.18427518;open;2021-11-01T07:08:00Z;75;332;0;407;407;18944[Alte Oper];2021-11-01T07:12:02.154Z
0.21153846;open;2021-11-01T07:08:00Z;77;287;0;364;364;24281[Hauptbahnhof Süd];2021-11-01T07:12:02.154Z
0.30160692;open;2021-11-01T07:08:00Z;244;565;0;809;809;24279[Konstabler];2021-11-01T07:12:02.154Z
0.52112675;open;2021-11-01T07:08:00Z;222;204;0;426;426;18497[Hauptwache];2021-11-01T07:12:02.154Z
0.5852941;open;2021-11-01T07:08:00Z;398;282;0;680;680;18495[Am Gericht];2021-11-01T07:12:02.154Z
0.10602678;open;2021-11-01T07:08:00Z;95;801;70;966;896;109240[MyZeil];2021-11-01T07:12:02.154Z
0.44164038;open;2021-11-01T07:08:00Z;280;354;0;634;634;18494[Konrad-Adenauer-Straße];2021-11-01T07:12:02.154Z
0.56666666;open;2021-11-01T07:28:00Z;85;65;200;350;150;24276[Turmcenter];2021-11-01T07:32:01.329Z
0.22850123;open;2021-11-01T07:28:00Z;93;314;0;407;407;18944[Alte Oper];2021-11-01T07:32:01.329Z
0.25824177;open;2021-11-01T07:28:00Z;94;270;0;364;364;24281[Hauptbahnhof Süd];2021-11-01T07:32:01.329Z
0.31396785;open;2021-11-01T07:28:00Z;254;555;0;809;809;24279[Konstabler];2021-11-01T07:32:01.329Z
0.5516432;open;2021-11-01T07:28:00Z;235;191;0;426;426;18497[Hauptwache];2021-11-01T07:32:01.329Z
0.61470586;open;2021-11-01T07:28:00Z;418;262;0;680;680;18495[Am Gericht];2021-11-01T07:32:01.329Z
0.110491075;open;2021-11-01T07:28:00Z;99;797;70;966;896;109240[MyZeil];2021-11-01T07:32:01.329Z
0.4652997;open;2021-11-01T07:28:00Z;295;339;0;634;634;18494[Konrad-Adenauer-Straße];2021-11-01T07:32:01.329Z
0.6666667;open;2021-11-01T07:38:00Z;100;50;200;350;150;24276[Turmcenter];2021-11-01T07:42:01.487Z
0.25061426;open;2021-11-01T07:38:00Z;102;305;0;407;407;18944[Alte Oper];2021-11-01T07:42:01.487Z
0.27197802;open;2021-11-01T07:38:00Z;99;265;0;364;364;24281[Hauptbahnhof Süd];2021-11-01T07:42:01.487Z
0.33127317;open;2021-11-01T07:38:00Z;268;541;0;809;809;24279[Konstabler];2021-11-01T07:42:01.487Z
0.5610329;open;2021-11-01T07:38:00Z;239;187;0;426;426;18497[Hauptwache];2021-11-01T07:42:01.487Z
0.63235295;open;2021-11-01T07:38:00Z;430;250;0;680;680;18495[Am Gericht];2021-11-01T07:42:01.487Z
0.11495536;open;2021-11-01T07:38:00Z;103;793;70;966;896;109240[MyZeil];2021-11-01T07:42:01.487Z
0.4731861;open;2021-11-01T07:38:00Z;300;334;0;634;634;18494[Konrad-Adenauer-Straße];2021-11-01T07:42:01.487Z
0.7866667;open;2021-11-01T07:53:00Z;118;32;200;350;150;24276[Turmcenter];2021-11-01T07:57:02.336Z
0.2948403;open;2021-11-01T07:53:00Z;120;287;0;407;407;18944[Alte Oper];2021-11-01T07:57:02.336Z
0.31318682;open;2021-11-01T07:53:00Z;114;250;0;364;364;24281[Hauptbahnhof Süd];2021-11-01T07:57:02.336Z
0.34857848;open;2021-11-01T07:53:00Z;282;527;0;809;809;24279[Konstabler];2021-11-01T07:57:02.336Z
0.59624416;open;2021-11-01T07:53:00Z;254;172;0;426;426;18497[Hauptwache];2021-11-01T07:57:02.336Z
0.6485294;open;2021-11-01T07:53:00Z;441;239;0;680;680;18495[Am Gericht];2021-11-01T07:57:02.336Z
0.50473183;open;2021-11-01T07:53:00Z;320;314;0;634;634;18494[Konrad-Adenauer-Straße];2021-11-01T07:57:02.336Z
0.96666664;open;2021-11-01T08:08:00Z;145;5;200;350;150;24276[Turmcenter];2021-11-01T08:12:01.044Z
0.33660933;open;2021-11-01T08:08:00Z;137;270;0;407;407;18944[Alte Oper];2021-11-01T08:12:01.044Z
0.34615386;open;2021-11-01T08:08:00Z;126;238;0;364;364;24281[Hauptbahnhof Süd];2021-11-01T08:12:01.044Z
0.37700865;open;2021-11-01T08:08:00Z;305;504;0;809;809;24279[Konstabler];2021-11-01T08:12:01.044Z
0.6455399;open;2021-11-01T08:08:00Z;275;151;0;426;426;18497[Hauptwache];2021-11-01T08:12:01.044Z
0.69264704;open;2021-11-01T08:08:00Z;471;209;0;680;680;18495[Am Gericht];2021-11-01T08:12:01.044Z
0.12946428;open;2021-11-01T08:08:00Z;116;780;70;966;896;109240[MyZeil];2021-11-01T08:12:01.044Z
0.5236593;open;2021-11-01T08:08:00Z;332;302;0;634;634;18494[Konrad-Adenauer-Straße];2021-11-01T08:12:01.044Z
1;open;2021-11-01T08:34:00Z;150;0;200;350;150;24276[Turmcenter];2021-11-01T08:37:02.116Z
0.4078624;open;2021-11-01T08:34:00Z;166;241;0;407;407;18944[Alte Oper];2021-11-01T08:37:02.116Z
0.39285713;open;2021-11-01T08:34:00Z;143;221;0;364;364;24281[Hauptbahnhof Süd];2021-11-01T08:37:02.116Z
0.4264524;open;2021-11-01T08:34:00Z;345;464;0;809;809;24279[Konstabler];2021-11-01T08:37:02.116Z
0.7112676;open;2021-11-01T08:34:00Z;303;123;0;426;426;18497[Hauptwache];2021-11-01T08:37:02.116Z
0.78088236;open;2021-11-01T08:34:00Z;531;149;0;680;680;18495[Am Gericht];2021-11-01T08:37:02.116Z
0.14620535;open;2021-11-01T08:34:00Z;131;765;70;966;896;109240[MyZeil];2021-11-01T08:37:02.116Z
0.5583596;open;2021-11-01T08:34:00Z;354;280;0;634;634;18494[Konrad-Adenauer-Straße];2021-11-01T08:37:02.116Z
1;open;2021-11-01T08:44:00Z;150;0;200;350;150;24276[Turmcenter];2021-11-01T08:47:02.106Z
0.44226044;open;2021-11-01T08:44:00Z;180;227;0;407;407;18944[Alte Oper];2021-11-01T08:47:02.106Z
0.40934065;open;2021-11-01T08:44:00Z;149;215;0;364;364;24281[Hauptbahnhof Süd];2021-11-01T08:47:02.106Z
0.4462299;open;2021-11-01T08:44:00Z;361;448;0;809;809;24279[Konstabler];2021-11-01T08:47:02.106Z
0.75586855;open;2021-11-01T08:44:00Z;322;104;0;426;426;18497[Hauptwache];2021-11-01T08:47:02.106Z
0.8235294;open;2021-11-01T08:44:00Z;560;120;0;680;680;18495[Am Gericht];2021-11-01T08:47:02.106Z
0.15736607;open;2021-11-01T08:44:00Z;141;755;70;966;896;109240[MyZeil];2021-11-01T08:47:02.106Z
0.5772871;open;2021-11-01T08:44:00Z;366;268;0;634;634;18494[Konrad-Adenauer-Straße];2021-11-01T08:47:02.106Z
1;open;2021-11-01T08:49:00Z;150;0;200;350;150;24276[Turmcenter];2021-11-01T08:52:01.616Z
0.46437347;open;2021-11-01T08:49:00Z;189;218;0;407;407;18944[Alte Oper];2021-11-01T08:52:01.616Z
0.40934065;open;2021-11-01T08:49:00Z;149;215;0;364;364;24281[Hauptbahnhof Süd];2021-11-01T08:52:01.616Z
0.47589618;open;2021-11-01T08:49:00Z;385;424;0;809;809;24279[Konstabler];2021-11-01T08:52:01.616Z
0.786385;open;2021-11-01T08:49:00Z;335;91;0;426;426;18497[Hauptwache];2021-11-01T08:52:01.616Z
0.8338235;open;2021-11-01T08:49:00Z;567;113;0;680;680;18495[Am Gericht];2021-11-01T08:52:01.616Z
0.1640625;open;2021-11-01T08:49:00Z;147;749;70;966;896;109240[MyZeil];2021-11-01T08:52:01.616Z
0.58044165;open;2021-11-01T08:49:00Z;368;266;0;634;634;18494[Konrad-Adenauer-Straße];2021-11-01T08:52:01.616Z
0.88;open;2021-11-01T09:04:00Z;132;18;200;350;150;24276[Turmcenter];2021-11-01T09:07:01.291Z
0.5479115;open;2021-11-01T09:04:00Z;223;184;0;407;407;18944[Alte Oper];2021-11-01T09:07:01.291Z
0.41483516;open;2021-11-01T09:04:00Z;151;213;0;364;364;24281[Hauptbahnhof Süd];2021-11-01T09:07:01.291Z
0.53152037;open;2021-11-01T09:04:00Z;430;379;0;809;809;24279[Konstabler];2021-11-01T09:07:01.291Z
0.8403756;open;2021-11-01T09:04:00Z;358;68;0;426;426;18497[Hauptwache];2021-11-01T09:07:01.291Z
0.8779412;open;2021-11-01T09:04:00Z;597;83;0;680;680;18495[Am Gericht];2021-11-01T09:07:01.291Z
0.6151419;open;2021-11-01T09:04:00Z;390;244;0;634;634;18494[Konrad-Adenauer-Straße];2021-11-01T09:07:01.291Z
0.8666667;open;2021-11-01T09:24:00Z;130;20;200;350;150;24276[Turmcenter];2021-11-01T09:27:01.830Z
0.66584766;open;2021-11-01T09:24:00Z;271;136;0;407;407;18944[Alte Oper];2021-11-01T09:27:01.830Z
0.41758242;open;2021-11-01T09:24:00Z;152;212;0;364;364;24281[Hauptbahnhof Süd];2021-11-01T09:27:01.830Z
0.618047;open;2021-11-01T09:24:00Z;500;309;0;809;809;24279[Konstabler];2021-11-01T09:27:01.830Z
0.91549295;open;2021-11-01T09:24:00Z;390;36;0;426;426;18497[Hauptwache];2021-11-01T09:27:01.830Z
0.9014706;open;2021-11-01T09:24:00Z;613;67;0;680;680;18495[Am Gericht];2021-11-01T09:27:01.830Z
0.23549107;open;2021-11-01T09:24:00Z;211;685;70;966;896;109240[MyZeil];2021-11-01T09:27:01.830Z
0.6514196;open;2021-11-01T09:24:00Z;413;221;0;634;634;18494[Konrad-Adenauer-Straße];2021-11-01T09:27:01.830Z
0.87333333;open;2021-11-01T09:44:00Z;131;19;200;350;150;24276[Turmcenter];2021-11-01T09:47:01.375Z
0.7714988;open;2021-11-01T09:44:00Z;314;93;0;407;407;18944[Alte Oper];2021-11-01T09:47:01.375Z
0.42582417;open;2021-11-01T09:44:00Z;155;209;0;364;364;24281[Hauptbahnhof Süd];2021-11-01T09:47:01.375Z
0.6996292;open;2021-11-01T09:44:00Z;566;243;0;809;809;24279[Konstabler];2021-11-01T09:47:01.375Z
1;open;2021-11-01T09:44:00Z;426;0;0;426;426;18497[Hauptwache];2021-11-01T09:47:01.375Z
0.925;open;2021-11-01T09:44:00Z;629;51;0;680;680;18495[Am Gericht];2021-11-01T09:47:01.375Z
0.27120537;open;2021-11-01T09:44:00Z;243;653;70;966;896;109240[MyZeil];2021-11-01T09:47:01.375Z
0.7097792;open;2021-11-01T09:44:00Z;450;184;0;634;634;18494[Konrad-Adenauer-Straße];2021-11-01T09:47:01.375Z
0.87333333;open;2021-11-01T09:49:00Z;131;19;200;350;150;24276[Turmcenter];2021-11-01T09:52:02.077Z
0.8083538;open;2021-11-01T09:49:00Z;329;78;0;407;407;18944[Alte Oper];2021-11-01T09:52:02.077Z
0.42582417;open;2021-11-01T09:49:00Z;155;209;0;364;364;24281[Hauptbahnhof Süd];2021-11-01T09:52:02.077Z
0.7169345;open;2021-11-01T09:49:00Z;580;229;0;809;809;24279[Konstabler];2021-11-01T09:52:02.077Z
0.9976526;open;2021-11-01T09:49:00Z;425;1;0;426;426;18497[Hauptwache];2021-11-01T09:52:02.077Z
0.93088233;open;2021-11-01T09:49:00Z;633;47;0;680;680;18495[Am Gericht];2021-11-01T09:52:02.077Z
0.71135646;open;2021-11-01T09:49:00Z;451;183;0;634;634;18494[Konrad-Adenauer-Straße];2021-11-01T09:52:02.077Z
0.81333333;open;2021-11-01T09:59:00Z;122;28;200;350;150;24276[Turmcenter];2021-11-01T10:02:02.481Z
0.85995084;open;2021-11-01T09:59:00Z;350;57;0;407;407;18944[Alte Oper];2021-11-01T10:02:02.481Z
0.43406594;open;2021-11-01T09:59:00Z;158;206;0;364;364;24281[Hauptbahnhof Süd];2021-11-01T10:02:02.481Z
0.7564895;open;2021-11-01T09:59:00Z;612;197;0;809;809;24279[Konstabler];2021-11-01T10:02:02.481Z
1;open;2021-11-01T09:59:00Z;426;0;0;426;426;18497[Hauptwache];2021-11-01T10:02:02.481Z
0.95;open;2021-11-01T09:59:00Z;646;34;0;680;680;18495[Am Gericht];2021-11-01T10:02:02.481Z
0.30245537;open;2021-11-01T09:59:00Z;271;625;70;966;896;109240[MyZeil];2021-11-01T10:02:02.481Z
0.72397476;open;2021-11-01T09:59:00Z;459;175;0;634;634;18494[Konrad-Adenauer-Straße];2021-11-01T10:02:02.481Z
0.84;open;2021-11-01T10:14:00Z;126;24;200;350;150;24276[Turmcenter];2021-11-01T10:17:00.649Z
0.9140049;open;2021-11-01T10:14:00Z;372;35;0;407;407;18944[Alte Oper];2021-11-01T10:17:00.649Z
0.41758242;open;2021-11-01T10:14:00Z;152;212;0;364;364;24281[Hauptbahnhof Süd];2021-11-01T10:17:00.649Z
0.829419;open;2021-11-01T10:14:00Z;671;138;0;809;809;24279[Konstabler];2021-11-01T10:17:00.649Z
1;open;2021-11-01T10:14:00Z;426;0;0;426;426;18497[Hauptwache];2021-11-01T10:17:00.649Z
0.9823529;open;2021-11-01T10:14:00Z;668;12;0;680;680;18495[Am Gericht];2021-11-01T10:17:00.649Z
0.34933037;open;2021-11-01T10:14:00Z;313;583;70;966;896;109240[MyZeil];2021-11-01T10:17:00.649Z
0.7570978;open;2021-11-01T10:14:00Z;480;154;0;634;634;18494[Konrad-Adenauer-Straße];2021-11-01T10:17:00.649Z
0.7266667;open;2021-11-01T10:35:00Z;109;41;200;350;150;24276[Turmcenter];2021-11-01T10:37:00.854Z
1;open;2021-11-01T10:35:00Z;407;0;0;407;407;18944[Alte Oper];2021-11-01T10:37:00.854Z
0.42032966;open;2021-11-01T10:35:00Z;153;211;0;364;364;24281[Hauptbahnhof Süd];2021-11-01T10:37:00.854Z
0.9233622;open;2021-11-01T10:35:00Z;747;62;0;809;809;24279[Konstabler];2021-11-01T10:37:00.854Z
1;open;2021-11-01T10:35:00Z;426;0;0;426;426;18497[Hauptwache];2021-11-01T10:37:00.854Z
0.99852943;open;2021-11-01T10:35:00Z;679;1;0;680;680;18495[Am Gericht];2021-11-01T10:37:00.854Z
0.3872768;open;2021-11-01T10:35:00Z;347;549;70;966;896;109240[MyZeil];2021-11-01T10:37:00.854Z
0.78864354;open;2021-11-01T10:35:00Z;500;134;0;634;634;18494[Konrad-Adenauer-Straße];2021-11-01T10:37:00.854Z
0.7;open;2021-11-01T10:50:00Z;105;45;200;350;150;24276[Turmcenter];2021-11-01T10:52:00.215Z
1;open;2021-11-01T10:50:00Z;407;0;0;407;407;18944[Alte Oper];2021-11-01T10:52:00.215Z
0.44505495;open;2021-11-01T10:50:00Z;162;202;0;364;364;24281[Hauptbahnhof Süd];2021-11-01T10:52:00.215Z
0.96662545;open;2021-11-01T10:50:00Z;782;27;0;809;809;24279[Konstabler];2021-11-01T10:52:00.215Z
1;open;2021-11-01T10:50:00Z;426;0;0;426;426;18497[Hauptwache];2021-11-01T10:52:00.215Z
0.99264705;open;2021-11-01T10:50:00Z;675;5;0;680;680;18495[Am Gericht];2021-11-01T10:52:00.215Z
0.4107143;open;2021-11-01T10:50:00Z;368;528;70;966;896;109240[MyZeil];2021-11-01T10:52:00.215Z
0.81388015;open;2021-11-01T10:50:00Z;516;118;0;634;634;18494[Konrad-Adenauer-Straße];2021-11-01T10:52:00.215Z
0.70666665;open;2021-11-01T11:10:00Z;106;44;200;350;150;24276[Turmcenter];2021-11-01T11:12:00.402Z
0.995086;open;2021-11-01T11:10:00Z;405;2;0;407;407;18944[Alte Oper];2021-11-01T11:12:00.402Z
0.43681318;open;2021-11-01T11:10:00Z;159;205;0;364;364;24281[Hauptbahnhof Süd];2021-11-01T11:12:00.402Z
1;open;2021-11-01T11:10:00Z;809;0;0;809;809;24279[Konstabler];2021-11-01T11:12:00.402Z
1;open;2021-11-01T11:10:00Z;426;0;0;426;426;18497[Hauptwache];2021-11-01T11:12:00.402Z
1;open;2021-11-01T11:10:00Z;680;0;0;680;680;18495[Am Gericht];2021-11-01T11:12:00.402Z
0.45200893;open;2021-11-01T11:10:00Z;405;491;70;966;896;109240[MyZeil];2021-11-01T11:12:00.402Z
0.8438486;open;2021-11-01T11:10:00Z;535;99;0;634;634;18494[Konrad-Adenauer-Straße];2021-11-01T11:12:00.402Z
0.70666665;open;2021-11-01T11:20:00Z;106;44;200;350;150;24276[Turmcenter];2021-11-01T11:22:00.043Z
1;open;2021-11-01T11:20:00Z;407;0;0;407;407;18944[Alte Oper];2021-11-01T11:22:00.043Z
0.42857143;open;2021-11-01T11:20:00Z;156;208;0;364;364;24281[Hauptbahnhof Süd];2021-11-01T11:22:00.043Z
1;open;2021-11-01T11:20:00Z;809;0;0;809;809;24279[Konstabler];2021-11-01T11:22:00.043Z
0.9976526;open;2021-11-01T11:20:00Z;425;1;0;426;426;18497[Hauptwache];2021-11-01T11:22:00.043Z
0.99852943;open;2021-11-01T11:20:00Z;679;1;0;680;680;18495[Am Gericht];2021-11-01T11:22:00.043Z
0.47879463;open;2021-11-01T11:20:00Z;429;467;70;966;896;109240[MyZeil];2021-11-01T11:22:00.043Z
0.8564669;open;2021-11-01T11:20:00Z;543;91;0;634;634;18494[Konrad-Adenauer-Straße];2021-11-01T11:22:00.043Z
0.68;open;2021-11-01T11:30:00Z;102;48;200;350;150;24276[Turmcenter];2021-11-01T11:32:00.795Z
1;open;2021-11-01T11:30:00Z;407;0;0;407;407;18944[Alte Oper];2021-11-01T11:32:00.795Z
0.43131867;open;2021-11-01T11:30:00Z;157;207;0;364;364;24281[Hauptbahnhof Süd];2021-11-01T11:32:00.795Z
1;open;2021-11-01T11:30:00Z;809;0;0;809;809;24279[Konstabler];2021-11-01T11:32:00.795Z
0.9976526;open;2021-11-01T11:30:00Z;425;1;0;426;426;18497[Hauptwache];2021-11-01T11:32:00.795Z
0.9911765;open;2021-11-01T11:30:00Z;674;6;0;680;680;18495[Am Gericht];2021-11-01T11:32:00.795Z
0.50446427;open;2021-11-01T11:30:00Z;452;444;70;966;896;109240[MyZeil];2021-11-01T11:32:00.795Z
0.88801265;open;2021-11-01T11:30:00Z;563;71;0;634;634;18494[Konrad-Adenauer-Straße];2021-11-01T11:32:00.795Z
0.66;open;2021-11-01T11:40:00Z;99;51;200;350;150;24276[Turmcenter];2021-11-01T11:42:00.770Z
0.99017197;open;2021-11-01T11:40:00Z;403;4;0;407;407;18944[Alte Oper];2021-11-01T11:42:00.770Z
0.43956044;open;2021-11-01T11:40:00Z;160;204;0;364;364;24281[Hauptbahnhof Süd];2021-11-01T11:42:00.770Z
1;open;2021-11-01T11:40:00Z;809;0;0;809;809;24279[Konstabler];2021-11-01T11:42:00.770Z
1;open;2021-11-01T11:40:00Z;426;0;0;426;426;18497[Hauptwache];2021-11-01T11:42:00.770Z
0.9911765;open;2021-11-01T11:40:00Z;674;6;0;680;680;18495[Am Gericht];2021-11-01T11:42:00.770Z
0.9006309;open;2021-11-01T11:40:00Z;571;63;0;634;634;18494[Konrad-Adenauer-Straße];2021-11-01T11:42:00.770Z
0.62666667;open;2021-11-01T11:50:00Z;94;56;200;350;150;24276[Turmcenter];2021-11-01T11:52:00.043Z
1;open;2021-11-01T11:50:00Z;407;0;0;407;407;18944[Alte Oper];2021-11-01T11:52:00.043Z
0.44505495;open;2021-11-01T11:50:00Z;162;202;0;364;364;24281[Hauptbahnhof Süd];2021-11-01T11:52:00.043Z
0.9913473;open;2021-11-01T11:50:00Z;802;7;0;809;809;24279[Konstabler];2021-11-01T11:52:00.043Z
0.9976526;open;2021-11-01T11:50:00Z;425;1;0;426;426;18497[Hauptwache];2021-11-01T11:52:00.043Z
0.99852943;open;2021-11-01T11:50:00Z;679;1;0;680;680;18495[Am Gericht];2021-11-01T11:52:00.043Z
0.5770089;open;2021-11-01T11:50:00Z;517;379;70;966;896;109240[MyZeil];2021-11-01T11:52:00.043Z
0.9053628;open;2021-11-01T11:50:00Z;574;60;0;634;634;18494[Konrad-Adenauer-Straße];2021-11-01T11:52:00.043Z
0.6;open;2021-11-01T12:00:00Z;90;60;200;350;150;24276[Turmcenter];2021-11-01T12:02:02.802Z
1;open;2021-11-01T12:00:00Z;407;0;0;407;407;18944[Alte Oper];2021-11-01T12:02:02.802Z
0.43956044;open;2021-11-01T12:00:00Z;160;204;0;364;364;24281[Hauptbahnhof Süd];2021-11-01T12:02:02.802Z
1;open;2021-11-01T12:00:00Z;809;0;0;809;809;24279[Konstabler];2021-11-01T12:02:02.802Z
1;open;2021-11-01T12:00:00Z;426;0;0;426;426;18497[Hauptwache];2021-11-01T12:02:02.802Z
0.9941176;open;2021-11-01T12:00:00Z;676;4;0;680;680;18495[Am Gericht];2021-11-01T12:02:02.802Z
0.59375;open;2021-11-01T12:00:00Z;532;364;70;966;896;109240[MyZeil];2021-11-01T12:02:02.802Z
0.9290221;open;2021-11-01T12:00:00Z;589;45;0;634;634;18494[Konrad-Adenauer-Straße];2021-11-01T12:02:02.802Z
0.58666664;open;2021-11-01T12:16:00Z;88;62;200;350;150;24276[Turmcenter];2021-11-01T12:17:01.171Z
1;open;2021-11-01T12:16:00Z;407;0;0;407;407;18944[Alte Oper];2021-11-01T12:17:01.171Z
0.42857143;open;2021-11-01T12:16:00Z;156;208;0;364;364;24281[Hauptbahnhof Süd];2021-11-01T12:17:01.171Z
0.99258345;open;2021-11-01T12:16:00Z;803;6;0;809;809;24279[Konstabler];2021-11-01T12:17:01.171Z
1;open;2021-11-01T12:16:00Z;426;0;0;426;426;18497[Hauptwache];2021-11-01T12:17:01.171Z
0.98088235;open;2021-11-01T12:16:00Z;667;13;0;680;680;18495[Am Gericht];2021-11-01T12:17:01.171Z
0.6104911;open;2021-11-01T12:16:00Z;547;349;70;966;896;109240[MyZeil];2021-11-01T12:17:01.171Z
0.9384858;open;2021-11-01T12:16:00Z;595;39;0;634;634;18494[Konrad-Adenauer-Straße];2021-11-01T12:17:01.171Z
0.64;open;2021-11-01T12:51:00Z;96;54;200;350;150;24276[Turmcenter];2021-11-01T12:52:02.559Z
0.99017197;open;2021-11-01T12:51:00Z;403;4;0;407;407;18944[Alte Oper];2021-11-01T12:52:02.559Z
0.43131867;open;2021-11-01T12:51:00Z;157;207;0;364;364;24281[Hauptbahnhof Süd];2021-11-01T12:52:02.559Z
1;open;2021-11-01T12:51:00Z;809;0;0;809;809;24279[Konstabler];2021-11-01T12:52:02.559Z
1;open;2021-11-01T12:51:00Z;426;0;0;426;426;18497[Hauptwache];2021-11-01T12:52:02.559Z
0.97794116;open;2021-11-01T12:51:00Z;665;15;0;680;680;18495[Am Gericht];2021-11-01T12:52:02.559Z
0.65625;open;2021-11-01T12:51:00Z;588;308;70;966;896;109240[MyZeil];2021-11-01T12:52:02.559Z
0.9589905;open;2021-11-01T12:51:00Z;608;26;0;634;634;18494[Konrad-Adenauer-Straße];2021-11-01T12:52:02.559Z
0.64;open;2021-11-01T13:11:00Z;96;54;200;350;150;24276[Turmcenter];2021-11-01T13:12:02.338Z
1;open;2021-11-01T13:11:00Z;407;0;0;407;407;18944[Alte Oper];2021-11-01T13:12:02.338Z
0.42582417;open;2021-11-01T13:11:00Z;155;209;0;364;364;24281[Hauptbahnhof Süd];2021-11-01T13:12:02.338Z
0.9913473;open;2021-11-01T13:11:00Z;802;7;0;809;809;24279[Konstabler];2021-11-01T13:12:02.338Z
1;open;2021-11-01T13:11:00Z;426;0;0;426;426;18497[Hauptwache];2021-11-01T13:12:02.338Z
0.95441175;open;2021-11-01T13:11:00Z;649;31;0;680;680;18495[Am Gericht];2021-11-01T13:12:02.338Z
0.6651786;open;2021-11-01T13:11:00Z;596;300;70;966;896;109240[MyZeil];2021-11-01T13:12:02.338Z
0.9621451;open;2021-11-01T13:11:00Z;610;24;0;634;634;18494[Konrad-Adenauer-Straße];2021-11-01T13:12:02.338Z
0.61333334;open;2021-11-01T13:36:00Z;92;58;200;350;150;24276[Turmcenter];2021-11-01T13:37:00.745Z
1;open;2021-11-01T13:36:00Z;407;0;0;407;407;18944[Alte Oper];2021-11-01T13:37:00.745Z
0.40384614;open;2021-11-01T13:36:00Z;147;217;0;364;364;24281[Hauptbahnhof Süd];2021-11-01T13:37:00.745Z
1;open;2021-11-01T13:36:00Z;809;0;0;809;809;24279[Konstabler];2021-11-01T13:37:00.745Z
1;open;2021-11-01T13:36:00Z;426;0;0;426;426;18497[Hauptwache];2021-11-01T13:37:00.745Z
0.9485294;open;2021-11-01T13:36:00Z;645;35;0;680;680;18495[Am Gericht];2021-11-01T13:37:00.745Z
0.69754463;open;2021-11-01T13:36:00Z;625;271;70;966;896;109240[MyZeil];2021-11-01T13:37:00.745Z
0.95583594;open;2021-11-01T13:36:00Z;606;28;0;634;634;18494[Konrad-Adenauer-Straße];2021-11-01T13:37:00.745Z
0.6333333;open;2021-11-01T13:46:00Z;95;55;200;350;150;24276[Turmcenter];2021-11-01T13:47:01.542Z
1;open;2021-11-01T13:46:00Z;407;0;0;407;407;18944[Alte Oper];2021-11-01T13:47:01.542Z
0.3791209;open;2021-11-01T13:46:00Z;138;226;0;364;364;24281[Hauptbahnhof Süd];2021-11-01T13:47:01.542Z
1;open;2021-11-01T13:46:00Z;809;0;0;809;809;24279[Konstabler];2021-11-01T13:47:01.542Z
1;open;2021-11-01T13:46:00Z;426;0;0;426;426;18497[Hauptwache];2021-11-01T13:47:01.542Z
0.9397059;open;2021-11-01T13:46:00Z;639;41;0;680;680;18495[Am Gericht];2021-11-01T13:47:01.542Z
0.70089287;open;2021-11-01T13:46:00Z;628;268;70;966;896;109240[MyZeil];2021-11-01T13:47:01.542Z
0.95741326;open;2021-11-01T13:46:00Z;607;27;0;634;634;18494[Konrad-Adenauer-Straße];2021-11-01T13:47:01.542Z
0.6333333;open;2021-11-01T13:51:00Z;95;55;200;350;150;24276[Turmcenter];2021-11-01T13:52:01.562Z
0.992629;open;2021-11-01T13:51:00Z;404;3;0;407;407;18944[Alte Oper];2021-11-01T13:52:01.562Z
0.37637362;open;2021-11-01T13:51:00Z;137;227;0;364;364;24281[Hauptbahnhof Süd];2021-11-01T13:52:01.562Z
0.9913473;open;2021-11-01T13:51:00Z;802;7;0;809;809;24279[Konstabler];2021-11-01T13:52:01.562Z
1;open;2021-11-01T13:51:00Z;426;0;0;426;426;18497[Hauptwache];2021-11-01T13:52:01.562Z
0.94558823;open;2021-11-01T13:51:00Z;643;37;0;680;680;18495[Am Gericht];2021-11-01T13:52:01.562Z
0.69084823;open;2021-11-01T13:51:00Z;619;277;70;966;896;109240[MyZeil];2021-11-01T13:52:01.562Z
0.9479495;open;2021-11-01T13:51:00Z;601;33;0;634;634;18494[Konrad-Adenauer-Straße];2021-11-01T13:52:01.562Z
0.6066667;open;2021-11-01T14:17:00Z;91;59;200;350;150;24276[Turmcenter];2021-11-01T14:22:02.062Z
0.94840294;open;2021-11-01T14:17:00Z;386;21;0;407;407;18944[Alte Oper];2021-11-01T14:22:02.062Z
0.34615386;open;2021-11-01T14:17:00Z;126;238;0;364;364;24281[Hauptbahnhof Süd];2021-11-01T14:22:02.062Z
0.9913473;open;2021-11-01T14:17:00Z;802;7;0;809;809;24279[Konstabler];2021-11-01T14:22:02.062Z
1;open;2021-11-01T14:17:00Z;426;0;0;426;426;18497[Hauptwache];2021-11-01T14:22:02.062Z
0.90294117;open;2021-11-01T14:17:00Z;614;66;0;680;680;18495[Am Gericht];2021-11-01T14:22:02.062Z
0.67633927;open;2021-11-01T14:17:00Z;606;290;70;966;896;109240[MyZeil];2021-11-01T14:22:02.062Z
0.91167194;open;2021-11-01T14:17:00Z;578;56;0;634;634;18494[Konrad-Adenauer-Straße];2021-11-01T14:22:02.062Z
0.58666664;open;2021-11-01T14:32:00Z;88;62;200;350;150;24276[Turmcenter];2021-11-01T14:37:01.101Z
0.8968059;open;2021-11-01T14:32:00Z;365;42;0;407;407;18944[Alte Oper];2021-11-01T14:37:01.101Z
0.32417583;open;2021-11-01T14:32:00Z;118;246;0;364;364;24281[Hauptbahnhof Süd];2021-11-01T14:37:01.101Z
1;open;2021-11-01T14:32:00Z;809;0;0;809;809;24279[Konstabler];2021-11-01T14:37:01.101Z
0.9976526;open;2021-11-01T14:32:00Z;425;1;0;426;426;18497[Hauptwache];2021-11-01T14:37:01.101Z
0.86470586;open;2021-11-01T14:32:00Z;588;92;0;680;680;18495[Am Gericht];2021-11-01T14:37:01.101Z
0.6785714;open;2021-11-01T14:32:00Z;608;288;70;966;896;109240[MyZeil];2021-11-01T14:37:01.101Z
0.89589906;open;2021-11-01T14:32:00Z;568;66;0;634;634;18494[Konrad-Adenauer-Straße];2021-11-01T14:37:01.101Z
0.61333334;open;2021-11-01T14:37:00Z;92;58;200;350;150;24276[Turmcenter];2021-11-01T14:42:02.953Z
0.8968059;open;2021-11-01T14:37:00Z;365;42;0;407;407;18944[Alte Oper];2021-11-01T14:42:02.953Z
0.32142857;open;2021-11-01T14:37:00Z;117;247;0;364;364;24281[Hauptbahnhof Süd];2021-11-01T14:42:02.953Z
0.98763907;open;2021-11-01T14:37:00Z;799;10;0;809;809;24279[Konstabler];2021-11-01T14:42:02.953Z
1;open;2021-11-01T14:37:00Z;426;0;0;426;426;18497[Hauptwache];2021-11-01T14:42:02.953Z
0.8514706;open;2021-11-01T14:37:00Z;579;101;0;680;680;18495[Am Gericht];2021-11-01T14:42:02.953Z
0.88643533;open;2021-11-01T14:37:00Z;562;72;0;634;634;18494[Konrad-Adenauer-Straße];2021-11-01T14:42:02.953Z
0.6066667;open;2021-11-01T14:47:00Z;91;59;200;350;150;24276[Turmcenter];2021-11-01T14:52:01.952Z
0.8796069;open;2021-11-01T14:47:00Z;358;49;0;407;407;18944[Alte Oper];2021-11-01T14:52:01.952Z
0.30769232;open;2021-11-01T14:47:00Z;112;252;0;364;364;24281[Hauptbahnhof Süd];2021-11-01T14:52:01.952Z
1;open;2021-11-01T14:47:00Z;809;0;0;809;809;24279[Konstabler];2021-11-01T14:52:01.952Z
0.9976526;open;2021-11-01T14:47:00Z;425;1;0;426;426;18497[Hauptwache];2021-11-01T14:52:01.952Z
0.8382353;open;2021-11-01T14:47:00Z;570;110;0;680;680;18495[Am Gericht];2021-11-01T14:52:01.952Z
0.65848213;open;2021-11-01T14:47:00Z;590;306;70;966;896;109240[MyZeil];2021-11-01T14:52:01.952Z
0.8769716;open;2021-11-01T14:47:00Z;556;78;0;634;634;18494[Konrad-Adenauer-Straße];2021-11-01T14:52:01.952Z
0.58;open;2021-11-01T14:57:00Z;87;63;200;350;150;24276[Turmcenter];2021-11-01T15:02:02.568Z
0.8796069;open;2021-11-01T14:57:00Z;358;49;0;407;407;18944[Alte Oper];2021-11-01T15:02:02.568Z
0.29395604;open;2021-11-01T14:57:00Z;107;257;0;364;364;24281[Hauptbahnhof Süd];2021-11-01T15:02:02.568Z
0.99011123;open;2021-11-01T14:57:00Z;801;8;0;809;809;24279[Konstabler];2021-11-01T15:02:02.568Z
1;open;2021-11-01T14:57:00Z;426;0;0;426;426;18497[Hauptwache];2021-11-01T15:02:02.568Z
0.8338235;open;2021-11-01T14:57:00Z;567;113;0;680;680;18495[Am Gericht];2021-11-01T15:02:02.568Z
0.63839287;open;2021-11-01T14:57:00Z;572;324;70;966;896;109240[MyZeil];2021-11-01T15:02:02.568Z
0.85015774;open;2021-11-01T14:57:00Z;539;95;0;634;634;18494[Konrad-Adenauer-Straße];2021-11-01T15:02:02.568Z
0.56;open;2021-11-01T15:12:00Z;84;66;200;350;150;24276[Turmcenter];2021-11-01T15:17:01.261Z
0.84766585;open;2021-11-01T15:12:00Z;345;62;0;407;407;18944[Alte Oper];2021-11-01T15:17:01.261Z
0.2747253;open;2021-11-01T15:12:00Z;100;264;0;364;364;24281[Hauptbahnhof Süd];2021-11-01T15:17:01.261Z
0.98763907;open;2021-11-01T15:12:00Z;799;10;0;809;809;24279[Konstabler];2021-11-01T15:17:01.261Z
1;open;2021-11-01T15:12:00Z;426;0;0;426;426;18497[Hauptwache];2021-11-01T15:17:01.261Z
0.8117647;open;2021-11-01T15:12:00Z;552;128;0;680;680;18495[Am Gericht];2021-11-01T15:17:01.261Z
0.6316964;open;2021-11-01T15:12:00Z;566;330;70;966;896;109240[MyZeil];2021-11-01T15:17:01.261Z
0.8359621;open;2021-11-01T15:12:00Z;530;104;0;634;634;18494[Konrad-Adenauer-Straße];2021-11-01T15:17:01.261Z
0.5466667;open;2021-11-01T15:32:00Z;82;68;200;350;150;24276[Turmcenter];2021-11-01T15:37:01.170Z
0.82063884;open;2021-11-01T15:32:00Z;334;73;0;407;407;18944[Alte Oper];2021-11-01T15:37:01.170Z
0.23901099;open;2021-11-01T15:32:00Z;87;277;0;364;364;24281[Hauptbahnhof Süd];2021-11-01T15:37:01.170Z
0.97527814;open;2021-11-01T15:32:00Z;789;20;0;809;809;24279[Konstabler];2021-11-01T15:37:01.170Z
1;open;2021-11-01T15:32:00Z;426;0;0;426;426;18497[Hauptwache];2021-11-01T15:37:01.170Z
0.80441177;open;2021-11-01T15:32:00Z;547;133;0;680;680;18495[Am Gericht];2021-11-01T15:37:01.170Z
0.6238839;open;2021-11-01T15:32:00Z;559;337;70;966;896;109240[MyZeil];2021-11-01T15:37:01.170Z
0.8154574;open;2021-11-01T15:32:00Z;517;117;0;634;634;18494[Konrad-Adenauer-Straße];2021-11-01T15:37:01.170Z
0.54;open;2021-11-01T15:48:00Z;81;69;200;350;150;24276[Turmcenter];2021-11-01T15:52:00.025Z
0.7788698;open;2021-11-01T15:48:00Z;317;90;0;407;407;18944[Alte Oper];2021-11-01T15:52:00.025Z
0.20054945;open;2021-11-01T15:48:00Z;73;291;0;364;364;24281[Hauptbahnhof Süd];2021-11-01T15:52:00.025Z
0.960445;open;2021-11-01T15:48:00Z;777;32;0;809;809;24279[Konstabler];2021-11-01T15:52:00.025Z
1;open;2021-11-01T15:48:00Z;426;0;0;426;426;18497[Hauptwache];2021-11-01T15:52:00.025Z
0.7852941;open;2021-11-01T15:48:00Z;534;146;0;680;680;18495[Am Gericht];2021-11-01T15:52:00.025Z
0.6026786;open;2021-11-01T15:48:00Z;540;356;70;966;896;109240[MyZeil];2021-11-01T15:52:00.025Z
0.7933754;open;2021-11-01T15:48:00Z;503;131;0;634;634;18494[Konrad-Adenauer-Straße];2021-11-01T15:52:00.025Z
0.5133333;open;2021-11-01T15:58:00Z;77;73;200;350;150;24276[Turmcenter];2021-11-01T16:02:02.629Z
0.7444717;open;2021-11-01T15:58:00Z;303;104;0;407;407;18944[Alte Oper];2021-11-01T16:02:02.629Z
0.19505495;open;2021-11-01T15:58:00Z;71;293;0;364;364;24281[Hauptbahnhof Süd];2021-11-01T16:02:02.629Z
0.9629172;open;2021-11-01T15:58:00Z;779;30;0;809;809;24279[Konstabler];2021-11-01T16:02:02.629Z
0.9976526;open;2021-11-01T15:58:00Z;425;1;0;426;426;18497[Hauptwache];2021-11-01T16:02:02.629Z
0.7617647;open;2021-11-01T15:58:00Z;518;162;0;680;680;18495[Am Gericht];2021-11-01T16:02:02.629Z
0.77760255;open;2021-11-01T15:58:00Z;493;141;0;634;634;18494[Konrad-Adenauer-Straße];2021-11-01T16:02:02.629Z
0.39333335;open;2021-11-01T16:18:00Z;59;91;200;350;150;24276[Turmcenter];2021-11-01T16:22:02.555Z
0.7027027;open;2021-11-01T16:18:00Z;286;121;0;407;407;18944[Alte Oper];2021-11-01T16:22:02.555Z
0.15659341;open;2021-11-01T16:18:00Z;57;307;0;364;364;24281[Hauptbahnhof Süd];2021-11-01T16:22:02.555Z
0.90729296;open;2021-11-01T16:18:00Z;734;75;0;809;809;24279[Konstabler];2021-11-01T16:22:02.555Z
0.9460094;open;2021-11-01T16:18:00Z;403;23;0;426;426;18497[Hauptwache];2021-11-01T16:22:02.555Z
0.7382353;open;2021-11-01T16:18:00Z;502;178;0;680;680;18495[Am Gericht];2021-11-01T16:22:02.555Z
0.53683037;open;2021-11-01T16:18:00Z;481;415;70;966;896;109240[MyZeil];2021-11-01T16:22:02.555Z
0.73974764;open;2021-11-01T16:18:00Z;469;165;0;634;634;18494[Konrad-Adenauer-Straße];2021-11-01T16:22:02.555Z
0.24666667;open;2021-11-01T16:53:00Z;37;113;200;350;150;24276[Turmcenter];2021-11-01T16:57:00.260Z
0.62653565;open;2021-11-01T16:53:00Z;255;152;0;407;407;18944[Alte Oper];2021-11-01T16:57:00.260Z
0.10989011;open;2021-11-01T16:53:00Z;40;324;0;364;364;24281[Hauptbahnhof Süd];2021-11-01T16:57:00.260Z
0.78615576;open;2021-11-01T16:53:00Z;636;173;0;809;809;24279[Konstabler];2021-11-01T16:57:00.260Z
0.92723006;open;2021-11-01T16:53:00Z;395;31;0;426;426;18497[Hauptwache];2021-11-01T16:57:00.260Z
0.6485294;open;2021-11-01T16:53:00Z;441;239;0;680;680;18495[Am Gericht];2021-11-01T16:57:00.260Z
0.4263393;open;2021-11-01T16:53:00Z;382;514;70;966;896;109240[MyZeil];2021-11-01T16:57:00.260Z
0.69085175;open;2021-11-01T16:53:00Z;438;196;0;634;634;18494[Konrad-Adenauer-Straße];2021-11-01T16:57:00.260Z
0.19333333;open;2021-11-01T17:24:00Z;29;121;200;350;150;24276[Turmcenter];2021-11-01T17:27:02.982Z
0.4963145;open;2021-11-01T17:24:00Z;202;205;0;407;407;18944[Alte Oper];2021-11-01T17:27:02.982Z
0.07692308;open;2021-11-01T17:24:00Z;28;336;0;364;364;24281[Hauptbahnhof Süd];2021-11-01T17:27:02.982Z
0.6934487;open;2021-11-01T17:24:00Z;561;248;0;809;809;24279[Konstabler];2021-11-01T17:27:02.982Z
0.8802817;open;2021-11-01T17:24:00Z;375;51;0;426;426;18497[Hauptwache];2021-11-01T17:27:02.982Z
0.60294116;open;2021-11-01T17:24:00Z;410;270;0;680;680;18495[Am Gericht];2021-11-01T17:27:02.982Z
0.3549107;open;2021-11-01T17:24:00Z;318;578;70;966;896;109240[MyZeil];2021-11-01T17:27:02.982Z
0.6671924;open;2021-11-01T17:24:00Z;423;211;0;634;634;18494[Konrad-Adenauer-Straße];2021-11-01T17:27:02.982Z
0.125;open;2021-11-01T17:44:00Z;25;175;150;350;200;24276[Turmcenter];2021-11-01T17:47:00.269Z
0.4791155;open;2021-11-01T17:44:00Z;195;212;0;407;407;18944[Alte Oper];2021-11-01T17:47:00.269Z
0.07692308;open;2021-11-01T17:44:00Z;28;336;0;364;364;24281[Hauptbahnhof Süd];2021-11-01T17:47:00.269Z
0.6514215;open;2021-11-01T17:44:00Z;527;282;0;809;809;24279[Konstabler];2021-11-01T17:47:00.269Z
0.8920188;open;2021-11-01T17:44:00Z;380;46;0;426;426;18497[Hauptwache];2021-11-01T17:47:00.269Z
0.5764706;open;2021-11-01T17:44:00Z;392;288;0;680;680;18495[Am Gericht];2021-11-01T17:47:00.269Z
0.6388013;open;2021-11-01T17:44:00Z;405;229;0;634;634;18494[Konrad-Adenauer-Straße];2021-11-01T17:47:00.269Z
0.14;open;2021-11-01T17:59:00Z;28;172;150;350;200;24276[Turmcenter];2021-11-01T18:02:02.618Z
0.45700246;open;2021-11-01T17:59:00Z;186;221;0;407;407;18944[Alte Oper];2021-11-01T18:02:02.618Z
0.057692308;open;2021-11-01T17:59:00Z;21;343;0;364;364;24281[Hauptbahnhof Süd];2021-11-01T18:02:02.618Z
0.6155748;open;2021-11-01T17:59:00Z;498;311;0;809;809;24279[Konstabler];2021-11-01T18:02:02.618Z
0.87323946;open;2021-11-01T17:59:00Z;372;54;0;426;426;18497[Hauptwache];2021-11-01T18:02:02.618Z
0.57941175;open;2021-11-01T17:59:00Z;394;286;0;680;680;18495[Am Gericht];2021-11-01T18:02:02.618Z
0.296875;open;2021-11-01T17:59:00Z;266;630;70;966;896;109240[MyZeil];2021-11-01T18:02:02.618Z
0.62933755;open;2021-11-01T17:59:00Z;399;235;0;634;634;18494[Konrad-Adenauer-Straße];2021-11-01T18:02:02.618Z
0.18;open;2021-11-01T18:20:00Z;36;164;150;350;200;24276[Turmcenter];2021-11-01T18:22:02.067Z
0.43734643;open;2021-11-01T18:20:00Z;178;229;0;407;407;18944[Alte Oper];2021-11-01T18:22:02.067Z
0.041208792;open;2021-11-01T18:20:00Z;15;349;0;364;364;24281[Hauptbahnhof Süd];2021-11-01T18:22:02.067Z
0.56613106;open;2021-11-01T18:20:00Z;458;351;0;809;809;24279[Konstabler];2021-11-01T18:22:02.067Z
0.8403756;open;2021-11-01T18:20:00Z;358;68;0;426;426;18497[Hauptwache];2021-11-01T18:22:02.067Z
0.5647059;open;2021-11-01T18:20:00Z;384;296;0;680;680;18495[Am Gericht];2021-11-01T18:22:02.067Z
0.2767857;open;2021-11-01T18:20:00Z;248;648;70;966;896;109240[MyZeil];2021-11-01T18:22:02.067Z
0.61671925;open;2021-11-01T18:20:00Z;391;243;0;634;634;18494[Konrad-Adenauer-Straße];2021-11-01T18:22:02.067Z
0.18;open;2021-11-01T18:35:00Z;36;164;150;350;200;24276[Turmcenter];2021-11-01T18:37:02.130Z
0.42506143;open;2021-11-01T18:35:00Z;173;234;0;407;407;18944[Alte Oper];2021-11-01T18:37:02.130Z
0.032967035;open;2021-11-01T18:35:00Z;12;352;0;364;364;24281[Hauptbahnhof Süd];2021-11-01T18:37:02.130Z
0.54017305;open;2021-11-01T18:35:00Z;437;372;0;809;809;24279[Konstabler];2021-11-01T18:37:02.130Z
0.80751175;open;2021-11-01T18:35:00Z;344;82;0;426;426;18497[Hauptwache];2021-11-01T18:37:02.130Z
0.5367647;open;2021-11-01T18:35:00Z;365;315;0;680;680;18495[Am Gericht];2021-11-01T18:37:02.130Z
0.26674107;open;2021-11-01T18:35:00Z;239;657;70;966;896;109240[MyZeil];2021-11-01T18:37:02.130Z
0.6025237;open;2021-11-01T18:35:00Z;382;252;0;634;634;18494[Konrad-Adenauer-Straße];2021-11-01T18:37:02.130Z
0.18;open;2021-11-01T18:55:00Z;36;164;150;350;200;24276[Turmcenter];2021-11-01T18:57:00.690Z
0.3906634;open;2021-11-01T18:55:00Z;159;248;0;407;407;18944[Alte Oper];2021-11-01T18:57:00.690Z
0.024725275;open;2021-11-01T18:55:00Z;9;355;0;364;364;24281[Hauptbahnhof Süd];2021-11-01T18:57:00.690Z
0.5253399;open;2021-11-01T18:55:00Z;425;384;0;809;809;24279[Konstabler];2021-11-01T18:57:00.690Z
0.74413145;open;2021-11-01T18:55:00Z;317;109;0;426;426;18497[Hauptwache];2021-11-01T18:57:00.690Z
0.51617646;open;2021-11-01T18:55:00Z;351;329;0;680;680;18495[Am Gericht];2021-11-01T18:57:00.690Z
0.234375;open;2021-11-01T18:55:00Z;210;686;70;966;896;109240[MyZeil];2021-11-01T18:57:00.690Z
0.5741325;open;2021-11-01T18:55:00Z;364;270;0;634;634;18494[Konrad-Adenauer-Straße];2021-11-01T18:57:00.690Z
0.165;open;2021-11-01T19:21:00Z;33;167;150;350;200;24276[Turmcenter];2021-11-01T19:22:01.685Z
0.35135135;open;2021-11-01T19:21:00Z;143;264;0;407;407;18944[Alte Oper];2021-11-01T19:22:01.685Z
0.016483517;open;2021-11-01T19:21:00Z;6;358;0;364;364;24281[Hauptbahnhof Süd];2021-11-01T19:22:01.685Z
0.4684796;open;2021-11-01T19:21:00Z;379;430;0;809;809;24279[Konstabler];2021-11-01T19:22:01.685Z
0.6713615;open;2021-11-01T19:21:00Z;286;140;0;426;426;18497[Hauptwache];2021-11-01T19:22:01.685Z
0.4897059;open;2021-11-01T19:21:00Z;333;347;0;680;680;18495[Am Gericht];2021-11-01T19:22:01.685Z
0.1953125;open;2021-11-01T19:21:00Z;175;721;70;966;896;109240[MyZeil];2021-11-01T19:22:01.685Z
0.53943217;open;2021-11-01T19:21:00Z;342;292;0;634;634;18494[Konrad-Adenauer-Straße];2021-11-01T19:22:01.685Z
0.15;open;2021-11-01T19:36:00Z;30;170;150;350;200;24276[Turmcenter];2021-11-01T19:37:00.875Z
0.33660933;open;2021-11-01T19:36:00Z;137;270;0;407;407;18944[Alte Oper];2021-11-01T19:37:00.875Z
0.013736264;open;2021-11-01T19:36:00Z;5;359;0;364;364;24281[Hauptbahnhof Süd];2021-11-01T19:37:00.875Z
0.4326329;open;2021-11-01T19:36:00Z;350;459;0;809;809;24279[Konstabler];2021-11-01T19:37:00.875Z
0.63849765;open;2021-11-01T19:36:00Z;272;154;0;426;426;18497[Hauptwache];2021-11-01T19:37:00.875Z
0.475;open;2021-11-01T19:36:00Z;323;357;0;680;680;18495[Am Gericht];2021-11-01T19:37:00.875Z
0.18303572;open;2021-11-01T19:36:00Z;164;732;70;966;896;109240[MyZeil];2021-11-01T19:37:00.875Z
0.5252366;open;2021-11-01T19:36:00Z;333;301;0;634;634;18494[Konrad-Adenauer-Straße];2021-11-01T19:37:00.875Z
0.145;open;2021-11-01T19:46:00Z;29;171;150;350;200;24276[Turmcenter];2021-11-01T19:47:00.595Z
0.31203932;open;2021-11-01T19:46:00Z;127;280;0;407;407;18944[Alte Oper];2021-11-01T19:47:00.595Z
0.013736264;open;2021-11-01T19:46:00Z;5;359;0;364;364;24281[Hauptbahnhof Süd];2021-11-01T19:47:00.595Z
0.41903585;open;2021-11-01T19:46:00Z;339;470;0;809;809;24279[Konstabler];2021-11-01T19:47:00.595Z
0.6314554;open;2021-11-01T19:46:00Z;269;157;0;426;426;18497[Hauptwache];2021-11-01T19:47:00.595Z
0.45882353;open;2021-11-01T19:46:00Z;312;368;0;680;680;18495[Am Gericht];2021-11-01T19:47:00.595Z
0.17522322;open;2021-11-01T19:46:00Z;157;739;70;966;896;109240[MyZeil];2021-11-01T19:47:00.595Z
0.49369085;open;2021-11-01T19:46:00Z;313;321;0;634;634;18494[Konrad-Adenauer-Straße];2021-11-01T19:47:00.595Z
0.15;open;2021-11-01T19:51:00Z;30;170;150;350;200;24276[Turmcenter];2021-11-01T19:52:01.736Z
0.29238328;open;2021-11-01T19:51:00Z;119;288;0;407;407;18944[Alte Oper];2021-11-01T19:52:01.736Z
0.013736264;open;2021-11-01T19:51:00Z;5;359;0;364;364;24281[Hauptbahnhof Süd];2021-11-01T19:52:01.736Z
0.4103832;open;2021-11-01T19:51:00Z;332;477;0;809;809;24279[Konstabler];2021-11-01T19:52:01.736Z
0.62676054;open;2021-11-01T19:51:00Z;267;159;0;426;426;18497[Hauptwache];2021-11-01T19:52:01.736Z
0.45;open;2021-11-01T19:51:00Z;306;374;0;680;680;18495[Am Gericht];2021-11-01T19:52:01.736Z
0.17410715;open;2021-11-01T19:51:00Z;156;740;70;966;896;109240[MyZeil];2021-11-01T19:52:01.736Z
0.49053627;open;2021-11-01T19:51:00Z;311;323;0;634;634;18494[Konrad-Adenauer-Straße];2021-11-01T19:52:01.736Z
0.12;open;2021-11-01T20:01:00Z;24;176;150;350;200;24276[Turmcenter];2021-11-01T20:02:02.751Z
0.26781327;open;2021-11-01T20:01:00Z;109;298;0;407;407;18944[Alte Oper];2021-11-01T20:02:02.751Z
0.013736264;open;2021-11-01T20:01:00Z;5;359;0;364;364;24281[Hauptbahnhof Süd];2021-11-01T20:02:02.751Z
0.39431396;open;2021-11-01T20:01:00Z;319;490;0;809;809;24279[Konstabler];2021-11-01T20:02:02.751Z
0.6126761;open;2021-11-01T20:01:00Z;261;165;0;426;426;18497[Hauptwache];2021-11-01T20:02:02.751Z
0.43970588;open;2021-11-01T20:01:00Z;299;381;0;680;680;18495[Am Gericht];2021-11-01T20:02:02.751Z
0.17075893;open;2021-11-01T20:01:00Z;153;743;70;966;896;109240[MyZeil];2021-11-01T20:02:02.751Z
0.4747634;open;2021-11-01T20:01:00Z;301;333;0;634;634;18494[Konrad-Adenauer-Straße];2021-11-01T20:02:02.751Z
0.115;open;2021-11-01T20:16:00Z;23;177;150;350;200;24276[Turmcenter];2021-11-01T20:17:02.462Z
0.24078624;open;2021-11-01T20:16:00Z;98;309;0;407;407;18944[Alte Oper];2021-11-01T20:17:02.462Z
0.010989011;open;2021-11-01T20:16:00Z;4;360;0;364;364;24281[Hauptbahnhof Süd];2021-11-01T20:17:02.462Z
0.37453645;open;2021-11-01T20:16:00Z;303;506;0;809;809;24279[Konstabler];2021-11-01T20:17:02.462Z
0.5915493;open;2021-11-01T20:16:00Z;252;174;0;426;426;18497[Hauptwache];2021-11-01T20:17:02.462Z
0.42647058;open;2021-11-01T20:16:00Z;290;390;0;680;680;18495[Am Gericht];2021-11-01T20:17:02.462Z
0.16741072;open;2021-11-01T20:16:00Z;150;746;70;966;896;109240[MyZeil];2021-11-01T20:17:02.462Z
0.46056783;open;2021-11-01T20:16:00Z;292;342;0;634;634;18494[Konrad-Adenauer-Straße];2021-11-01T20:17:02.462Z
0.12;open;2021-11-01T20:27:00Z;24;176;150;350;200;24276[Turmcenter];2021-11-01T20:32:02.983Z
0.23095824;open;2021-11-01T20:27:00Z;94;313;0;407;407;18944[Alte Oper];2021-11-01T20:32:02.983Z
0.010989011;open;2021-11-01T20:27:00Z;4;360;0;364;364;24281[Hauptbahnhof Süd];2021-11-01T20:32:02.983Z
0.3671199;open;2021-11-01T20:27:00Z;297;512;0;809;809;24279[Konstabler];2021-11-01T20:32:02.983Z
0.57746476;open;2021-11-01T20:27:00Z;246;180;0;426;426;18497[Hauptwache];2021-11-01T20:32:02.983Z
0.42058823;open;2021-11-01T20:27:00Z;286;394;0;680;680;18495[Am Gericht];2021-11-01T20:32:02.983Z
0.16071428;open;2021-11-01T20:27:00Z;144;752;70;966;896;109240[MyZeil];2021-11-01T20:32:02.983Z
0.4511041;open;2021-11-01T20:27:00Z;286;348;0;634;634;18494[Konrad-Adenauer-Straße];2021-11-01T20:32:02.983Z
0.09;open;2021-11-01T20:42:00Z;18;182;150;350;200;24276[Turmcenter];2021-11-01T20:47:00.408Z
0.2014742;open;2021-11-01T20:42:00Z;82;325;0;407;407;18944[Alte Oper];2021-11-01T20:47:00.408Z
0.013736264;open;2021-11-01T20:42:00Z;5;359;0;364;364;24281[Hauptbahnhof Süd];2021-11-01T20:47:00.408Z
0.36217552;open;2021-11-01T20:42:00Z;293;516;0;809;809;24279[Konstabler];2021-11-01T20:47:00.408Z
0.57276994;open;2021-11-01T20:42:00Z;244;182;0;426;426;18497[Hauptwache];2021-11-01T20:47:00.408Z
0.41470587;open;2021-11-01T20:42:00Z;282;398;0;680;680;18495[Am Gericht];2021-11-01T20:47:00.408Z
0.15401785;open;2021-11-01T20:42:00Z;138;758;70;966;896;109240[MyZeil];2021-11-01T20:47:00.408Z
0.4384858;open;2021-11-01T20:42:00Z;278;356;0;634;634;18494[Konrad-Adenauer-Straße];2021-11-01T20:47:00.408Z
0.075;open;2021-11-01T20:47:00Z;15;185;150;350;200;24276[Turmcenter];2021-11-01T20:52:00.822Z
0.1941032;open;2021-11-01T20:47:00Z;79;328;0;407;407;18944[Alte Oper];2021-11-01T20:52:00.822Z
0.010989011;open;2021-11-01T20:47:00Z;4;360;0;364;364;24281[Hauptbahnhof Süd];2021-11-01T20:52:00.822Z
0.36217552;open;2021-11-01T20:47:00Z;293;516;0;809;809;24279[Konstabler];2021-11-01T20:52:00.822Z
0.57042253;open;2021-11-01T20:47:00Z;243;183;0;426;426;18497[Hauptwache];2021-11-01T20:52:00.822Z
0.4132353;open;2021-11-01T20:47:00Z;281;399;0;680;680;18495[Am Gericht];2021-11-01T20:52:00.822Z
0.15066965;open;2021-11-01T20:47:00Z;135;761;70;966;896;109240[MyZeil];2021-11-01T20:52:00.822Z
0.43375394;open;2021-11-01T20:47:00Z;275;359;0;634;634;18494[Konrad-Adenauer-Straße];2021-11-01T20:52:00.822Z
0.065;open;2021-11-01T20:57:00Z;13;187;150;350;200;24276[Turmcenter];2021-11-01T21:02:01.734Z
0.18427518;open;2021-11-01T20:57:00Z;75;332;0;407;407;18944[Alte Oper];2021-11-01T21:02:01.734Z
0.010989011;open;2021-11-01T20:57:00Z;4;360;0;364;364;24281[Hauptbahnhof Süd];2021-11-01T21:02:01.734Z
0.35475895;open;2021-11-01T20:57:00Z;287;522;0;809;809;24279[Konstabler];2021-11-01T21:02:01.734Z
0.5657277;open;2021-11-01T20:57:00Z;241;185;0;426;426;18497[Hauptwache];2021-11-01T21:02:01.734Z
0.40588236;open;2021-11-01T20:57:00Z;276;404;0;680;680;18495[Am Gericht];2021-11-01T21:02:01.734Z
0.14620535;open;2021-11-01T20:57:00Z;131;765;70;966;896;109240[MyZeil];2021-11-01T21:02:01.734Z
0.42902207;open;2021-11-01T20:57:00Z;272;362;0;634;634;18494[Konrad-Adenauer-Straße];2021-11-01T21:02:01.734Z
0.035;open;2021-11-01T21:12:00Z;7;193;150;350;200;24276[Turmcenter];2021-11-01T21:17:00.102Z
0.17444718;open;2021-11-01T21:12:00Z;71;336;0;407;407;18944[Alte Oper];2021-11-01T21:17:00.102Z
0.010989011;open;2021-11-01T21:12:00Z;4;360;0;364;364;24281[Hauptbahnhof Süd];2021-11-01T21:17:00.102Z
0.3461063;open;2021-11-01T21:12:00Z;280;529;0;809;809;24279[Konstabler];2021-11-01T21:17:00.102Z
0.556338;open;2021-11-01T21:12:00Z;237;189;0;426;426;18497[Hauptwache];2021-11-01T21:17:00.102Z
0.3970588;open;2021-11-01T21:12:00Z;270;410;0;680;680;18495[Am Gericht];2021-11-01T21:17:00.102Z
0.14397322;open;2021-11-01T21:12:00Z;129;767;70;966;896;109240[MyZeil];2021-11-01T21:17:00.102Z
0.4148265;open;2021-11-01T21:12:00Z;263;371;0;634;634;18494[Konrad-Adenauer-Straße];2021-11-01T21:17:00.102Z
0;open;2021-11-01T21:27:00Z;0;200;150;350;200;24276[Turmcenter];2021-11-01T21:32:00.308Z
0.16707617;open;2021-11-01T21:27:00Z;68;339;0;407;407;18944[Alte Oper];2021-11-01T21:32:00.308Z
0.0054945056;open;2021-11-01T21:27:00Z;2;362;0;364;364;24281[Hauptbahnhof Süd];2021-11-01T21:32:00.308Z
0.33374536;open;2021-11-01T21:27:00Z;270;539;0;809;809;24279[Konstabler];2021-11-01T21:32:00.308Z
0.5492958;open;2021-11-01T21:27:00Z;234;192;0;426;426;18497[Hauptwache];2021-11-01T21:32:00.308Z
0.39558825;open;2021-11-01T21:27:00Z;269;411;0;680;680;18495[Am Gericht];2021-11-01T21:32:00.308Z
0.13504465;open;2021-11-01T21:27:00Z;121;775;70;966;896;109240[MyZeil];2021-11-01T21:32:00.308Z
0.41324922;open;2021-11-01T21:27:00Z;262;372;0;634;634;18494[Konrad-Adenauer-Straße];2021-11-01T21:32:00.308Z
0;open;2021-11-01T21:33:00Z;0;200;150;350;200;24276[Turmcenter];2021-11-01T21:37:00.372Z
0.16707617;open;2021-11-01T21:33:00Z;68;339;0;407;407;18944[Alte Oper];2021-11-01T21:37:00.372Z
0.0027472528;open;2021-11-01T21:33:00Z;1;363;0;364;364;24281[Hauptbahnhof Süd];2021-11-01T21:37:00.372Z
0.33127317;open;2021-11-01T21:33:00Z;268;541;0;809;809;24279[Konstabler];2021-11-01T21:37:00.372Z
0.5399061;open;2021-11-01T21:33:00Z;230;196;0;426;426;18497[Hauptwache];2021-11-01T21:37:00.372Z
0.39558825;open;2021-11-01T21:33:00Z;269;411;0;680;680;18495[Am Gericht];2021-11-01T21:37:00.372Z
0.13392857;open;2021-11-01T21:33:00Z;120;776;70;966;896;109240[MyZeil];2021-11-01T21:37:00.372Z
0.41009465;open;2021-11-01T21:33:00Z;260;374;0;634;634;18494[Konrad-Adenauer-Straße];2021-11-01T21:37:00.372Z
0;open;2021-11-01T21:43:00Z;0;200;150;350;200;24276[Turmcenter];2021-11-01T21:47:00.860Z
0.15724815;open;2021-11-01T21:43:00Z;64;343;0;407;407;18944[Alte Oper];2021-11-01T21:47:00.860Z
0;open;2021-11-01T21:43:00Z;0;364;0;364;364;24281[Hauptbahnhof Süd];2021-11-01T21:47:00.860Z
0.3263288;open;2021-11-01T21:43:00Z;264;545;0;809;809;24279[Konstabler];2021-11-01T21:47:00.860Z
0.53521127;open;2021-11-01T21:43:00Z;228;198;0;426;426;18497[Hauptwache];2021-11-01T21:47:00.860Z
0.3985294;open;2021-11-01T21:43:00Z;271;409;0;680;680;18495[Am Gericht];2021-11-01T21:47:00.860Z
0.12611607;open;2021-11-01T21:43:00Z;113;783;70;966;896;109240[MyZeil];2021-11-01T21:47:00.860Z
0.4037855;open;2021-11-01T21:43:00Z;256;378;0;634;634;18494[Konrad-Adenauer-Straße];2021-11-01T21:47:00.860Z
0;open;2021-11-01T21:53:00Z;0;200;150;350;200;24276[Turmcenter];2021-11-01T21:57:01.587Z
0.14742015;open;2021-11-01T21:53:00Z;60;347;0;407;407;18944[Alte Oper];2021-11-01T21:57:01.587Z
0;open;2021-11-01T21:53:00Z;0;364;0;364;364;24281[Hauptbahnhof Süd];2021-11-01T21:57:01.587Z
0.31644005;open;2021-11-01T21:53:00Z;256;553;0;809;809;24279[Konstabler];2021-11-01T21:57:01.587Z
0.52816904;open;2021-11-01T21:53:00Z;225;201;0;426;426;18497[Hauptwache];2021-11-01T21:57:01.587Z
0.39411765;open;2021-11-01T21:53:00Z;268;412;0;680;680;18495[Am Gericht];2021-11-01T21:57:01.587Z
0.12165178;open;2021-11-01T21:53:00Z;109;787;70;966;896;109240[MyZeil];2021-11-01T21:57:01.587Z
0.4037855;open;2021-11-01T21:53:00Z;256;378;0;634;634;18494[Konrad-Adenauer-Straße];2021-11-01T21:57:01.587Z
0;open;2021-11-01T22:03:00Z;0;200;150;350;200;24276[Turmcenter];2021-11-01T22:07:02.093Z
0.14004914;open;2021-11-01T22:03:00Z;57;350;0;407;407;18944[Alte Oper];2021-11-01T22:07:02.093Z
0;open;2021-11-01T22:03:00Z;0;364;0;364;364;24281[Hauptbahnhof Süd];2021-11-01T22:07:02.093Z
0.3065513;open;2021-11-01T22:03:00Z;248;561;0;809;809;24279[Konstabler];2021-11-01T22:07:02.093Z
0.52582157;open;2021-11-01T22:03:00Z;224;202;0;426;426;18497[Hauptwache];2021-11-01T22:07:02.093Z
0.39411765;open;2021-11-01T22:03:00Z;268;412;0;680;680;18495[Am Gericht];2021-11-01T22:07:02.093Z
0.12053572;open;2021-11-01T22:03:00Z;108;788;70;966;896;109240[MyZeil];2021-11-01T22:07:02.093Z
0.4037855;open;2021-11-01T22:03:00Z;256;378;0;634;634;18494[Konrad-Adenauer-Straße];2021-11-01T22:07:02.093Z
0;open;2021-11-01T22:19:00Z;0;200;150;350;200;24276[Turmcenter];2021-11-01T22:22:00.028Z
0.13513513;open;2021-11-01T22:19:00Z;55;352;0;407;407;18944[Alte Oper];2021-11-01T22:22:00.028Z
0;open;2021-11-01T22:19:00Z;0;364;0;364;364;24281[Hauptbahnhof Süd];2021-11-01T22:22:00.028Z
0.30037084;open;2021-11-01T22:19:00Z;243;566;0;809;809;24279[Konstabler];2021-11-01T22:22:00.028Z
0.5117371;open;2021-11-01T22:19:00Z;218;208;0;426;426;18497[Hauptwache];2021-11-01T22:22:00.028Z
0.39264706;open;2021-11-01T22:19:00Z;267;413;0;680;680;18495[Am Gericht];2021-11-01T22:22:00.028Z
0.11383928;open;2021-11-01T22:19:00Z;102;794;70;966;896;109240[MyZeil];2021-11-01T22:22:00.028Z
0.4022082;open;2021-11-01T22:19:00Z;255;379;0;634;634;18494[Konrad-Adenauer-Straße];2021-11-01T22:22:00.028Z
0;open;2021-11-01T22:34:00Z;0;200;150;350;200;24276[Turmcenter];2021-11-01T22:37:02.041Z
0.13267814;open;2021-11-01T22:34:00Z;54;353;0;407;407;18944[Alte Oper];2021-11-01T22:37:02.041Z
0;open;2021-11-01T22:34:00Z;0;364;0;364;364;24281[Hauptbahnhof Süd];2021-11-01T22:37:02.041Z
0.29666254;open;2021-11-01T22:34:00Z;240;569;0;809;809;24279[Konstabler];2021-11-01T22:37:02.041Z
0.5023474;open;2021-11-01T22:34:00Z;214;212;0;426;426;18497[Hauptwache];2021-11-01T22:37:02.041Z
0.39264706;open;2021-11-01T22:34:00Z;267;413;0;680;680;18495[Am Gericht];2021-11-01T22:37:02.041Z
0.108258925;open;2021-11-01T22:34:00Z;97;799;70;966;896;109240[MyZeil];2021-11-01T22:37:02.041Z
0.4022082;open;2021-11-01T22:34:00Z;255;379;0;634;634;18494[Konrad-Adenauer-Straße];2021-11-01T22:37:02.041Z
0;open;2021-11-01T22:45:00Z;0;200;150;350;200;24276[Turmcenter];2021-11-01T22:47:00.562Z
0.13022113;open;2021-11-01T22:45:00Z;53;354;0;407;407;18944[Alte Oper];2021-11-01T22:47:00.562Z
0.0027472528;open;2021-11-01T22:45:00Z;1;363;0;364;364;24281[Hauptbahnhof Süd];2021-11-01T22:47:00.562Z
0.29419035;open;2021-11-01T22:45:00Z;238;571;0;809;809;24279[Konstabler];2021-11-01T22:47:00.562Z
0.5023474;open;2021-11-01T22:45:00Z;214;212;0;426;426;18497[Hauptwache];2021-11-01T22:47:00.562Z
0.39264706;open;2021-11-01T22:45:00Z;267;413;0;680;680;18495[Am Gericht];2021-11-01T22:47:00.562Z
0.10714286;open;2021-11-01T22:45:00Z;96;800;70;966;896;109240[MyZeil];2021-11-01T22:47:00.562Z
0.39905363;open;2021-11-01T22:45:00Z;253;381;0;634;634;18494[Konrad-Adenauer-Straße];2021-11-01T22:47:00.562Z
0;open;2021-11-01T22:55:00Z;0;200;150;350;200;24276[Turmcenter];2021-11-01T22:57:02.662Z
0.13022113;open;2021-11-01T22:55:00Z;53;354;0;407;407;18944[Alte Oper];2021-11-01T22:57:02.662Z
0.0027472528;open;2021-11-01T22:55:00Z;1;363;0;364;364;24281[Hauptbahnhof Süd];2021-11-01T22:57:02.662Z
0.29419035;open;2021-11-01T22:55:00Z;238;571;0;809;809;24279[Konstabler];2021-11-01T22:57:02.662Z
0.5023474;open;2021-11-01T22:55:00Z;214;212;0;426;426;18497[Hauptwache];2021-11-01T22:57:02.662Z
0.39264706;open;2021-11-01T22:55:00Z;267;413;0;680;680;18495[Am Gericht];2021-11-01T22:57:02.662Z
0.39905363;open;2021-11-01T22:55:00Z;253;381;0;634;634;18494[Konrad-Adenauer-Straße];2021-11-01T22:57:02.662Z
0;open;2021-11-01T23:20:00Z;0;200;150;350;200;24276[Turmcenter];2021-11-01T23:22:02.767Z
0.13022113;open;2021-11-01T23:20:00Z;53;354;0;407;407;18944[Alte Oper];2021-11-01T23:22:02.767Z
0;open;2021-11-01T23:20:00Z;0;364;0;364;364;24281[Hauptbahnhof Süd];2021-11-01T23:22:02.767Z
0.28182942;open;2021-11-01T23:20:00Z;228;581;0;809;809;24279[Konstabler];2021-11-01T23:22:02.767Z
0.49530515;open;2021-11-01T23:20:00Z;211;215;0;426;426;18497[Hauptwache];2021-11-01T23:22:02.767Z
0;closed;2021-11-01T23:20:00Z;;413;0;0;0;18495[Am Gericht];2021-11-01T23:22:02.767Z
0.38643533;open;2021-11-01T23:20:00Z;245;389;0;634;634;18494[Konrad-Adenauer-Straße];2021-11-01T23:22:02.767Z
0;open;2021-11-01T23:35:00Z;0;200;150;350;200;24276[Turmcenter];2021-11-01T23:37:00.033Z
0.12776412;open;2021-11-01T23:35:00Z;52;355;0;407;407;18944[Alte Oper];2021-11-01T23:37:00.033Z
0;open;2021-11-01T23:35:00Z;0;364;0;364;364;24281[Hauptbahnhof Süd];2021-11-01T23:37:00.033Z
0.27441284;open;2021-11-01T23:35:00Z;222;587;0;809;809;24279[Konstabler];2021-11-01T23:37:00.033Z
0.48826292;open;2021-11-01T23:35:00Z;208;218;0;426;426;18497[Hauptwache];2021-11-01T23:37:00.033Z
0;closed;2021-11-01T23:35:00Z;;413;0;0;0;18495[Am Gericht];2021-11-01T23:37:00.033Z
0.10379464;open;2021-11-01T23:35:00Z;93;803;70;966;896;109240[MyZeil];2021-11-01T23:37:00.033Z
0.38328075;open;2021-11-01T23:35:00Z;243;391;0;634;634;18494[Konrad-Adenauer-Straße];2021-11-01T23:37:00.033Z
0;open;2021-11-01T23:40:00Z;0;200;150;350;200;24276[Turmcenter];2021-11-01T23:42:02.649Z
0.12530713;open;2021-11-01T23:40:00Z;51;356;0;407;407;18944[Alte Oper];2021-11-01T23:42:02.649Z
0;open;2021-11-01T23:40:00Z;0;364;0;364;364;24281[Hauptbahnhof Süd];2021-11-01T23:42:02.649Z
0.27688503;open;2021-11-01T23:40:00Z;224;585;0;809;809;24279[Konstabler];2021-11-01T23:42:02.649Z
0.48591548;open;2021-11-01T23:40:00Z;207;219;0;426;426;18497[Hauptwache];2021-11-01T23:42:02.649Z
0;closed;2021-11-01T23:40:00Z;;413;0;0;0;18495[Am Gericht];2021-11-01T23:42:02.649Z
0.10379464;open;2021-11-01T23:40:00Z;93;803;70;966;896;109240[MyZeil];2021-11-01T23:42:02.649Z
0.38485804;open;2021-11-01T23:40:00Z;244;390;0;634;634;18494[Konrad-Adenauer-Straße];2021-11-01T23:42:02.649Z
0;open;2021-11-01T23:50:00Z;0;200;150;350;200;24276[Turmcenter];2021-11-01T23:52:02.033Z
0.12530713;open;2021-11-01T23:50:00Z;51;356;0;407;407;18944[Alte Oper];2021-11-01T23:52:02.033Z
0;open;2021-11-01T23:50:00Z;0;364;0;364;364;24281[Hauptbahnhof Süd];2021-11-01T23:52:02.033Z
0.27441284;open;2021-11-01T23:50:00Z;222;587;0;809;809;24279[Konstabler];2021-11-01T23:52:02.033Z
0.48356807;open;2021-11-01T23:50:00Z;206;220;0;426;426;18497[Hauptwache];2021-11-01T23:52:02.033Z
0;closed;2021-11-01T23:50:00Z;;413;0;0;0;18495[Am Gericht];2021-11-01T23:52:02.033Z
0.38485804;open;2021-11-01T23:50:00Z;244;390;0;634;634;18494[Konrad-Adenauer-Straße];2021-11-01T23:52:02.033Z
0;open;2021-11-02T01:06:00Z;0;200;150;350;200;24276[Turmcenter];2021-11-02T01:07:01.723Z
0.12285012;open;2021-11-02T01:06:00Z;50;357;0;407;407;18944[Alte Oper];2021-11-02T01:07:01.723Z
0.0054945056;open;2021-11-02T01:06:00Z;2;362;0;364;364;24281[Hauptbahnhof Süd];2021-11-02T01:07:01.723Z
0.27194068;open;2021-11-02T01:06:00Z;220;589;0;809;809;24279[Konstabler];2021-11-02T01:07:01.723Z
0.48356807;open;2021-11-02T01:06:00Z;206;220;0;426;426;18497[Hauptwache];2021-11-02T01:07:01.723Z
0;closed;2021-11-02T01:06:00Z;;413;0;0;0;18495[Am Gericht];2021-11-02T01:07:01.723Z
0.102678575;open;2021-11-02T01:06:00Z;92;804;70;966;896;109240[MyZeil];2021-11-02T01:07:01.723Z
0.38328075;open;2021-11-02T01:06:00Z;243;391;0;634;634;18494[Konrad-Adenauer-Straße];2021-11-02T01:07:01.723Z
0;open;2021-11-02T02:11:00Z;0;200;150;350;200;24276[Turmcenter];2021-11-02T02:12:02.262Z
0.12285012;open;2021-11-02T02:11:00Z;50;357;0;407;407;18944[Alte Oper];2021-11-02T02:12:02.262Z
0.0054945056;open;2021-11-02T02:11:00Z;2;362;0;364;364;24281[Hauptbahnhof Süd];2021-11-02T02:12:02.262Z
0.2694685;open;2021-11-02T02:11:00Z;218;591;0;809;809;24279[Konstabler];2021-11-02T02:12:02.262Z
0.48356807;open;2021-11-02T02:11:00Z;206;220;0;426;426;18497[Hauptwache];2021-11-02T02:12:02.262Z
0;closed;2021-11-02T02:11:00Z;;413;0;0;0;18495[Am Gericht];2021-11-02T02:12:02.262Z
0.102678575;open;2021-11-02T02:11:00Z;92;804;70;966;896;109240[MyZeil];2021-11-02T02:12:02.262Z
0.38485804;open;2021-11-02T02:11:00Z;244;390;0;634;634;18494[Konrad-Adenauer-Straße];2021-11-02T02:12:02.262Z
0;open;2021-11-02T02:36:00Z;0;200;150;350;200;24276[Turmcenter];2021-11-02T02:42:01.158Z
0.12285012;open;2021-11-02T02:36:00Z;50;357;0;407;407;18944[Alte Oper];2021-11-02T02:42:01.158Z
0.0054945056;open;2021-11-02T02:36:00Z;2;362;0;364;364;24281[Hauptbahnhof Süd];2021-11-02T02:42:01.158Z
0.2694685;open;2021-11-02T02:36:00Z;218;591;0;809;809;24279[Konstabler];2021-11-02T02:42:01.158Z
0.48356807;open;2021-11-02T02:36:00Z;206;220;0;426;426;18497[Hauptwache];2021-11-02T02:42:01.158Z
0;closed;2021-11-02T02:36:00Z;;413;0;0;0;18495[Am Gericht];2021-11-02T02:42:01.158Z
0.102678575;open;2021-11-02T02:36:00Z;92;804;70;966;896;109240[MyZeil];2021-11-02T02:42:01.158Z
0.38643533;open;2021-11-02T02:36:00Z;245;389;0;634;634;18494[Konrad-Adenauer-Straße];2021-11-02T02:42:01.158Z
0;open;2021-11-02T02:46:00Z;0;200;150;350;200;24276[Turmcenter];2021-11-02T02:52:01.895Z
0.12285012;open;2021-11-02T02:46:00Z;50;357;0;407;407;18944[Alte Oper];2021-11-02T02:52:01.895Z
0.0054945056;open;2021-11-02T02:46:00Z;2;362;0;364;364;24281[Hauptbahnhof Süd];2021-11-02T02:52:01.895Z
0.2694685;open;2021-11-02T02:46:00Z;218;591;0;809;809;24279[Konstabler];2021-11-02T02:52:01.895Z
0.48356807;open;2021-11-02T02:46:00Z;206;220;0;426;426;18497[Hauptwache];2021-11-02T02:52:01.895Z
0;closed;2021-11-02T02:46:00Z;;413;0;0;0;18495[Am Gericht];2021-11-02T02:52:01.895Z
0.38643533;open;2021-11-02T02:46:00Z;245;389;0;634;634;18494[Konrad-Adenauer-Straße];2021-11-02T02:52:01.895Z
0;open;2021-11-02T03:22:00Z;0;200;150;350;200;24276[Turmcenter];2021-11-02T03:27:01.456Z
0.12285012;open;2021-11-02T03:22:00Z;50;357;0;407;407;18944[Alte Oper];2021-11-02T03:27:01.456Z
0.0054945056;open;2021-11-02T03:22:00Z;2;362;0;364;364;24281[Hauptbahnhof Süd];2021-11-02T03:27:01.456Z
0.2694685;open;2021-11-02T03:22:00Z;218;591;0;809;809;24279[Konstabler];2021-11-02T03:27:01.456Z
0.48356807;open;2021-11-02T03:22:00Z;206;220;0;426;426;18497[Hauptwache];2021-11-02T03:27:01.456Z
0;closed;2021-11-02T03:22:00Z;;;0;0;0;18495[Am Gericht];2021-11-02T03:27:01.456Z
0.102678575;open;2021-11-02T03:22:00Z;92;804;70;966;896;109240[MyZeil];2021-11-02T03:27:01.456Z
0.38801262;open;2021-11-02T03:22:00Z;246;388;0;634;634;18494[Konrad-Adenauer-Straße];2021-11-02T03:27:01.456Z
0;open;2021-11-02T03:32:00Z;0;200;150;350;200;24276[Turmcenter];2021-11-02T03:37:02.664Z
0.12285012;open;2021-11-02T03:32:00Z;50;357;0;407;407;18944[Alte Oper];2021-11-02T03:37:02.664Z
0.008241759;open;2021-11-02T03:32:00Z;3;361;0;364;364;24281[Hauptbahnhof Süd];2021-11-02T03:37:02.664Z
0.2694685;open;2021-11-02T03:32:00Z;218;591;0;809;809;24279[Konstabler];2021-11-02T03:37:02.664Z
0.48122066;open;2021-11-02T03:32:00Z;205;221;0;426;426;18497[Hauptwache];2021-11-02T03:37:02.664Z
0;closed;2021-11-02T03:32:00Z;;;0;0;0;18495[Am Gericht];2021-11-02T03:37:02.664Z
0.102678575;open;2021-11-02T03:32:00Z;92;804;70;966;896;109240[MyZeil];2021-11-02T03:37:02.664Z
0.38643533;open;2021-11-02T03:32:00Z;245;389;0;634;634;18494[Konrad-Adenauer-Straße];2021-11-02T03:37:02.664Z
0;open;2021-11-02T03:47:00Z;0;200;150;350;200;24276[Turmcenter];2021-11-02T03:52:00.437Z
0.12285012;open;2021-11-02T03:47:00Z;50;357;0;407;407;18944[Alte Oper];2021-11-02T03:52:00.437Z
0.008241759;open;2021-11-02T03:47:00Z;3;361;0;364;364;24281[Hauptbahnhof Süd];2021-11-02T03:52:00.437Z
0.2694685;open;2021-11-02T03:47:00Z;218;591;0;809;809;24279[Konstabler];2021-11-02T03:52:00.437Z
0.48122066;open;2021-11-02T03:47:00Z;205;221;0;426;426;18497[Hauptwache];2021-11-02T03:52:00.437Z
0;closed;2021-11-02T03:47:00Z;;;0;0;0;18495[Am Gericht];2021-11-02T03:52:00.437Z
0.102678575;open;2021-11-02T03:47:00Z;92;804;70;966;896;109240[MyZeil];2021-11-02T03:52:00.437Z
0.38801262;open;2021-11-02T03:47:00Z;246;388;0;634;634;18494[Konrad-Adenauer-Straße];2021-11-02T03:52:00.437Z
0;open;2021-11-02T03:52:00Z;0;200;150;350;200;24276[Turmcenter];2021-11-02T03:57:00.341Z
0.12285012;open;2021-11-02T03:52:00Z;50;357;0;407;407;18944[Alte Oper];2021-11-02T03:57:00.341Z
0.008241759;open;2021-11-02T03:52:00Z;3;361;0;364;364;24281[Hauptbahnhof Süd];2021-11-02T03:57:00.341Z
0.2694685;open;2021-11-02T03:52:00Z;218;591;0;809;809;24279[Konstabler];2021-11-02T03:57:00.341Z
0.48122066;open;2021-11-02T03:52:00Z;205;221;0;426;426;18497[Hauptwache];2021-11-02T03:57:00.341Z
0;closed;2021-11-02T03:52:00Z;;;0;0;0;18495[Am Gericht];2021-11-02T03:57:00.341Z
0.102678575;open;2021-11-02T03:52:00Z;92;804;70;966;896;109240[MyZeil];2021-11-02T03:57:00.341Z
0.38801262;open;2021-11-02T03:52:00Z;246;388;0;634;634;18494[Konrad-Adenauer-Straße];2021-11-02T03:57:00.341Z
0;open;2021-11-02T04:12:00Z;0;200;150;350;200;24276[Turmcenter];2021-11-02T04:17:00.559Z
0.12285012;open;2021-11-02T04:12:00Z;50;357;0;407;407;18944[Alte Oper];2021-11-02T04:17:00.559Z
0.008241759;open;2021-11-02T04:12:00Z;3;361;0;364;364;24281[Hauptbahnhof Süd];2021-11-02T04:17:00.559Z
0.27070457;open;2021-11-02T04:12:00Z;219;590;0;809;809;24279[Konstabler];2021-11-02T04:17:00.559Z
0.48122066;open;2021-11-02T04:12:00Z;205;221;0;426;426;18497[Hauptwache];2021-11-02T04:17:00.559Z
0;closed;2021-11-02T04:12:00Z;;;0;0;0;18495[Am Gericht];2021-11-02T04:17:00.559Z
0.102678575;open;2021-11-02T04:12:00Z;92;804;70;966;896;109240[MyZeil];2021-11-02T04:17:00.559Z
0.38801262;open;2021-11-02T04:12:00Z;246;388;0;634;634;18494[Konrad-Adenauer-Straße];2021-11-02T04:17:00.559Z
0.005;open;2021-11-02T04:37:00Z;1;199;150;350;200;24276[Turmcenter];2021-11-02T04:42:02.231Z
0.12285012;open;2021-11-02T04:37:00Z;50;357;0;407;407;18944[Alte Oper];2021-11-02T04:42:02.231Z
0.01923077;open;2021-11-02T04:37:00Z;7;357;0;364;364;24281[Hauptbahnhof Süd];2021-11-02T04:42:02.231Z
0.2694685;open;2021-11-02T04:37:00Z;218;591;0;809;809;24279[Konstabler];2021-11-02T04:42:02.231Z
0.48122066;open;2021-11-02T04:37:00Z;205;221;0;426;426;18497[Hauptwache];2021-11-02T04:42:02.231Z
0;closed;2021-11-02T04:37:00Z;;;0;0;0;18495[Am Gericht];2021-11-02T04:42:02.231Z
0.102678575;open;2021-11-02T04:37:00Z;92;804;70;966;896;109240[MyZeil];2021-11-02T04:42:02.231Z
0.3911672;open;2021-11-02T04:37:00Z;248;386;0;634;634;18494[Konrad-Adenauer-Straße];2021-11-02T04:42:02.231Z
0.005;open;2021-11-02T04:52:00Z;1;199;150;350;200;24276[Turmcenter];2021-11-02T04:57:02.826Z
0.12530713;open;2021-11-02T04:52:00Z;51;356;0;407;407;18944[Alte Oper];2021-11-02T04:57:02.826Z
0.021978023;open;2021-11-02T04:52:00Z;8;356;0;364;364;24281[Hauptbahnhof Süd];2021-11-02T04:57:02.826Z
0.2669963;open;2021-11-02T04:52:00Z;216;593;0;809;809;24279[Konstabler];2021-11-02T04:57:02.826Z
0.48122066;open;2021-11-02T04:52:00Z;205;221;0;426;426;18497[Hauptwache];2021-11-02T04:57:02.826Z
0;closed;2021-11-02T04:52:00Z;;;0;0;0;18495[Am Gericht];2021-11-02T04:57:02.826Z
0.39274448;open;2021-11-02T04:52:00Z;249;385;0;634;634;18494[Konrad-Adenauer-Straße];2021-11-02T04:57:02.826Z
0.013333334;open;2021-11-02T05:07:00Z;2;148;200;350;150;24276[Turmcenter];2021-11-02T05:12:00.900Z
0.12530713;open;2021-11-02T05:07:00Z;51;356;0;407;407;18944[Alte Oper];2021-11-02T05:12:00.900Z
0.04945055;open;2021-11-02T05:07:00Z;18;346;0;364;364;24281[Hauptbahnhof Süd];2021-11-02T05:12:00.900Z
0.2694685;open;2021-11-02T05:07:00Z;218;591;0;809;809;24279[Konstabler];2021-11-02T05:12:00.900Z
0.48122066;open;2021-11-02T05:07:00Z;205;221;0;426;426;18497[Hauptwache];2021-11-02T05:12:00.900Z
0.40735295;open;2021-11-02T05:07:00Z;277;403;0;680;680;18495[Am Gericht];2021-11-02T05:12:00.900Z
0.09598214;open;2021-11-02T05:07:00Z;86;810;70;966;896;109240[MyZeil];2021-11-02T05:12:00.900Z
0.40063092;open;2021-11-02T05:07:00Z;254;380;0;634;634;18494[Konrad-Adenauer-Straße];2021-11-02T05:12:00.900Z
0.02;open;2021-11-02T05:27:00Z;3;147;200;350;150;24276[Turmcenter];2021-11-02T05:32:03.039Z
0.12530713;open;2021-11-02T05:27:00Z;51;356;0;407;407;18944[Alte Oper];2021-11-02T05:32:03.039Z
0.071428575;open;2021-11-02T05:27:00Z;26;338;0;364;364;24281[Hauptbahnhof Süd];2021-11-02T05:32:03.039Z
0.27070457;open;2021-11-02T05:27:00Z;219;590;0;809;809;24279[Konstabler];2021-11-02T05:32:03.039Z
0.48122066;open;2021-11-02T05:27:00Z;205;221;0;426;426;18497[Hauptwache];2021-11-02T05:32:03.039Z
0.41470587;open;2021-11-02T05:27:00Z;282;398;0;680;680;18495[Am Gericht];2021-11-02T05:32:03.039Z
0.09709822;open;2021-11-02T05:27:00Z;87;809;70;966;896;109240[MyZeil];2021-11-02T05:32:03.039Z
0.4037855;open;2021-11-02T05:27:00Z;256;378;0;634;634;18494[Konrad-Adenauer-Straße];2021-11-02T05:32:03.039Z
0.22;open;2021-11-02T05:37:00Z;33;117;200;350;150;24276[Turmcenter];2021-11-02T05:42:00.847Z
0.12530713;open;2021-11-02T05:37:00Z;51;356;0;407;407;18944[Alte Oper];2021-11-02T05:42:00.847Z
0.08516484;open;2021-11-02T05:37:00Z;31;333;0;364;364;24281[Hauptbahnhof Süd];2021-11-02T05:42:00.847Z
0.27070457;open;2021-11-02T05:37:00Z;219;590;0;809;809;24279[Konstabler];2021-11-02T05:42:00.847Z
0.48591548;open;2021-11-02T05:37:00Z;207;219;0;426;426;18497[Hauptwache];2021-11-02T05:42:00.847Z
0.41764706;open;2021-11-02T05:37:00Z;284;396;0;680;680;18495[Am Gericht];2021-11-02T05:42:00.847Z
0.09821428;open;2021-11-02T05:37:00Z;88;808;70;966;896;109240[MyZeil];2021-11-02T05:42:00.847Z
0.40536278;open;2021-11-02T05:37:00Z;257;377;0;634;634;18494[Konrad-Adenauer-Straße];2021-11-02T05:42:00.847Z
0.22;open;2021-11-02T05:47:00Z;33;117;200;350;150;24276[Turmcenter];2021-11-02T05:52:02.047Z
0.13022113;open;2021-11-02T05:47:00Z;53;354;0;407;407;18944[Alte Oper];2021-11-02T05:52:02.047Z
0.093406595;open;2021-11-02T05:47:00Z;34;330;0;364;364;24281[Hauptbahnhof Süd];2021-11-02T05:52:02.047Z
0.27317676;open;2021-11-02T05:47:00Z;221;588;0;809;809;24279[Konstabler];2021-11-02T05:52:02.047Z
0.48591548;open;2021-11-02T05:47:00Z;207;219;0;426;426;18497[Hauptwache];2021-11-02T05:52:02.047Z
0.41764706;open;2021-11-02T05:47:00Z;284;396;0;680;680;18495[Am Gericht];2021-11-02T05:52:02.047Z
0.09821428;open;2021-11-02T05:47:00Z;88;808;70;966;896;109240[MyZeil];2021-11-02T05:52:02.047Z
0.40694007;open;2021-11-02T05:47:00Z;258;376;0;634;634;18494[Konrad-Adenauer-Straße];2021-11-02T05:52:02.047Z
0.22;open;2021-11-02T05:57:00Z;33;117;200;350;150;24276[Turmcenter];2021-11-02T06:02:03.082Z
0.13022113;open;2021-11-02T05:57:00Z;53;354;0;407;407;18944[Alte Oper];2021-11-02T06:02:03.082Z
0.0989011;open;2021-11-02T05:57:00Z;36;328;0;364;364;24281[Hauptbahnhof Süd];2021-11-02T06:02:03.082Z
0.27564895;open;2021-11-02T05:57:00Z;223;586;0;809;809;24279[Konstabler];2021-11-02T06:02:03.082Z
0.48591548;open;2021-11-02T05:57:00Z;207;219;0;426;426;18497[Hauptwache];2021-11-02T06:02:03.082Z
0.42058823;open;2021-11-02T05:57:00Z;286;394;0;680;680;18495[Am Gericht];2021-11-02T06:02:03.082Z
0.09933036;open;2021-11-02T05:57:00Z;89;807;70;966;896;109240[MyZeil];2021-11-02T06:02:03.082Z
0.40536278;open;2021-11-02T05:57:00Z;257;377;0;634;634;18494[Konrad-Adenauer-Straße];2021-11-02T06:02:03.082Z
0.23333333;open;2021-11-02T06:17:00Z;35;115;200;350;150;24276[Turmcenter];2021-11-02T06:22:02.619Z
0.13759214;open;2021-11-02T06:17:00Z;56;351;0;407;407;18944[Alte Oper];2021-11-02T06:22:02.619Z
0.115384616;open;2021-11-02T06:17:00Z;42;322;0;364;364;24281[Hauptbahnhof Süd];2021-11-02T06:22:02.619Z
0.27194068;open;2021-11-02T06:17:00Z;220;589;0;809;809;24279[Konstabler];2021-11-02T06:22:02.619Z
0.49061033;open;2021-11-02T06:17:00Z;209;217;0;426;426;18497[Hauptwache];2021-11-02T06:22:02.619Z
0.43970588;open;2021-11-02T06:17:00Z;299;381;0;680;680;18495[Am Gericht];2021-11-02T06:22:02.619Z
0.10491072;open;2021-11-02T06:17:00Z;94;802;70;966;896;109240[MyZeil];2021-11-02T06:22:02.619Z
0.41167194;open;2021-11-02T06:17:00Z;261;373;0;634;634;18494[Konrad-Adenauer-Straße];2021-11-02T06:22:02.619Z
0.28;open;2021-11-02T06:38:00Z;42;108;200;350;150;24276[Turmcenter];2021-11-02T06:42:00.250Z
0.14742015;open;2021-11-02T06:38:00Z;60;347;0;407;407;18944[Alte Oper];2021-11-02T06:42:00.250Z
0.14835165;open;2021-11-02T06:38:00Z;54;310;0;364;364;24281[Hauptbahnhof Süd];2021-11-02T06:42:00.250Z
0.27812114;open;2021-11-02T06:38:00Z;225;584;0;809;809;24279[Konstabler];2021-11-02T06:42:00.250Z
0.49530515;open;2021-11-02T06:38:00Z;211;215;0;426;426;18497[Hauptwache];2021-11-02T06:42:00.250Z
0.45882353;open;2021-11-02T06:38:00Z;312;368;0;680;680;18495[Am Gericht];2021-11-02T06:42:00.250Z
0.108258925;open;2021-11-02T06:38:00Z;97;799;70;966;896;109240[MyZeil];2021-11-02T06:42:00.250Z
0.41167194;open;2021-11-02T06:38:00Z;261;373;0;634;634;18494[Konrad-Adenauer-Straße];2021-11-02T06:42:00.250Z
0.33333334;open;2021-11-02T06:52:00Z;50;100;200;350;150;24276[Turmcenter];2021-11-02T06:57:02.917Z
0.16216215;open;2021-11-02T06:52:00Z;66;341;0;407;407;18944[Alte Oper];2021-11-02T06:57:02.917Z
0.17307693;open;2021-11-02T06:52:00Z;63;301;0;364;364;24281[Hauptbahnhof Süd];2021-11-02T06:57:02.917Z
0.2855377;open;2021-11-02T06:52:00Z;231;578;0;809;809;24279[Konstabler];2021-11-02T06:57:02.917Z
0.5023474;open;2021-11-02T06:52:00Z;214;212;0;426;426;18497[Hauptwache];2021-11-02T06:57:02.917Z
0.4867647;open;2021-11-02T06:52:00Z;331;349;0;680;680;18495[Am Gericht];2021-11-02T06:57:02.917Z
0.11272322;open;2021-11-02T06:52:00Z;101;795;70;966;896;109240[MyZeil];2021-11-02T06:57:02.917Z
0.41955835;open;2021-11-02T06:52:00Z;266;368;0;634;634;18494[Konrad-Adenauer-Straße];2021-11-02T06:57:02.917Z
0.41333333;open;2021-11-02T07:03:00Z;62;88;200;350;150;24276[Turmcenter];2021-11-02T07:07:00.733Z
0.16216215;open;2021-11-02T07:03:00Z;66;341;0;407;407;18944[Alte Oper];2021-11-02T07:07:00.733Z
0.19505495;open;2021-11-02T07:03:00Z;71;293;0;364;364;24281[Hauptbahnhof Süd];2021-11-02T07:07:00.733Z
0.2867738;open;2021-11-02T07:03:00Z;232;577;0;809;809;24279[Konstabler];2021-11-02T07:07:00.733Z
0.5023474;open;2021-11-02T07:03:00Z;214;212;0;426;426;18497[Hauptwache];2021-11-02T07:07:00.733Z
0.50147057;open;2021-11-02T07:03:00Z;341;339;0;680;680;18495[Am Gericht];2021-11-02T07:07:00.733Z
0.116071425;open;2021-11-02T07:03:00Z;104;792;70;966;896;109240[MyZeil];2021-11-02T07:07:00.733Z
0.4242902;open;2021-11-02T07:03:00Z;269;365;0;634;634;18494[Konrad-Adenauer-Straße];2021-11-02T07:07:00.733Z
0.49333334;open;2021-11-02T07:23:00Z;74;76;200;350;150;24276[Turmcenter];2021-11-02T07:27:02.810Z
0.1941032;open;2021-11-02T07:23:00Z;79;328;0;407;407;18944[Alte Oper];2021-11-02T07:27:02.810Z
0.21153846;open;2021-11-02T07:23:00Z;77;287;0;364;364;24281[Hauptbahnhof Süd];2021-11-02T07:27:02.810Z
0.31273177;open;2021-11-02T07:23:00Z;253;556;0;809;809;24279[Konstabler];2021-11-02T07:27:02.810Z
0.52112675;open;2021-11-02T07:23:00Z;222;204;0;426;426;18497[Hauptwache];2021-11-02T07:27:02.810Z
0.5382353;open;2021-11-02T07:23:00Z;366;314;0;680;680;18495[Am Gericht];2021-11-02T07:27:02.810Z
0.125;open;2021-11-02T07:23:00Z;112;784;70;966;896;109240[MyZeil];2021-11-02T07:27:02.810Z
0.44794953;open;2021-11-02T07:23:00Z;284;350;0;634;634;18494[Konrad-Adenauer-Straße];2021-11-02T07:27:02.810Z
0.6066667;open;2021-11-02T07:38:00Z;91;59;200;350;150;24276[Turmcenter];2021-11-02T07:42:01.370Z
0.21375921;open;2021-11-02T07:38:00Z;87;320;0;407;407;18944[Alte Oper];2021-11-02T07:42:01.370Z
0.25274727;open;2021-11-02T07:38:00Z;92;272;0;364;364;24281[Hauptbahnhof Süd];2021-11-02T07:42:01.370Z
0.33498147;open;2021-11-02T07:38:00Z;271;538;0;809;809;24279[Konstabler];2021-11-02T07:42:01.370Z
0.5375587;open;2021-11-02T07:38:00Z;229;197;0;426;426;18497[Hauptwache];2021-11-02T07:42:01.370Z
0.5602941;open;2021-11-02T07:38:00Z;381;299;0;680;680;18495[Am Gericht];2021-11-02T07:42:01.370Z
0.1328125;open;2021-11-02T07:38:00Z;119;777;70;966;896;109240[MyZeil];2021-11-02T07:42:01.370Z
0.45583597;open;2021-11-02T07:38:00Z;289;345;0;634;634;18494[Konrad-Adenauer-Straße];2021-11-02T07:42:01.370Z
0.67333335;open;2021-11-02T07:48:00Z;101;49;200;350;150;24276[Turmcenter];2021-11-02T07:52:02.723Z
0.23095824;open;2021-11-02T07:48:00Z;94;313;0;407;407;18944[Alte Oper];2021-11-02T07:52:02.723Z
0.27747253;open;2021-11-02T07:48:00Z;101;263;0;364;364;24281[Hauptbahnhof Süd];2021-11-02T07:52:02.723Z
0.3498146;open;2021-11-02T07:48:00Z;283;526;0;809;809;24279[Konstabler];2021-11-02T07:52:02.723Z
0.556338;open;2021-11-02T07:48:00Z;237;189;0;426;426;18497[Hauptwache];2021-11-02T07:52:02.723Z
0.5779412;open;2021-11-02T07:48:00Z;393;287;0;680;680;18495[Am Gericht];2021-11-02T07:52:02.723Z
0.46214512;open;2021-11-02T07:48:00Z;293;341;0;634;634;18494[Konrad-Adenauer-Straße];2021-11-02T07:52:02.723Z
0.7;open;2021-11-02T07:58:00Z;105;45;200;350;150;24276[Turmcenter];2021-11-02T08:02:01.176Z
0.27272728;open;2021-11-02T07:58:00Z;111;296;0;407;407;18944[Alte Oper];2021-11-02T08:02:01.176Z
0.29945055;open;2021-11-02T07:58:00Z;109;255;0;364;364;24281[Hauptbahnhof Süd];2021-11-02T08:02:01.176Z
0.3634116;open;2021-11-02T07:58:00Z;294;515;0;809;809;24279[Konstabler];2021-11-02T08:02:01.176Z
0.57511735;open;2021-11-02T07:58:00Z;245;181;0;426;426;18497[Hauptwache];2021-11-02T08:02:01.176Z
0.60588235;open;2021-11-02T07:58:00Z;412;268;0;680;680;18495[Am Gericht];2021-11-02T08:02:01.176Z
0.13504465;open;2021-11-02T07:58:00Z;121;775;70;966;896;109240[MyZeil];2021-11-02T08:02:01.176Z
0.47791797;open;2021-11-02T07:58:00Z;303;331;0;634;634;18494[Konrad-Adenauer-Straße];2021-11-02T08:02:01.176Z
0.8466667;open;2021-11-02T08:18:00Z;127;23;200;350;150;24276[Turmcenter];2021-11-02T08:22:01.701Z
0.3243243;open;2021-11-02T08:18:00Z;132;275;0;407;407;18944[Alte Oper];2021-11-02T08:22:01.701Z
0.3598901;open;2021-11-02T08:18:00Z;131;233;0;364;364;24281[Hauptbahnhof Süd];2021-11-02T08:22:01.701Z
0.37453645;open;2021-11-02T08:18:00Z;303;506;0;809;809;24279[Konstabler];2021-11-02T08:22:01.701Z
0.6150235;open;2021-11-02T08:18:00Z;262;164;0;426;426;18497[Hauptwache];2021-11-02T08:22:01.701Z
0.6544118;open;2021-11-02T08:18:00Z;445;235;0;680;680;18495[Am Gericht];2021-11-02T08:22:01.701Z
0.15625;open;2021-11-02T08:18:00Z;140;756;70;966;896;109240[MyZeil];2021-11-02T08:22:01.701Z
0.48895898;open;2021-11-02T08:18:00Z;310;324;0;634;634;18494[Konrad-Adenauer-Straße];2021-11-02T08:22:01.701Z
1;open;2021-11-02T08:38:00Z;150;0;200;350;150;24276[Turmcenter];2021-11-02T08:42:00.117Z
0.39312038;open;2021-11-02T08:38:00Z;160;247;0;407;407;18944[Alte Oper];2021-11-02T08:42:00.117Z
0.3901099;open;2021-11-02T08:38:00Z;142;222;0;364;364;24281[Hauptbahnhof Süd];2021-11-02T08:42:00.117Z
0.42150804;open;2021-11-02T08:38:00Z;341;468;0;809;809;24279[Konstabler];2021-11-02T08:42:00.117Z
0.69483566;open;2021-11-02T08:38:00Z;296;130;0;426;426;18497[Hauptwache];2021-11-02T08:42:00.117Z
0.7117647;open;2021-11-02T08:38:00Z;484;196;0;680;680;18495[Am Gericht];2021-11-02T08:42:00.117Z
0.16852678;open;2021-11-02T08:38:00Z;151;745;70;966;896;109240[MyZeil];2021-11-02T08:42:00.117Z
0.5094637;open;2021-11-02T08:38:00Z;323;311;0;634;634;18494[Konrad-Adenauer-Straße];2021-11-02T08:42:00.117Z
1;open;2021-11-02T08:48:00Z;150;0;200;350;150;24276[Turmcenter];2021-11-02T08:52:02.931Z
0.42751843;open;2021-11-02T08:48:00Z;174;233;0;407;407;18944[Alte Oper];2021-11-02T08:52:02.931Z
0.40384614;open;2021-11-02T08:48:00Z;147;217;0;364;364;24281[Hauptbahnhof Süd];2021-11-02T08:52:02.931Z
0.43634117;open;2021-11-02T08:48:00Z;353;456;0;809;809;24279[Konstabler];2021-11-02T08:52:02.931Z
0.7230047;open;2021-11-02T08:48:00Z;308;118;0;426;426;18497[Hauptwache];2021-11-02T08:52:02.931Z
0.7441176;open;2021-11-02T08:48:00Z;506;174;0;680;680;18495[Am Gericht];2021-11-02T08:52:02.931Z
0.17745535;open;2021-11-02T08:48:00Z;159;737;70;966;896;109240[MyZeil];2021-11-02T08:52:02.931Z
0.53154576;open;2021-11-02T08:48:00Z;337;297;0;634;634;18494[Konrad-Adenauer-Straße];2021-11-02T08:52:02.931Z
0.79333335;open;2021-11-02T08:59:00Z;119;31;200;350;150;24276[Turmcenter];2021-11-02T09:02:00.977Z
0.45700246;open;2021-11-02T08:59:00Z;186;221;0;407;407;18944[Alte Oper];2021-11-02T09:02:00.977Z
0.41208792;open;2021-11-02T08:59:00Z;150;214;0;364;364;24281[Hauptbahnhof Süd];2021-11-02T09:02:00.977Z
0.46353522;open;2021-11-02T08:59:00Z;375;434;0;809;809;24279[Konstabler];2021-11-02T09:02:00.977Z
0.7769953;open;2021-11-02T08:59:00Z;331;95;0;426;426;18497[Hauptwache];2021-11-02T09:02:00.977Z
0.7617647;open;2021-11-02T08:59:00Z;518;162;0;680;680;18495[Am Gericht];2021-11-02T09:02:00.977Z
0.1796875;open;2021-11-02T08:59:00Z;161;735;70;966;896;109240[MyZeil];2021-11-02T09:02:00.977Z
0.5410095;open;2021-11-02T08:59:00Z;343;291;0;634;634;18494[Konrad-Adenauer-Straße];2021-11-02T09:02:00.977Z
0.84;open;2021-11-02T09:14:00Z;126;24;200;350;150;24276[Turmcenter];2021-11-02T09:17:02.696Z
0.4864865;open;2021-11-02T09:14:00Z;198;209;0;407;407;18944[Alte Oper];2021-11-02T09:17:02.696Z
0.42032966;open;2021-11-02T09:14:00Z;153;211;0;364;364;24281[Hauptbahnhof Süd];2021-11-02T09:17:02.696Z
0.5166873;open;2021-11-02T09:14:00Z;418;391;0;809;809;24279[Konstabler];2021-11-02T09:17:02.696Z
0.8262911;open;2021-11-02T09:14:00Z;352;74;0;426;426;18497[Hauptwache];2021-11-02T09:17:02.696Z
0.7897059;open;2021-11-02T09:14:00Z;537;143;0;680;680;18495[Am Gericht];2021-11-02T09:17:02.696Z
0.19866072;open;2021-11-02T09:14:00Z;178;718;70;966;896;109240[MyZeil];2021-11-02T09:17:02.696Z
0.5583596;open;2021-11-02T09:14:00Z;354;280;0;634;634;18494[Konrad-Adenauer-Straße];2021-11-02T09:17:02.696Z
0.8466667;open;2021-11-02T09:29:00Z;127;23;200;350;150;24276[Turmcenter];2021-11-02T09:32:02.221Z
0.5135135;open;2021-11-02T09:29:00Z;209;198;0;407;407;18944[Alte Oper];2021-11-02T09:32:02.221Z
0.42582417;open;2021-11-02T09:29:00Z;155;209;0;364;364;24281[Hauptbahnhof Süd];2021-11-02T09:32:02.221Z
0.55747837;open;2021-11-02T09:29:00Z;451;358;0;809;809;24279[Konstabler];2021-11-02T09:32:02.221Z
0.8849765;open;2021-11-02T09:29:00Z;377;49;0;426;426;18497[Hauptwache];2021-11-02T09:32:02.221Z
0.8088235;open;2021-11-02T09:29:00Z;550;130;0;680;680;18495[Am Gericht];2021-11-02T09:32:02.221Z
0.22879465;open;2021-11-02T09:29:00Z;205;691;70;966;896;109240[MyZeil];2021-11-02T09:32:02.221Z
0.5741325;open;2021-11-02T09:29:00Z;364;270;0;634;634;18494[Konrad-Adenauer-Straße];2021-11-02T09:32:02.221Z
0.87333333;open;2021-11-02T09:44:00Z;131;19;200;350;150;24276[Turmcenter];2021-11-02T09:47:02.078Z
0.54545456;open;2021-11-02T09:44:00Z;222;185;0;407;407;18944[Alte Oper];2021-11-02T09:47:02.078Z
0.42307693;open;2021-11-02T09:44:00Z;154;210;0;364;364;24281[Hauptbahnhof Süd];2021-11-02T09:47:02.078Z
0.5970334;open;2021-11-02T09:44:00Z;483;326;0;809;809;24279[Konstabler];2021-11-02T09:47:02.078Z
0.91784036;open;2021-11-02T09:44:00Z;391;35;0;426;426;18497[Hauptwache];2021-11-02T09:47:02.078Z
0.8264706;open;2021-11-02T09:44:00Z;562;118;0;680;680;18495[Am Gericht];2021-11-02T09:47:02.078Z
0.24553572;open;2021-11-02T09:44:00Z;220;676;70;966;896;109240[MyZeil];2021-11-02T09:47:02.078Z
0.60094637;open;2021-11-02T09:44:00Z;381;253;0;634;634;18494[Konrad-Adenauer-Straße];2021-11-02T09:47:02.078Z
0.9;open;2021-11-02T09:49:00Z;135;15;200;350;150;24276[Turmcenter];2021-11-02T09:52:00.136Z
0.55773956;open;2021-11-02T09:49:00Z;227;180;0;407;407;18944[Alte Oper];2021-11-02T09:52:00.136Z
0.42857143;open;2021-11-02T09:49:00Z;156;208;0;364;364;24281[Hauptbahnhof Süd];2021-11-02T09:52:00.136Z
0.60692215;open;2021-11-02T09:49:00Z;491;318;0;809;809;24279[Konstabler];2021-11-02T09:52:00.136Z
0.9389671;open;2021-11-02T09:49:00Z;400;26;0;426;426;18497[Hauptwache];2021-11-02T09:52:00.136Z
0.8352941;open;2021-11-02T09:49:00Z;568;112;0;680;680;18495[Am Gericht];2021-11-02T09:52:00.136Z
0.2533482;open;2021-11-02T09:49:00Z;227;669;70;966;896;109240[MyZeil];2021-11-02T09:52:00.136Z
0.6025237;open;2021-11-02T09:49:00Z;382;252;0;634;634;18494[Konrad-Adenauer-Straße];2021-11-02T09:52:00.136Z
0.8933333;open;2021-11-02T09:54:00Z;134;16;200;350;150;24276[Turmcenter];2021-11-02T09:57:00.396Z
0.5823096;open;2021-11-02T09:54:00Z;237;170;0;407;407;18944[Alte Oper];2021-11-02T09:57:00.396Z
0.42857143;open;2021-11-02T09:54:00Z;156;208;0;364;364;24281[Hauptbahnhof Süd];2021-11-02T09:57:00.396Z
0.6266996;open;2021-11-02T09:54:00Z;507;302;0;809;809;24279[Konstabler];2021-11-02T09:57:00.396Z
0.96948355;open;2021-11-02T09:54:00Z;413;13;0;426;426;18497[Hauptwache];2021-11-02T09:57:00.396Z
0.8308824;open;2021-11-02T09:54:00Z;565;115;0;680;680;18495[Am Gericht];2021-11-02T09:57:00.396Z
0.2578125;open;2021-11-02T09:54:00Z;231;665;70;966;896;109240[MyZeil];2021-11-02T09:57:00.396Z
0.6072555;open;2021-11-02T09:54:00Z;385;249;0;634;634;18494[Konrad-Adenauer-Straße];2021-11-02T09:57:00.396Z
0.86;open;2021-11-02T10:19:00Z;129;21;200;350;150;24276[Turmcenter];2021-11-02T10:22:00.815Z
0.6167076;open;2021-11-02T10:19:00Z;251;156;0;407;407;18944[Alte Oper];2021-11-02T10:22:00.815Z
0.42582417;open;2021-11-02T10:19:00Z;155;209;0;364;364;24281[Hauptbahnhof Süd];2021-11-02T10:22:00.815Z
0.6860321;open;2021-11-02T10:19:00Z;555;254;0;809;809;24279[Konstabler];2021-11-02T10:22:00.815Z
1;open;2021-11-02T10:19:00Z;426;0;0;426;426;18497[Hauptwache];2021-11-02T10:22:00.815Z
0.83235294;open;2021-11-02T10:19:00Z;566;114;0;680;680;18495[Am Gericht];2021-11-02T10:22:00.815Z
0.6340694;open;2021-11-02T10:19:00Z;402;232;0;634;634;18494[Konrad-Adenauer-Straße];2021-11-02T10:22:00.815Z
0.84;open;2021-11-02T10:34:00Z;126;24;200;350;150;24276[Turmcenter];2021-11-02T10:37:02.751Z
0.61916465;open;2021-11-02T10:34:00Z;252;155;0;407;407;18944[Alte Oper];2021-11-02T10:37:02.751Z
0.42857143;open;2021-11-02T10:34:00Z;156;208;0;364;364;24281[Hauptbahnhof Süd];2021-11-02T10:37:02.751Z
0.72805935;open;2021-11-02T10:34:00Z;589;220;0;809;809;24279[Konstabler];2021-11-02T10:37:02.751Z
0.9976526;open;2021-11-02T10:34:00Z;425;1;0;426;426;18497[Hauptwache];2021-11-02T10:37:02.751Z
0.8235294;open;2021-11-02T10:34:00Z;560;120;0;680;680;18495[Am Gericht];2021-11-02T10:37:02.751Z
0.29464287;open;2021-11-02T10:34:00Z;264;632;70;966;896;109240[MyZeil];2021-11-02T10:37:02.751Z
0.6514196;open;2021-11-02T10:34:00Z;413;221;0;634;634;18494[Konrad-Adenauer-Straße];2021-11-02T10:37:02.751Z
0.8466667;open;2021-11-02T10:55:00Z;127;23;200;350;150;24276[Turmcenter];2021-11-02T10:57:02.209Z
0.66584766;open;2021-11-02T10:55:00Z;271;136;0;407;407;18944[Alte Oper];2021-11-02T10:57:02.209Z
0.43406594;open;2021-11-02T10:55:00Z;158;206;0;364;364;24281[Hauptbahnhof Süd];2021-11-02T10:57:02.209Z
0.74660075;open;2021-11-02T10:55:00Z;604;205;0;809;809;24279[Konstabler];2021-11-02T10:57:02.209Z
1;open;2021-11-02T10:55:00Z;426;0;0;426;426;18497[Hauptwache];2021-11-02T10:57:02.209Z
0.8264706;open;2021-11-02T10:55:00Z;562;118;0;680;680;18495[Am Gericht];2021-11-02T10:57:02.209Z
0.3080357;open;2021-11-02T10:55:00Z;276;620;70;966;896;109240[MyZeil];2021-11-02T10:57:02.209Z
0.6640379;open;2021-11-02T10:55:00Z;421;213;0;634;634;18494[Konrad-Adenauer-Straße];2021-11-02T10:57:02.209Z
0.85333335;open;2021-11-02T11:05:00Z;128;22;200;350;150;24276[Turmcenter];2021-11-02T11:07:00.403Z
0.67813265;open;2021-11-02T11:05:00Z;276;131;0;407;407;18944[Alte Oper];2021-11-02T11:07:00.403Z
0.42582417;open;2021-11-02T11:05:00Z;155;209;0;364;364;24281[Hauptbahnhof Süd];2021-11-02T11:07:00.403Z
0.7663782;open;2021-11-02T11:05:00Z;620;189;0;809;809;24279[Konstabler];2021-11-02T11:07:00.403Z
0.9953052;open;2021-11-02T11:05:00Z;424;2;0;426;426;18497[Hauptwache];2021-11-02T11:07:00.403Z
0.8338235;open;2021-11-02T11:05:00Z;567;113;0;680;680;18495[Am Gericht];2021-11-02T11:07:00.403Z
0.3158482;open;2021-11-02T11:05:00Z;283;613;70;966;896;109240[MyZeil];2021-11-02T11:07:00.403Z
0.670347;open;2021-11-02T11:05:00Z;425;209;0;634;634;18494[Konrad-Adenauer-Straße];2021-11-02T11:07:00.403Z
0.82;open;2021-11-02T11:30:00Z;123;27;200;350;150;24276[Turmcenter];2021-11-02T11:32:02.163Z
0.75184274;open;2021-11-02T11:30:00Z;306;101;0;407;407;18944[Alte Oper];2021-11-02T11:32:02.163Z
0.42032966;open;2021-11-02T11:30:00Z;153;211;0;364;364;24281[Hauptbahnhof Süd];2021-11-02T11:32:02.163Z
0.7540173;open;2021-11-02T11:30:00Z;610;199;0;809;809;24279[Konstabler];2021-11-02T11:32:02.163Z
0.9835681;open;2021-11-02T11:30:00Z;419;7;0;426;426;18497[Hauptwache];2021-11-02T11:32:02.163Z
0.80441177;open;2021-11-02T11:30:00Z;547;133;0;680;680;18495[Am Gericht];2021-11-02T11:32:02.163Z
0.31808037;open;2021-11-02T11:30:00Z;285;611;70;966;896;109240[MyZeil];2021-11-02T11:32:02.163Z
0.670347;open;2021-11-02T11:30:00Z;425;209;0;634;634;18494[Konrad-Adenauer-Straße];2021-11-02T11:32:02.163Z
0.81333333;open;2021-11-02T11:35:00Z;122;28;200;350;150;24276[Turmcenter];2021-11-02T11:37:01.159Z
0.7690418;open;2021-11-02T11:35:00Z;313;94;0;407;407;18944[Alte Oper];2021-11-02T11:37:01.159Z
0.41758242;open;2021-11-02T11:35:00Z;152;212;0;364;364;24281[Hauptbahnhof Süd];2021-11-02T11:37:01.159Z
0.7540173;open;2021-11-02T11:35:00Z;610;199;0;809;809;24279[Konstabler];2021-11-02T11:37:01.159Z
0.9906103;open;2021-11-02T11:35:00Z;422;4;0;426;426;18497[Hauptwache];2021-11-02T11:37:01.159Z
0.8088235;open;2021-11-02T11:35:00Z;550;130;0;680;680;18495[Am Gericht];2021-11-02T11:37:01.159Z
0.3158482;open;2021-11-02T11:35:00Z;283;613;70;966;896;109240[MyZeil];2021-11-02T11:37:01.159Z
0.6719243;open;2021-11-02T11:35:00Z;426;208;0;634;634;18494[Konrad-Adenauer-Straße];2021-11-02T11:37:01.159Z
0.8;open;2021-11-02T11:50:00Z;120;30;200;350;150;24276[Turmcenter];2021-11-02T11:52:00.708Z
0.78624076;open;2021-11-02T11:50:00Z;320;87;0;407;407;18944[Alte Oper];2021-11-02T11:52:00.708Z
0.41758242;open;2021-11-02T11:50:00Z;152;212;0;364;364;24281[Hauptbahnhof Süd];2021-11-02T11:52:00.708Z
0.7404203;open;2021-11-02T11:50:00Z;599;210;0;809;809;24279[Konstabler];2021-11-02T11:52:00.708Z
0.97417843;open;2021-11-02T11:50:00Z;415;11;0;426;426;18497[Hauptwache];2021-11-02T11:52:00.708Z
0.79264706;open;2021-11-02T11:50:00Z;539;141;0;680;680;18495[Am Gericht];2021-11-02T11:52:00.708Z
0.3236607;open;2021-11-02T11:50:00Z;290;606;70;966;896;109240[MyZeil];2021-11-02T11:52:00.708Z
0.6671924;open;2021-11-02T11:50:00Z;423;211;0;634;634;18494[Konrad-Adenauer-Straße];2021-11-02T11:52:00.708Z
0.79333335;open;2021-11-02T11:55:00Z;119;31;200;350;150;24276[Turmcenter];2021-11-02T11:57:01.284Z
0.7764128;open;2021-11-02T11:55:00Z;316;91;0;407;407;18944[Alte Oper];2021-11-02T11:57:01.284Z
0.41483516;open;2021-11-02T11:55:00Z;151;213;0;364;364;24281[Hauptbahnhof Süd];2021-11-02T11:57:01.284Z
0.72311497;open;2021-11-02T11:55:00Z;585;224;0;809;809;24279[Konstabler];2021-11-02T11:57:01.284Z
0.9600939;open;2021-11-02T11:55:00Z;409;17;0;426;426;18497[Hauptwache];2021-11-02T11:57:01.284Z
0.7882353;open;2021-11-02T11:55:00Z;536;144;0;680;680;18495[Am Gericht];2021-11-02T11:57:01.284Z
0.32254463;open;2021-11-02T11:55:00Z;289;607;70;966;896;109240[MyZeil];2021-11-02T11:57:01.284Z
0.6766561;open;2021-11-02T11:55:00Z;429;205;0;634;634;18494[Konrad-Adenauer-Straße];2021-11-02T11:57:01.284Z
0.74666667;open;2021-11-02T12:15:00Z;112;38;200;350;150;24276[Turmcenter];2021-11-02T12:17:00.451Z
0.7837838;open;2021-11-02T12:15:00Z;319;88;0;407;407;18944[Alte Oper];2021-11-02T12:17:00.451Z
0.3901099;open;2021-11-02T12:15:00Z;142;222;0;364;364;24281[Hauptbahnhof Süd];2021-11-02T12:17:00.451Z
0.70704573;open;2021-11-02T12:15:00Z;572;237;0;809;809;24279[Konstabler];2021-11-02T12:17:00.451Z
0.96713614;open;2021-11-02T12:15:00Z;412;14;0;426;426;18497[Hauptwache];2021-11-02T12:17:00.451Z
0.77205884;open;2021-11-02T12:15:00Z;525;155;0;680;680;18495[Am Gericht];2021-11-02T12:17:00.451Z
0.32924107;open;2021-11-02T12:15:00Z;295;601;70;966;896;109240[MyZeil];2021-11-02T12:17:00.451Z
0.681388;open;2021-11-02T12:15:00Z;432;202;0;634;634;18494[Konrad-Adenauer-Straße];2021-11-02T12:17:00.451Z
0.7266667;open;2021-11-02T12:51:00Z;109;41;200;350;150;24276[Turmcenter];2021-11-02T12:52:00.099Z
0.7813268;open;2021-11-02T12:51:00Z;318;89;0;407;407;18944[Alte Oper];2021-11-02T12:52:00.099Z
0.3708791;open;2021-11-02T12:51:00Z;135;229;0;364;364;24281[Hauptbahnhof Süd];2021-11-02T12:52:00.099Z
0.7119901;open;2021-11-02T12:51:00Z;576;233;0;809;809;24279[Konstabler];2021-11-02T12:52:00.099Z
0.9624413;open;2021-11-02T12:51:00Z;410;16;0;426;426;18497[Hauptwache];2021-11-02T12:52:00.099Z
0.74852943;open;2021-11-02T12:51:00Z;509;171;0;680;680;18495[Am Gericht];2021-11-02T12:52:00.099Z
0.33370537;open;2021-11-02T12:51:00Z;299;597;70;966;896;109240[MyZeil];2021-11-02T12:52:00.099Z
0.65772873;open;2021-11-02T12:51:00Z;417;217;0;634;634;18494[Konrad-Adenauer-Straße];2021-11-02T12:52:00.099Z
0.7266667;open;2021-11-02T13:06:00Z;109;41;200;350;150;24276[Turmcenter];2021-11-02T13:07:00.818Z
0.75429976;open;2021-11-02T13:06:00Z;307;100;0;407;407;18944[Alte Oper];2021-11-02T13:07:00.818Z
0.35714287;open;2021-11-02T13:06:00Z;130;234;0;364;364;24281[Hauptbahnhof Süd];2021-11-02T13:07:00.818Z
0.70210135;open;2021-11-02T13:06:00Z;568;241;0;809;809;24279[Konstabler];2021-11-02T13:07:00.818Z
0.97183096;open;2021-11-02T13:06:00Z;414;12;0;426;426;18497[Hauptwache];2021-11-02T13:07:00.818Z
0.73970586;open;2021-11-02T13:06:00Z;503;177;0;680;680;18495[Am Gericht];2021-11-02T13:07:00.818Z
0.65772873;open;2021-11-02T13:06:00Z;417;217;0;634;634;18494[Konrad-Adenauer-Straße];2021-11-02T13:07:00.818Z
0.70666665;open;2021-11-02T13:36:00Z;106;44;200;350;150;24276[Turmcenter];2021-11-02T13:37:00.272Z
0.6977887;open;2021-11-02T13:36:00Z;284;123;0;407;407;18944[Alte Oper];2021-11-02T13:37:00.272Z
0.34615386;open;2021-11-02T13:36:00Z;126;238;0;364;364;24281[Hauptbahnhof Süd];2021-11-02T13:37:00.272Z
0.70086527;open;2021-11-02T13:36:00Z;567;242;0;809;809;24279[Konstabler];2021-11-02T13:37:00.272Z
0.9577465;open;2021-11-02T13:36:00Z;408;18;0;426;426;18497[Hauptwache];2021-11-02T13:37:00.272Z
0.7102941;open;2021-11-02T13:36:00Z;483;197;0;680;680;18495[Am Gericht];2021-11-02T13:37:00.272Z
0.34375;open;2021-11-02T13:36:00Z;308;588;70;966;896;109240[MyZeil];2021-11-02T13:37:00.272Z
0.64195585;open;2021-11-02T13:36:00Z;407;227;0;634;634;18494[Konrad-Adenauer-Straße];2021-11-02T13:37:00.272Z
0.7133333;open;2021-11-02T13:41:00Z;107;43;200;350;150;24276[Turmcenter];2021-11-02T13:42:00.799Z
0.69287467;open;2021-11-02T13:41:00Z;282;125;0;407;407;18944[Alte Oper];2021-11-02T13:42:00.799Z
0.3434066;open;2021-11-02T13:41:00Z;125;239;0;364;364;24281[Hauptbahnhof Süd];2021-11-02T13:42:00.799Z
0.6996292;open;2021-11-02T13:41:00Z;566;243;0;809;809;24279[Konstabler];2021-11-02T13:42:00.799Z
0.96948355;open;2021-11-02T13:41:00Z;413;13;0;426;426;18497[Hauptwache];2021-11-02T13:42:00.799Z
0.7029412;open;2021-11-02T13:41:00Z;478;202;0;680;680;18495[Am Gericht];2021-11-02T13:42:00.799Z
0.34598213;open;2021-11-02T13:41:00Z;310;586;70;966;896;109240[MyZeil];2021-11-02T13:42:00.799Z
0.6388013;open;2021-11-02T13:41:00Z;405;229;0;634;634;18494[Konrad-Adenauer-Straße];2021-11-02T13:42:00.799Z
0.6666667;open;2021-11-02T14:12:00Z;100;50;200;350;150;24276[Turmcenter];2021-11-02T14:17:01.719Z
0.63390666;open;2021-11-02T14:12:00Z;258;149;0;407;407;18944[Alte Oper];2021-11-02T14:17:01.719Z
0.32142857;open;2021-11-02T14:12:00Z;117;247;0;364;364;24281[Hauptbahnhof Süd];2021-11-02T14:17:01.719Z
0.68355995;open;2021-11-02T14:12:00Z;553;256;0;809;809;24279[Konstabler];2021-11-02T14:17:01.719Z
0.97652584;open;2021-11-02T14:12:00Z;416;10;0;426;426;18497[Hauptwache];2021-11-02T14:17:01.719Z
0.6617647;open;2021-11-02T14:12:00Z;450;230;0;680;680;18495[Am Gericht];2021-11-02T14:17:01.719Z
0.626183;open;2021-11-02T14:12:00Z;397;237;0;634;634;18494[Konrad-Adenauer-Straße];2021-11-02T14:17:01.719Z
0.64666665;open;2021-11-02T14:27:00Z;97;53;200;350;150;24276[Turmcenter];2021-11-02T14:32:00.326Z
0.6216216;open;2021-11-02T14:27:00Z;253;154;0;407;407;18944[Alte Oper];2021-11-02T14:32:00.326Z
0.27197802;open;2021-11-02T14:27:00Z;99;265;0;364;364;24281[Hauptbahnhof Süd];2021-11-02T14:32:00.326Z
0.6687268;open;2021-11-02T14:27:00Z;541;268;0;809;809;24279[Konstabler];2021-11-02T14:32:00.326Z
0.9577465;open;2021-11-02T14:27:00Z;408;18;0;426;426;18497[Hauptwache];2021-11-02T14:32:00.326Z
0.64411765;open;2021-11-02T14:27:00Z;438;242;0;680;680;18495[Am Gericht];2021-11-02T14:32:00.326Z
0.32254463;open;2021-11-02T14:27:00Z;289;607;70;966;896;109240[MyZeil];2021-11-02T14:32:00.326Z
0.61198735;open;2021-11-02T14:27:00Z;388;246;0;634;634;18494[Konrad-Adenauer-Straße];2021-11-02T14:32:00.326Z
0.6533333;open;2021-11-02T14:32:00Z;98;52;200;350;150;24276[Turmcenter];2021-11-02T14:37:02.861Z
0.6142506;open;2021-11-02T14:32:00Z;250;157;0;407;407;18944[Alte Oper];2021-11-02T14:37:02.861Z
0.27747253;open;2021-11-02T14:32:00Z;101;263;0;364;364;24281[Hauptbahnhof Süd];2021-11-02T14:37:02.861Z
0.6588381;open;2021-11-02T14:32:00Z;533;276;0;809;809;24279[Konstabler];2021-11-02T14:37:02.861Z
0.9413146;open;2021-11-02T14:32:00Z;401;25;0;426;426;18497[Hauptwache];2021-11-02T14:37:02.861Z
0.6382353;open;2021-11-02T14:32:00Z;434;246;0;680;680;18495[Am Gericht];2021-11-02T14:37:02.861Z
0.3236607;open;2021-11-02T14:32:00Z;290;606;70;966;896;109240[MyZeil];2021-11-02T14:37:02.861Z
0.6182965;open;2021-11-02T14:32:00Z;392;242;0;634;634;18494[Konrad-Adenauer-Straße];2021-11-02T14:37:02.861Z
0.64;open;2021-11-02T14:47:00Z;96;54;200;350;150;24276[Turmcenter];2021-11-02T14:52:01.410Z
0.61179364;open;2021-11-02T14:47:00Z;249;158;0;407;407;18944[Alte Oper];2021-11-02T14:52:01.410Z
0.260989;open;2021-11-02T14:47:00Z;95;269;0;364;364;24281[Hauptbahnhof Süd];2021-11-02T14:52:01.410Z
0.645241;open;2021-11-02T14:47:00Z;522;287;0;809;809;24279[Konstabler];2021-11-02T14:52:01.410Z
0.9201878;open;2021-11-02T14:47:00Z;392;34;0;426;426;18497[Hauptwache];2021-11-02T14:52:01.410Z
0.6279412;open;2021-11-02T14:47:00Z;427;253;0;680;680;18495[Am Gericht];2021-11-02T14:52:01.410Z
0.31919643;open;2021-11-02T14:47:00Z;286;610;70;966;896;109240[MyZeil];2021-11-02T14:52:01.410Z
0.5946372;open;2021-11-02T14:47:00Z;377;257;0;634;634;18494[Konrad-Adenauer-Straße];2021-11-02T14:52:01.410Z
0.64666665;open;2021-11-02T14:52:00Z;97;53;200;350;150;24276[Turmcenter];2021-11-02T14:57:02.015Z
0.6167076;open;2021-11-02T14:52:00Z;251;156;0;407;407;18944[Alte Oper];2021-11-02T14:57:02.015Z
0.25274727;open;2021-11-02T14:52:00Z;92;272;0;364;364;24281[Hauptbahnhof Süd];2021-11-02T14:57:02.015Z
0.64029664;open;2021-11-02T14:52:00Z;518;291;0;809;809;24279[Konstabler];2021-11-02T14:57:02.015Z
0.899061;open;2021-11-02T14:52:00Z;383;43;0;426;426;18497[Hauptwache];2021-11-02T14:57:02.015Z
0.6308824;open;2021-11-02T14:52:00Z;429;251;0;680;680;18495[Am Gericht];2021-11-02T14:57:02.015Z
0.3158482;open;2021-11-02T14:52:00Z;283;613;70;966;896;109240[MyZeil];2021-11-02T14:57:02.015Z
0.59148264;open;2021-11-02T14:52:00Z;375;259;0;634;634;18494[Konrad-Adenauer-Straße];2021-11-02T14:57:02.015Z
0.64;open;2021-11-02T15:12:00Z;96;54;200;350;150;24276[Turmcenter];2021-11-02T15:17:00.712Z
0.6142506;open;2021-11-02T15:12:00Z;250;157;0;407;407;18944[Alte Oper];2021-11-02T15:17:00.712Z
0.23901099;open;2021-11-02T15:12:00Z;87;277;0;364;364;24281[Hauptbahnhof Süd];2021-11-02T15:17:00.712Z
0.631644;open;2021-11-02T15:12:00Z;511;298;0;809;809;24279[Konstabler];2021-11-02T15:17:00.712Z
0.8826291;open;2021-11-02T15:12:00Z;376;50;0;426;426;18497[Hauptwache];2021-11-02T15:17:00.712Z
0.6191176;open;2021-11-02T15:12:00Z;421;259;0;680;680;18495[Am Gericht];2021-11-02T15:17:00.712Z
0.3080357;open;2021-11-02T15:12:00Z;276;620;70;966;896;109240[MyZeil];2021-11-02T15:17:00.712Z
0.5741325;open;2021-11-02T15:12:00Z;364;270;0;634;634;18494[Konrad-Adenauer-Straße];2021-11-02T15:17:00.712Z
0.6;open;2021-11-02T15:28:00Z;90;60;200;350;150;24276[Turmcenter];2021-11-02T15:32:02.916Z
0.6044226;open;2021-11-02T15:28:00Z;246;161;0;407;407;18944[Alte Oper];2021-11-02T15:32:02.916Z
0.18956044;open;2021-11-02T15:28:00Z;69;295;0;364;364;24281[Hauptbahnhof Süd];2021-11-02T15:32:02.916Z
0.61681086;open;2021-11-02T15:28:00Z;499;310;0;809;809;24279[Konstabler];2021-11-02T15:32:02.916Z
0.87089205;open;2021-11-02T15:28:00Z;371;55;0;426;426;18497[Hauptwache];2021-11-02T15:32:02.916Z
0.59117645;open;2021-11-02T15:28:00Z;402;278;0;680;680;18495[Am Gericht];2021-11-02T15:32:02.916Z
0.29799107;open;2021-11-02T15:28:00Z;267;629;70;966;896;109240[MyZeil];2021-11-02T15:32:02.916Z
0.5646688;open;2021-11-02T15:28:00Z;358;276;0;634;634;18494[Konrad-Adenauer-Straße];2021-11-02T15:32:02.916Z
0.5933333;open;2021-11-02T15:43:00Z;89;61;200;350;150;24276[Turmcenter];2021-11-02T15:47:02.355Z
0.57002455;open;2021-11-02T15:43:00Z;232;175;0;407;407;18944[Alte Oper];2021-11-02T15:47:02.355Z
0.17307693;open;2021-11-02T15:43:00Z;63;301;0;364;364;24281[Hauptbahnhof Süd];2021-11-02T15:47:02.355Z
0.605686;open;2021-11-02T15:43:00Z;490;319;0;809;809;24279[Konstabler];2021-11-02T15:47:02.355Z
0.84976524;open;2021-11-02T15:43:00Z;362;64;0;426;426;18497[Hauptwache];2021-11-02T15:47:02.355Z
0.5838235;open;2021-11-02T15:43:00Z;397;283;0;680;680;18495[Am Gericht];2021-11-02T15:47:02.355Z
0.2890625;open;2021-11-02T15:43:00Z;259;637;70;966;896;109240[MyZeil];2021-11-02T15:47:02.355Z
0.5709779;open;2021-11-02T15:43:00Z;362;272;0;634;634;18494[Konrad-Adenauer-Straße];2021-11-02T15:47:02.355Z
0.56;open;2021-11-02T15:53:00Z;84;66;200;350;150;24276[Turmcenter];2021-11-02T15:57:02.203Z
0.57002455;open;2021-11-02T15:53:00Z;232;175;0;407;407;18944[Alte Oper];2021-11-02T15:57:02.203Z
0.16483517;open;2021-11-02T15:53:00Z;60;304;0;364;364;24281[Hauptbahnhof Süd];2021-11-02T15:57:02.203Z
0.60692215;open;2021-11-02T15:53:00Z;491;318;0;809;809;24279[Konstabler];2021-11-02T15:57:02.203Z
0.85211265;open;2021-11-02T15:53:00Z;363;63;0;426;426;18497[Hauptwache];2021-11-02T15:57:02.203Z
0.5764706;open;2021-11-02T15:53:00Z;392;288;0;680;680;18495[Am Gericht];2021-11-02T15:57:02.203Z
0.2890625;open;2021-11-02T15:53:00Z;259;637;70;966;896;109240[MyZeil];2021-11-02T15:57:02.203Z
0.5741325;open;2021-11-02T15:53:00Z;364;270;0;634;634;18494[Konrad-Adenauer-Straße];2021-11-02T15:57:02.203Z
0.5;open;2021-11-02T16:13:00Z;75;75;200;350;150;24276[Turmcenter];2021-11-02T16:17:00.817Z
0.56511056;open;2021-11-02T16:13:00Z;230;177;0;407;407;18944[Alte Oper];2021-11-02T16:17:00.817Z
0.1510989;open;2021-11-02T16:13:00Z;55;309;0;364;364;24281[Hauptbahnhof Süd];2021-11-02T16:17:00.817Z
0.58467245;open;2021-11-02T16:13:00Z;473;336;0;809;809;24279[Konstabler];2021-11-02T16:17:00.817Z
0.8309859;open;2021-11-02T16:13:00Z;354;72;0;426;426;18497[Hauptwache];2021-11-02T16:17:00.817Z
0.5529412;open;2021-11-02T16:13:00Z;376;304;0;680;680;18495[Am Gericht];2021-11-02T16:17:00.817Z
0.28794643;open;2021-11-02T16:13:00Z;258;638;70;966;896;109240[MyZeil];2021-11-02T16:17:00.817Z
0.58832806;open;2021-11-02T16:13:00Z;373;261;0;634;634;18494[Konrad-Adenauer-Straße];2021-11-02T16:17:00.817Z
0.36;open;2021-11-02T16:54:00Z;54;96;200;350;150;24276[Turmcenter];2021-11-02T16:57:00.266Z
0.5798526;open;2021-11-02T16:54:00Z;236;171;0;407;407;18944[Alte Oper];2021-11-02T16:57:00.266Z
0.10714286;open;2021-11-02T16:54:00Z;39;325;0;364;364;24281[Hauptbahnhof Süd];2021-11-02T16:57:00.266Z
0.5253399;open;2021-11-02T16:54:00Z;425;384;0;809;809;24279[Konstabler];2021-11-02T16:57:00.266Z
0.814554;open;2021-11-02T16:54:00Z;347;79;0;426;426;18497[Hauptwache];2021-11-02T16:57:00.266Z
0.5088235;open;2021-11-02T16:54:00Z;346;334;0;680;680;18495[Am Gericht];2021-11-02T16:57:00.266Z
0.26004463;open;2021-11-02T16:54:00Z;233;663;70;966;896;109240[MyZeil];2021-11-02T16:57:00.266Z
0.5599369;open;2021-11-02T16:54:00Z;355;279;0;634;634;18494[Konrad-Adenauer-Straße];2021-11-02T16:57:00.266Z
0.32;open;2021-11-02T17:09:00Z;48;102;200;350;150;24276[Turmcenter];2021-11-02T17:12:01.780Z
0.5896806;open;2021-11-02T17:09:00Z;240;167;0;407;407;18944[Alte Oper];2021-11-02T17:12:01.780Z
0.093406595;open;2021-11-02T17:09:00Z;34;330;0;364;364;24281[Hauptbahnhof Süd];2021-11-02T17:12:01.780Z
0.5055624;open;2021-11-02T17:09:00Z;409;400;0;809;809;24279[Konstabler];2021-11-02T17:12:01.780Z
0.79577464;open;2021-11-02T17:09:00Z;339;87;0;426;426;18497[Hauptwache];2021-11-02T17:12:01.780Z
0.5132353;open;2021-11-02T17:09:00Z;349;331;0;680;680;18495[Am Gericht];2021-11-02T17:12:01.780Z
0.2544643;open;2021-11-02T17:09:00Z;228;668;70;966;896;109240[MyZeil];2021-11-02T17:12:01.780Z
0.5488959;open;2021-11-02T17:09:00Z;348;286;0;634;634;18494[Konrad-Adenauer-Straße];2021-11-02T17:12:01.780Z
0.21;open;2021-11-02T17:29:00Z;42;158;150;350;200;24276[Turmcenter];2021-11-02T17:32:01.718Z
0.6289926;open;2021-11-02T17:29:00Z;256;151;0;407;407;18944[Alte Oper];2021-11-02T17:32:01.718Z
0.06043956;open;2021-11-02T17:29:00Z;22;342;0;364;364;24281[Hauptbahnhof Süd];2021-11-02T17:32:01.718Z
0.4882571;open;2021-11-02T17:29:00Z;395;414;0;809;809;24279[Konstabler];2021-11-02T17:32:01.718Z
0.79812205;open;2021-11-02T17:29:00Z;340;86;0;426;426;18497[Hauptwache];2021-11-02T17:32:01.718Z
0.5088235;open;2021-11-02T17:29:00Z;346;334;0;680;680;18495[Am Gericht];2021-11-02T17:32:01.718Z
0.24888393;open;2021-11-02T17:29:00Z;223;673;70;966;896;109240[MyZeil];2021-11-02T17:32:01.718Z
0.53154576;open;2021-11-02T17:29:00Z;337;297;0;634;634;18494[Konrad-Adenauer-Straße];2021-11-02T17:32:01.718Z
0.22;open;2021-11-02T17:44:00Z;44;156;150;350;200;24276[Turmcenter];2021-11-02T17:47:01.844Z
0.64619166;open;2021-11-02T17:44:00Z;263;144;0;407;407;18944[Alte Oper];2021-11-02T17:47:01.844Z
0.052197803;open;2021-11-02T17:44:00Z;19;345;0;364;364;24281[Hauptbahnhof Süd];2021-11-02T17:47:01.844Z
0.4882571;open;2021-11-02T17:44:00Z;395;414;0;809;809;24279[Konstabler];2021-11-02T17:47:01.844Z
0.80516434;open;2021-11-02T17:44:00Z;343;83;0;426;426;18497[Hauptwache];2021-11-02T17:47:01.844Z
0.5029412;open;2021-11-02T17:44:00Z;342;338;0;680;680;18495[Am Gericht];2021-11-02T17:47:01.844Z
0.24665178;open;2021-11-02T17:44:00Z;221;675;70;966;896;109240[MyZeil];2021-11-02T17:47:01.844Z
0.52996844;open;2021-11-02T17:44:00Z;336;298;0;634;634;18494[Konrad-Adenauer-Straße];2021-11-02T17:47:01.844Z
0.23;open;2021-11-02T17:49:00Z;46;154;150;350;200;24276[Turmcenter];2021-11-02T17:52:02.006Z
0.6756757;open;2021-11-02T17:49:00Z;275;132;0;407;407;18944[Alte Oper];2021-11-02T17:52:02.006Z
0.052197803;open;2021-11-02T17:49:00Z;19;345;0;364;364;24281[Hauptbahnhof Süd];2021-11-02T17:52:02.006Z
0.48454884;open;2021-11-02T17:49:00Z;392;417;0;809;809;24279[Konstabler];2021-11-02T17:52:02.006Z
0.80751175;open;2021-11-02T17:49:00Z;344;82;0;426;426;18497[Hauptwache];2021-11-02T17:52:02.006Z
0.4970588;open;2021-11-02T17:49:00Z;338;342;0;680;680;18495[Am Gericht];2021-11-02T17:52:02.006Z
0.2533482;open;2021-11-02T17:49:00Z;227;669;70;966;896;109240[MyZeil];2021-11-02T17:52:02.006Z
0.5283912;open;2021-11-02T17:49:00Z;335;299;0;634;634;18494[Konrad-Adenauer-Straße];2021-11-02T17:52:02.006Z
0.31;open;2021-11-02T18:10:00Z;62;138;150;350;200;24276[Turmcenter];2021-11-02T18:12:01.558Z
0.8574939;open;2021-11-02T18:10:00Z;349;58;0;407;407;18944[Alte Oper];2021-11-02T18:12:01.558Z
0.032967035;open;2021-11-02T18:10:00Z;12;352;0;364;364;24281[Hauptbahnhof Süd];2021-11-02T18:12:01.558Z
0.473424;open;2021-11-02T18:10:00Z;383;426;0;809;809;24279[Konstabler];2021-11-02T18:12:01.558Z
0.786385;open;2021-11-02T18:10:00Z;335;91;0;426;426;18497[Hauptwache];2021-11-02T18:12:01.558Z
0.49117646;open;2021-11-02T18:10:00Z;334;346;0;680;680;18495[Am Gericht];2021-11-02T18:12:01.558Z
0.23660715;open;2021-11-02T18:10:00Z;212;684;70;966;896;109240[MyZeil];2021-11-02T18:12:01.558Z
0.5378549;open;2021-11-02T18:10:00Z;341;293;0;634;634;18494[Konrad-Adenauer-Straße];2021-11-02T18:12:01.558Z
0.36;open;2021-11-02T18:35:00Z;72;128;150;350;200;24276[Turmcenter];2021-11-02T18:37:02.859Z
1;open;2021-11-02T18:35:00Z;407;0;0;407;407;18944[Alte Oper];2021-11-02T18:37:02.859Z
0.03021978;open;2021-11-02T18:35:00Z;11;353;0;364;364;24281[Hauptbahnhof Süd];2021-11-02T18:37:02.859Z
0.45735475;open;2021-11-02T18:35:00Z;370;439;0;809;809;24279[Konstabler];2021-11-02T18:37:02.859Z
0.75586855;open;2021-11-02T18:35:00Z;322;104;0;426;426;18497[Hauptwache];2021-11-02T18:37:02.859Z
0.46617648;open;2021-11-02T18:35:00Z;317;363;0;680;680;18495[Am Gericht];2021-11-02T18:37:02.859Z
0.22544643;open;2021-11-02T18:35:00Z;202;694;70;966;896;109240[MyZeil];2021-11-02T18:37:02.859Z
0.53154576;open;2021-11-02T18:35:00Z;337;297;0;634;634;18494[Konrad-Adenauer-Straße];2021-11-02T18:37:02.859Z
0.375;open;2021-11-02T18:50:00Z;75;125;150;350;200;24276[Turmcenter];2021-11-02T18:52:02.466Z
1;open;2021-11-02T18:50:00Z;407;0;0;407;407;18944[Alte Oper];2021-11-02T18:52:02.466Z
0.035714287;open;2021-11-02T18:50:00Z;13;351;0;364;364;24281[Hauptbahnhof Süd];2021-11-02T18:52:02.466Z
0.44499382;open;2021-11-02T18:50:00Z;360;449;0;809;809;24279[Konstabler];2021-11-02T18:52:02.466Z
0.7300469;open;2021-11-02T18:50:00Z;311;115;0;426;426;18497[Hauptwache];2021-11-02T18:52:02.466Z
0.45441177;open;2021-11-02T18:50:00Z;309;371;0;680;680;18495[Am Gericht];2021-11-02T18:52:02.466Z
0.21763393;open;2021-11-02T18:50:00Z;195;701;70;966;896;109240[MyZeil];2021-11-02T18:52:02.466Z
0.53154576;open;2021-11-02T18:50:00Z;337;297;0;634;634;18494[Konrad-Adenauer-Straße];2021-11-02T18:52:02.466Z
0.405;open;2021-11-02T19:00:00Z;81;119;150;350;200;24276[Turmcenter];2021-11-02T19:02:02.590Z
1;open;2021-11-02T19:00:00Z;407;0;0;407;407;18944[Alte Oper];2021-11-02T19:02:02.590Z
0.032967035;open;2021-11-02T19:00:00Z;12;352;0;364;364;24281[Hauptbahnhof Süd];2021-11-02T19:02:02.590Z
0.4264524;open;2021-11-02T19:00:00Z;345;464;0;809;809;24279[Konstabler];2021-11-02T19:02:02.590Z
0.7089202;open;2021-11-02T19:00:00Z;302;124;0;426;426;18497[Hauptwache];2021-11-02T19:02:02.590Z
0.45147058;open;2021-11-02T19:00:00Z;307;373;0;680;680;18495[Am Gericht];2021-11-02T19:02:02.590Z
0.21428572;open;2021-11-02T19:00:00Z;192;704;70;966;896;109240[MyZeil];2021-11-02T19:02:02.590Z
0.5283912;open;2021-11-02T19:00:00Z;335;299;0;634;634;18494[Konrad-Adenauer-Straße];2021-11-02T19:02:02.590Z
0.385;open;2021-11-02T19:11:00Z;77;123;150;350;200;24276[Turmcenter];2021-11-02T19:12:00.540Z
1;open;2021-11-02T19:11:00Z;407;0;0;407;407;18944[Alte Oper];2021-11-02T19:12:00.540Z
0.032967035;open;2021-11-02T19:11:00Z;12;352;0;364;364;24281[Hauptbahnhof Süd];2021-11-02T19:12:00.540Z
0.40667492;open;2021-11-02T19:11:00Z;329;480;0;809;809;24279[Konstabler];2021-11-02T19:12:00.540Z
0.6690141;open;2021-11-02T19:11:00Z;285;141;0;426;426;18497[Hauptwache];2021-11-02T19:12:00.540Z
0.44558823;open;2021-11-02T19:11:00Z;303;377;0;680;680;18495[Am Gericht];2021-11-02T19:12:00.540Z
0.20870535;open;2021-11-02T19:11:00Z;187;709;70;966;896;109240[MyZeil];2021-11-02T19:12:00.540Z
0.5236593;open;2021-11-02T19:11:00Z;332;302;0;634;634;18494[Konrad-Adenauer-Straße];2021-11-02T19:12:00.540Z
0.375;open;2021-11-02T19:21:00Z;75;125;150;350;200;24276[Turmcenter];2021-11-02T19:22:00.894Z
1;open;2021-11-02T19:21:00Z;407;0;0;407;407;18944[Alte Oper];2021-11-02T19:22:00.894Z
0.032967035;open;2021-11-02T19:21:00Z;12;352;0;364;364;24281[Hauptbahnhof Süd];2021-11-02T19:22:00.894Z
0.40296662;open;2021-11-02T19:21:00Z;326;483;0;809;809;24279[Konstabler];2021-11-02T19:22:00.894Z
0.65258217;open;2021-11-02T19:21:00Z;278;148;0;426;426;18497[Hauptwache];2021-11-02T19:22:00.894Z
0.44117647;open;2021-11-02T19:21:00Z;300;380;0;680;680;18495[Am Gericht];2021-11-02T19:22:00.894Z
0.20200893;open;2021-11-02T19:21:00Z;181;715;70;966;896;109240[MyZeil];2021-11-02T19:22:00.894Z
0.51735014;open;2021-11-02T19:21:00Z;328;306;0;634;634;18494[Konrad-Adenauer-Straße];2021-11-02T19:22:00.894Z
0.39;open;2021-11-02T19:31:00Z;78;122;150;350;200;24276[Turmcenter];2021-11-02T19:32:00.820Z
0.99017197;open;2021-11-02T19:31:00Z;403;4;0;407;407;18944[Alte Oper];2021-11-02T19:32:00.820Z
0.035714287;open;2021-11-02T19:31:00Z;13;351;0;364;364;24281[Hauptbahnhof Süd];2021-11-02T19:32:00.820Z
0.39802226;open;2021-11-02T19:31:00Z;322;487;0;809;809;24279[Konstabler];2021-11-02T19:32:00.820Z
0.64084506;open;2021-11-02T19:31:00Z;273;153;0;426;426;18497[Hauptwache];2021-11-02T19:32:00.820Z
0.43970588;open;2021-11-02T19:31:00Z;299;381;0;680;680;18495[Am Gericht];2021-11-02T19:32:00.820Z
0.19866072;open;2021-11-02T19:31:00Z;178;718;70;966;896;109240[MyZeil];2021-11-02T19:32:00.820Z
0.511041;open;2021-11-02T19:31:00Z;324;310;0;634;634;18494[Konrad-Adenauer-Straße];2021-11-02T19:32:00.820Z
0.39;open;2021-11-02T19:41:00Z;78;122;150;350;200;24276[Turmcenter];2021-11-02T19:42:00.865Z
0.977887;open;2021-11-02T19:41:00Z;398;9;0;407;407;18944[Alte Oper];2021-11-02T19:42:00.865Z
0.03021978;open;2021-11-02T19:41:00Z;11;353;0;364;364;24281[Hauptbahnhof Süd];2021-11-02T19:42:00.865Z
0.39184177;open;2021-11-02T19:41:00Z;317;492;0;809;809;24279[Konstabler];2021-11-02T19:42:00.865Z
0.63380283;open;2021-11-02T19:41:00Z;270;156;0;426;426;18497[Hauptwache];2021-11-02T19:42:00.865Z
0.43382353;open;2021-11-02T19:41:00Z;295;385;0;680;680;18495[Am Gericht];2021-11-02T19:42:00.865Z
0.19084822;open;2021-11-02T19:41:00Z;171;725;70;966;896;109240[MyZeil];2021-11-02T19:42:00.865Z
0.50630915;open;2021-11-02T19:41:00Z;321;313;0;634;634;18494[Konrad-Adenauer-Straße];2021-11-02T19:42:00.865Z
0.39;open;2021-11-02T19:46:00Z;78;122;150;350;200;24276[Turmcenter];2021-11-02T19:47:00.618Z
0.97542995;open;2021-11-02T19:46:00Z;397;10;0;407;407;18944[Alte Oper];2021-11-02T19:47:00.618Z
0.03021978;open;2021-11-02T19:46:00Z;11;353;0;364;364;24281[Hauptbahnhof Süd];2021-11-02T19:47:00.618Z
0.3856613;open;2021-11-02T19:46:00Z;312;497;0;809;809;24279[Konstabler];2021-11-02T19:47:00.618Z
0.62676054;open;2021-11-02T19:46:00Z;267;159;0;426;426;18497[Hauptwache];2021-11-02T19:47:00.618Z
0.43235293;open;2021-11-02T19:46:00Z;294;386;0;680;680;18495[Am Gericht];2021-11-02T19:47:00.618Z
0.18973215;open;2021-11-02T19:46:00Z;170;726;70;966;896;109240[MyZeil];2021-11-02T19:47:00.618Z
0.5031546;open;2021-11-02T19:46:00Z;319;315;0;634;634;18494[Konrad-Adenauer-Straße];2021-11-02T19:47:00.618Z
0.41;open;2021-11-02T19:56:00Z;82;118;150;350;200;24276[Turmcenter];2021-11-02T19:57:00.706Z
0.95577395;open;2021-11-02T19:56:00Z;389;18;0;407;407;18944[Alte Oper];2021-11-02T19:57:00.706Z
0.027472528;open;2021-11-02T19:56:00Z;10;354;0;364;364;24281[Hauptbahnhof Süd];2021-11-02T19:57:00.706Z
0.37700865;open;2021-11-02T19:56:00Z;305;504;0;809;809;24279[Konstabler];2021-11-02T19:57:00.706Z
0.6056338;open;2021-11-02T19:56:00Z;258;168;0;426;426;18497[Hauptwache];2021-11-02T19:57:00.706Z
0.425;open;2021-11-02T19:56:00Z;289;391;0;680;680;18495[Am Gericht];2021-11-02T19:57:00.706Z
0.1875;open;2021-11-02T19:56:00Z;168;728;70;966;896;109240[MyZeil];2021-11-02T19:57:00.706Z
0.49211356;open;2021-11-02T19:56:00Z;312;322;0;634;634;18494[Konrad-Adenauer-Straße];2021-11-02T19:57:00.706Z
0.4;open;2021-11-02T20:01:00Z;80;120;150;350;200;24276[Turmcenter];2021-11-02T20:07:01.231Z
0.95577395;open;2021-11-02T20:01:00Z;389;18;0;407;407;18944[Alte Oper];2021-11-02T20:07:01.231Z
0.027472528;open;2021-11-02T20:01:00Z;10;354;0;364;364;24281[Hauptbahnhof Süd];2021-11-02T20:07:01.231Z
0.37330037;open;2021-11-02T20:01:00Z;302;507;0;809;809;24279[Konstabler];2021-11-02T20:07:01.231Z
0.6056338;open;2021-11-02T20:01:00Z;258;168;0;426;426;18497[Hauptwache];2021-11-02T20:07:01.231Z
0.41911766;open;2021-11-02T20:01:00Z;285;395;0;680;680;18495[Am Gericht];2021-11-02T20:07:01.231Z
0.1875;open;2021-11-02T20:01:00Z;168;728;70;966;896;109240[MyZeil];2021-11-02T20:07:01.231Z
0.48895898;open;2021-11-02T20:01:00Z;310;324;0;634;634;18494[Konrad-Adenauer-Straße];2021-11-02T20:07:01.231Z
0.33;open;2021-11-02T20:27:00Z;66;134;150;350;200;24276[Turmcenter];2021-11-02T20:32:00.082Z
0.9189189;open;2021-11-02T20:27:00Z;374;33;0;407;407;18944[Alte Oper];2021-11-02T20:32:00.082Z
0.01923077;open;2021-11-02T20:27:00Z;7;357;0;364;364;24281[Hauptbahnhof Süd];2021-11-02T20:32:00.082Z
0.34857848;open;2021-11-02T20:27:00Z;282;527;0;809;809;24279[Konstabler];2021-11-02T20:32:00.082Z
0.58450705;open;2021-11-02T20:27:00Z;249;177;0;426;426;18497[Hauptwache];2021-11-02T20:32:00.082Z
0.40735295;open;2021-11-02T20:27:00Z;277;403;0;680;680;18495[Am Gericht];2021-11-02T20:32:00.082Z
0.1796875;open;2021-11-02T20:27:00Z;161;735;70;966;896;109240[MyZeil];2021-11-02T20:32:00.082Z
0.46845427;open;2021-11-02T20:27:00Z;297;337;0;634;634;18494[Konrad-Adenauer-Straße];2021-11-02T20:32:00.082Z
0.325;open;2021-11-02T20:37:00Z;65;135;150;350;200;24276[Turmcenter];2021-11-02T20:42:02.197Z
0.9115479;open;2021-11-02T20:37:00Z;371;36;0;407;407;18944[Alte Oper];2021-11-02T20:42:02.197Z
0.016483517;open;2021-11-02T20:37:00Z;6;358;0;364;364;24281[Hauptbahnhof Süd];2021-11-02T20:42:02.197Z
0.33868974;open;2021-11-02T20:37:00Z;274;535;0;809;809;24279[Konstabler];2021-11-02T20:42:02.197Z
0.57511735;open;2021-11-02T20:37:00Z;245;181;0;426;426;18497[Hauptwache];2021-11-02T20:42:02.197Z
0.4014706;open;2021-11-02T20:37:00Z;273;407;0;680;680;18495[Am Gericht];2021-11-02T20:42:02.197Z
0.17745535;open;2021-11-02T20:37:00Z;159;737;70;966;896;109240[MyZeil];2021-11-02T20:42:02.197Z
0.44952682;open;2021-11-02T20:37:00Z;285;349;0;634;634;18494[Konrad-Adenauer-Straße];2021-11-02T20:42:02.197Z
0.295;open;2021-11-02T20:47:00Z;59;141;150;350;200;24276[Turmcenter];2021-11-02T20:52:02.481Z
0.9017199;open;2021-11-02T20:47:00Z;367;40;0;407;407;18944[Alte Oper];2021-11-02T20:52:02.481Z
0.016483517;open;2021-11-02T20:47:00Z;6;358;0;364;364;24281[Hauptbahnhof Süd];2021-11-02T20:52:02.481Z
0.33374536;open;2021-11-02T20:47:00Z;270;539;0;809;809;24279[Konstabler];2021-11-02T20:52:02.481Z
0.5680751;open;2021-11-02T20:47:00Z;242;184;0;426;426;18497[Hauptwache];2021-11-02T20:52:02.481Z
0.3985294;open;2021-11-02T20:47:00Z;271;409;0;680;680;18495[Am Gericht];2021-11-02T20:52:02.481Z
0.17633928;open;2021-11-02T20:47:00Z;158;738;70;966;896;109240[MyZeil];2021-11-02T20:52:02.481Z
0.44479495;open;2021-11-02T20:47:00Z;282;352;0;634;634;18494[Konrad-Adenauer-Straße];2021-11-02T20:52:02.481Z
0.29;open;2021-11-02T20:52:00Z;58;142;150;350;200;24276[Turmcenter];2021-11-02T20:57:02.362Z
0.8992629;open;2021-11-02T20:52:00Z;366;41;0;407;407;18944[Alte Oper];2021-11-02T20:57:02.362Z
0.016483517;open;2021-11-02T20:52:00Z;6;358;0;364;364;24281[Hauptbahnhof Süd];2021-11-02T20:57:02.362Z
0.32880098;open;2021-11-02T20:52:00Z;266;543;0;809;809;24279[Konstabler];2021-11-02T20:57:02.362Z
0.5633803;open;2021-11-02T20:52:00Z;240;186;0;426;426;18497[Hauptwache];2021-11-02T20:57:02.362Z
0.3985294;open;2021-11-02T20:52:00Z;271;409;0;680;680;18495[Am Gericht];2021-11-02T20:57:02.362Z
0.17633928;open;2021-11-02T20:52:00Z;158;738;70;966;896;109240[MyZeil];2021-11-02T20:57:02.362Z
0.44479495;open;2021-11-02T20:52:00Z;282;352;0;634;634;18494[Konrad-Adenauer-Straße];2021-11-02T20:57:02.362Z
0.235;open;2021-11-02T21:07:00Z;47;153;150;350;200;24276[Turmcenter];2021-11-02T21:12:00.347Z
0.8894349;open;2021-11-02T21:07:00Z;362;45;0;407;407;18944[Alte Oper];2021-11-02T21:12:00.347Z
0.013736264;open;2021-11-02T21:07:00Z;5;359;0;364;364;24281[Hauptbahnhof Süd];2021-11-02T21:12:00.347Z
0.31891224;open;2021-11-02T21:07:00Z;258;551;0;809;809;24279[Konstabler];2021-11-02T21:12:00.347Z
0.5469484;open;2021-11-02T21:07:00Z;233;193;0;426;426;18497[Hauptwache];2021-11-02T21:12:00.347Z
0.39411765;open;2021-11-02T21:07:00Z;268;412;0;680;680;18495[Am Gericht];2021-11-02T21:12:00.347Z
0.171875;open;2021-11-02T21:07:00Z;154;742;70;966;896;109240[MyZeil];2021-11-02T21:12:00.347Z
0.4258675;open;2021-11-02T21:07:00Z;270;364;0;634;634;18494[Konrad-Adenauer-Straße];2021-11-02T21:12:00.347Z
0.175;open;2021-11-02T21:23:00Z;35;165;150;350;200;24276[Turmcenter];2021-11-02T21:27:01.828Z
0.73464376;open;2021-11-02T21:23:00Z;299;108;0;407;407;18944[Alte Oper];2021-11-02T21:27:01.828Z
0.008241759;open;2021-11-02T21:23:00Z;3;361;0;364;364;24281[Hauptbahnhof Süd];2021-11-02T21:27:01.828Z
0.30037084;open;2021-11-02T21:23:00Z;243;566;0;809;809;24279[Konstabler];2021-11-02T21:27:01.828Z
0.5375587;open;2021-11-02T21:23:00Z;229;197;0;426;426;18497[Hauptwache];2021-11-02T21:27:01.828Z
0.3882353;open;2021-11-02T21:23:00Z;264;416;0;680;680;18495[Am Gericht];2021-11-02T21:27:01.828Z
0.16852678;open;2021-11-02T21:23:00Z;151;745;70;966;896;109240[MyZeil];2021-11-02T21:27:01.828Z
0.4242902;open;2021-11-02T21:23:00Z;269;365;0;634;634;18494[Konrad-Adenauer-Straße];2021-11-02T21:27:01.828Z
0.145;open;2021-11-02T21:33:00Z;29;171;150;350;200;24276[Turmcenter];2021-11-02T21:37:02.145Z
0.56511056;open;2021-11-02T21:33:00Z;230;177;0;407;407;18944[Alte Oper];2021-11-02T21:37:02.145Z
0.008241759;open;2021-11-02T21:33:00Z;3;361;0;364;364;24281[Hauptbahnhof Süd];2021-11-02T21:37:02.145Z
0.29666254;open;2021-11-02T21:33:00Z;240;569;0;809;809;24279[Konstabler];2021-11-02T21:37:02.145Z
0.52582157;open;2021-11-02T21:33:00Z;224;202;0;426;426;18497[Hauptwache];2021-11-02T21:37:02.145Z
0.3897059;open;2021-11-02T21:33:00Z;265;415;0;680;680;18495[Am Gericht];2021-11-02T21:37:02.145Z
0.16741072;open;2021-11-02T21:33:00Z;150;746;70;966;896;109240[MyZeil];2021-11-02T21:37:02.145Z
0.41798106;open;2021-11-02T21:33:00Z;265;369;0;634;634;18494[Konrad-Adenauer-Straße];2021-11-02T21:37:02.145Z
0.045;open;2021-11-02T21:43:00Z;9;191;150;350;200;24276[Turmcenter];2021-11-02T21:47:01.917Z
0.3955774;open;2021-11-02T21:43:00Z;161;246;0;407;407;18944[Alte Oper];2021-11-02T21:47:01.917Z
0.008241759;open;2021-11-02T21:43:00Z;3;361;0;364;364;24281[Hauptbahnhof Süd];2021-11-02T21:47:01.917Z
0.29295427;open;2021-11-02T21:43:00Z;237;572;0;809;809;24279[Konstabler];2021-11-02T21:47:01.917Z
0.51877934;open;2021-11-02T21:43:00Z;221;205;0;426;426;18497[Hauptwache];2021-11-02T21:47:01.917Z
0.3897059;open;2021-11-02T21:43:00Z;265;415;0;680;680;18495[Am Gericht];2021-11-02T21:47:01.917Z
0.16629465;open;2021-11-02T21:43:00Z;149;747;70;966;896;109240[MyZeil];2021-11-02T21:47:01.917Z
0.41009465;open;2021-11-02T21:43:00Z;260;374;0;634;634;18494[Konrad-Adenauer-Straße];2021-11-02T21:47:01.917Z
0;open;2021-11-02T21:48:00Z;0;200;150;350;200;24276[Turmcenter];2021-11-02T21:52:00.217Z
0.34889436;open;2021-11-02T21:48:00Z;142;265;0;407;407;18944[Alte Oper];2021-11-02T21:52:00.217Z
0.008241759;open;2021-11-02T21:48:00Z;3;361;0;364;364;24281[Hauptbahnhof Süd];2021-11-02T21:52:00.217Z
0.29419035;open;2021-11-02T21:48:00Z;238;571;0;809;809;24279[Konstabler];2021-11-02T21:52:00.217Z
0.51877934;open;2021-11-02T21:48:00Z;221;205;0;426;426;18497[Hauptwache];2021-11-02T21:52:00.217Z
0.3897059;open;2021-11-02T21:48:00Z;265;415;0;680;680;18495[Am Gericht];2021-11-02T21:52:00.217Z
0.16183035;open;2021-11-02T21:48:00Z;145;751;70;966;896;109240[MyZeil];2021-11-02T21:52:00.217Z
0.40851736;open;2021-11-02T21:48:00Z;259;375;0;634;634;18494[Konrad-Adenauer-Straße];2021-11-02T21:52:00.217Z
0;open;2021-11-02T21:58:00Z;0;200;150;350;200;24276[Turmcenter];2021-11-02T22:02:02.637Z
0.32186732;open;2021-11-02T21:58:00Z;131;276;0;407;407;18944[Alte Oper];2021-11-02T22:02:02.637Z
0.008241759;open;2021-11-02T21:58:00Z;3;361;0;364;364;24281[Hauptbahnhof Süd];2021-11-02T22:02:02.637Z
0.29171818;open;2021-11-02T21:58:00Z;236;573;0;809;809;24279[Konstabler];2021-11-02T22:02:02.637Z
0.5140845;open;2021-11-02T21:58:00Z;219;207;0;426;426;18497[Hauptwache];2021-11-02T22:02:02.637Z
0.3897059;open;2021-11-02T21:58:00Z;265;415;0;680;680;18495[Am Gericht];2021-11-02T22:02:02.637Z
0.16183035;open;2021-11-02T21:58:00Z;145;751;70;966;896;109240[MyZeil];2021-11-02T22:02:02.637Z
0.40851736;open;2021-11-02T21:58:00Z;259;375;0;634;634;18494[Konrad-Adenauer-Straße];2021-11-02T22:02:02.637Z
0;open;2021-11-02T22:24:00Z;0;200;150;350;200;24276[Turmcenter];2021-11-02T22:27:02.242Z
0.25798526;open;2021-11-02T22:24:00Z;105;302;0;407;407;18944[Alte Oper];2021-11-02T22:27:02.242Z
0.0054945056;open;2021-11-02T22:24:00Z;2;362;0;364;364;24281[Hauptbahnhof Süd];2021-11-02T22:27:02.242Z
0.27688503;open;2021-11-02T22:24:00Z;224;585;0;809;809;24279[Konstabler];2021-11-02T22:27:02.242Z
0.5;open;2021-11-02T22:24:00Z;213;213;0;426;426;18497[Hauptwache];2021-11-02T22:27:02.242Z
0.3882353;open;2021-11-02T22:24:00Z;264;416;0;680;680;18495[Am Gericht];2021-11-02T22:27:02.242Z
0.14397322;open;2021-11-02T22:24:00Z;129;767;70;966;896;109240[MyZeil];2021-11-02T22:27:02.242Z
0.40694007;open;2021-11-02T22:24:00Z;258;376;0;634;634;18494[Konrad-Adenauer-Straße];2021-11-02T22:27:02.242Z
0;open;2021-11-02T22:34:00Z;0;200;150;350;200;24276[Turmcenter];2021-11-02T22:37:01.404Z
0.21867321;open;2021-11-02T22:34:00Z;89;318;0;407;407;18944[Alte Oper];2021-11-02T22:37:01.404Z
0.0054945056;open;2021-11-02T22:34:00Z;2;362;0;364;364;24281[Hauptbahnhof Süd];2021-11-02T22:37:01.404Z
0.27564895;open;2021-11-02T22:34:00Z;223;586;0;809;809;24279[Konstabler];2021-11-02T22:37:01.404Z
0.48826292;open;2021-11-02T22:34:00Z;208;218;0;426;426;18497[Hauptwache];2021-11-02T22:37:01.404Z
0.3897059;open;2021-11-02T22:34:00Z;265;415;0;680;680;18495[Am Gericht];2021-11-02T22:37:01.404Z
0.14174107;open;2021-11-02T22:34:00Z;127;769;70;966;896;109240[MyZeil];2021-11-02T22:37:01.404Z
0.40694007;open;2021-11-02T22:34:00Z;258;376;0;634;634;18494[Konrad-Adenauer-Straße];2021-11-02T22:37:01.404Z
0;open;2021-11-02T22:44:00Z;0;200;150;350;200;24276[Turmcenter];2021-11-02T22:47:00.921Z
0.2063882;open;2021-11-02T22:44:00Z;84;323;0;407;407;18944[Alte Oper];2021-11-02T22:47:00.921Z
0.0054945056;open;2021-11-02T22:44:00Z;2;362;0;364;364;24281[Hauptbahnhof Süd];2021-11-02T22:47:00.921Z
0.27441284;open;2021-11-02T22:44:00Z;222;587;0;809;809;24279[Konstabler];2021-11-02T22:47:00.921Z
0.48591548;open;2021-11-02T22:44:00Z;207;219;0;426;426;18497[Hauptwache];2021-11-02T22:47:00.921Z
0.3897059;open;2021-11-02T22:44:00Z;265;415;0;680;680;18495[Am Gericht];2021-11-02T22:47:00.921Z
0.14174107;open;2021-11-02T22:44:00Z;127;769;70;966;896;109240[MyZeil];2021-11-02T22:47:00.921Z
0.4022082;open;2021-11-02T22:44:00Z;255;379;0;634;634;18494[Konrad-Adenauer-Straße];2021-11-02T22:47:00.921Z
0;open;2021-11-02T22:55:00Z;0;200;150;350;200;24276[Turmcenter];2021-11-02T22:57:00.684Z
0.18673219;open;2021-11-02T22:55:00Z;76;331;0;407;407;18944[Alte Oper];2021-11-02T22:57:00.684Z
0.0027472528;open;2021-11-02T22:55:00Z;1;363;0;364;364;24281[Hauptbahnhof Süd];2021-11-02T22:57:00.684Z
0.27194068;open;2021-11-02T22:55:00Z;220;589;0;809;809;24279[Konstabler];2021-11-02T22:57:00.684Z
0.48122066;open;2021-11-02T22:55:00Z;205;221;0;426;426;18497[Hauptwache];2021-11-02T22:57:00.684Z
0.39117646;open;2021-11-02T22:55:00Z;266;414;0;680;680;18495[Am Gericht];2021-11-02T22:57:00.684Z
0.14174107;open;2021-11-02T22:55:00Z;127;769;70;966;896;109240[MyZeil];2021-11-02T22:57:00.684Z
0.4037855;open;2021-11-02T22:55:00Z;256;378;0;634;634;18494[Konrad-Adenauer-Straße];2021-11-02T22:57:00.684Z
0;open;2021-11-02T23:00:00Z;0;200;150;350;200;24276[Turmcenter];2021-11-02T23:02:00.548Z
0.18181819;open;2021-11-02T23:00:00Z;74;333;0;407;407;18944[Alte Oper];2021-11-02T23:02:00.548Z
0.0027472528;open;2021-11-02T23:00:00Z;1;363;0;364;364;24281[Hauptbahnhof Süd];2021-11-02T23:02:00.548Z
0.27194068;open;2021-11-02T23:00:00Z;220;589;0;809;809;24279[Konstabler];2021-11-02T23:02:00.548Z
0.48122066;open;2021-11-02T23:00:00Z;205;221;0;426;426;18497[Hauptwache];2021-11-02T23:02:00.548Z
0;closed;2021-11-02T23:00:00Z;;414;0;0;0;18495[Am Gericht];2021-11-02T23:02:00.548Z
0.140625;open;2021-11-02T23:00:00Z;126;770;70;966;896;109240[MyZeil];2021-11-02T23:02:00.548Z
0.4022082;open;2021-11-02T23:00:00Z;255;379;0;634;634;18494[Konrad-Adenauer-Straße];2021-11-02T23:02:00.548Z
0;open;2021-11-02T23:26:00Z;0;200;150;350;200;24276[Turmcenter];2021-11-02T23:27:01.951Z
0.14987715;open;2021-11-02T23:26:00Z;61;346;0;407;407;18944[Alte Oper];2021-11-02T23:27:01.951Z
0.0027472528;open;2021-11-02T23:26:00Z;1;363;0;364;364;24281[Hauptbahnhof Süd];2021-11-02T23:27:01.951Z
0.2694685;open;2021-11-02T23:26:00Z;218;591;0;809;809;24279[Konstabler];2021-11-02T23:27:01.951Z
0.48122066;open;2021-11-02T23:26:00Z;205;221;0;426;426;18497[Hauptwache];2021-11-02T23:27:01.951Z
0;closed;2021-11-02T23:26:00Z;;414;0;0;0;18495[Am Gericht];2021-11-02T23:27:01.951Z
0.13616072;open;2021-11-02T23:26:00Z;122;774;70;966;896;109240[MyZeil];2021-11-02T23:27:01.951Z
0.40063092;open;2021-11-02T23:26:00Z;254;380;0;634;634;18494[Konrad-Adenauer-Straße];2021-11-02T23:27:01.951Z
0;open;2021-11-02T23:36:00Z;0;200;150;350;200;24276[Turmcenter];2021-11-02T23:37:00.337Z
0.14250614;open;2021-11-02T23:36:00Z;58;349;0;407;407;18944[Alte Oper];2021-11-02T23:37:00.337Z
0.0027472528;open;2021-11-02T23:36:00Z;1;363;0;364;364;24281[Hauptbahnhof Süd];2021-11-02T23:37:00.337Z
0.2694685;open;2021-11-02T23:36:00Z;218;591;0;809;809;24279[Konstabler];2021-11-02T23:37:00.337Z
0.48122066;open;2021-11-02T23:36:00Z;205;221;0;426;426;18497[Hauptwache];2021-11-02T23:37:00.337Z
0;closed;2021-11-02T23:36:00Z;;414;0;0;0;18495[Am Gericht];2021-11-02T23:37:00.337Z
0.13616072;open;2021-11-02T23:36:00Z;122;774;70;966;896;109240[MyZeil];2021-11-02T23:37:00.337Z
0.39905363;open;2021-11-02T23:36:00Z;253;381;0;634;634;18494[Konrad-Adenauer-Straße];2021-11-02T23:37:00.337Z
0;open;2021-11-02T23:41:00Z;0;200;150;350;200;24276[Turmcenter];2021-11-02T23:42:00.083Z
0.13759214;open;2021-11-02T23:41:00Z;56;351;0;407;407;18944[Alte Oper];2021-11-02T23:42:00.083Z
0.0027472528;open;2021-11-02T23:41:00Z;1;363;0;364;364;24281[Hauptbahnhof Süd];2021-11-02T23:42:00.083Z
0.26823238;open;2021-11-02T23:41:00Z;217;592;0;809;809;24279[Konstabler];2021-11-02T23:42:00.083Z
0.48122066;open;2021-11-02T23:41:00Z;205;221;0;426;426;18497[Hauptwache];2021-11-02T23:42:00.083Z
0;closed;2021-11-02T23:41:00Z;;414;0;0;0;18495[Am Gericht];2021-11-02T23:42:00.083Z
0.13504465;open;2021-11-02T23:41:00Z;121;775;70;966;896;109240[MyZeil];2021-11-02T23:42:00.083Z
0.39905363;open;2021-11-02T23:41:00Z;253;381;0;634;634;18494[Konrad-Adenauer-Straße];2021-11-02T23:42:00.083Z
0;open;2021-11-02T23:51:00Z;0;200;150;350;200;24276[Turmcenter];2021-11-02T23:52:02.697Z
0.12530713;open;2021-11-02T23:51:00Z;51;356;0;407;407;18944[Alte Oper];2021-11-02T23:52:02.697Z
0.0027472528;open;2021-11-02T23:51:00Z;1;363;0;364;364;24281[Hauptbahnhof Süd];2021-11-02T23:52:02.697Z
0.26823238;open;2021-11-02T23:51:00Z;217;592;0;809;809;24279[Konstabler];2021-11-02T23:52:02.697Z
0.47887325;open;2021-11-02T23:51:00Z;204;222;0;426;426;18497[Hauptwache];2021-11-02T23:52:02.697Z
0;closed;2021-11-02T23:51:00Z;;414;0;0;0;18495[Am Gericht];2021-11-02T23:52:02.697Z
0.13504465;open;2021-11-02T23:51:00Z;121;775;70;966;896;109240[MyZeil];2021-11-02T23:52:02.697Z
0.40063092;open;2021-11-02T23:51:00Z;254;380;0;634;634;18494[Konrad-Adenauer-Straße];2021-11-02T23:52:02.697Z
0;open;2021-11-02T23:56:00Z;0;200;150;350;200;24276[Turmcenter];2021-11-03T00:02:02.252Z
0.12285012;open;2021-11-02T23:56:00Z;50;357;0;407;407;18944[Alte Oper];2021-11-03T00:02:02.252Z
0.0027472528;open;2021-11-02T23:56:00Z;1;363;0;364;364;24281[Hauptbahnhof Süd];2021-11-03T00:02:02.252Z
0.2669963;open;2021-11-02T23:56:00Z;216;593;0;809;809;24279[Konstabler];2021-11-03T00:02:02.252Z
0.47887325;open;2021-11-02T23:56:00Z;204;222;0;426;426;18497[Hauptwache];2021-11-03T00:02:02.252Z
0;closed;2021-11-02T23:56:00Z;;414;0;0;0;18495[Am Gericht];2021-11-03T00:02:02.252Z
0.13504465;open;2021-11-02T23:56:00Z;121;775;70;966;896;109240[MyZeil];2021-11-03T00:02:02.252Z
0.40063092;open;2021-11-02T23:56:00Z;254;380;0;634;634;18494[Konrad-Adenauer-Straße];2021-11-03T00:02:02.252Z
0;open;2021-11-03T01:07:00Z;0;200;150;350;200;24276[Turmcenter];2021-11-03T01:12:01.034Z
0.11793612;open;2021-11-03T01:07:00Z;48;359;0;407;407;18944[Alte Oper];2021-11-03T01:12:01.034Z
0.0054945056;open;2021-11-03T01:07:00Z;2;362;0;364;364;24281[Hauptbahnhof Süd];2021-11-03T01:12:01.034Z
0.2669963;open;2021-11-03T01:07:00Z;216;593;0;809;809;24279[Konstabler];2021-11-03T01:12:01.034Z
0.47887325;open;2021-11-03T01:07:00Z;204;222;0;426;426;18497[Hauptwache];2021-11-03T01:12:01.034Z
0;closed;2021-11-03T01:07:00Z;;414;0;0;0;18495[Am Gericht];2021-11-03T01:12:01.034Z
0.1328125;open;2021-11-03T01:07:00Z;119;777;70;966;896;109240[MyZeil];2021-11-03T01:12:01.034Z
0.40063092;open;2021-11-03T01:07:00Z;254;380;0;634;634;18494[Konrad-Adenauer-Straße];2021-11-03T01:12:01.034Z
0;open;2021-11-03T02:03:00Z;0;200;150;350;200;24276[Turmcenter];2021-11-03T02:07:00.253Z
0.11547912;open;2021-11-03T02:03:00Z;47;360;0;407;407;18944[Alte Oper];2021-11-03T02:07:00.253Z
0.0054945056;open;2021-11-03T02:03:00Z;2;362;0;364;364;24281[Hauptbahnhof Süd];2021-11-03T02:07:00.253Z
0.26823238;open;2021-11-03T02:03:00Z;217;592;0;809;809;24279[Konstabler];2021-11-03T02:07:00.253Z
0.47887325;open;2021-11-03T02:03:00Z;204;222;0;426;426;18497[Hauptwache];2021-11-03T02:07:00.253Z
0;closed;2021-11-03T02:03:00Z;;414;0;0;0;18495[Am Gericht];2021-11-03T02:07:00.253Z
0.13169643;open;2021-11-03T02:03:00Z;118;778;70;966;896;109240[MyZeil];2021-11-03T02:07:00.253Z
0.40063092;open;2021-11-03T02:03:00Z;254;380;0;634;634;18494[Konrad-Adenauer-Straße];2021-11-03T02:07:00.253Z
0;open;2021-11-03T02:34:00Z;0;200;150;350;200;24276[Turmcenter];2021-11-03T02:37:01.928Z
0.11547912;open;2021-11-03T02:34:00Z;47;360;0;407;407;18944[Alte Oper];2021-11-03T02:37:01.928Z
0.0054945056;open;2021-11-03T02:34:00Z;2;362;0;364;364;24281[Hauptbahnhof Süd];2021-11-03T02:37:01.928Z
0.2669963;open;2021-11-03T02:34:00Z;216;593;0;809;809;24279[Konstabler];2021-11-03T02:37:01.928Z
0.47887325;open;2021-11-03T02:34:00Z;204;222;0;426;426;18497[Hauptwache];2021-11-03T02:37:01.928Z
0;closed;2021-11-03T02:34:00Z;;414;0;0;0;18495[Am Gericht];2021-11-03T02:37:01.928Z
0.4037855;open;2021-11-03T02:34:00Z;256;378;0;634;634;18494[Konrad-Adenauer-Straße];2021-11-03T02:37:01.928Z
0;open;2021-11-03T02:49:00Z;0;200;150;350;200;24276[Turmcenter];2021-11-03T02:52:01.985Z
0.11547912;open;2021-11-03T02:49:00Z;47;360;0;407;407;18944[Alte Oper];2021-11-03T02:52:01.985Z
0.0027472528;open;2021-11-03T02:49:00Z;1;363;0;364;364;24281[Hauptbahnhof Süd];2021-11-03T02:52:01.985Z
0.2669963;open;2021-11-03T02:49:00Z;216;593;0;809;809;24279[Konstabler];2021-11-03T02:52:01.985Z
0.47887325;open;2021-11-03T02:49:00Z;204;222;0;426;426;18497[Hauptwache];2021-11-03T02:52:01.985Z
0;closed;2021-11-03T02:49:00Z;;414;0;0;0;18495[Am Gericht];2021-11-03T02:52:01.985Z
0.13169643;open;2021-11-03T02:49:00Z;118;778;70;966;896;109240[MyZeil];2021-11-03T02:52:01.985Z
0.4022082;open;2021-11-03T02:49:00Z;255;379;0;634;634;18494[Konrad-Adenauer-Straße];2021-11-03T02:52:01.985Z
0;open;2021-11-03T02:54:00Z;0;200;150;350;200;24276[Turmcenter];2021-11-03T02:57:01.608Z
0.11547912;open;2021-11-03T02:54:00Z;47;360;0;407;407;18944[Alte Oper];2021-11-03T02:57:01.608Z
0.0027472528;open;2021-11-03T02:54:00Z;1;363;0;364;364;24281[Hauptbahnhof Süd];2021-11-03T02:57:01.608Z
0.2669963;open;2021-11-03T02:54:00Z;216;593;0;809;809;24279[Konstabler];2021-11-03T02:57:01.608Z
0.47887325;open;2021-11-03T02:54:00Z;204;222;0;426;426;18497[Hauptwache];2021-11-03T02:57:01.608Z
0;closed;2021-11-03T02:54:00Z;;414;0;0;0;18495[Am Gericht];2021-11-03T02:57:01.608Z
0.13169643;open;2021-11-03T02:54:00Z;118;778;70;966;896;109240[MyZeil];2021-11-03T02:57:01.608Z
0.4022082;open;2021-11-03T02:54:00Z;255;379;0;634;634;18494[Konrad-Adenauer-Straße];2021-11-03T02:57:01.608Z
0;open;2021-11-03T03:15:00Z;0;200;150;350;200;24276[Turmcenter];2021-11-03T03:17:01.555Z
0.11547912;open;2021-11-03T03:15:00Z;47;360;0;407;407;18944[Alte Oper];2021-11-03T03:17:01.555Z
0.0027472528;open;2021-11-03T03:15:00Z;1;363;0;364;364;24281[Hauptbahnhof Süd];2021-11-03T03:17:01.555Z
0.2669963;open;2021-11-03T03:15:00Z;216;593;0;809;809;24279[Konstabler];2021-11-03T03:17:01.555Z
0.4765258;open;2021-11-03T03:15:00Z;203;223;0;426;426;18497[Hauptwache];2021-11-03T03:17:01.555Z
0;closed;2021-11-03T03:15:00Z;;;0;0;0;18495[Am Gericht];2021-11-03T03:17:01.555Z
0.13169643;open;2021-11-03T03:15:00Z;118;778;70;966;896;109240[MyZeil];2021-11-03T03:17:01.555Z
0.4022082;open;2021-11-03T03:15:00Z;255;379;0;634;634;18494[Konrad-Adenauer-Straße];2021-11-03T03:17:01.555Z
0;open;2021-11-03T03:34:00Z;0;200;150;350;200;24276[Turmcenter];2021-11-03T03:37:00.349Z
0.11547912;open;2021-11-03T03:34:00Z;47;360;0;407;407;18944[Alte Oper];2021-11-03T03:37:00.349Z
0.0027472528;open;2021-11-03T03:34:00Z;1;363;0;364;364;24281[Hauptbahnhof Süd];2021-11-03T03:37:00.349Z
0.2669963;open;2021-11-03T03:34:00Z;216;593;0;809;809;24279[Konstabler];2021-11-03T03:37:00.349Z
0.4765258;open;2021-11-03T03:34:00Z;203;223;0;426;426;18497[Hauptwache];2021-11-03T03:37:00.349Z
0;closed;2021-11-03T03:34:00Z;;;0;0;0;18495[Am Gericht];2021-11-03T03:37:00.349Z
0.13169643;open;2021-11-03T03:34:00Z;118;778;70;966;896;109240[MyZeil];2021-11-03T03:37:00.349Z
0.40851736;open;2021-11-03T03:34:00Z;259;375;0;634;634;18494[Konrad-Adenauer-Straße];2021-11-03T03:37:00.349Z
0;open;2021-11-03T03:44:00Z;0;200;150;350;200;24276[Turmcenter];2021-11-03T03:47:02.022Z
0.11547912;open;2021-11-03T03:44:00Z;47;360;0;407;407;18944[Alte Oper];2021-11-03T03:47:02.022Z
0.0027472528;open;2021-11-03T03:44:00Z;1;363;0;364;364;24281[Hauptbahnhof Süd];2021-11-03T03:47:02.022Z
0.2669963;open;2021-11-03T03:44:00Z;216;593;0;809;809;24279[Konstabler];2021-11-03T03:47:02.022Z
0.4765258;open;2021-11-03T03:44:00Z;203;223;0;426;426;18497[Hauptwache];2021-11-03T03:47:02.022Z
0;closed;2021-11-03T03:44:00Z;;;0;0;0;18495[Am Gericht];2021-11-03T03:47:02.022Z
0.13169643;open;2021-11-03T03:44:00Z;118;778;70;966;896;109240[MyZeil];2021-11-03T03:47:02.022Z
0.40851736;open;2021-11-03T03:44:00Z;259;375;0;634;634;18494[Konrad-Adenauer-Straße];2021-11-03T03:47:02.022Z
0;open;2021-11-03T03:50:00Z;0;200;150;350;200;24276[Turmcenter];2021-11-03T03:52:01.508Z
0.11547912;open;2021-11-03T03:50:00Z;47;360;0;407;407;18944[Alte Oper];2021-11-03T03:52:01.508Z
0.0027472528;open;2021-11-03T03:50:00Z;1;363;0;364;364;24281[Hauptbahnhof Süd];2021-11-03T03:52:01.508Z
0.26823238;open;2021-11-03T03:50:00Z;217;592;0;809;809;24279[Konstabler];2021-11-03T03:52:01.508Z
0.4765258;open;2021-11-03T03:50:00Z;203;223;0;426;426;18497[Hauptwache];2021-11-03T03:52:01.508Z
0;closed;2021-11-03T03:50:00Z;;;0;0;0;18495[Am Gericht];2021-11-03T03:52:01.508Z
0.13169643;open;2021-11-03T03:50:00Z;118;778;70;966;896;109240[MyZeil];2021-11-03T03:52:01.508Z
0.40851736;open;2021-11-03T03:50:00Z;259;375;0;634;634;18494[Konrad-Adenauer-Straße];2021-11-03T03:52:01.508Z
0;open;2021-11-03T04:05:00Z;0;200;150;350;200;24276[Turmcenter];2021-11-03T04:07:02.734Z
0.11547912;open;2021-11-03T04:05:00Z;47;360;0;407;407;18944[Alte Oper];2021-11-03T04:07:02.734Z
0.0027472528;open;2021-11-03T04:05:00Z;1;363;0;364;364;24281[Hauptbahnhof Süd];2021-11-03T04:07:02.734Z
0.26823238;open;2021-11-03T04:05:00Z;217;592;0;809;809;24279[Konstabler];2021-11-03T04:07:02.734Z
0.4765258;open;2021-11-03T04:05:00Z;203;223;0;426;426;18497[Hauptwache];2021-11-03T04:07:02.734Z
0;closed;2021-11-03T04:05:00Z;;;0;0;0;18495[Am Gericht];2021-11-03T04:07:02.734Z
0.13169643;open;2021-11-03T04:05:00Z;118;778;70;966;896;109240[MyZeil];2021-11-03T04:07:02.734Z
0.40851736;open;2021-11-03T04:05:00Z;259;375;0;634;634;18494[Konrad-Adenauer-Straße];2021-11-03T04:07:02.734Z
0;open;2021-11-03T04:35:00Z;0;200;150;350;200;24276[Turmcenter];2021-11-03T04:37:02.864Z
0.11547912;open;2021-11-03T04:35:00Z;47;360;0;407;407;18944[Alte Oper];2021-11-03T04:37:02.864Z
0.0027472528;open;2021-11-03T04:35:00Z;1;363;0;364;364;24281[Hauptbahnhof Süd];2021-11-03T04:37:02.864Z
0.2694685;open;2021-11-03T04:35:00Z;218;591;0;809;809;24279[Konstabler];2021-11-03T04:37:02.864Z
0.4765258;open;2021-11-03T04:35:00Z;203;223;0;426;426;18497[Hauptwache];2021-11-03T04:37:02.864Z
0;closed;2021-11-03T04:35:00Z;;;0;0;0;18495[Am Gericht];2021-11-03T04:37:02.864Z
0.13169643;open;2021-11-03T04:35:00Z;118;778;70;966;896;109240[MyZeil];2021-11-03T04:37:02.864Z
0.4148265;open;2021-11-03T04:35:00Z;263;371;0;634;634;18494[Konrad-Adenauer-Straße];2021-11-03T04:37:02.864Z
0.36;open;2021-11-03T04:50:00Z;72;128;150;350;200;24276[Turmcenter];2021-11-03T04:52:01.736Z
0.11793612;open;2021-11-03T04:50:00Z;48;359;0;407;407;18944[Alte Oper];2021-11-03T04:52:01.736Z
0.021978023;open;2021-11-03T04:50:00Z;8;356;0;364;364;24281[Hauptbahnhof Süd];2021-11-03T04:52:01.736Z
0.26823238;open;2021-11-03T04:50:00Z;217;592;0;809;809;24279[Konstabler];2021-11-03T04:52:01.736Z
0.4765258;open;2021-11-03T04:50:00Z;203;223;0;426;426;18497[Hauptwache];2021-11-03T04:52:01.736Z
0;closed;2021-11-03T04:50:00Z;;;0;0;0;18495[Am Gericht];2021-11-03T04:52:01.736Z
0.13392857;open;2021-11-03T04:50:00Z;120;776;70;966;896;109240[MyZeil];2021-11-03T04:52:01.736Z
0.41798106;open;2021-11-03T04:50:00Z;265;369;0;634;634;18494[Konrad-Adenauer-Straße];2021-11-03T04:52:01.736Z
0.48666668;open;2021-11-03T05:05:00Z;73;77;200;350;150;24276[Turmcenter];2021-11-03T05:07:00.203Z
0.12039312;open;2021-11-03T05:05:00Z;49;358;0;407;407;18944[Alte Oper];2021-11-03T05:07:00.203Z
0.046703298;open;2021-11-03T05:05:00Z;17;347;0;364;364;24281[Hauptbahnhof Süd];2021-11-03T05:07:00.203Z
0.2694685;open;2021-11-03T05:05:00Z;218;591;0;809;809;24279[Konstabler];2021-11-03T05:07:00.203Z
0.4765258;open;2021-11-03T05:05:00Z;203;223;0;426;426;18497[Hauptwache];2021-11-03T05:07:00.203Z
0.4117647;open;2021-11-03T05:05:00Z;280;400;0;680;680;18495[Am Gericht];2021-11-03T05:07:00.203Z
0.13616072;open;2021-11-03T05:05:00Z;122;774;70;966;896;109240[MyZeil];2021-11-03T05:07:00.203Z
0.42271292;open;2021-11-03T05:05:00Z;268;366;0;634;634;18494[Konrad-Adenauer-Straße];2021-11-03T05:07:00.203Z
0.48666668;open;2021-11-03T05:20:00Z;73;77;200;350;150;24276[Turmcenter];2021-11-03T05:22:01.442Z
0.12039312;open;2021-11-03T05:20:00Z;49;358;0;407;407;18944[Alte Oper];2021-11-03T05:22:01.442Z
0.07417583;open;2021-11-03T05:20:00Z;27;337;0;364;364;24281[Hauptbahnhof Süd];2021-11-03T05:22:01.442Z
0.2694685;open;2021-11-03T05:20:00Z;218;591;0;809;809;24279[Konstabler];2021-11-03T05:22:01.442Z
0.47887325;open;2021-11-03T05:20:00Z;204;222;0;426;426;18497[Hauptwache];2021-11-03T05:22:01.442Z
0.4117647;open;2021-11-03T05:20:00Z;280;400;0;680;680;18495[Am Gericht];2021-11-03T05:22:01.442Z
0.13616072;open;2021-11-03T05:20:00Z;122;774;70;966;896;109240[MyZeil];2021-11-03T05:22:01.442Z
0.42902207;open;2021-11-03T05:20:00Z;272;362;0;634;634;18494[Konrad-Adenauer-Straße];2021-11-03T05:22:01.442Z
0.48666668;open;2021-11-03T05:30:00Z;73;77;200;350;150;24276[Turmcenter];2021-11-03T05:32:00.875Z
0.12039312;open;2021-11-03T05:30:00Z;49;358;0;407;407;18944[Alte Oper];2021-11-03T05:32:00.875Z
0.09615385;open;2021-11-03T05:30:00Z;35;329;0;364;364;24281[Hauptbahnhof Süd];2021-11-03T05:32:00.875Z
0.2694685;open;2021-11-03T05:30:00Z;218;591;0;809;809;24279[Konstabler];2021-11-03T05:32:00.875Z
0.47887325;open;2021-11-03T05:30:00Z;204;222;0;426;426;18497[Hauptwache];2021-11-03T05:32:00.875Z
0.42058823;open;2021-11-03T05:30:00Z;286;394;0;680;680;18495[Am Gericht];2021-11-03T05:32:00.875Z
0.13616072;open;2021-11-03T05:30:00Z;122;774;70;966;896;109240[MyZeil];2021-11-03T05:32:00.875Z
0.43059936;open;2021-11-03T05:30:00Z;273;361;0;634;634;18494[Konrad-Adenauer-Straße];2021-11-03T05:32:00.875Z
0.48666668;open;2021-11-03T05:40:00Z;73;77;200;350;150;24276[Turmcenter];2021-11-03T05:42:02.769Z
0.12039312;open;2021-11-03T05:40:00Z;49;358;0;407;407;18944[Alte Oper];2021-11-03T05:42:02.769Z
0.0989011;open;2021-11-03T05:40:00Z;36;328;0;364;364;24281[Hauptbahnhof Süd];2021-11-03T05:42:02.769Z
0.2694685;open;2021-11-03T05:40:00Z;218;591;0;809;809;24279[Konstabler];2021-11-03T05:42:02.769Z
0.48122066;open;2021-11-03T05:40:00Z;205;221;0;426;426;18497[Hauptwache];2021-11-03T05:42:02.769Z
0.42205882;open;2021-11-03T05:40:00Z;287;393;0;680;680;18495[Am Gericht];2021-11-03T05:42:02.769Z
0.13616072;open;2021-11-03T05:40:00Z;122;774;70;966;896;109240[MyZeil];2021-11-03T05:42:02.769Z
0.43217665;open;2021-11-03T05:40:00Z;274;360;0;634;634;18494[Konrad-Adenauer-Straße];2021-11-03T05:42:02.769Z
0.5;open;2021-11-03T05:50:00Z;75;75;200;350;150;24276[Turmcenter];2021-11-03T05:52:01.255Z
0.13022113;open;2021-11-03T05:50:00Z;53;354;0;407;407;18944[Alte Oper];2021-11-03T05:52:01.255Z
0.104395606;open;2021-11-03T05:50:00Z;38;326;0;364;364;24281[Hauptbahnhof Süd];2021-11-03T05:52:01.255Z
0.27441284;open;2021-11-03T05:50:00Z;222;587;0;809;809;24279[Konstabler];2021-11-03T05:52:01.255Z
0.48826292;open;2021-11-03T05:50:00Z;208;218;0;426;426;18497[Hauptwache];2021-11-03T05:52:01.255Z
0.42941177;open;2021-11-03T05:50:00Z;292;388;0;680;680;18495[Am Gericht];2021-11-03T05:52:01.255Z
0.13839285;open;2021-11-03T05:50:00Z;124;772;70;966;896;109240[MyZeil];2021-11-03T05:52:01.255Z
0.43375394;open;2021-11-03T05:50:00Z;275;359;0;634;634;18494[Konrad-Adenauer-Straße];2021-11-03T05:52:01.255Z
0.5;open;2021-11-03T05:55:00Z;75;75;200;350;150;24276[Turmcenter];2021-11-03T05:57:00.229Z
0.13022113;open;2021-11-03T05:55:00Z;53;354;0;407;407;18944[Alte Oper];2021-11-03T05:57:00.229Z
0.11263736;open;2021-11-03T05:55:00Z;41;323;0;364;364;24281[Hauptbahnhof Süd];2021-11-03T05:57:00.229Z
0.27441284;open;2021-11-03T05:55:00Z;222;587;0;809;809;24279[Konstabler];2021-11-03T05:57:00.229Z
0.48826292;open;2021-11-03T05:55:00Z;208;218;0;426;426;18497[Hauptwache];2021-11-03T05:57:00.229Z
0.43088236;open;2021-11-03T05:55:00Z;293;387;0;680;680;18495[Am Gericht];2021-11-03T05:57:00.229Z
0.13950893;open;2021-11-03T05:55:00Z;125;771;70;966;896;109240[MyZeil];2021-11-03T05:57:00.229Z
0.4384858;open;2021-11-03T05:55:00Z;278;356;0;634;634;18494[Konrad-Adenauer-Straße];2021-11-03T05:57:00.229Z
0.5;open;2021-11-03T06:15:00Z;75;75;200;350;150;24276[Turmcenter];2021-11-03T06:17:01.813Z
0.12776412;open;2021-11-03T06:15:00Z;52;355;0;407;407;18944[Alte Oper];2021-11-03T06:17:01.813Z
0.1456044;open;2021-11-03T06:15:00Z;53;311;0;364;364;24281[Hauptbahnhof Süd];2021-11-03T06:17:01.813Z
0.27688503;open;2021-11-03T06:15:00Z;224;585;0;809;809;24279[Konstabler];2021-11-03T06:17:01.813Z
0.4976526;open;2021-11-03T06:15:00Z;212;214;0;426;426;18497[Hauptwache];2021-11-03T06:17:01.813Z
0.44705883;open;2021-11-03T06:15:00Z;304;376;0;680;680;18495[Am Gericht];2021-11-03T06:17:01.813Z
0.14174107;open;2021-11-03T06:15:00Z;127;769;70;966;896;109240[MyZeil];2021-11-03T06:17:01.813Z
0.44321766;open;2021-11-03T06:15:00Z;281;353;0;634;634;18494[Konrad-Adenauer-Straße];2021-11-03T06:17:01.813Z
0.5466667;open;2021-11-03T06:40:00Z;82;68;200;350;150;24276[Turmcenter];2021-11-03T06:42:00.685Z
0.13759214;open;2021-11-03T06:40:00Z;56;351;0;407;407;18944[Alte Oper];2021-11-03T06:42:00.685Z
0.19505495;open;2021-11-03T06:40:00Z;71;293;0;364;364;24281[Hauptbahnhof Süd];2021-11-03T06:42:00.685Z
0.28306553;open;2021-11-03T06:40:00Z;229;580;0;809;809;24279[Konstabler];2021-11-03T06:42:00.685Z
0.5140845;open;2021-11-03T06:40:00Z;219;207;0;426;426;18497[Hauptwache];2021-11-03T06:42:00.685Z
0.475;open;2021-11-03T06:40:00Z;323;357;0;680;680;18495[Am Gericht];2021-11-03T06:42:00.685Z
0.15513393;open;2021-11-03T06:40:00Z;139;757;70;966;896;109240[MyZeil];2021-11-03T06:42:00.685Z
0.4400631;open;2021-11-03T06:40:00Z;279;355;0;634;634;18494[Konrad-Adenauer-Straße];2021-11-03T06:42:00.685Z
0.5933333;open;2021-11-03T06:50:00Z;89;61;200;350;150;24276[Turmcenter];2021-11-03T06:52:01.940Z
0.14987715;open;2021-11-03T06:50:00Z;61;346;0;407;407;18944[Alte Oper];2021-11-03T06:52:01.940Z
0.21428572;open;2021-11-03T06:50:00Z;78;286;0;364;364;24281[Hauptbahnhof Süd];2021-11-03T06:52:01.940Z
0.2669963;open;2021-11-03T06:50:00Z;216;593;0;809;809;24279[Konstabler];2021-11-03T06:52:01.940Z
0.52347416;open;2021-11-03T06:50:00Z;223;203;0;426;426;18497[Hauptwache];2021-11-03T06:52:01.940Z
0.4852941;open;2021-11-03T06:50:00Z;330;350;0;680;680;18495[Am Gericht];2021-11-03T06:52:01.940Z
0.15736607;open;2021-11-03T06:50:00Z;141;755;70;966;896;109240[MyZeil];2021-11-03T06:52:01.940Z
0.4511041;open;2021-11-03T06:50:00Z;286;348;0;634;634;18494[Konrad-Adenauer-Straße];2021-11-03T06:52:01.940Z
0.6533333;open;2021-11-03T07:01:00Z;98;52;200;350;150;24276[Turmcenter];2021-11-03T07:02:01.070Z
0.16216215;open;2021-11-03T07:01:00Z;66;341;0;407;407;18944[Alte Oper];2021-11-03T07:02:01.070Z
0.22802198;open;2021-11-03T07:01:00Z;83;281;0;364;364;24281[Hauptbahnhof Süd];2021-11-03T07:02:01.070Z
0.2694685;open;2021-11-03T07:01:00Z;218;591;0;809;809;24279[Konstabler];2021-11-03T07:02:01.070Z
0.5399061;open;2021-11-03T07:01:00Z;230;196;0;426;426;18497[Hauptwache];2021-11-03T07:02:01.070Z
0.49558824;open;2021-11-03T07:01:00Z;337;343;0;680;680;18495[Am Gericht];2021-11-03T07:02:01.070Z
0.16294643;open;2021-11-03T07:01:00Z;146;750;70;966;896;109240[MyZeil];2021-11-03T07:02:01.070Z
0.46845427;open;2021-11-03T07:01:00Z;297;337;0;634;634;18494[Konrad-Adenauer-Straße];2021-11-03T07:02:01.070Z
0.72;open;2021-11-03T07:16:00Z;108;42;200;350;150;24276[Turmcenter];2021-11-03T07:17:00.131Z
0.19164619;open;2021-11-03T07:16:00Z;78;329;0;407;407;18944[Alte Oper];2021-11-03T07:17:00.131Z
0.25;open;2021-11-03T07:16:00Z;91;273;0;364;364;24281[Hauptbahnhof Süd];2021-11-03T07:17:00.131Z
0.28306553;open;2021-11-03T07:16:00Z;229;580;0;809;809;24279[Konstabler];2021-11-03T07:17:00.131Z
0.5610329;open;2021-11-03T07:16:00Z;239;187;0;426;426;18497[Hauptwache];2021-11-03T07:17:00.131Z
0.525;open;2021-11-03T07:16:00Z;357;323;0;680;680;18495[Am Gericht];2021-11-03T07:17:00.131Z
0.16852678;open;2021-11-03T07:16:00Z;151;745;70;966;896;109240[MyZeil];2021-11-03T07:17:00.131Z
0.48422712;open;2021-11-03T07:16:00Z;307;327;0;634;634;18494[Konrad-Adenauer-Straße];2021-11-03T07:17:00.131Z
0.85333335;open;2021-11-03T07:31:00Z;128;22;200;350;150;24276[Turmcenter];2021-11-03T07:32:02.633Z
0.22604422;open;2021-11-03T07:31:00Z;92;315;0;407;407;18944[Alte Oper];2021-11-03T07:32:02.633Z
0.2857143;open;2021-11-03T07:31:00Z;104;260;0;364;364;24281[Hauptbahnhof Süd];2021-11-03T07:32:02.633Z
0.29666254;open;2021-11-03T07:31:00Z;240;569;0;809;809;24279[Konstabler];2021-11-03T07:32:02.633Z
0.5586854;open;2021-11-03T07:31:00Z;238;188;0;426;426;18497[Hauptwache];2021-11-03T07:32:02.633Z
0.5514706;open;2021-11-03T07:31:00Z;375;305;0;680;680;18495[Am Gericht];2021-11-03T07:32:02.633Z
0.17410715;open;2021-11-03T07:31:00Z;156;740;70;966;896;109240[MyZeil];2021-11-03T07:32:02.633Z
0.48895898;open;2021-11-03T07:31:00Z;310;324;0;634;634;18494[Konrad-Adenauer-Straße];2021-11-03T07:32:02.633Z
0.9266667;open;2021-11-03T07:41:00Z;139;11;200;350;150;24276[Turmcenter];2021-11-03T07:42:02.494Z
0.24815725;open;2021-11-03T07:41:00Z;101;306;0;407;407;18944[Alte Oper];2021-11-03T07:42:02.494Z
0.31043956;open;2021-11-03T07:41:00Z;113;251;0;364;364;24281[Hauptbahnhof Süd];2021-11-03T07:42:02.494Z
0.30160692;open;2021-11-03T07:41:00Z;244;565;0;809;809;24279[Konstabler];2021-11-03T07:42:02.494Z
0.5680751;open;2021-11-03T07:41:00Z;242;184;0;426;426;18497[Hauptwache];2021-11-03T07:42:02.494Z
0.5720588;open;2021-11-03T07:41:00Z;389;291;0;680;680;18495[Am Gericht];2021-11-03T07:42:02.494Z
0.17745535;open;2021-11-03T07:41:00Z;159;737;70;966;896;109240[MyZeil];2021-11-03T07:42:02.494Z
0.49053627;open;2021-11-03T07:41:00Z;311;323;0;634;634;18494[Konrad-Adenauer-Straße];2021-11-03T07:42:02.494Z
1;open;2021-11-03T07:56:00Z;150;0;200;350;150;24276[Turmcenter];2021-11-03T07:57:02.340Z
0.2800983;open;2021-11-03T07:56:00Z;114;293;0;407;407;18944[Alte Oper];2021-11-03T07:57:02.340Z
0.3489011;open;2021-11-03T07:56:00Z;127;237;0;364;364;24281[Hauptbahnhof Süd];2021-11-03T07:57:02.340Z
0.33250928;open;2021-11-03T07:56:00Z;269;540;0;809;809;24279[Konstabler];2021-11-03T07:57:02.340Z
0.5938967;open;2021-11-03T07:56:00Z;253;173;0;426;426;18497[Hauptwache];2021-11-03T07:57:02.340Z
0.6102941;open;2021-11-03T07:56:00Z;415;265;0;680;680;18495[Am Gericht];2021-11-03T07:57:02.340Z
0.18638393;open;2021-11-03T07:56:00Z;167;729;70;966;896;109240[MyZeil];2021-11-03T07:57:02.340Z
0.49526814;open;2021-11-03T07:56:00Z;314;320;0;634;634;18494[Konrad-Adenauer-Straße];2021-11-03T07:57:02.340Z
0.75333333;open;2021-11-03T08:16:00Z;113;37;200;350;150;24276[Turmcenter];2021-11-03T08:17:01.121Z
0.32186732;open;2021-11-03T08:16:00Z;131;276;0;407;407;18944[Alte Oper];2021-11-03T08:17:01.121Z
0.38736263;open;2021-11-03T08:16:00Z;141;223;0;364;364;24281[Hauptbahnhof Süd];2021-11-03T08:17:01.121Z
0.3448702;open;2021-11-03T08:16:00Z;279;530;0;809;809;24279[Konstabler];2021-11-03T08:17:01.121Z
0.6549296;open;2021-11-03T08:16:00Z;279;147;0;426;426;18497[Hauptwache];2021-11-03T08:17:01.121Z
0.6720588;open;2021-11-03T08:16:00Z;457;223;0;680;680;18495[Am Gericht];2021-11-03T08:17:01.121Z
0.19308035;open;2021-11-03T08:16:00Z;173;723;70;966;896;109240[MyZeil];2021-11-03T08:17:01.121Z
0.5126183;open;2021-11-03T08:16:00Z;325;309;0;634;634;18494[Konrad-Adenauer-Straße];2021-11-03T08:17:01.121Z
0.9066667;open;2021-11-03T08:36:00Z;136;14;200;350;150;24276[Turmcenter];2021-11-03T08:37:01.666Z
0.38083538;open;2021-11-03T08:36:00Z;155;252;0;407;407;18944[Alte Oper];2021-11-03T08:37:01.666Z
0.41758242;open;2021-11-03T08:36:00Z;152;212;0;364;364;24281[Hauptbahnhof Süd];2021-11-03T08:37:01.666Z
0.37453645;open;2021-11-03T08:36:00Z;303;506;0;809;809;24279[Konstabler];2021-11-03T08:37:01.666Z
0.7253521;open;2021-11-03T08:36:00Z;309;117;0;426;426;18497[Hauptwache];2021-11-03T08:37:01.666Z
0.7088235;open;2021-11-03T08:36:00Z;482;198;0;680;680;18495[Am Gericht];2021-11-03T08:37:01.666Z
0.203125;open;2021-11-03T08:36:00Z;182;714;70;966;896;109240[MyZeil];2021-11-03T08:37:01.666Z
0.54258674;open;2021-11-03T08:36:00Z;344;290;0;634;634;18494[Konrad-Adenauer-Straße];2021-11-03T08:37:01.666Z
0.93333334;open;2021-11-03T08:46:00Z;140;10;200;350;150;24276[Turmcenter];2021-11-03T08:52:00.503Z
0.43980345;open;2021-11-03T08:46:00Z;179;228;0;407;407;18944[Alte Oper];2021-11-03T08:52:00.503Z
0.42857143;open;2021-11-03T08:46:00Z;156;208;0;364;364;24281[Hauptbahnhof Süd];2021-11-03T08:52:00.503Z
0.40173054;open;2021-11-03T08:46:00Z;325;484;0;809;809;24279[Konstabler];2021-11-03T08:52:00.503Z
0.74413145;open;2021-11-03T08:46:00Z;317;109;0;426;426;18497[Hauptwache];2021-11-03T08:52:00.503Z
0.7470588;open;2021-11-03T08:46:00Z;508;172;0;680;680;18495[Am Gericht];2021-11-03T08:52:00.503Z
0.21428572;open;2021-11-03T08:46:00Z;192;704;70;966;896;109240[MyZeil];2021-11-03T08:52:00.503Z
0.5504732;open;2021-11-03T08:46:00Z;349;285;0;634;634;18494[Konrad-Adenauer-Straße];2021-11-03T08:52:00.503Z
0.96666664;open;2021-11-03T09:02:00Z;145;5;200;350;150;24276[Turmcenter];2021-11-03T09:07:02.029Z
0.5208845;open;2021-11-03T09:02:00Z;212;195;0;407;407;18944[Alte Oper];2021-11-03T09:07:02.029Z
0.43406594;open;2021-11-03T09:02:00Z;158;206;0;364;364;24281[Hauptbahnhof Süd];2021-11-03T09:07:02.029Z
0.43510506;open;2021-11-03T09:02:00Z;352;457;0;809;809;24279[Konstabler];2021-11-03T09:07:02.029Z
0.7934272;open;2021-11-03T09:02:00Z;338;88;0;426;426;18497[Hauptwache];2021-11-03T09:07:02.029Z
0.7676471;open;2021-11-03T09:02:00Z;522;158;0;680;680;18495[Am Gericht];2021-11-03T09:07:02.029Z
0.23995535;open;2021-11-03T09:02:00Z;215;681;70;966;896;109240[MyZeil];2021-11-03T09:07:02.029Z
0.58044165;open;2021-11-03T09:02:00Z;368;266;0;634;634;18494[Konrad-Adenauer-Straße];2021-11-03T09:07:02.029Z
0.94;open;2021-11-03T09:22:00Z;141;9;200;350;150;24276[Turmcenter];2021-11-03T09:27:02.232Z
0.5724816;open;2021-11-03T09:22:00Z;233;174;0;407;407;18944[Alte Oper];2021-11-03T09:27:02.232Z
0.44230768;open;2021-11-03T09:22:00Z;161;203;0;364;364;24281[Hauptbahnhof Süd];2021-11-03T09:27:02.232Z
0.4882571;open;2021-11-03T09:22:00Z;395;414;0;809;809;24279[Konstabler];2021-11-03T09:27:02.232Z
0.8685446;open;2021-11-03T09:22:00Z;370;56;0;426;426;18497[Hauptwache];2021-11-03T09:27:02.232Z
0.8102941;open;2021-11-03T09:22:00Z;551;129;0;680;680;18495[Am Gericht];2021-11-03T09:27:02.232Z
0.2622768;open;2021-11-03T09:22:00Z;235;661;70;966;896;109240[MyZeil];2021-11-03T09:27:02.232Z
0.61671925;open;2021-11-03T09:22:00Z;391;243;0;634;634;18494[Konrad-Adenauer-Straße];2021-11-03T09:27:02.232Z
0.9266667;open;2021-11-03T09:37:00Z;139;11;200;350;150;24276[Turmcenter];2021-11-03T09:42:00.842Z
0.6289926;open;2021-11-03T09:37:00Z;256;151;0;407;407;18944[Alte Oper];2021-11-03T09:42:00.842Z
0.44230768;open;2021-11-03T09:37:00Z;161;203;0;364;364;24281[Hauptbahnhof Süd];2021-11-03T09:42:00.842Z
0.5241038;open;2021-11-03T09:37:00Z;424;385;0;809;809;24279[Konstabler];2021-11-03T09:42:00.842Z
0.92723006;open;2021-11-03T09:37:00Z;395;31;0;426;426;18497[Hauptwache];2021-11-03T09:42:00.842Z
0.82941175;open;2021-11-03T09:37:00Z;564;116;0;680;680;18495[Am Gericht];2021-11-03T09:42:00.842Z
0.27455357;open;2021-11-03T09:37:00Z;246;650;70;966;896;109240[MyZeil];2021-11-03T09:42:00.842Z
0.62460566;open;2021-11-03T09:37:00Z;396;238;0;634;634;18494[Konrad-Adenauer-Straße];2021-11-03T09:42:00.842Z
0.97333336;open;2021-11-03T09:42:00Z;146;4;200;350;150;24276[Turmcenter];2021-11-03T09:47:00.384Z
0.63144964;open;2021-11-03T09:42:00Z;257;150;0;407;407;18944[Alte Oper];2021-11-03T09:47:00.384Z
0.43956044;open;2021-11-03T09:42:00Z;160;204;0;364;364;24281[Hauptbahnhof Süd];2021-11-03T09:47:00.384Z
0.53646475;open;2021-11-03T09:42:00Z;434;375;0;809;809;24279[Konstabler];2021-11-03T09:47:00.384Z
0.92488265;open;2021-11-03T09:42:00Z;394;32;0;426;426;18497[Hauptwache];2021-11-03T09:47:00.384Z
0.82941175;open;2021-11-03T09:42:00Z;564;116;0;680;680;18495[Am Gericht];2021-11-03T09:47:00.384Z
0.28236607;open;2021-11-03T09:42:00Z;253;643;70;966;896;109240[MyZeil];2021-11-03T09:47:00.384Z
0.6356467;open;2021-11-03T09:42:00Z;403;231;0;634;634;18494[Konrad-Adenauer-Straße];2021-11-03T09:47:00.384Z
0.98;open;2021-11-03T09:52:00Z;147;3;200;350;150;24276[Turmcenter];2021-11-03T09:57:01.213Z
0.6683047;open;2021-11-03T09:52:00Z;272;135;0;407;407;18944[Alte Oper];2021-11-03T09:57:01.213Z
0.44230768;open;2021-11-03T09:52:00Z;161;203;0;364;364;24281[Hauptbahnhof Süd];2021-11-03T09:57:01.213Z
0.5512979;open;2021-11-03T09:52:00Z;446;363;0;809;809;24279[Konstabler];2021-11-03T09:57:01.213Z
0.9600939;open;2021-11-03T09:52:00Z;409;17;0;426;426;18497[Hauptwache];2021-11-03T09:57:01.213Z
0.82058823;open;2021-11-03T09:52:00Z;558;122;0;680;680;18495[Am Gericht];2021-11-03T09:57:01.213Z
0.2890625;open;2021-11-03T09:52:00Z;259;637;70;966;896;109240[MyZeil];2021-11-03T09:57:01.213Z
0.64037853;open;2021-11-03T09:52:00Z;406;228;0;634;634;18494[Konrad-Adenauer-Straße];2021-11-03T09:57:01.213Z
0.96666664;open;2021-11-03T10:07:00Z;145;5;200;350;150;24276[Turmcenter];2021-11-03T10:12:00.221Z
0.7174447;open;2021-11-03T10:07:00Z;292;115;0;407;407;18944[Alte Oper];2021-11-03T10:12:00.221Z
0.43406594;open;2021-11-03T10:07:00Z;158;206;0;364;364;24281[Hauptbahnhof Süd];2021-11-03T10:12:00.221Z
0.57725585;open;2021-11-03T10:07:00Z;467;342;0;809;809;24279[Konstabler];2021-11-03T10:12:00.221Z
1;open;2021-11-03T10:07:00Z;426;0;0;426;426;18497[Hauptwache];2021-11-03T10:12:00.221Z
0.83235294;open;2021-11-03T10:07:00Z;566;114;0;680;680;18495[Am Gericht];2021-11-03T10:12:00.221Z
0.30245537;open;2021-11-03T10:07:00Z;271;625;70;966;896;109240[MyZeil];2021-11-03T10:12:00.221Z
0.66561514;open;2021-11-03T10:07:00Z;422;212;0;634;634;18494[Konrad-Adenauer-Straße];2021-11-03T10:12:00.221Z
0.94666666;open;2021-11-03T10:32:00Z;142;8;200;350;150;24276[Turmcenter];2021-11-03T10:37:02.509Z
0.7223587;open;2021-11-03T10:32:00Z;294;113;0;407;407;18944[Alte Oper];2021-11-03T10:37:02.509Z
0.42582417;open;2021-11-03T10:32:00Z;155;209;0;364;364;24281[Hauptbahnhof Süd];2021-11-03T10:37:02.509Z
0.6489493;open;2021-11-03T10:32:00Z;525;284;0;809;809;24279[Konstabler];2021-11-03T10:37:02.509Z
0.9929578;open;2021-11-03T10:32:00Z;423;3;0;426;426;18497[Hauptwache];2021-11-03T10:37:02.509Z
0.8088235;open;2021-11-03T10:32:00Z;550;130;0;680;680;18495[Am Gericht];2021-11-03T10:37:02.509Z
0.31808037;open;2021-11-03T10:32:00Z;285;611;70;966;896;109240[MyZeil];2021-11-03T10:37:02.509Z
0.6829653;open;2021-11-03T10:32:00Z;433;201;0;634;634;18494[Konrad-Adenauer-Straße];2021-11-03T10:37:02.509Z
0.94666666;open;2021-11-03T10:42:00Z;142;8;200;350;150;24276[Turmcenter];2021-11-03T10:47:02.222Z
0.71253073;open;2021-11-03T10:42:00Z;290;117;0;407;407;18944[Alte Oper];2021-11-03T10:47:02.222Z
0.43406594;open;2021-11-03T10:42:00Z;158;206;0;364;364;24281[Hauptbahnhof Süd];2021-11-03T10:47:02.222Z
0.6501854;open;2021-11-03T10:42:00Z;526;283;0;809;809;24279[Konstabler];2021-11-03T10:47:02.222Z
1;open;2021-11-03T10:42:00Z;426;0;0;426;426;18497[Hauptwache];2021-11-03T10:47:02.222Z
0.8147059;open;2021-11-03T10:42:00Z;554;126;0;680;680;18495[Am Gericht];2021-11-03T10:47:02.222Z
0.3325893;open;2021-11-03T10:42:00Z;298;598;70;966;896;109240[MyZeil];2021-11-03T10:47:02.222Z
0.6845426;open;2021-11-03T10:42:00Z;434;200;0;634;634;18494[Konrad-Adenauer-Straße];2021-11-03T10:47:02.222Z
0.9266667;open;2021-11-03T10:57:00Z;139;11;200;350;150;24276[Turmcenter];2021-11-03T11:02:03.021Z
0.7223587;open;2021-11-03T10:57:00Z;294;113;0;407;407;18944[Alte Oper];2021-11-03T11:02:03.021Z
0.45604396;open;2021-11-03T10:57:00Z;166;198;0;364;364;24281[Hauptbahnhof Süd];2021-11-03T11:02:03.021Z
0.67861557;open;2021-11-03T10:57:00Z;549;260;0;809;809;24279[Konstabler];2021-11-03T11:02:03.021Z
0.9953052;open;2021-11-03T10:57:00Z;424;2;0;426;426;18497[Hauptwache];2021-11-03T11:02:03.021Z
0.8088235;open;2021-11-03T10:57:00Z;550;130;0;680;680;18495[Am Gericht];2021-11-03T11:02:03.021Z
0.33816963;open;2021-11-03T10:57:00Z;303;593;70;966;896;109240[MyZeil];2021-11-03T11:02:03.021Z
0.69085175;open;2021-11-03T10:57:00Z;438;196;0;634;634;18494[Konrad-Adenauer-Straße];2021-11-03T11:02:03.021Z
0.91333336;open;2021-11-03T11:13:00Z;137;13;200;350;150;24276[Turmcenter];2021-11-03T11:17:02.448Z
0.7223587;open;2021-11-03T11:13:00Z;294;113;0;407;407;18944[Alte Oper];2021-11-03T11:17:02.448Z
0.4532967;open;2021-11-03T11:13:00Z;165;199;0;364;364;24281[Hauptbahnhof Süd];2021-11-03T11:17:02.448Z
0.71075404;open;2021-11-03T11:13:00Z;575;234;0;809;809;24279[Konstabler];2021-11-03T11:17:02.448Z
0.9929578;open;2021-11-03T11:13:00Z;423;3;0;426;426;18497[Hauptwache];2021-11-03T11:17:02.448Z
0.8014706;open;2021-11-03T11:13:00Z;545;135;0;680;680;18495[Am Gericht];2021-11-03T11:17:02.448Z
0.34151787;open;2021-11-03T11:13:00Z;306;590;70;966;896;109240[MyZeil];2021-11-03T11:17:02.448Z
0.6798107;open;2021-11-03T11:13:00Z;431;203;0;634;634;18494[Konrad-Adenauer-Straße];2021-11-03T11:17:02.448Z
0.9;open;2021-11-03T11:28:00Z;135;15;200;350;150;24276[Turmcenter];2021-11-03T11:32:00.857Z
0.76167077;open;2021-11-03T11:28:00Z;310;97;0;407;407;18944[Alte Oper];2021-11-03T11:32:00.857Z
0.44230768;open;2021-11-03T11:28:00Z;161;203;0;364;364;24281[Hauptbahnhof Süd];2021-11-03T11:32:00.857Z
0.72064275;open;2021-11-03T11:28:00Z;583;226;0;809;809;24279[Konstabler];2021-11-03T11:32:00.857Z
0.9600939;open;2021-11-03T11:28:00Z;409;17;0;426;426;18497[Hauptwache];2021-11-03T11:32:00.857Z
0.79558825;open;2021-11-03T11:28:00Z;541;139;0;680;680;18495[Am Gericht];2021-11-03T11:32:00.857Z
0.34933037;open;2021-11-03T11:28:00Z;313;583;70;966;896;109240[MyZeil];2021-11-03T11:32:00.857Z
0.6829653;open;2021-11-03T11:28:00Z;433;201;0;634;634;18494[Konrad-Adenauer-Straße];2021-11-03T11:32:00.857Z
0.9;open;2021-11-03T11:43:00Z;135;15;200;350;150;24276[Turmcenter];2021-11-03T11:47:00.521Z
0.76658475;open;2021-11-03T11:43:00Z;312;95;0;407;407;18944[Alte Oper];2021-11-03T11:47:00.521Z
0.46153846;open;2021-11-03T11:43:00Z;168;196;0;364;364;24281[Hauptbahnhof Süd];2021-11-03T11:47:00.521Z
0.736712;open;2021-11-03T11:43:00Z;596;213;0;809;809;24279[Konstabler];2021-11-03T11:47:00.521Z
0.9859155;open;2021-11-03T11:43:00Z;420;6;0;426;426;18497[Hauptwache];2021-11-03T11:47:00.521Z
0.7911765;open;2021-11-03T11:43:00Z;538;142;0;680;680;18495[Am Gericht];2021-11-03T11:47:00.521Z
0.3560268;open;2021-11-03T11:43:00Z;319;577;70;966;896;109240[MyZeil];2021-11-03T11:47:00.521Z
0.68611985;open;2021-11-03T11:43:00Z;435;199;0;634;634;18494[Konrad-Adenauer-Straße];2021-11-03T11:47:00.521Z
0.9;open;2021-11-03T12:03:00Z;135;15;200;350;150;24276[Turmcenter];2021-11-03T12:07:02.782Z
0.7764128;open;2021-11-03T12:03:00Z;316;91;0;407;407;18944[Alte Oper];2021-11-03T12:07:02.782Z
0.48076922;open;2021-11-03T12:03:00Z;175;189;0;364;364;24281[Hauptbahnhof Süd];2021-11-03T12:07:02.782Z
0.7305315;open;2021-11-03T12:03:00Z;591;218;0;809;809;24279[Konstabler];2021-11-03T12:07:02.782Z
1;open;2021-11-03T12:03:00Z;426;0;0;426;426;18497[Hauptwache];2021-11-03T12:07:02.782Z
0.7897059;open;2021-11-03T12:03:00Z;537;143;0;680;680;18495[Am Gericht];2021-11-03T12:07:02.782Z
0.37723213;open;2021-11-03T12:03:00Z;338;558;70;966;896;109240[MyZeil];2021-11-03T12:07:02.782Z
0.67507887;open;2021-11-03T12:03:00Z;428;206;0;634;634;18494[Konrad-Adenauer-Straße];2021-11-03T12:07:02.782Z
0.8466667;open;2021-11-03T12:39:00Z;127;23;200;350;150;24276[Turmcenter];2021-11-03T12:42:02.322Z
0.73464376;open;2021-11-03T12:39:00Z;299;108;0;407;407;18944[Alte Oper];2021-11-03T12:42:02.322Z
0.4478022;open;2021-11-03T12:39:00Z;163;201;0;364;364;24281[Hauptbahnhof Süd];2021-11-03T12:42:02.322Z
0.7169345;open;2021-11-03T12:39:00Z;580;229;0;809;809;24279[Konstabler];2021-11-03T12:42:02.322Z
0.9835681;open;2021-11-03T12:39:00Z;419;7;0;426;426;18497[Hauptwache];2021-11-03T12:42:02.322Z
0.7323529;open;2021-11-03T12:39:00Z;498;182;0;680;680;18495[Am Gericht];2021-11-03T12:42:02.322Z
0.34598213;open;2021-11-03T12:39:00Z;310;586;70;966;896;109240[MyZeil];2021-11-03T12:42:02.322Z
0.6671924;open;2021-11-03T12:39:00Z;423;211;0;634;634;18494[Konrad-Adenauer-Straße];2021-11-03T12:42:02.322Z
0.88666666;open;2021-11-03T12:59:00Z;133;17;200;350;150;24276[Turmcenter];2021-11-03T13:02:02.268Z
0.76167077;open;2021-11-03T12:59:00Z;310;97;0;407;407;18944[Alte Oper];2021-11-03T13:02:02.268Z
0.43681318;open;2021-11-03T12:59:00Z;159;205;0;364;364;24281[Hauptbahnhof Süd];2021-11-03T13:02:02.268Z
0.72805935;open;2021-11-03T12:59:00Z;589;220;0;809;809;24279[Konstabler];2021-11-03T13:02:02.268Z
0.95539904;open;2021-11-03T12:59:00Z;407;19;0;426;426;18497[Hauptwache];2021-11-03T13:02:02.268Z
0.7323529;open;2021-11-03T12:59:00Z;498;182;0;680;680;18495[Am Gericht];2021-11-03T13:02:02.268Z
0.34598213;open;2021-11-03T12:59:00Z;310;586;70;966;896;109240[MyZeil];2021-11-03T13:02:02.268Z
0.66561514;open;2021-11-03T12:59:00Z;422;212;0;634;634;18494[Konrad-Adenauer-Straße];2021-11-03T13:02:02.268Z
0.88;open;2021-11-03T13:24:00Z;132;18;200;350;150;24276[Turmcenter];2021-11-03T13:27:01.385Z
0.7100737;open;2021-11-03T13:24:00Z;289;118;0;407;407;18944[Alte Oper];2021-11-03T13:27:01.385Z
0.40934065;open;2021-11-03T13:24:00Z;149;215;0;364;364;24281[Hauptbahnhof Süd];2021-11-03T13:27:01.385Z
0.7181706;open;2021-11-03T13:24:00Z;581;228;0;809;809;24279[Konstabler];2021-11-03T13:27:01.385Z
0.943662;open;2021-11-03T13:24:00Z;402;24;0;426;426;18497[Hauptwache];2021-11-03T13:27:01.385Z
0.71617645;open;2021-11-03T13:24:00Z;487;193;0;680;680;18495[Am Gericht];2021-11-03T13:27:01.385Z
0.3392857;open;2021-11-03T13:24:00Z;304;592;70;966;896;109240[MyZeil];2021-11-03T13:27:01.385Z
0.66246057;open;2021-11-03T13:24:00Z;420;214;0;634;634;18494[Konrad-Adenauer-Straße];2021-11-03T13:27:01.385Z
0.87333333;open;2021-11-03T13:39:00Z;131;19;200;350;150;24276[Turmcenter];2021-11-03T13:42:01.994Z
0.68550366;open;2021-11-03T13:39:00Z;279;128;0;407;407;18944[Alte Oper];2021-11-03T13:42:01.994Z
0.3846154;open;2021-11-03T13:39:00Z;140;224;0;364;364;24281[Hauptbahnhof Süd];2021-11-03T13:42:01.994Z
0.71075404;open;2021-11-03T13:39:00Z;575;234;0;809;809;24279[Konstabler];2021-11-03T13:42:01.994Z
0.9342723;open;2021-11-03T13:39:00Z;398;28;0;426;426;18497[Hauptwache];2021-11-03T13:42:01.994Z
0.69411767;open;2021-11-03T13:39:00Z;472;208;0;680;680;18495[Am Gericht];2021-11-03T13:42:01.994Z
0.33370537;open;2021-11-03T13:39:00Z;299;597;70;966;896;109240[MyZeil];2021-11-03T13:42:01.994Z
0.659306;open;2021-11-03T13:39:00Z;418;216;0;634;634;18494[Konrad-Adenauer-Straße];2021-11-03T13:42:01.994Z
0.86;open;2021-11-03T13:49:00Z;129;21;200;350;150;24276[Turmcenter];2021-11-03T13:52:01.343Z
0.67321867;open;2021-11-03T13:49:00Z;274;133;0;407;407;18944[Alte Oper];2021-11-03T13:52:01.343Z
0.38186812;open;2021-11-03T13:49:00Z;139;225;0;364;364;24281[Hauptbahnhof Süd];2021-11-03T13:52:01.343Z
0.7132262;open;2021-11-03T13:49:00Z;577;232;0;809;809;24279[Konstabler];2021-11-03T13:52:01.343Z
0.92957747;open;2021-11-03T13:49:00Z;396;30;0;426;426;18497[Hauptwache];2021-11-03T13:52:01.343Z
0.6867647;open;2021-11-03T13:49:00Z;467;213;0;680;680;18495[Am Gericht];2021-11-03T13:52:01.343Z
0.33035713;open;2021-11-03T13:49:00Z;296;600;70;966;896;109240[MyZeil];2021-11-03T13:52:01.343Z
0.65299684;open;2021-11-03T13:49:00Z;414;220;0;634;634;18494[Konrad-Adenauer-Straße];2021-11-03T13:52:01.343Z
0.87333333;open;2021-11-03T13:54:00Z;131;19;200;350;150;24276[Turmcenter];2021-11-03T13:57:01.830Z
0.66339064;open;2021-11-03T13:54:00Z;270;137;0;407;407;18944[Alte Oper];2021-11-03T13:57:01.830Z
0.37637362;open;2021-11-03T13:54:00Z;137;227;0;364;364;24281[Hauptbahnhof Süd];2021-11-03T13:57:01.830Z
0.70704573;open;2021-11-03T13:54:00Z;572;237;0;809;809;24279[Konstabler];2021-11-03T13:57:01.830Z
0.9319249;open;2021-11-03T13:54:00Z;397;29;0;426;426;18497[Hauptwache];2021-11-03T13:57:01.830Z
0.6779412;open;2021-11-03T13:54:00Z;461;219;0;680;680;18495[Am Gericht];2021-11-03T13:57:01.830Z
0.3325893;open;2021-11-03T13:54:00Z;298;598;70;966;896;109240[MyZeil];2021-11-03T13:57:01.830Z
0.6451104;open;2021-11-03T13:54:00Z;409;225;0;634;634;18494[Konrad-Adenauer-Straße];2021-11-03T13:57:01.830Z
0.8666667;open;2021-11-03T14:10:00Z;130;20;200;350;150;24276[Turmcenter];2021-11-03T14:12:02.752Z
0.67076164;open;2021-11-03T14:10:00Z;273;134;0;407;407;18944[Alte Oper];2021-11-03T14:12:02.752Z
0.34615386;open;2021-11-03T14:10:00Z;126;238;0;364;364;24281[Hauptbahnhof Süd];2021-11-03T14:12:02.752Z
0.7045736;open;2021-11-03T14:10:00Z;570;239;0;809;809;24279[Konstabler];2021-11-03T14:12:02.752Z
0.9460094;open;2021-11-03T14:10:00Z;403;23;0;426;426;18497[Hauptwache];2021-11-03T14:12:02.752Z
0.6764706;open;2021-11-03T14:10:00Z;460;220;0;680;680;18495[Am Gericht];2021-11-03T14:12:02.752Z
0.3359375;open;2021-11-03T14:10:00Z;301;595;70;966;896;109240[MyZeil];2021-11-03T14:12:02.752Z
0.6324921;open;2021-11-03T14:10:00Z;401;233;0;634;634;18494[Konrad-Adenauer-Straße];2021-11-03T14:12:02.752Z
0.8066667;open;2021-11-03T14:30:00Z;121;29;200;350;150;24276[Turmcenter];2021-11-03T14:32:00.513Z
0.6486486;open;2021-11-03T14:30:00Z;264;143;0;407;407;18944[Alte Oper];2021-11-03T14:32:00.513Z
0.3021978;open;2021-11-03T14:30:00Z;110;254;0;364;364;24281[Hauptbahnhof Süd];2021-11-03T14:32:00.513Z
0.67985165;open;2021-11-03T14:30:00Z;550;259;0;809;809;24279[Konstabler];2021-11-03T14:32:00.513Z
0.9530516;open;2021-11-03T14:30:00Z;406;20;0;426;426;18497[Hauptwache];2021-11-03T14:32:00.513Z
0.65588236;open;2021-11-03T14:30:00Z;446;234;0;680;680;18495[Am Gericht];2021-11-03T14:32:00.513Z
0.32924107;open;2021-11-03T14:30:00Z;295;601;70;966;896;109240[MyZeil];2021-11-03T14:32:00.513Z
0.64195585;open;2021-11-03T14:30:00Z;407;227;0;634;634;18494[Konrad-Adenauer-Straße];2021-11-03T14:32:00.513Z
0.76666665;open;2021-11-03T14:35:00Z;115;35;200;350;150;24276[Turmcenter];2021-11-03T14:37:00.941Z
0.6289926;open;2021-11-03T14:35:00Z;256;151;0;407;407;18944[Alte Oper];2021-11-03T14:37:00.941Z
0.2967033;open;2021-11-03T14:35:00Z;108;256;0;364;364;24281[Hauptbahnhof Süd];2021-11-03T14:37:00.941Z
0.68479604;open;2021-11-03T14:35:00Z;554;255;0;809;809;24279[Konstabler];2021-11-03T14:37:00.941Z
0.9460094;open;2021-11-03T14:35:00Z;403;23;0;426;426;18497[Hauptwache];2021-11-03T14:37:00.941Z
0.6544118;open;2021-11-03T14:35:00Z;445;235;0;680;680;18495[Am Gericht];2021-11-03T14:37:00.941Z
0.328125;open;2021-11-03T14:35:00Z;294;602;70;966;896;109240[MyZeil];2021-11-03T14:37:00.941Z
0.64037853;open;2021-11-03T14:35:00Z;406;228;0;634;634;18494[Konrad-Adenauer-Straße];2021-11-03T14:37:00.941Z
0.74;open;2021-11-03T14:50:00Z;111;39;200;350;150;24276[Turmcenter];2021-11-03T14:52:00.217Z
0.5872236;open;2021-11-03T14:50:00Z;239;168;0;407;407;18944[Alte Oper];2021-11-03T14:52:00.217Z
0.26373628;open;2021-11-03T14:50:00Z;96;268;0;364;364;24281[Hauptbahnhof Süd];2021-11-03T14:52:00.217Z
0.67861557;open;2021-11-03T14:50:00Z;549;260;0;809;809;24279[Konstabler];2021-11-03T14:52:00.217Z
0.92723006;open;2021-11-03T14:50:00Z;395;31;0;426;426;18497[Hauptwache];2021-11-03T14:52:00.217Z
0.6367647;open;2021-11-03T14:50:00Z;433;247;0;680;680;18495[Am Gericht];2021-11-03T14:52:00.217Z
0.32924107;open;2021-11-03T14:50:00Z;295;601;70;966;896;109240[MyZeil];2021-11-03T14:52:00.217Z
0.6466877;open;2021-11-03T14:50:00Z;410;224;0;634;634;18494[Konrad-Adenauer-Straße];2021-11-03T14:52:00.217Z
0.76;open;2021-11-03T15:05:00Z;114;36;200;350;150;24276[Turmcenter];2021-11-03T15:07:00.056Z
0.58476657;open;2021-11-03T15:05:00Z;238;169;0;407;407;18944[Alte Oper];2021-11-03T15:07:00.056Z
0.25;open;2021-11-03T15:05:00Z;91;273;0;364;364;24281[Hauptbahnhof Süd];2021-11-03T15:07:00.056Z
0.6761434;open;2021-11-03T15:05:00Z;547;262;0;809;809;24279[Konstabler];2021-11-03T15:07:00.056Z
0.92723006;open;2021-11-03T15:05:00Z;395;31;0;426;426;18497[Hauptwache];2021-11-03T15:07:00.056Z
0.6367647;open;2021-11-03T15:05:00Z;433;247;0;680;680;18495[Am Gericht];2021-11-03T15:07:00.056Z
0.6388013;open;2021-11-03T15:05:00Z;405;229;0;634;634;18494[Konrad-Adenauer-Straße];2021-11-03T15:07:00.056Z
0.76;open;2021-11-03T15:26:00Z;114;36;200;350;150;24276[Turmcenter];2021-11-03T15:27:00.980Z
0.55773956;open;2021-11-03T15:26:00Z;227;180;0;407;407;18944[Alte Oper];2021-11-03T15:27:00.980Z
0.23901099;open;2021-11-03T15:26:00Z;87;277;0;364;364;24281[Hauptbahnhof Süd];2021-11-03T15:27:00.980Z
0.66501856;open;2021-11-03T15:26:00Z;538;271;0;809;809;24279[Konstabler];2021-11-03T15:27:00.980Z
0.91079813;open;2021-11-03T15:26:00Z;388;38;0;426;426;18497[Hauptwache];2021-11-03T15:27:00.980Z
0.6102941;open;2021-11-03T15:26:00Z;415;265;0;680;680;18495[Am Gericht];2021-11-03T15:27:00.980Z
0.33370537;open;2021-11-03T15:26:00Z;299;597;70;966;896;109240[MyZeil];2021-11-03T15:27:00.980Z
0.62460566;open;2021-11-03T15:26:00Z;396;238;0;634;634;18494[Konrad-Adenauer-Straße];2021-11-03T15:27:00.980Z
0.7733333;open;2021-11-03T15:41:00Z;116;34;200;350;150;24276[Turmcenter];2021-11-03T15:42:02.316Z
0.5208845;open;2021-11-03T15:41:00Z;212;195;0;407;407;18944[Alte Oper];2021-11-03T15:42:02.316Z
0.20604396;open;2021-11-03T15:41:00Z;75;289;0;364;364;24281[Hauptbahnhof Süd];2021-11-03T15:42:02.316Z
0.66625464;open;2021-11-03T15:41:00Z;539;270;0;809;809;24279[Konstabler];2021-11-03T15:42:02.316Z
0.87558687;open;2021-11-03T15:41:00Z;373;53;0;426;426;18497[Hauptwache];2021-11-03T15:42:02.316Z
0.5867647;open;2021-11-03T15:41:00Z;399;281;0;680;680;18495[Am Gericht];2021-11-03T15:42:02.316Z
0.328125;open;2021-11-03T15:41:00Z;294;602;70;966;896;109240[MyZeil];2021-11-03T15:42:02.316Z
0.60883284;open;2021-11-03T15:41:00Z;386;248;0;634;634;18494[Konrad-Adenauer-Straße];2021-11-03T15:42:02.316Z
0.74;open;2021-11-03T15:51:00Z;111;39;200;350;150;24276[Turmcenter];2021-11-03T15:52:02.924Z
0.5282555;open;2021-11-03T15:51:00Z;215;192;0;407;407;18944[Alte Oper];2021-11-03T15:52:02.924Z
0.1978022;open;2021-11-03T15:51:00Z;72;292;0;364;364;24281[Hauptbahnhof Süd];2021-11-03T15:52:02.924Z
0.66625464;open;2021-11-03T15:51:00Z;539;270;0;809;809;24279[Konstabler];2021-11-03T15:52:02.924Z
0.8849765;open;2021-11-03T15:51:00Z;377;49;0;426;426;18497[Hauptwache];2021-11-03T15:52:02.924Z
0.57058823;open;2021-11-03T15:51:00Z;388;292;0;680;680;18495[Am Gericht];2021-11-03T15:52:02.924Z
0.3247768;open;2021-11-03T15:51:00Z;291;605;70;966;896;109240[MyZeil];2021-11-03T15:52:02.924Z
0.60094637;open;2021-11-03T15:51:00Z;381;253;0;634;634;18494[Konrad-Adenauer-Straße];2021-11-03T15:52:02.924Z
0.72;open;2021-11-03T15:56:00Z;108;42;200;350;150;24276[Turmcenter];2021-11-03T15:57:02.799Z
0.5257985;open;2021-11-03T15:56:00Z;214;193;0;407;407;18944[Alte Oper];2021-11-03T15:57:02.799Z
0.1978022;open;2021-11-03T15:56:00Z;72;292;0;364;364;24281[Hauptbahnhof Süd];2021-11-03T15:57:02.799Z
0.66254634;open;2021-11-03T15:56:00Z;536;273;0;809;809;24279[Konstabler];2021-11-03T15:57:02.799Z
0.8849765;open;2021-11-03T15:56:00Z;377;49;0;426;426;18497[Hauptwache];2021-11-03T15:57:02.799Z
0.5588235;open;2021-11-03T15:56:00Z;380;300;0;680;680;18495[Am Gericht];2021-11-03T15:57:02.799Z
0.32589287;open;2021-11-03T15:56:00Z;292;604;70;966;896;109240[MyZeil];2021-11-03T15:57:02.799Z
0.5993691;open;2021-11-03T15:56:00Z;380;254;0;634;634;18494[Konrad-Adenauer-Straße];2021-11-03T15:57:02.799Z
0.62;open;2021-11-03T16:26:00Z;93;57;200;350;150;24276[Turmcenter];2021-11-03T16:32:00.060Z
0.47420147;open;2021-11-03T16:26:00Z;193;214;0;407;407;18944[Alte Oper];2021-11-03T16:32:00.060Z
0.1401099;open;2021-11-03T16:26:00Z;51;313;0;364;364;24281[Hauptbahnhof Süd];2021-11-03T16:32:00.060Z
0.6378245;open;2021-11-03T16:26:00Z;516;293;0;809;809;24279[Konstabler];2021-11-03T16:32:00.060Z
0.82159626;open;2021-11-03T16:26:00Z;350;76;0;426;426;18497[Hauptwache];2021-11-03T16:32:00.060Z
0.52794117;open;2021-11-03T16:26:00Z;359;321;0;680;680;18495[Am Gericht];2021-11-03T16:32:00.060Z
0.32700893;open;2021-11-03T16:26:00Z;293;603;70;966;896;109240[MyZeil];2021-11-03T16:32:00.060Z
0.57570976;open;2021-11-03T16:26:00Z;365;269;0;634;634;18494[Konrad-Adenauer-Straße];2021-11-03T16:32:00.060Z
0.50666666;open;2021-11-03T17:02:00Z;76;74;200;350;150;24276[Turmcenter];2021-11-03T17:07:00.911Z
0.53071254;open;2021-11-03T17:02:00Z;216;191;0;407;407;18944[Alte Oper];2021-11-03T17:07:00.911Z
0.104395606;open;2021-11-03T17:02:00Z;38;326;0;364;364;24281[Hauptbahnhof Süd];2021-11-03T17:07:00.911Z
0.5957973;open;2021-11-03T17:02:00Z;482;327;0;809;809;24279[Konstabler];2021-11-03T17:07:00.911Z
0.7934272;open;2021-11-03T17:02:00Z;338;88;0;426;426;18497[Hauptwache];2021-11-03T17:07:00.911Z
0.50735295;open;2021-11-03T17:02:00Z;345;335;0;680;680;18495[Am Gericht];2021-11-03T17:07:00.911Z
0.30357143;open;2021-11-03T17:02:00Z;272;624;70;966;896;109240[MyZeil];2021-11-03T17:07:00.911Z
0.5599369;open;2021-11-03T17:02:00Z;355;279;0;634;634;18494[Konrad-Adenauer-Straße];2021-11-03T17:07:00.911Z
0.52;open;2021-11-03T17:22:00Z;78;72;200;350;150;24276[Turmcenter];2021-11-03T17:27:01.146Z
0.5110565;open;2021-11-03T17:22:00Z;208;199;0;407;407;18944[Alte Oper];2021-11-03T17:27:01.146Z
0.07417583;open;2021-11-03T17:22:00Z;27;337;0;364;364;24281[Hauptbahnhof Süd];2021-11-03T17:27:01.146Z
0.58467245;open;2021-11-03T17:22:00Z;473;336;0;809;809;24279[Konstabler];2021-11-03T17:27:01.146Z
0.7934272;open;2021-11-03T17:22:00Z;338;88;0;426;426;18497[Hauptwache];2021-11-03T17:27:01.146Z
0.50441176;open;2021-11-03T17:22:00Z;343;337;0;680;680;18495[Am Gericht];2021-11-03T17:27:01.146Z
0.28794643;open;2021-11-03T17:22:00Z;258;638;70;966;896;109240[MyZeil];2021-11-03T17:27:01.146Z
0.5709779;open;2021-11-03T17:22:00Z;362;272;0;634;634;18494[Konrad-Adenauer-Straße];2021-11-03T17:27:01.146Z
0.335;open;2021-11-03T17:43:00Z;67;133;150;350;200;24276[Turmcenter];2021-11-03T17:47:01.825Z
0.55036855;open;2021-11-03T17:43:00Z;224;183;0;407;407;18944[Alte Oper];2021-11-03T17:47:01.825Z
0.052197803;open;2021-11-03T17:43:00Z;19;345;0;364;364;24281[Hauptbahnhof Süd];2021-11-03T17:47:01.825Z
0.57972807;open;2021-11-03T17:43:00Z;469;340;0;809;809;24279[Konstabler];2021-11-03T17:47:01.825Z
0.80046946;open;2021-11-03T17:43:00Z;341;85;0;426;426;18497[Hauptwache];2021-11-03T17:47:01.825Z
0.4897059;open;2021-11-03T17:43:00Z;333;347;0;680;680;18495[Am Gericht];2021-11-03T17:47:01.825Z
0.27901787;open;2021-11-03T17:43:00Z;250;646;70;966;896;109240[MyZeil];2021-11-03T17:47:01.825Z
0.5851735;open;2021-11-03T17:43:00Z;371;263;0;634;634;18494[Konrad-Adenauer-Straße];2021-11-03T17:47:01.825Z
0.37;open;2021-11-03T17:53:00Z;74;126;150;350;200;24276[Turmcenter];2021-11-03T17:57:00.832Z
0.5945946;open;2021-11-03T17:53:00Z;242;165;0;407;407;18944[Alte Oper];2021-11-03T17:57:00.832Z
0.041208792;open;2021-11-03T17:53:00Z;15;349;0;364;364;24281[Hauptbahnhof Süd];2021-11-03T17:57:00.832Z
0.5648949;open;2021-11-03T17:53:00Z;457;352;0;809;809;24279[Konstabler];2021-11-03T17:57:00.832Z
0.8028169;open;2021-11-03T17:53:00Z;342;84;0;426;426;18497[Hauptwache];2021-11-03T17:57:00.832Z
0.4867647;open;2021-11-03T17:53:00Z;331;349;0;680;680;18495[Am Gericht];2021-11-03T17:57:00.832Z
0.2779018;open;2021-11-03T17:53:00Z;249;647;70;966;896;109240[MyZeil];2021-11-03T17:57:00.832Z
0.5835962;open;2021-11-03T17:53:00Z;370;264;0;634;634;18494[Konrad-Adenauer-Straße];2021-11-03T17:57:00.832Z
0.39;open;2021-11-03T17:58:00Z;78;122;150;350;200;24276[Turmcenter];2021-11-03T18:02:00.163Z
0.6093366;open;2021-11-03T17:58:00Z;248;159;0;407;407;18944[Alte Oper];2021-11-03T18:02:00.163Z
0.03846154;open;2021-11-03T17:58:00Z;14;350;0;364;364;24281[Hauptbahnhof Süd];2021-11-03T18:02:00.163Z
0.5550062;open;2021-11-03T17:58:00Z;449;360;0;809;809;24279[Konstabler];2021-11-03T18:02:00.163Z
0.79812205;open;2021-11-03T17:58:00Z;340;86;0;426;426;18497[Hauptwache];2021-11-03T18:02:00.163Z
0.4852941;open;2021-11-03T17:58:00Z;330;350;0;680;680;18495[Am Gericht];2021-11-03T18:02:00.163Z
0.27566963;open;2021-11-03T17:58:00Z;247;649;70;966;896;109240[MyZeil];2021-11-03T18:02:00.163Z
0.5835962;open;2021-11-03T17:58:00Z;370;264;0;634;634;18494[Konrad-Adenauer-Straße];2021-11-03T18:02:00.163Z
0.375;open;2021-11-03T18:23:00Z;75;125;150;350;200;24276[Turmcenter];2021-11-03T18:27:02.745Z
0.6977887;open;2021-11-03T18:23:00Z;284;123;0;407;407;18944[Alte Oper];2021-11-03T18:27:02.745Z
0.032967035;open;2021-11-03T18:23:00Z;12;352;0;364;364;24281[Hauptbahnhof Süd];2021-11-03T18:27:02.745Z
0.5203956;open;2021-11-03T18:23:00Z;421;388;0;809;809;24279[Konstabler];2021-11-03T18:27:02.745Z
0.7887324;open;2021-11-03T18:23:00Z;336;90;0;426;426;18497[Hauptwache];2021-11-03T18:27:02.745Z
0.475;open;2021-11-03T18:23:00Z;323;357;0;680;680;18495[Am Gericht];2021-11-03T18:27:02.745Z
0.26450893;open;2021-11-03T18:23:00Z;237;659;70;966;896;109240[MyZeil];2021-11-03T18:27:02.745Z
0.5772871;open;2021-11-03T18:23:00Z;366;268;0;634;634;18494[Konrad-Adenauer-Straße];2021-11-03T18:27:02.745Z
0.41;open;2021-11-03T18:38:00Z;82;118;150;350;200;24276[Turmcenter];2021-11-03T18:42:02.632Z
0.76167077;open;2021-11-03T18:38:00Z;310;97;0;407;407;18944[Alte Oper];2021-11-03T18:42:02.632Z
0.024725275;open;2021-11-03T18:38:00Z;9;355;0;364;364;24281[Hauptbahnhof Süd];2021-11-03T18:42:02.632Z
0.49196538;open;2021-11-03T18:38:00Z;398;411;0;809;809;24279[Konstabler];2021-11-03T18:42:02.632Z
0.7699531;open;2021-11-03T18:38:00Z;328;98;0;426;426;18497[Hauptwache];2021-11-03T18:42:02.632Z
0.46911764;open;2021-11-03T18:38:00Z;319;361;0;680;680;18495[Am Gericht];2021-11-03T18:42:02.632Z
0.2689732;open;2021-11-03T18:38:00Z;241;655;70;966;896;109240[MyZeil];2021-11-03T18:42:02.632Z
0.5835962;open;2021-11-03T18:38:00Z;370;264;0;634;634;18494[Konrad-Adenauer-Straße];2021-11-03T18:42:02.632Z
0.41;open;2021-11-03T18:48:00Z;82;118;150;350;200;24276[Turmcenter];2021-11-03T18:52:02.988Z
0.75921375;open;2021-11-03T18:48:00Z;309;98;0;407;407;18944[Alte Oper];2021-11-03T18:52:02.988Z
0.021978023;open;2021-11-03T18:48:00Z;8;356;0;364;364;24281[Hauptbahnhof Süd];2021-11-03T18:52:02.988Z
0.47713226;open;2021-11-03T18:48:00Z;386;423;0;809;809;24279[Konstabler];2021-11-03T18:52:02.988Z
0.74882627;open;2021-11-03T18:48:00Z;319;107;0;426;426;18497[Hauptwache];2021-11-03T18:52:02.988Z
0.46911764;open;2021-11-03T18:48:00Z;319;361;0;680;680;18495[Am Gericht];2021-11-03T18:52:02.988Z
0.25;open;2021-11-03T18:48:00Z;224;672;70;966;896;109240[MyZeil];2021-11-03T18:52:02.988Z
0.5709779;open;2021-11-03T18:48:00Z;362;272;0;634;634;18494[Konrad-Adenauer-Straße];2021-11-03T18:52:02.988Z
0.44;open;2021-11-03T18:54:00Z;88;112;150;350;200;24276[Turmcenter];2021-11-03T18:57:02.302Z
0.7444717;open;2021-11-03T18:54:00Z;303;104;0;407;407;18944[Alte Oper];2021-11-03T18:57:02.302Z
0.01923077;open;2021-11-03T18:54:00Z;7;357;0;364;364;24281[Hauptbahnhof Süd];2021-11-03T18:57:02.302Z
0.473424;open;2021-11-03T18:54:00Z;383;426;0;809;809;24279[Konstabler];2021-11-03T18:57:02.302Z
0.7347418;open;2021-11-03T18:54:00Z;313;113;0;426;426;18497[Hauptwache];2021-11-03T18:57:02.302Z
0.4632353;open;2021-11-03T18:54:00Z;315;365;0;680;680;18495[Am Gericht];2021-11-03T18:57:02.302Z
0.5694006;open;2021-11-03T18:54:00Z;361;273;0;634;634;18494[Konrad-Adenauer-Straße];2021-11-03T18:57:02.302Z
0.435;open;2021-11-03T19:14:00Z;87;113;150;350;200;24276[Turmcenter];2021-11-03T19:17:01.945Z
0.74201477;open;2021-11-03T19:14:00Z;302;105;0;407;407;18944[Alte Oper];2021-11-03T19:17:01.945Z
0.016483517;open;2021-11-03T19:14:00Z;6;358;0;364;364;24281[Hauptbahnhof Süd];2021-11-03T19:17:01.945Z
0.43139678;open;2021-11-03T19:14:00Z;349;460;0;809;809;24279[Konstabler];2021-11-03T19:17:01.945Z
0.6971831;open;2021-11-03T19:14:00Z;297;129;0;426;426;18497[Hauptwache];2021-11-03T19:17:01.945Z
0.44117647;open;2021-11-03T19:14:00Z;300;380;0;680;680;18495[Am Gericht];2021-11-03T19:17:01.945Z
0.22544643;open;2021-11-03T19:14:00Z;202;694;70;966;896;109240[MyZeil];2021-11-03T19:17:01.945Z
0.54258674;open;2021-11-03T19:14:00Z;344;290;0;634;634;18494[Konrad-Adenauer-Straße];2021-11-03T19:17:01.945Z
0.42;open;2021-11-03T19:24:00Z;84;116;150;350;200;24276[Turmcenter];2021-11-03T19:27:02.597Z
0.7297297;open;2021-11-03T19:24:00Z;297;110;0;407;407;18944[Alte Oper];2021-11-03T19:27:02.597Z
0.010989011;open;2021-11-03T19:24:00Z;4;360;0;364;364;24281[Hauptbahnhof Süd];2021-11-03T19:27:02.597Z
0.4276885;open;2021-11-03T19:24:00Z;346;463;0;809;809;24279[Konstabler];2021-11-03T19:27:02.597Z
0.685446;open;2021-11-03T19:24:00Z;292;134;0;426;426;18497[Hauptwache];2021-11-03T19:27:02.597Z
0.43382353;open;2021-11-03T19:24:00Z;295;385;0;680;680;18495[Am Gericht];2021-11-03T19:27:02.597Z
0.22321428;open;2021-11-03T19:24:00Z;200;696;70;966;896;109240[MyZeil];2021-11-03T19:27:02.597Z
0.54416406;open;2021-11-03T19:24:00Z;345;289;0;634;634;18494[Konrad-Adenauer-Straße];2021-11-03T19:27:02.597Z
0.425;open;2021-11-03T19:29:00Z;85;115;150;350;200;24276[Turmcenter];2021-11-03T19:32:00.407Z
0.7174447;open;2021-11-03T19:29:00Z;292;115;0;407;407;18944[Alte Oper];2021-11-03T19:32:00.407Z
0.010989011;open;2021-11-03T19:29:00Z;4;360;0;364;364;24281[Hauptbahnhof Süd];2021-11-03T19:32:00.407Z
0.4264524;open;2021-11-03T19:29:00Z;345;464;0;809;809;24279[Konstabler];2021-11-03T19:32:00.407Z
0.6830986;open;2021-11-03T19:29:00Z;291;135;0;426;426;18497[Hauptwache];2021-11-03T19:32:00.407Z
0.43088236;open;2021-11-03T19:29:00Z;293;387;0;680;680;18495[Am Gericht];2021-11-03T19:32:00.407Z
0.21986607;open;2021-11-03T19:29:00Z;197;699;70;966;896;109240[MyZeil];2021-11-03T19:32:00.407Z
0.5362776;open;2021-11-03T19:29:00Z;340;294;0;634;634;18494[Konrad-Adenauer-Straße];2021-11-03T19:32:00.407Z
0.42;open;2021-11-03T19:44:00Z;84;116;150;350;200;24276[Turmcenter];2021-11-03T19:47:01.118Z
0.7027027;open;2021-11-03T19:44:00Z;286;121;0;407;407;18944[Alte Oper];2021-11-03T19:47:01.118Z
0.0054945056;open;2021-11-03T19:44:00Z;2;362;0;364;364;24281[Hauptbahnhof Süd];2021-11-03T19:47:01.118Z
0.41409147;open;2021-11-03T19:44:00Z;335;474;0;809;809;24279[Konstabler];2021-11-03T19:47:01.118Z
0.657277;open;2021-11-03T19:44:00Z;280;146;0;426;426;18497[Hauptwache];2021-11-03T19:47:01.118Z
0.42205882;open;2021-11-03T19:44:00Z;287;393;0;680;680;18495[Am Gericht];2021-11-03T19:47:01.118Z
0.5283912;open;2021-11-03T19:44:00Z;335;299;0;634;634;18494[Konrad-Adenauer-Straße];2021-11-03T19:47:01.118Z
0.4;open;2021-11-03T19:50:00Z;80;120;150;350;200;24276[Turmcenter];2021-11-03T19:52:01.029Z
0.7027027;open;2021-11-03T19:50:00Z;286;121;0;407;407;18944[Alte Oper];2021-11-03T19:52:01.029Z
0;open;2021-11-03T19:50:00Z;0;364;0;364;364;24281[Hauptbahnhof Süd];2021-11-03T19:52:01.029Z
0.41161928;open;2021-11-03T19:50:00Z;333;476;0;809;809;24279[Konstabler];2021-11-03T19:52:01.029Z
0.64788735;open;2021-11-03T19:50:00Z;276;150;0;426;426;18497[Hauptwache];2021-11-03T19:52:01.029Z
0.41911766;open;2021-11-03T19:50:00Z;285;395;0;680;680;18495[Am Gericht];2021-11-03T19:52:01.029Z
0.20647322;open;2021-11-03T19:50:00Z;185;711;70;966;896;109240[MyZeil];2021-11-03T19:52:01.029Z
0.53154576;open;2021-11-03T19:50:00Z;337;297;0;634;634;18494[Konrad-Adenauer-Straße];2021-11-03T19:52:01.029Z
0.395;open;2021-11-03T19:55:00Z;79;121;150;350;200;24276[Turmcenter];2021-11-03T19:57:01.006Z
0.7002457;open;2021-11-03T19:55:00Z;285;122;0;407;407;18944[Alte Oper];2021-11-03T19:57:01.006Z
0;open;2021-11-03T19:55:00Z;0;364;0;364;364;24281[Hauptbahnhof Süd];2021-11-03T19:57:01.006Z
0.4054388;open;2021-11-03T19:55:00Z;328;481;0;809;809;24279[Konstabler];2021-11-03T19:57:01.006Z
0.63849765;open;2021-11-03T19:55:00Z;272;154;0;426;426;18497[Hauptwache];2021-11-03T19:57:01.006Z
0.4132353;open;2021-11-03T19:55:00Z;281;399;0;680;680;18495[Am Gericht];2021-11-03T19:57:01.006Z
0.20200893;open;2021-11-03T19:55:00Z;181;715;70;966;896;109240[MyZeil];2021-11-03T19:57:01.006Z
0.53154576;open;2021-11-03T19:55:00Z;337;297;0;634;634;18494[Konrad-Adenauer-Straße];2021-11-03T19:57:01.006Z
0.35;open;2021-11-03T20:15:00Z;70;130;150;350;200;24276[Turmcenter];2021-11-03T20:17:00.294Z
0.6830467;open;2021-11-03T20:15:00Z;278;129;0;407;407;18944[Alte Oper];2021-11-03T20:17:00.294Z
0;open;2021-11-03T20:15:00Z;0;364;0;364;364;24281[Hauptbahnhof Süd];2021-11-03T20:17:00.294Z
0.38442522;open;2021-11-03T20:15:00Z;311;498;0;809;809;24279[Konstabler];2021-11-03T20:17:00.294Z
0.62676054;open;2021-11-03T20:15:00Z;267;159;0;426;426;18497[Hauptwache];2021-11-03T20:17:00.294Z
0.40588236;open;2021-11-03T20:15:00Z;276;404;0;680;680;18495[Am Gericht];2021-11-03T20:17:00.294Z
0.19419643;open;2021-11-03T20:15:00Z;174;722;70;966;896;109240[MyZeil];2021-11-03T20:17:00.294Z
0.51735014;open;2021-11-03T20:15:00Z;328;306;0;634;634;18494[Konrad-Adenauer-Straße];2021-11-03T20:17:00.294Z
0.345;open;2021-11-03T20:30:00Z;69;131;150;350;200;24276[Turmcenter];2021-11-03T20:32:03.001Z
0.66584766;open;2021-11-03T20:30:00Z;271;136;0;407;407;18944[Alte Oper];2021-11-03T20:32:03.001Z
0;open;2021-11-03T20:30:00Z;0;364;0;364;364;24281[Hauptbahnhof Süd];2021-11-03T20:32:03.001Z
0.3695921;open;2021-11-03T20:30:00Z;299;510;0;809;809;24279[Konstabler];2021-11-03T20:32:03.001Z
0.6032864;open;2021-11-03T20:30:00Z;257;169;0;426;426;18497[Hauptwache];2021-11-03T20:32:03.001Z
0.40294117;open;2021-11-03T20:30:00Z;274;406;0;680;680;18495[Am Gericht];2021-11-03T20:32:03.001Z
0.18861607;open;2021-11-03T20:30:00Z;169;727;70;966;896;109240[MyZeil];2021-11-03T20:32:03.001Z
0.5094637;open;2021-11-03T20:30:00Z;323;311;0;634;634;18494[Konrad-Adenauer-Straße];2021-11-03T20:32:03.001Z
0.325;open;2021-11-03T20:45:00Z;65;135;150;350;200;24276[Turmcenter];2021-11-03T20:47:02.722Z
0.6486486;open;2021-11-03T20:45:00Z;264;143;0;407;407;18944[Alte Oper];2021-11-03T20:47:02.722Z
0;open;2021-11-03T20:45:00Z;0;364;0;364;364;24281[Hauptbahnhof Süd];2021-11-03T20:47:02.722Z
0.3634116;open;2021-11-03T20:45:00Z;294;515;0;809;809;24279[Konstabler];2021-11-03T20:47:02.722Z
0.5938967;open;2021-11-03T20:45:00Z;253;173;0;426;426;18497[Hauptwache];2021-11-03T20:47:02.722Z
0.4014706;open;2021-11-03T20:45:00Z;273;407;0;680;680;18495[Am Gericht];2021-11-03T20:47:02.722Z
0.4873817;open;2021-11-03T20:45:00Z;309;325;0;634;634;18494[Konrad-Adenauer-Straße];2021-11-03T20:47:02.722Z
0.32;open;2021-11-03T20:50:00Z;64;136;150;350;200;24276[Turmcenter];2021-11-03T20:52:02.701Z
0.6363636;open;2021-11-03T20:50:00Z;259;148;0;407;407;18944[Alte Oper];2021-11-03T20:52:02.701Z
0;open;2021-11-03T20:50:00Z;0;364;0;364;364;24281[Hauptbahnhof Süd];2021-11-03T20:52:02.701Z
0.36093944;open;2021-11-03T20:50:00Z;292;517;0;809;809;24279[Konstabler];2021-11-03T20:52:02.701Z
0.59624416;open;2021-11-03T20:50:00Z;254;172;0;426;426;18497[Hauptwache];2021-11-03T20:52:02.701Z
0.4014706;open;2021-11-03T20:50:00Z;273;407;0;680;680;18495[Am Gericht];2021-11-03T20:52:02.701Z
0.18303572;open;2021-11-03T20:50:00Z;164;732;70;966;896;109240[MyZeil];2021-11-03T20:52:02.701Z
0.48422712;open;2021-11-03T20:50:00Z;307;327;0;634;634;18494[Konrad-Adenauer-Straße];2021-11-03T20:52:02.701Z
0.315;open;2021-11-03T21:01:00Z;63;137;150;350;200;24276[Turmcenter];2021-11-03T21:02:02.600Z
0.62407863;open;2021-11-03T21:01:00Z;254;153;0;407;407;18944[Alte Oper];2021-11-03T21:02:02.600Z
0;open;2021-11-03T21:01:00Z;0;364;0;364;364;24281[Hauptbahnhof Süd];2021-11-03T21:02:02.600Z
0.35105067;open;2021-11-03T21:01:00Z;284;525;0;809;809;24279[Konstabler];2021-11-03T21:02:02.600Z
0.58215964;open;2021-11-03T21:01:00Z;248;178;0;426;426;18497[Hauptwache];2021-11-03T21:02:02.600Z
0.3985294;open;2021-11-03T21:01:00Z;271;409;0;680;680;18495[Am Gericht];2021-11-03T21:02:02.600Z
0.18191965;open;2021-11-03T21:01:00Z;163;733;70;966;896;109240[MyZeil];2021-11-03T21:02:02.600Z
0.4747634;open;2021-11-03T21:01:00Z;301;333;0;634;634;18494[Konrad-Adenauer-Straße];2021-11-03T21:02:02.600Z
0.275;open;2021-11-03T21:16:00Z;55;145;150;350;200;24276[Turmcenter];2021-11-03T21:17:03.018Z
0.6093366;open;2021-11-03T21:16:00Z;248;159;0;407;407;18944[Alte Oper];2021-11-03T21:17:03.018Z
0.0027472528;open;2021-11-03T21:16:00Z;1;363;0;364;364;24281[Hauptbahnhof Süd];2021-11-03T21:17:03.018Z
0.33374536;open;2021-11-03T21:16:00Z;270;539;0;809;809;24279[Konstabler];2021-11-03T21:17:03.018Z
0.5657277;open;2021-11-03T21:16:00Z;241;185;0;426;426;18497[Hauptwache];2021-11-03T21:17:03.018Z
0.4;open;2021-11-03T21:16:00Z;272;408;0;680;680;18495[Am Gericht];2021-11-03T21:17:03.018Z
0.46687698;open;2021-11-03T21:16:00Z;296;338;0;634;634;18494[Konrad-Adenauer-Straße];2021-11-03T21:17:03.018Z
0.215;open;2021-11-03T21:31:00Z;43;157;150;350;200;24276[Turmcenter];2021-11-03T21:32:00.863Z
0.5798526;open;2021-11-03T21:31:00Z;236;171;0;407;407;18944[Alte Oper];2021-11-03T21:32:00.863Z
0;open;2021-11-03T21:31:00Z;0;364;0;364;364;24281[Hauptbahnhof Süd];2021-11-03T21:32:00.863Z
0.3263288;open;2021-11-03T21:31:00Z;264;545;0;809;809;24279[Konstabler];2021-11-03T21:32:00.863Z
0.5539906;open;2021-11-03T21:31:00Z;236;190;0;426;426;18497[Hauptwache];2021-11-03T21:32:00.863Z
0.3970588;open;2021-11-03T21:31:00Z;270;410;0;680;680;18495[Am Gericht];2021-11-03T21:32:00.863Z
0.17745535;open;2021-11-03T21:31:00Z;159;737;70;966;896;109240[MyZeil];2021-11-03T21:32:00.863Z
0.45741326;open;2021-11-03T21:31:00Z;290;344;0;634;634;18494[Konrad-Adenauer-Straße];2021-11-03T21:32:00.863Z
0.15;open;2021-11-03T21:47:00Z;30;170;150;350;200;24276[Turmcenter];2021-11-03T21:52:02.818Z
0.36117935;open;2021-11-03T21:47:00Z;147;260;0;407;407;18944[Alte Oper];2021-11-03T21:52:02.818Z
0;open;2021-11-03T21:47:00Z;0;364;0;364;364;24281[Hauptbahnhof Süd];2021-11-03T21:52:02.818Z
0.3090235;open;2021-11-03T21:47:00Z;250;559;0;809;809;24279[Konstabler];2021-11-03T21:52:02.818Z
0.5492958;open;2021-11-03T21:47:00Z;234;192;0;426;426;18497[Hauptwache];2021-11-03T21:52:02.818Z
0.39411765;open;2021-11-03T21:47:00Z;268;412;0;680;680;18495[Am Gericht];2021-11-03T21:52:02.818Z
0.44479495;open;2021-11-03T21:47:00Z;282;352;0;634;634;18494[Konrad-Adenauer-Straße];2021-11-03T21:52:02.818Z
0.15;open;2021-11-03T21:52:00Z;30;170;150;350;200;24276[Turmcenter];2021-11-03T21:57:02.895Z
0.28255528;open;2021-11-03T21:52:00Z;115;292;0;407;407;18944[Alte Oper];2021-11-03T21:57:02.895Z
0;open;2021-11-03T21:52:00Z;0;364;0;364;364;24281[Hauptbahnhof Süd];2021-11-03T21:57:02.895Z
0.3077874;open;2021-11-03T21:52:00Z;249;560;0;809;809;24279[Konstabler];2021-11-03T21:57:02.895Z
0.5422535;open;2021-11-03T21:52:00Z;231;195;0;426;426;18497[Hauptwache];2021-11-03T21:57:02.895Z
0.39117646;open;2021-11-03T21:52:00Z;266;414;0;680;680;18495[Am Gericht];2021-11-03T21:57:02.895Z
0.44479495;open;2021-11-03T21:52:00Z;282;352;0;634;634;18494[Konrad-Adenauer-Straße];2021-11-03T21:57:02.895Z
0.14;open;2021-11-03T22:07:00Z;28;172;150;350;200;24276[Turmcenter];2021-11-03T22:12:01.300Z
0.21375921;open;2021-11-03T22:07:00Z;87;320;0;407;407;18944[Alte Oper];2021-11-03T22:12:01.300Z
0;open;2021-11-03T22:07:00Z;0;364;0;364;364;24281[Hauptbahnhof Süd];2021-11-03T22:12:01.300Z
0.30037084;open;2021-11-03T22:07:00Z;243;566;0;809;809;24279[Konstabler];2021-11-03T22:12:01.300Z
0.52112675;open;2021-11-03T22:07:00Z;222;204;0;426;426;18497[Hauptwache];2021-11-03T22:12:01.300Z
0.39117646;open;2021-11-03T22:07:00Z;266;414;0;680;680;18495[Am Gericht];2021-11-03T22:12:01.300Z
0.42113563;open;2021-11-03T22:07:00Z;267;367;0;634;634;18494[Konrad-Adenauer-Straße];2021-11-03T22:12:01.300Z
0.12;open;2021-11-03T22:23:00Z;24;176;150;350;200;24276[Turmcenter];2021-11-03T22:27:02.447Z
0.18427518;open;2021-11-03T22:23:00Z;75;332;0;407;407;18944[Alte Oper];2021-11-03T22:27:02.447Z
0;open;2021-11-03T22:23:00Z;0;364;0;364;364;24281[Hauptbahnhof Süd];2021-11-03T22:27:02.447Z
0.28800988;open;2021-11-03T22:23:00Z;233;576;0;809;809;24279[Konstabler];2021-11-03T22:27:02.447Z
0.5117371;open;2021-11-03T22:23:00Z;218;208;0;426;426;18497[Hauptwache];2021-11-03T22:27:02.447Z
0.39117646;open;2021-11-03T22:23:00Z;266;414;0;680;680;18495[Am Gericht];2021-11-03T22:27:02.447Z
0.41167194;open;2021-11-03T22:23:00Z;261;373;0;634;634;18494[Konrad-Adenauer-Straße];2021-11-03T22:27:02.447Z
0.075;open;2021-11-03T22:38:00Z;15;185;150;350;200;24276[Turmcenter];2021-11-03T22:42:00.239Z
0.16461916;open;2021-11-03T22:38:00Z;67;340;0;407;407;18944[Alte Oper];2021-11-03T22:42:00.239Z
0;open;2021-11-03T22:38:00Z;0;364;0;364;364;24281[Hauptbahnhof Süd];2021-11-03T22:42:00.239Z
0.28182942;open;2021-11-03T22:38:00Z;228;581;0;809;809;24279[Konstabler];2021-11-03T22:42:00.239Z
0.5070422;open;2021-11-03T22:38:00Z;216;210;0;426;426;18497[Hauptwache];2021-11-03T22:42:00.239Z
0.3882353;open;2021-11-03T22:38:00Z;264;416;0;680;680;18495[Am Gericht];2021-11-03T22:42:00.239Z
0.1640625;open;2021-11-03T22:38:00Z;147;749;70;966;896;109240[MyZeil];2021-11-03T22:42:00.239Z
0.40851736;open;2021-11-03T22:38:00Z;259;375;0;634;634;18494[Konrad-Adenauer-Straße];2021-11-03T22:42:00.239Z
0.045;open;2021-11-03T22:43:00Z;9;191;150;350;200;24276[Turmcenter];2021-11-03T22:47:01.267Z
0.15724815;open;2021-11-03T22:43:00Z;64;343;0;407;407;18944[Alte Oper];2021-11-03T22:47:01.267Z
0.0027472528;open;2021-11-03T22:43:00Z;1;363;0;364;364;24281[Hauptbahnhof Süd];2021-11-03T22:47:01.267Z
0.28059334;open;2021-11-03T22:43:00Z;227;582;0;809;809;24279[Konstabler];2021-11-03T22:47:01.267Z
0.5046948;open;2021-11-03T22:43:00Z;215;211;0;426;426;18497[Hauptwache];2021-11-03T22:47:01.267Z
0.3897059;open;2021-11-03T22:43:00Z;265;415;0;680;680;18495[Am Gericht];2021-11-03T22:47:01.267Z
0.1640625;open;2021-11-03T22:43:00Z;147;749;70;966;896;109240[MyZeil];2021-11-03T22:47:01.267Z
0.40851736;open;2021-11-03T22:43:00Z;259;375;0;634;634;18494[Konrad-Adenauer-Straße];2021-11-03T22:47:01.267Z
0.01;open;2021-11-03T22:54:00Z;2;198;150;350;200;24276[Turmcenter];2021-11-03T22:57:01.560Z
0.14742015;open;2021-11-03T22:54:00Z;60;347;0;407;407;18944[Alte Oper];2021-11-03T22:57:01.560Z
0;open;2021-11-03T22:54:00Z;0;364;0;364;364;24281[Hauptbahnhof Süd];2021-11-03T22:57:01.560Z
0.28059334;open;2021-11-03T22:54:00Z;227;582;0;809;809;24279[Konstabler];2021-11-03T22:57:01.560Z
0.5046948;open;2021-11-03T22:54:00Z;215;211;0;426;426;18497[Hauptwache];2021-11-03T22:57:01.560Z
0.3867647;open;2021-11-03T22:54:00Z;263;417;0;680;680;18495[Am Gericht];2021-11-03T22:57:01.560Z
0.16183035;open;2021-11-03T22:54:00Z;145;751;70;966;896;109240[MyZeil];2021-11-03T22:57:01.560Z
0.40851736;open;2021-11-03T22:54:00Z;259;375;0;634;634;18494[Konrad-Adenauer-Straße];2021-11-03T22:57:01.560Z
0.005;open;2021-11-03T23:09:00Z;1;199;150;350;200;24276[Turmcenter];2021-11-03T23:12:00.593Z
0.13267814;open;2021-11-03T23:09:00Z;54;353;0;407;407;18944[Alte Oper];2021-11-03T23:12:00.593Z
0;open;2021-11-03T23:09:00Z;0;364;0;364;364;24281[Hauptbahnhof Süd];2021-11-03T23:12:00.593Z
0.27812114;open;2021-11-03T23:09:00Z;225;584;0;809;809;24279[Konstabler];2021-11-03T23:12:00.593Z
0.49530515;open;2021-11-03T23:09:00Z;211;215;0;426;426;18497[Hauptwache];2021-11-03T23:12:00.593Z
0;closed;2021-11-03T23:09:00Z;;417;0;0;0;18495[Am Gericht];2021-11-03T23:12:00.593Z
0.15513393;open;2021-11-03T23:09:00Z;139;757;70;966;896;109240[MyZeil];2021-11-03T23:12:00.593Z
0.40851736;open;2021-11-03T23:09:00Z;259;375;0;634;634;18494[Konrad-Adenauer-Straße];2021-11-03T23:12:00.593Z
0;open;2021-11-03T23:25:00Z;0;200;150;350;200;24276[Turmcenter];2021-11-03T23:27:02.317Z
0.12530713;open;2021-11-03T23:25:00Z;51;356;0;407;407;18944[Alte Oper];2021-11-03T23:27:02.317Z
0.0027472528;open;2021-11-03T23:25:00Z;1;363;0;364;364;24281[Hauptbahnhof Süd];2021-11-03T23:27:02.317Z
0.27441284;open;2021-11-03T23:25:00Z;222;587;0;809;809;24279[Konstabler];2021-11-03T23:27:02.317Z
0.49295774;open;2021-11-03T23:25:00Z;210;216;0;426;426;18497[Hauptwache];2021-11-03T23:27:02.317Z
0;closed;2021-11-03T23:25:00Z;;417;0;0;0;18495[Am Gericht];2021-11-03T23:27:02.317Z
0.15178572;open;2021-11-03T23:25:00Z;136;760;70;966;896;109240[MyZeil];2021-11-03T23:27:02.317Z
0.40694007;open;2021-11-03T23:25:00Z;258;376;0;634;634;18494[Konrad-Adenauer-Straße];2021-11-03T23:27:02.317Z
0;open;2021-11-03T23:40:00Z;0;200;150;350;200;24276[Turmcenter];2021-11-03T23:42:01.277Z
0.12530713;open;2021-11-03T23:40:00Z;51;356;0;407;407;18944[Alte Oper];2021-11-03T23:42:01.277Z
0.0027472528;open;2021-11-03T23:40:00Z;1;363;0;364;364;24281[Hauptbahnhof Süd];2021-11-03T23:42:01.277Z
0.27317676;open;2021-11-03T23:40:00Z;221;588;0;809;809;24279[Konstabler];2021-11-03T23:42:01.277Z
0.49061033;open;2021-11-03T23:40:00Z;209;217;0;426;426;18497[Hauptwache];2021-11-03T23:42:01.277Z
0;closed;2021-11-03T23:40:00Z;;417;0;0;0;18495[Am Gericht];2021-11-03T23:42:01.277Z
0.15178572;open;2021-11-03T23:40:00Z;136;760;70;966;896;109240[MyZeil];2021-11-03T23:42:01.277Z
0.4037855;open;2021-11-03T23:40:00Z;256;378;0;634;634;18494[Konrad-Adenauer-Straße];2021-11-03T23:42:01.277Z
0;open;2021-11-03T23:45:00Z;0;200;150;350;200;24276[Turmcenter];2021-11-03T23:47:01.293Z
0.12530713;open;2021-11-03T23:45:00Z;51;356;0;407;407;18944[Alte Oper];2021-11-03T23:47:01.293Z
0.0027472528;open;2021-11-03T23:45:00Z;1;363;0;364;364;24281[Hauptbahnhof Süd];2021-11-03T23:47:01.293Z
0.27070457;open;2021-11-03T23:45:00Z;219;590;0;809;809;24279[Konstabler];2021-11-03T23:47:01.293Z
0.48826292;open;2021-11-03T23:45:00Z;208;218;0;426;426;18497[Hauptwache];2021-11-03T23:47:01.293Z
0;closed;2021-11-03T23:45:00Z;;417;0;0;0;18495[Am Gericht];2021-11-03T23:47:01.293Z
0.15178572;open;2021-11-03T23:45:00Z;136;760;70;966;896;109240[MyZeil];2021-11-03T23:47:01.293Z
0.4037855;open;2021-11-03T23:45:00Z;256;378;0;634;634;18494[Konrad-Adenauer-Straße];2021-11-03T23:47:01.293Z
0;open;2021-11-03T23:50:00Z;0;200;150;350;200;24276[Turmcenter];2021-11-03T23:52:02.212Z
0.12039312;open;2021-11-03T23:50:00Z;49;358;0;407;407;18944[Alte Oper];2021-11-03T23:52:02.212Z
0.0027472528;open;2021-11-03T23:50:00Z;1;363;0;364;364;24281[Hauptbahnhof Süd];2021-11-03T23:52:02.212Z
0.27070457;open;2021-11-03T23:50:00Z;219;590;0;809;809;24279[Konstabler];2021-11-03T23:52:02.212Z
0.48826292;open;2021-11-03T23:50:00Z;208;218;0;426;426;18497[Hauptwache];2021-11-03T23:52:02.212Z
0;closed;2021-11-03T23:50:00Z;;417;0;0;0;18495[Am Gericht];2021-11-03T23:52:02.212Z
0.15178572;open;2021-11-03T23:50:00Z;136;760;70;966;896;109240[MyZeil];2021-11-03T23:52:02.212Z
0.40536278;open;2021-11-03T23:50:00Z;257;377;0;634;634;18494[Konrad-Adenauer-Straße];2021-11-03T23:52:02.212Z
0;open;2021-11-04T00:01:00Z;0;200;150;350;200;24276[Turmcenter];2021-11-04T00:02:02.210Z
0.11793612;open;2021-11-04T00:01:00Z;48;359;0;407;407;18944[Alte Oper];2021-11-04T00:02:02.210Z
0.0027472528;open;2021-11-04T00:01:00Z;1;363;0;364;364;24281[Hauptbahnhof Süd];2021-11-04T00:02:02.210Z
0.2694685;open;2021-11-04T00:01:00Z;218;591;0;809;809;24279[Konstabler];2021-11-04T00:02:02.210Z
0.48826292;open;2021-11-04T00:01:00Z;208;218;0;426;426;18497[Hauptwache];2021-11-04T00:02:02.210Z
0;closed;2021-11-04T00:01:00Z;;417;0;0;0;18495[Am Gericht];2021-11-04T00:02:02.210Z
0.15066965;open;2021-11-04T00:01:00Z;135;761;70;966;896;109240[MyZeil];2021-11-04T00:02:02.210Z
0.4022082;open;2021-11-04T00:01:00Z;255;379;0;634;634;18494[Konrad-Adenauer-Straße];2021-11-04T00:02:02.210Z
0;open;2021-11-04T01:07:00Z;0;200;150;350;200;24276[Turmcenter];2021-11-04T01:12:02.804Z
0.11547912;open;2021-11-04T01:07:00Z;47;360;0;407;407;18944[Alte Oper];2021-11-04T01:12:02.804Z
0.0027472528;open;2021-11-04T01:07:00Z;1;363;0;364;364;24281[Hauptbahnhof Süd];2021-11-04T01:12:02.804Z
0.2669963;open;2021-11-04T01:07:00Z;216;593;0;809;809;24279[Konstabler];2021-11-04T01:12:02.804Z
0.48356807;open;2021-11-04T01:07:00Z;206;220;0;426;426;18497[Hauptwache];2021-11-04T01:12:02.804Z
0;closed;2021-11-04T01:07:00Z;;417;0;0;0;18495[Am Gericht];2021-11-04T01:12:02.804Z
0.1484375;open;2021-11-04T01:07:00Z;133;763;70;966;896;109240[MyZeil];2021-11-04T01:12:02.804Z
0.4037855;open;2021-11-04T01:07:00Z;256;378;0;634;634;18494[Konrad-Adenauer-Straße];2021-11-04T01:12:02.804Z
0;open;2021-11-04T02:08:00Z;0;200;150;350;200;24276[Turmcenter];2021-11-04T02:12:02.115Z
0.11302211;open;2021-11-04T02:08:00Z;46;361;0;407;407;18944[Alte Oper];2021-11-04T02:12:02.115Z
0;open;2021-11-04T02:08:00Z;0;364;0;364;364;24281[Hauptbahnhof Süd];2021-11-04T02:12:02.115Z
0.2669963;open;2021-11-04T02:08:00Z;216;593;0;809;809;24279[Konstabler];2021-11-04T02:12:02.115Z
0.47887325;open;2021-11-04T02:08:00Z;204;222;0;426;426;18497[Hauptwache];2021-11-04T02:12:02.115Z
0;closed;2021-11-04T02:08:00Z;;417;0;0;0;18495[Am Gericht];2021-11-04T02:12:02.115Z
0.14732143;open;2021-11-04T02:08:00Z;132;764;70;966;896;109240[MyZeil];2021-11-04T02:12:02.115Z
0.40536278;open;2021-11-04T02:08:00Z;257;377;0;634;634;18494[Konrad-Adenauer-Straße];2021-11-04T02:12:02.115Z
0;open;2021-11-04T02:33:00Z;0;200;150;350;200;24276[Turmcenter];2021-11-04T02:37:00.561Z
0.11302211;open;2021-11-04T02:33:00Z;46;361;0;407;407;18944[Alte Oper];2021-11-04T02:37:00.561Z
0;open;2021-11-04T02:33:00Z;0;364;0;364;364;24281[Hauptbahnhof Süd];2021-11-04T02:37:00.561Z
0.2669963;open;2021-11-04T02:33:00Z;216;593;0;809;809;24279[Konstabler];2021-11-04T02:37:00.561Z
0.47887325;open;2021-11-04T02:33:00Z;204;222;0;426;426;18497[Hauptwache];2021-11-04T02:37:00.561Z
0;closed;2021-11-04T02:33:00Z;;417;0;0;0;18495[Am Gericht];2021-11-04T02:37:00.561Z
0.40851736;open;2021-11-04T02:33:00Z;259;375;0;634;634;18494[Konrad-Adenauer-Straße];2021-11-04T02:37:00.561Z
0;open;2021-11-04T02:48:00Z;0;200;150;350;200;24276[Turmcenter];2021-11-04T02:52:02.553Z
0.11302211;open;2021-11-04T02:48:00Z;46;361;0;407;407;18944[Alte Oper];2021-11-04T02:52:02.553Z
0;open;2021-11-04T02:48:00Z;0;364;0;364;364;24281[Hauptbahnhof Süd];2021-11-04T02:52:02.553Z
0.2669963;open;2021-11-04T02:48:00Z;216;593;0;809;809;24279[Konstabler];2021-11-04T02:52:02.553Z
0.47887325;open;2021-11-04T02:48:00Z;204;222;0;426;426;18497[Hauptwache];2021-11-04T02:52:02.553Z
0;closed;2021-11-04T02:48:00Z;;417;0;0;0;18495[Am Gericht];2021-11-04T02:52:02.553Z
0.40536278;open;2021-11-04T02:48:00Z;257;377;0;634;634;18494[Konrad-Adenauer-Straße];2021-11-04T02:52:02.553Z
0;open;2021-11-04T02:59:00Z;0;200;150;350;200;24276[Turmcenter];2021-11-04T03:02:01.929Z
0.11302211;open;2021-11-04T02:59:00Z;46;361;0;407;407;18944[Alte Oper];2021-11-04T03:02:01.929Z
0;open;2021-11-04T02:59:00Z;0;364;0;364;364;24281[Hauptbahnhof Süd];2021-11-04T03:02:01.929Z
0.2669963;open;2021-11-04T02:59:00Z;216;593;0;809;809;24279[Konstabler];2021-11-04T03:02:01.929Z
0.47887325;open;2021-11-04T02:59:00Z;204;222;0;426;426;18497[Hauptwache];2021-11-04T03:02:01.929Z
0;closed;2021-11-04T02:59:00Z;;;0;0;0;18495[Am Gericht];2021-11-04T03:02:01.929Z
0.14732143;open;2021-11-04T02:59:00Z;132;764;70;966;896;109240[MyZeil];2021-11-04T03:02:01.929Z
0.40536278;open;2021-11-04T02:59:00Z;257;377;0;634;634;18494[Konrad-Adenauer-Straße];2021-11-04T03:02:01.929Z
0;open;2021-11-04T03:24:00Z;0;200;150;350;200;24276[Turmcenter];2021-11-04T03:27:02.466Z
0.11302211;open;2021-11-04T03:24:00Z;46;361;0;407;407;18944[Alte Oper];2021-11-04T03:27:02.466Z
0;open;2021-11-04T03:24:00Z;0;364;0;364;364;24281[Hauptbahnhof Süd];2021-11-04T03:27:02.466Z
0.2694685;open;2021-11-04T03:24:00Z;218;591;0;809;809;24279[Konstabler];2021-11-04T03:27:02.466Z
0.47887325;open;2021-11-04T03:24:00Z;204;222;0;426;426;18497[Hauptwache];2021-11-04T03:27:02.466Z
0;closed;2021-11-04T03:24:00Z;;;0;0;0;18495[Am Gericht];2021-11-04T03:27:02.466Z
0.14732143;open;2021-11-04T03:24:00Z;132;764;70;966;896;109240[MyZeil];2021-11-04T03:27:02.466Z
0.40851736;open;2021-11-04T03:24:00Z;259;375;0;634;634;18494[Konrad-Adenauer-Straße];2021-11-04T03:27:02.466Z
0;open;2021-11-04T03:34:00Z;0;200;150;350;200;24276[Turmcenter];2021-11-04T03:37:02.444Z
0.11547912;open;2021-11-04T03:34:00Z;47;360;0;407;407;18944[Alte Oper];2021-11-04T03:37:02.444Z
0;open;2021-11-04T03:34:00Z;0;364;0;364;364;24281[Hauptbahnhof Süd];2021-11-04T03:37:02.444Z
0.26823238;open;2021-11-04T03:34:00Z;217;592;0;809;809;24279[Konstabler];2021-11-04T03:37:02.444Z
0.47887325;open;2021-11-04T03:34:00Z;204;222;0;426;426;18497[Hauptwache];2021-11-04T03:37:02.444Z
0;closed;2021-11-04T03:34:00Z;;;0;0;0;18495[Am Gericht];2021-11-04T03:37:02.444Z
0.14732143;open;2021-11-04T03:34:00Z;132;764;70;966;896;109240[MyZeil];2021-11-04T03:37:02.444Z
0.4148265;open;2021-11-04T03:34:00Z;263;371;0;634;634;18494[Konrad-Adenauer-Straße];2021-11-04T03:37:02.444Z
0;open;2021-11-04T03:44:00Z;0;200;150;350;200;24276[Turmcenter];2021-11-04T03:47:02.994Z
0.11547912;open;2021-11-04T03:44:00Z;47;360;0;407;407;18944[Alte Oper];2021-11-04T03:47:02.994Z
0;open;2021-11-04T03:44:00Z;0;364;0;364;364;24281[Hauptbahnhof Süd];2021-11-04T03:47:02.994Z
0.26823238;open;2021-11-04T03:44:00Z;217;592;0;809;809;24279[Konstabler];2021-11-04T03:47:02.994Z
0.47887325;open;2021-11-04T03:44:00Z;204;222;0;426;426;18497[Hauptwache];2021-11-04T03:47:02.994Z
0;closed;2021-11-04T03:44:00Z;;;0;0;0;18495[Am Gericht];2021-11-04T03:47:02.994Z
0.14732143;open;2021-11-04T03:44:00Z;132;764;70;966;896;109240[MyZeil];2021-11-04T03:47:02.994Z
0.4148265;open;2021-11-04T03:44:00Z;263;371;0;634;634;18494[Konrad-Adenauer-Straße];2021-11-04T03:47:02.994Z
0;open;2021-11-04T03:59:00Z;0;200;150;350;200;24276[Turmcenter];2021-11-04T04:02:00.572Z
0.11547912;open;2021-11-04T03:59:00Z;47;360;0;407;407;18944[Alte Oper];2021-11-04T04:02:00.572Z
0;open;2021-11-04T03:59:00Z;0;364;0;364;364;24281[Hauptbahnhof Süd];2021-11-04T04:02:00.572Z
0.26823238;open;2021-11-04T03:59:00Z;217;592;0;809;809;24279[Konstabler];2021-11-04T04:02:00.572Z
0.47887325;open;2021-11-04T03:59:00Z;204;222;0;426;426;18497[Hauptwache];2021-11-04T04:02:00.572Z
0;closed;2021-11-04T03:59:00Z;;;0;0;0;18495[Am Gericht];2021-11-04T04:02:00.572Z
0.4148265;open;2021-11-04T03:59:00Z;263;371;0;634;634;18494[Konrad-Adenauer-Straße];2021-11-04T04:02:00.572Z
0;open;2021-11-04T04:14:00Z;0;200;150;350;200;24276[Turmcenter];2021-11-04T04:17:00.857Z
0.11547912;open;2021-11-04T04:14:00Z;47;360;0;407;407;18944[Alte Oper];2021-11-04T04:17:00.857Z
0;open;2021-11-04T04:14:00Z;0;364;0;364;364;24281[Hauptbahnhof Süd];2021-11-04T04:17:00.857Z
0.26823238;open;2021-11-04T04:14:00Z;217;592;0;809;809;24279[Konstabler];2021-11-04T04:17:00.857Z
0.47887325;open;2021-11-04T04:14:00Z;204;222;0;426;426;18497[Hauptwache];2021-11-04T04:17:00.857Z
0;closed;2021-11-04T04:14:00Z;;;0;0;0;18495[Am Gericht];2021-11-04T04:17:00.857Z
0.4148265;open;2021-11-04T04:14:00Z;263;371;0;634;634;18494[Konrad-Adenauer-Straße];2021-11-04T04:17:00.857Z
0;open;2021-11-04T04:39:00Z;0;200;150;350;200;24276[Turmcenter];2021-11-04T04:42:00.698Z
0;open;2021-11-04T04:39:00Z;0;407;0;407;407;18944[Alte Oper];2021-11-04T04:42:00.698Z
0.0054945056;open;2021-11-04T04:39:00Z;2;362;0;364;364;24281[Hauptbahnhof Süd];2021-11-04T04:42:00.698Z
0.27070457;open;2021-11-04T04:39:00Z;219;590;0;809;809;24279[Konstabler];2021-11-04T04:42:00.698Z
0.4765258;open;2021-11-04T04:39:00Z;203;223;0;426;426;18497[Hauptwache];2021-11-04T04:42:00.698Z
0;closed;2021-11-04T04:39:00Z;;;0;0;0;18495[Am Gericht];2021-11-04T04:42:00.698Z
0.14732143;open;2021-11-04T04:39:00Z;132;764;70;966;896;109240[MyZeil];2021-11-04T04:42:00.698Z
0.41955835;open;2021-11-04T04:39:00Z;266;368;0;634;634;18494[Konrad-Adenauer-Straße];2021-11-04T04:42:00.698Z
0.17;open;2021-11-04T04:55:00Z;34;166;150;350;200;24276[Turmcenter];2021-11-04T04:57:00.168Z
0.0024570024;open;2021-11-04T04:55:00Z;1;406;0;407;407;18944[Alte Oper];2021-11-04T04:57:00.168Z
0.01923077;open;2021-11-04T04:55:00Z;7;357;0;364;364;24281[Hauptbahnhof Süd];2021-11-04T04:57:00.168Z
0.2694685;open;2021-11-04T04:55:00Z;218;591;0;809;809;24279[Konstabler];2021-11-04T04:57:00.168Z
0.4765258;open;2021-11-04T04:55:00Z;203;223;0;426;426;18497[Hauptwache];2021-11-04T04:57:00.168Z
0;closed;2021-11-04T04:55:00Z;;;0;0;0;18495[Am Gericht];2021-11-04T04:57:00.168Z
0.1484375;open;2021-11-04T04:55:00Z;133;763;70;966;896;109240[MyZeil];2021-11-04T04:57:00.168Z
0.42271292;open;2021-11-04T04:55:00Z;268;366;0;634;634;18494[Konrad-Adenauer-Straße];2021-11-04T04:57:00.168Z
0.23333333;open;2021-11-04T05:10:00Z;35;115;200;350;150;24276[Turmcenter];2021-11-04T05:12:02.823Z
0;open;2021-11-04T05:10:00Z;0;407;0;407;407;18944[Alte Oper];2021-11-04T05:12:02.823Z
0.057692308;open;2021-11-04T05:10:00Z;21;343;0;364;364;24281[Hauptbahnhof Süd];2021-11-04T05:12:02.823Z
0.2694685;open;2021-11-04T05:10:00Z;218;591;0;809;809;24279[Konstabler];2021-11-04T05:12:02.823Z
0.4765258;open;2021-11-04T05:10:00Z;203;223;0;426;426;18497[Hauptwache];2021-11-04T05:12:02.823Z
0.4014706;open;2021-11-04T05:10:00Z;273;407;0;680;680;18495[Am Gericht];2021-11-04T05:12:02.823Z
0.14955357;open;2021-11-04T05:10:00Z;134;762;70;966;896;109240[MyZeil];2021-11-04T05:12:02.823Z
0.4258675;open;2021-11-04T05:10:00Z;270;364;0;634;634;18494[Konrad-Adenauer-Straße];2021-11-04T05:12:02.823Z
0.23333333;open;2021-11-04T05:25:00Z;35;115;200;350;150;24276[Turmcenter];2021-11-04T05:27:02.225Z
0;open;2021-11-04T05:25:00Z;0;407;0;407;407;18944[Alte Oper];2021-11-04T05:27:02.225Z
0.082417585;open;2021-11-04T05:25:00Z;30;334;0;364;364;24281[Hauptbahnhof Süd];2021-11-04T05:27:02.225Z
0.27194068;open;2021-11-04T05:25:00Z;220;589;0;809;809;24279[Konstabler];2021-11-04T05:27:02.225Z
0.47887325;open;2021-11-04T05:25:00Z;204;222;0;426;426;18497[Hauptwache];2021-11-04T05:27:02.225Z
0.4014706;open;2021-11-04T05:25:00Z;273;407;0;680;680;18495[Am Gericht];2021-11-04T05:27:02.225Z
0.4274448;open;2021-11-04T05:25:00Z;271;363;0;634;634;18494[Konrad-Adenauer-Straße];2021-11-04T05:27:02.225Z
0.24;open;2021-11-04T05:30:00Z;36;114;200;350;150;24276[Turmcenter];2021-11-04T05:32:00.892Z
0;open;2021-11-04T05:30:00Z;0;407;0;407;407;18944[Alte Oper];2021-11-04T05:32:00.892Z
0.09615385;open;2021-11-04T05:30:00Z;35;329;0;364;364;24281[Hauptbahnhof Süd];2021-11-04T05:32:00.892Z
0.27070457;open;2021-11-04T05:30:00Z;219;590;0;809;809;24279[Konstabler];2021-11-04T05:32:00.892Z
0.47887325;open;2021-11-04T05:30:00Z;204;222;0;426;426;18497[Hauptwache];2021-11-04T05:32:00.892Z
0.40588236;open;2021-11-04T05:30:00Z;276;404;0;680;680;18495[Am Gericht];2021-11-04T05:32:00.892Z
0.14955357;open;2021-11-04T05:30:00Z;134;762;70;966;896;109240[MyZeil];2021-11-04T05:32:00.892Z
0.4258675;open;2021-11-04T05:30:00Z;270;364;0;634;634;18494[Konrad-Adenauer-Straße];2021-11-04T05:32:00.892Z
0.23333333;open;2021-11-04T05:45:00Z;35;115;200;350;150;24276[Turmcenter];2021-11-04T05:47:02.284Z
0.0024570024;open;2021-11-04T05:45:00Z;1;406;0;407;407;18944[Alte Oper];2021-11-04T05:47:02.284Z
0.10989011;open;2021-11-04T05:45:00Z;40;324;0;364;364;24281[Hauptbahnhof Süd];2021-11-04T05:47:02.284Z
0.27688503;open;2021-11-04T05:45:00Z;224;585;0;809;809;24279[Konstabler];2021-11-04T05:47:02.284Z
0.48122066;open;2021-11-04T05:45:00Z;205;221;0;426;426;18497[Hauptwache];2021-11-04T05:47:02.284Z
0.41029412;open;2021-11-04T05:45:00Z;279;401;0;680;680;18495[Am Gericht];2021-11-04T05:47:02.284Z
0.15178572;open;2021-11-04T05:45:00Z;136;760;70;966;896;109240[MyZeil];2021-11-04T05:47:02.284Z
0.4274448;open;2021-11-04T05:45:00Z;271;363;0;634;634;18494[Konrad-Adenauer-Straße];2021-11-04T05:47:02.284Z
0.23333333;open;2021-11-04T05:55:00Z;35;115;200;350;150;24276[Turmcenter];2021-11-04T05:57:00.106Z
0.0024570024;open;2021-11-04T05:55:00Z;1;406;0;407;407;18944[Alte Oper];2021-11-04T05:57:00.106Z
0.115384616;open;2021-11-04T05:55:00Z;42;322;0;364;364;24281[Hauptbahnhof Süd];2021-11-04T05:57:00.106Z
0.27812114;open;2021-11-04T05:55:00Z;225;584;0;809;809;24279[Konstabler];2021-11-04T05:57:00.106Z
0.47887325;open;2021-11-04T05:55:00Z;204;222;0;426;426;18497[Hauptwache];2021-11-04T05:57:00.106Z
0.41470587;open;2021-11-04T05:55:00Z;282;398;0;680;680;18495[Am Gericht];2021-11-04T05:57:00.106Z
0.15401785;open;2021-11-04T05:55:00Z;138;758;70;966;896;109240[MyZeil];2021-11-04T05:57:00.106Z
0.43217665;open;2021-11-04T05:55:00Z;274;360;0;634;634;18494[Konrad-Adenauer-Straße];2021-11-04T05:57:00.106Z
0.26666668;open;2021-11-04T06:25:00Z;40;110;200;350;150;24276[Turmcenter];2021-11-04T06:27:00.387Z
0.012285012;open;2021-11-04T06:25:00Z;5;402;0;407;407;18944[Alte Oper];2021-11-04T06:27:00.387Z
0.14835165;open;2021-11-04T06:25:00Z;54;310;0;364;364;24281[Hauptbahnhof Süd];2021-11-04T06:27:00.387Z
0.2855377;open;2021-11-04T06:25:00Z;231;578;0;809;809;24279[Konstabler];2021-11-04T06:27:00.387Z
0.48591548;open;2021-11-04T06:25:00Z;207;219;0;426;426;18497[Hauptwache];2021-11-04T06:27:00.387Z
0.43676472;open;2021-11-04T06:25:00Z;297;383;0;680;680;18495[Am Gericht];2021-11-04T06:27:00.387Z
0.15625;open;2021-11-04T06:25:00Z;140;756;70;966;896;109240[MyZeil];2021-11-04T06:27:00.387Z
0.43375394;open;2021-11-04T06:25:00Z;275;359;0;634;634;18494[Konrad-Adenauer-Straße];2021-11-04T06:27:00.387Z
0.31333333;open;2021-11-04T06:40:00Z;47;103;200;350;150;24276[Turmcenter];2021-11-04T06:42:02.491Z
0.024570024;open;2021-11-04T06:40:00Z;10;397;0;407;407;18944[Alte Oper];2021-11-04T06:42:02.491Z
0.17307693;open;2021-11-04T06:40:00Z;63;301;0;364;364;24281[Hauptbahnhof Süd];2021-11-04T06:42:02.491Z
0.2867738;open;2021-11-04T06:40:00Z;232;577;0;809;809;24279[Konstabler];2021-11-04T06:42:02.491Z
0.49530515;open;2021-11-04T06:40:00Z;211;215;0;426;426;18497[Hauptwache];2021-11-04T06:42:02.491Z
0.46029413;open;2021-11-04T06:40:00Z;313;367;0;680;680;18495[Am Gericht];2021-11-04T06:42:02.491Z
0.15959822;open;2021-11-04T06:40:00Z;143;753;70;966;896;109240[MyZeil];2021-11-04T06:42:02.491Z
0.44164038;open;2021-11-04T06:40:00Z;280;354;0;634;634;18494[Konrad-Adenauer-Straße];2021-11-04T06:42:02.491Z
0.33333334;open;2021-11-04T06:50:00Z;50;100;200;350;150;24276[Turmcenter];2021-11-04T06:52:01.626Z
0.03194103;open;2021-11-04T06:50:00Z;13;394;0;407;407;18944[Alte Oper];2021-11-04T06:52:01.626Z
0.18956044;open;2021-11-04T06:50:00Z;69;295;0;364;364;24281[Hauptbahnhof Süd];2021-11-04T06:52:01.626Z
0.29419035;open;2021-11-04T06:50:00Z;238;571;0;809;809;24279[Konstabler];2021-11-04T06:52:01.626Z
0.5070422;open;2021-11-04T06:50:00Z;216;210;0;426;426;18497[Hauptwache];2021-11-04T06:52:01.626Z
0.48235294;open;2021-11-04T06:50:00Z;328;352;0;680;680;18495[Am Gericht];2021-11-04T06:52:01.626Z
0.16294643;open;2021-11-04T06:50:00Z;146;750;70;966;896;109240[MyZeil];2021-11-04T06:52:01.626Z
0.44794953;open;2021-11-04T06:50:00Z;284;350;0;634;634;18494[Konrad-Adenauer-Straße];2021-11-04T06:52:01.626Z
0.4;open;2021-11-04T07:05:00Z;60;90;200;350;150;24276[Turmcenter];2021-11-04T07:07:02.029Z
0.054054055;open;2021-11-04T07:05:00Z;22;385;0;407;407;18944[Alte Oper];2021-11-04T07:07:02.029Z
0.22252747;open;2021-11-04T07:05:00Z;81;283;0;364;364;24281[Hauptbahnhof Süd];2021-11-04T07:07:02.029Z
0.29542646;open;2021-11-04T07:05:00Z;239;570;0;809;809;24279[Konstabler];2021-11-04T07:07:02.029Z
0.52347416;open;2021-11-04T07:05:00Z;223;203;0;426;426;18497[Hauptwache];2021-11-04T07:07:02.029Z
0.52205884;open;2021-11-04T07:05:00Z;355;325;0;680;680;18495[Am Gericht];2021-11-04T07:07:02.029Z
0.17075893;open;2021-11-04T07:05:00Z;153;743;70;966;896;109240[MyZeil];2021-11-04T07:07:02.029Z
0.46214512;open;2021-11-04T07:05:00Z;293;341;0;634;634;18494[Konrad-Adenauer-Straße];2021-11-04T07:07:02.029Z
0.48666668;open;2021-11-04T07:25:00Z;73;77;200;350;150;24276[Turmcenter];2021-11-04T07:27:01.876Z
0.095823094;open;2021-11-04T07:25:00Z;39;368;0;407;407;18944[Alte Oper];2021-11-04T07:27:01.876Z
0.2802198;open;2021-11-04T07:25:00Z;102;262;0;364;364;24281[Hauptbahnhof Süd];2021-11-04T07:27:01.876Z
0.32385662;open;2021-11-04T07:25:00Z;262;547;0;809;809;24279[Konstabler];2021-11-04T07:27:01.876Z
0.5422535;open;2021-11-04T07:25:00Z;231;195;0;426;426;18497[Hauptwache];2021-11-04T07:27:01.876Z
0.55441177;open;2021-11-04T07:25:00Z;377;303;0;680;680;18495[Am Gericht];2021-11-04T07:27:01.876Z
0.17522322;open;2021-11-04T07:25:00Z;157;739;70;966;896;109240[MyZeil];2021-11-04T07:27:01.876Z
0.4731861;open;2021-11-04T07:25:00Z;300;334;0;634;634;18494[Konrad-Adenauer-Straße];2021-11-04T07:27:01.876Z
0.54;open;2021-11-04T07:30:00Z;81;69;200;350;150;24276[Turmcenter];2021-11-04T07:32:01.407Z
0.1056511;open;2021-11-04T07:30:00Z;43;364;0;407;407;18944[Alte Oper];2021-11-04T07:32:01.407Z
0.29395604;open;2021-11-04T07:30:00Z;107;257;0;364;364;24281[Hauptbahnhof Süd];2021-11-04T07:32:01.407Z
0.3263288;open;2021-11-04T07:30:00Z;264;545;0;809;809;24279[Konstabler];2021-11-04T07:32:01.407Z
0.5539906;open;2021-11-04T07:30:00Z;236;190;0;426;426;18497[Hauptwache];2021-11-04T07:32:01.407Z
0.5617647;open;2021-11-04T07:30:00Z;382;298;0;680;680;18495[Am Gericht];2021-11-04T07:32:01.407Z
0.17522322;open;2021-11-04T07:30:00Z;157;739;70;966;896;109240[MyZeil];2021-11-04T07:32:01.407Z
0.47949526;open;2021-11-04T07:30:00Z;304;330;0;634;634;18494[Konrad-Adenauer-Straße];2021-11-04T07:32:01.407Z
0.66;open;2021-11-04T07:46:00Z;99;51;200;350;150;24276[Turmcenter];2021-11-04T07:47:00.756Z
0.12530713;open;2021-11-04T07:46:00Z;51;356;0;407;407;18944[Alte Oper];2021-11-04T07:47:00.756Z
0.32967034;open;2021-11-04T07:46:00Z;120;244;0;364;364;24281[Hauptbahnhof Süd];2021-11-04T07:47:00.756Z
0.33868974;open;2021-11-04T07:46:00Z;274;535;0;809;809;24279[Konstabler];2021-11-04T07:47:00.756Z
0.58685446;open;2021-11-04T07:46:00Z;250;176;0;426;426;18497[Hauptwache];2021-11-04T07:47:00.756Z
0.60294116;open;2021-11-04T07:46:00Z;410;270;0;680;680;18495[Am Gericht];2021-11-04T07:47:00.756Z
0.1796875;open;2021-11-04T07:46:00Z;161;735;70;966;896;109240[MyZeil];2021-11-04T07:47:00.756Z
0.49369085;open;2021-11-04T07:46:00Z;313;321;0;634;634;18494[Konrad-Adenauer-Straße];2021-11-04T07:47:00.756Z
0.6933333;open;2021-11-04T07:51:00Z;104;46;200;350;150;24276[Turmcenter];2021-11-04T07:52:00.367Z
0.14496315;open;2021-11-04T07:51:00Z;59;348;0;407;407;18944[Alte Oper];2021-11-04T07:52:00.367Z
0.34065935;open;2021-11-04T07:51:00Z;124;240;0;364;364;24281[Hauptbahnhof Süd];2021-11-04T07:52:00.367Z
0.3461063;open;2021-11-04T07:51:00Z;280;529;0;809;809;24279[Konstabler];2021-11-04T07:52:00.367Z
0.58920187;open;2021-11-04T07:51:00Z;251;175;0;426;426;18497[Hauptwache];2021-11-04T07:52:00.367Z
0.6161765;open;2021-11-04T07:51:00Z;419;261;0;680;680;18495[Am Gericht];2021-11-04T07:52:00.367Z
0.18526785;open;2021-11-04T07:51:00Z;166;730;70;966;896;109240[MyZeil];2021-11-04T07:52:00.367Z
0.5078864;open;2021-11-04T07:51:00Z;322;312;0;634;634;18494[Konrad-Adenauer-Straße];2021-11-04T07:52:00.367Z
0.74666667;open;2021-11-04T07:56:00Z;112;38;200;350;150;24276[Turmcenter];2021-11-04T07:57:00.774Z
0.14987715;open;2021-11-04T07:56:00Z;61;346;0;407;407;18944[Alte Oper];2021-11-04T07:57:00.774Z
0.35714287;open;2021-11-04T07:56:00Z;130;234;0;364;364;24281[Hauptbahnhof Süd];2021-11-04T07:57:00.774Z
0.35352287;open;2021-11-04T07:56:00Z;286;523;0;809;809;24279[Konstabler];2021-11-04T07:57:00.774Z
0.6150235;open;2021-11-04T07:56:00Z;262;164;0;426;426;18497[Hauptwache];2021-11-04T07:57:00.774Z
0.625;open;2021-11-04T07:56:00Z;425;255;0;680;680;18495[Am Gericht];2021-11-04T07:57:00.774Z
0.18861607;open;2021-11-04T07:56:00Z;169;727;70;966;896;109240[MyZeil];2021-11-04T07:57:00.774Z
0.5126183;open;2021-11-04T07:56:00Z;325;309;0;634;634;18494[Konrad-Adenauer-Straße];2021-11-04T07:57:00.774Z
0.9066667;open;2021-11-04T08:21:00Z;136;14;200;350;150;24276[Turmcenter];2021-11-04T08:22:00.687Z
0.2014742;open;2021-11-04T08:21:00Z;82;325;0;407;407;18944[Alte Oper];2021-11-04T08:22:00.687Z
0.40384614;open;2021-11-04T08:21:00Z;147;217;0;364;364;24281[Hauptbahnhof Süd];2021-11-04T08:22:00.687Z
0.3831891;open;2021-11-04T08:21:00Z;310;499;0;809;809;24279[Konstabler];2021-11-04T08:22:00.687Z
0.65023476;open;2021-11-04T08:21:00Z;277;149;0;426;426;18497[Hauptwache];2021-11-04T08:22:00.687Z
0.69411767;open;2021-11-04T08:21:00Z;472;208;0;680;680;18495[Am Gericht];2021-11-04T08:22:00.687Z
0.19977678;open;2021-11-04T08:21:00Z;179;717;70;966;896;109240[MyZeil];2021-11-04T08:22:00.687Z
0.5362776;open;2021-11-04T08:21:00Z;340;294;0;634;634;18494[Konrad-Adenauer-Straße];2021-11-04T08:22:00.687Z
0.9533333;open;2021-11-04T08:41:00Z;143;7;200;350;150;24276[Turmcenter];2021-11-04T08:42:01.825Z
0.24570024;open;2021-11-04T08:41:00Z;100;307;0;407;407;18944[Alte Oper];2021-11-04T08:42:01.825Z
0.41483516;open;2021-11-04T08:41:00Z;151;213;0;364;364;24281[Hauptbahnhof Süd];2021-11-04T08:42:01.825Z
0.42521632;open;2021-11-04T08:41:00Z;344;465;0;809;809;24279[Konstabler];2021-11-04T08:42:01.825Z
0.68779343;open;2021-11-04T08:41:00Z;293;133;0;426;426;18497[Hauptwache];2021-11-04T08:42:01.825Z
0.7588235;open;2021-11-04T08:41:00Z;516;164;0;680;680;18495[Am Gericht];2021-11-04T08:42:01.825Z
0.21316965;open;2021-11-04T08:41:00Z;191;705;70;966;896;109240[MyZeil];2021-11-04T08:42:01.825Z
0.5599369;open;2021-11-04T08:41:00Z;355;279;0;634;634;18494[Konrad-Adenauer-Straße];2021-11-04T08:42:01.825Z
0.9866667;open;2021-11-04T08:46:00Z;148;2;200;350;150;24276[Turmcenter];2021-11-04T08:47:02.184Z
0.26289925;open;2021-11-04T08:46:00Z;107;300;0;407;407;18944[Alte Oper];2021-11-04T08:47:02.184Z
0.42307693;open;2021-11-04T08:46:00Z;154;210;0;364;364;24281[Hauptbahnhof Süd];2021-11-04T08:47:02.184Z
0.43881336;open;2021-11-04T08:46:00Z;355;454;0;809;809;24279[Konstabler];2021-11-04T08:47:02.184Z
0.7065728;open;2021-11-04T08:46:00Z;301;125;0;426;426;18497[Hauptwache];2021-11-04T08:47:02.184Z
0.7676471;open;2021-11-04T08:46:00Z;522;158;0;680;680;18495[Am Gericht];2021-11-04T08:47:02.184Z
0.21986607;open;2021-11-04T08:46:00Z;197;699;70;966;896;109240[MyZeil];2021-11-04T08:47:02.184Z
0.56624603;open;2021-11-04T08:46:00Z;359;275;0;634;634;18494[Konrad-Adenauer-Straße];2021-11-04T08:47:02.184Z
0.91333336;open;2021-11-04T08:56:00Z;137;13;200;350;150;24276[Turmcenter];2021-11-04T08:57:02.255Z
0.28501227;open;2021-11-04T08:56:00Z;116;291;0;407;407;18944[Alte Oper];2021-11-04T08:57:02.255Z
0.42582417;open;2021-11-04T08:56:00Z;155;209;0;364;364;24281[Hauptbahnhof Süd];2021-11-04T08:57:02.255Z
0.46106303;open;2021-11-04T08:56:00Z;373;436;0;809;809;24279[Konstabler];2021-11-04T08:57:02.255Z
0.7370892;open;2021-11-04T08:56:00Z;314;112;0;426;426;18497[Hauptwache];2021-11-04T08:57:02.255Z
0.7852941;open;2021-11-04T08:56:00Z;534;146;0;680;680;18495[Am Gericht];2021-11-04T08:57:02.255Z
0.22544643;open;2021-11-04T08:56:00Z;202;694;70;966;896;109240[MyZeil];2021-11-04T08:57:02.255Z
0.5709779;open;2021-11-04T08:56:00Z;362;272;0;634;634;18494[Konrad-Adenauer-Straße];2021-11-04T08:57:02.255Z
0.96666664;open;2021-11-04T09:11:00Z;145;5;200;350;150;24276[Turmcenter];2021-11-04T09:12:02.938Z
0.32678133;open;2021-11-04T09:11:00Z;133;274;0;407;407;18944[Alte Oper];2021-11-04T09:12:02.938Z
0.43956044;open;2021-11-04T09:11:00Z;160;204;0;364;364;24281[Hauptbahnhof Süd];2021-11-04T09:12:02.938Z
0.5166873;open;2021-11-04T09:11:00Z;418;391;0;809;809;24279[Konstabler];2021-11-04T09:12:02.938Z
0.78403753;open;2021-11-04T09:11:00Z;334;92;0;426;426;18497[Hauptwache];2021-11-04T09:12:02.938Z
0.7970588;open;2021-11-04T09:11:00Z;542;138;0;680;680;18495[Am Gericht];2021-11-04T09:12:02.938Z
0.24107143;open;2021-11-04T09:11:00Z;216;680;70;966;896;109240[MyZeil];2021-11-04T09:12:02.938Z
0.58044165;open;2021-11-04T09:11:00Z;368;266;0;634;634;18494[Konrad-Adenauer-Straße];2021-11-04T09:12:02.938Z
0.9866667;open;2021-11-04T09:42:00Z;148;2;200;350;150;24276[Turmcenter];2021-11-04T09:47:00.271Z
0.39312038;open;2021-11-04T09:42:00Z;160;247;0;407;407;18944[Alte Oper];2021-11-04T09:47:00.271Z
0.45054945;open;2021-11-04T09:42:00Z;164;200;0;364;364;24281[Hauptbahnhof Süd];2021-11-04T09:47:00.271Z
0.6106304;open;2021-11-04T09:42:00Z;494;315;0;809;809;24279[Konstabler];2021-11-04T09:47:00.271Z
0.8826291;open;2021-11-04T09:42:00Z;376;50;0;426;426;18497[Hauptwache];2021-11-04T09:47:00.271Z
0.81911767;open;2021-11-04T09:42:00Z;557;123;0;680;680;18495[Am Gericht];2021-11-04T09:47:00.271Z
0.26004463;open;2021-11-04T09:42:00Z;233;663;70;966;896;109240[MyZeil];2021-11-04T09:47:00.271Z
0.6198738;open;2021-11-04T09:42:00Z;393;241;0;634;634;18494[Konrad-Adenauer-Straße];2021-11-04T09:47:00.271Z
1;open;2021-11-04T09:47:00Z;150;0;200;350;150;24276[Turmcenter];2021-11-04T09:52:02.699Z
0.4004914;open;2021-11-04T09:47:00Z;163;244;0;407;407;18944[Alte Oper];2021-11-04T09:52:02.699Z
0.45604396;open;2021-11-04T09:47:00Z;166;198;0;364;364;24281[Hauptbahnhof Süd];2021-11-04T09:52:02.699Z
0.6229913;open;2021-11-04T09:47:00Z;504;305;0;809;809;24279[Konstabler];2021-11-04T09:52:02.699Z
0.8920188;open;2021-11-04T09:47:00Z;380;46;0;426;426;18497[Hauptwache];2021-11-04T09:52:02.699Z
0.8235294;open;2021-11-04T09:47:00Z;560;120;0;680;680;18495[Am Gericht];2021-11-04T09:52:02.699Z
0.26674107;open;2021-11-04T09:47:00Z;239;657;70;966;896;109240[MyZeil];2021-11-04T09:52:02.699Z
0.6214511;open;2021-11-04T09:47:00Z;394;240;0;634;634;18494[Konrad-Adenauer-Straße];2021-11-04T09:52:02.699Z
0.98;open;2021-11-04T09:57:00Z;147;3;200;350;150;24276[Turmcenter];2021-11-04T10:02:02.701Z
0.4226044;open;2021-11-04T09:57:00Z;172;235;0;407;407;18944[Alte Oper];2021-11-04T10:02:02.701Z
0.4587912;open;2021-11-04T09:57:00Z;167;197;0;364;364;24281[Hauptbahnhof Süd];2021-11-04T10:02:02.701Z
0.64400494;open;2021-11-04T09:57:00Z;521;288;0;809;809;24279[Konstabler];2021-11-04T10:02:02.701Z
0.9319249;open;2021-11-04T09:57:00Z;397;29;0;426;426;18497[Hauptwache];2021-11-04T10:02:02.701Z
0.8308824;open;2021-11-04T09:57:00Z;565;115;0;680;680;18495[Am Gericht];2021-11-04T10:02:02.701Z
0.6388013;open;2021-11-04T09:57:00Z;405;229;0;634;634;18494[Konrad-Adenauer-Straße];2021-11-04T10:02:02.701Z
1;open;2021-11-04T10:17:00Z;150;0;200;350;150;24276[Turmcenter];2021-11-04T10:22:01.413Z
0.45945945;open;2021-11-04T10:17:00Z;187;220;0;407;407;18944[Alte Oper];2021-11-04T10:22:01.413Z
0.45054945;open;2021-11-04T10:17:00Z;164;200;0;364;364;24281[Hauptbahnhof Süd];2021-11-04T10:22:01.413Z
0.68479604;open;2021-11-04T10:17:00Z;554;255;0;809;809;24279[Konstabler];2021-11-04T10:22:01.413Z
0.96713614;open;2021-11-04T10:17:00Z;412;14;0;426;426;18497[Hauptwache];2021-11-04T10:22:01.413Z
0.81764704;open;2021-11-04T10:17:00Z;556;124;0;680;680;18495[Am Gericht];2021-11-04T10:22:01.413Z
0.3013393;open;2021-11-04T10:17:00Z;270;626;70;966;896;109240[MyZeil];2021-11-04T10:22:01.413Z
0.66246057;open;2021-11-04T10:17:00Z;420;214;0;634;634;18494[Konrad-Adenauer-Straße];2021-11-04T10:22:01.413Z
0.94;open;2021-11-04T10:32:00Z;141;9;200;350;150;24276[Turmcenter];2021-11-04T10:37:02.913Z
0.46928746;open;2021-11-04T10:32:00Z;191;216;0;407;407;18944[Alte Oper];2021-11-04T10:37:02.913Z
0.45054945;open;2021-11-04T10:32:00Z;164;200;0;364;364;24281[Hauptbahnhof Süd];2021-11-04T10:37:02.913Z
0.70333743;open;2021-11-04T10:32:00Z;569;240;0;809;809;24279[Konstabler];2021-11-04T10:37:02.913Z
1;open;2021-11-04T10:32:00Z;426;0;0;426;426;18497[Hauptwache];2021-11-04T10:37:02.913Z
0.80441177;open;2021-11-04T10:32:00Z;547;133;0;680;680;18495[Am Gericht];2021-11-04T10:37:02.913Z
0.670347;open;2021-11-04T10:32:00Z;425;209;0;634;634;18494[Konrad-Adenauer-Straße];2021-11-04T10:37:02.913Z
0.9533333;open;2021-11-04T10:42:00Z;143;7;200;350;150;24276[Turmcenter];2021-11-04T10:47:02Z
0.46928746;open;2021-11-04T10:42:00Z;191;216;0;407;407;18944[Alte Oper];2021-11-04T10:47:02Z
0.4587912;open;2021-11-04T10:42:00Z;167;197;0;364;364;24281[Hauptbahnhof Süd];2021-11-04T10:47:02Z
0.7156984;open;2021-11-04T10:42:00Z;579;230;0;809;809;24279[Konstabler];2021-11-04T10:47:02Z
0.9976526;open;2021-11-04T10:42:00Z;425;1;0;426;426;18497[Hauptwache];2021-11-04T10:47:02Z
0.8088235;open;2021-11-04T10:42:00Z;550;130;0;680;680;18495[Am Gericht];2021-11-04T10:47:02Z
0.3247768;open;2021-11-04T10:42:00Z;291;605;70;966;896;109240[MyZeil];2021-11-04T10:47:02Z
0.6766561;open;2021-11-04T10:42:00Z;429;205;0;634;634;18494[Konrad-Adenauer-Straße];2021-11-04T10:47:02Z
0.96;open;2021-11-04T10:47:00Z;144;6;200;350;150;24276[Turmcenter];2021-11-04T10:52:02.254Z
0.47665846;open;2021-11-04T10:47:00Z;194;213;0;407;407;18944[Alte Oper];2021-11-04T10:52:02.254Z
0.4587912;open;2021-11-04T10:47:00Z;167;197;0;364;364;24281[Hauptbahnhof Süd];2021-11-04T10:52:02.254Z
0.72311497;open;2021-11-04T10:47:00Z;585;224;0;809;809;24279[Konstabler];2021-11-04T10:52:02.254Z
0.9953052;open;2021-11-04T10:47:00Z;424;2;0;426;426;18497[Hauptwache];2021-11-04T10:52:02.254Z
0.8088235;open;2021-11-04T10:47:00Z;550;130;0;680;680;18495[Am Gericht];2021-11-04T10:52:02.254Z
0.32924107;open;2021-11-04T10:47:00Z;295;601;70;966;896;109240[MyZeil];2021-11-04T10:52:02.254Z
0.681388;open;2021-11-04T10:47:00Z;432;202;0;634;634;18494[Konrad-Adenauer-Straße];2021-11-04T10:52:02.254Z
0.93333334;open;2021-11-04T11:07:00Z;140;10;200;350;150;24276[Turmcenter];2021-11-04T11:12:00.770Z
0.5331695;open;2021-11-04T11:07:00Z;217;190;0;407;407;18944[Alte Oper];2021-11-04T11:12:00.770Z
0.44505495;open;2021-11-04T11:07:00Z;162;202;0;364;364;24281[Hauptbahnhof Süd];2021-11-04T11:12:00.770Z
0.72929543;open;2021-11-04T11:07:00Z;590;219;0;809;809;24279[Konstabler];2021-11-04T11:12:00.770Z
1;open;2021-11-04T11:07:00Z;426;0;0;426;426;18497[Hauptwache];2021-11-04T11:12:00.770Z
0.80588233;open;2021-11-04T11:07:00Z;548;132;0;680;680;18495[Am Gericht];2021-11-04T11:12:00.770Z
0.3404018;open;2021-11-04T11:07:00Z;305;591;70;966;896;109240[MyZeil];2021-11-04T11:12:00.770Z
0.6971609;open;2021-11-04T11:07:00Z;442;192;0;634;634;18494[Konrad-Adenauer-Straße];2021-11-04T11:12:00.770Z
0.94;open;2021-11-04T11:17:00Z;141;9;200;350;150;24276[Turmcenter];2021-11-04T11:22:02.629Z
0.54299754;open;2021-11-04T11:17:00Z;221;186;0;407;407;18944[Alte Oper];2021-11-04T11:22:02.629Z
0.43681318;open;2021-11-04T11:17:00Z;159;205;0;364;364;24281[Hauptbahnhof Süd];2021-11-04T11:22:02.629Z
0.7490729;open;2021-11-04T11:17:00Z;606;203;0;809;809;24279[Konstabler];2021-11-04T11:22:02.629Z
1;open;2021-11-04T11:17:00Z;426;0;0;426;426;18497[Hauptwache];2021-11-04T11:22:02.629Z
0.80735296;open;2021-11-04T11:17:00Z;549;131;0;680;680;18495[Am Gericht];2021-11-04T11:22:02.629Z
0.3404018;open;2021-11-04T11:17:00Z;305;591;70;966;896;109240[MyZeil];2021-11-04T11:22:02.629Z
0.70189273;open;2021-11-04T11:17:00Z;445;189;0;634;634;18494[Konrad-Adenauer-Straße];2021-11-04T11:22:02.629Z
0.94666666;open;2021-11-04T11:28:00Z;142;8;200;350;150;24276[Turmcenter];2021-11-04T11:32:02.169Z
0.5675676;open;2021-11-04T11:28:00Z;231;176;0;407;407;18944[Alte Oper];2021-11-04T11:32:02.169Z
0.43681318;open;2021-11-04T11:28:00Z;159;205;0;364;364;24281[Hauptbahnhof Süd];2021-11-04T11:32:02.169Z
0.76267;open;2021-11-04T11:28:00Z;617;192;0;809;809;24279[Konstabler];2021-11-04T11:32:02.169Z
1;open;2021-11-04T11:28:00Z;426;0;0;426;426;18497[Hauptwache];2021-11-04T11:32:02.169Z
0.8102941;open;2021-11-04T11:28:00Z;551;129;0;680;680;18495[Am Gericht];2021-11-04T11:32:02.169Z
0.70189273;open;2021-11-04T11:28:00Z;445;189;0;634;634;18494[Konrad-Adenauer-Straße];2021-11-04T11:32:02.169Z
0.94666666;open;2021-11-04T11:38:00Z;142;8;200;350;150;24276[Turmcenter];2021-11-04T11:42:01.813Z
0.5970516;open;2021-11-04T11:38:00Z;243;164;0;407;407;18944[Alte Oper];2021-11-04T11:42:01.813Z
0.43131867;open;2021-11-04T11:38:00Z;157;207;0;364;364;24281[Hauptbahnhof Süd];2021-11-04T11:42:01.813Z
0.76761436;open;2021-11-04T11:38:00Z;621;188;0;809;809;24279[Konstabler];2021-11-04T11:42:01.813Z
1;open;2021-11-04T11:38:00Z;426;0;0;426;426;18497[Hauptwache];2021-11-04T11:42:01.813Z
0.8102941;open;2021-11-04T11:38:00Z;551;129;0;680;680;18495[Am Gericht];2021-11-04T11:42:01.813Z
0.34263393;open;2021-11-04T11:38:00Z;307;589;70;966;896;109240[MyZeil];2021-11-04T11:42:01.813Z
0.7129338;open;2021-11-04T11:38:00Z;452;182;0;634;634;18494[Konrad-Adenauer-Straße];2021-11-04T11:42:01.813Z
0.93333334;open;2021-11-04T11:43:00Z;140;10;200;350;150;24276[Turmcenter];2021-11-04T11:47:01.455Z
0.61916465;open;2021-11-04T11:43:00Z;252;155;0;407;407;18944[Alte Oper];2021-11-04T11:47:01.455Z
0.42857143;open;2021-11-04T11:43:00Z;156;208;0;364;364;24281[Hauptbahnhof Süd];2021-11-04T11:47:01.455Z
0.76143384;open;2021-11-04T11:43:00Z;616;193;0;809;809;24279[Konstabler];2021-11-04T11:47:01.455Z
1;open;2021-11-04T11:43:00Z;426;0;0;426;426;18497[Hauptwache];2021-11-04T11:47:01.455Z
0.80588233;open;2021-11-04T11:43:00Z;548;132;0;680;680;18495[Am Gericht];2021-11-04T11:47:01.455Z
0.34375;open;2021-11-04T11:43:00Z;308;588;70;966;896;109240[MyZeil];2021-11-04T11:47:01.455Z
0.7082019;open;2021-11-04T11:43:00Z;449;185;0;634;634;18494[Konrad-Adenauer-Straße];2021-11-04T11:47:01.455Z
0.94;open;2021-11-04T11:53:00Z;141;9;200;350;150;24276[Turmcenter];2021-11-04T11:57:00.561Z
0.64619166;open;2021-11-04T11:53:00Z;263;144;0;407;407;18944[Alte Oper];2021-11-04T11:57:00.561Z
0.42857143;open;2021-11-04T11:53:00Z;156;208;0;364;364;24281[Hauptbahnhof Süd];2021-11-04T11:57:00.561Z
0.76267;open;2021-11-04T11:53:00Z;617;192;0;809;809;24279[Konstabler];2021-11-04T11:57:00.561Z
1;open;2021-11-04T11:53:00Z;426;0;0;426;426;18497[Hauptwache];2021-11-04T11:57:00.561Z
0.8;open;2021-11-04T11:53:00Z;544;136;0;680;680;18495[Am Gericht];2021-11-04T11:57:00.561Z
0.34151787;open;2021-11-04T11:53:00Z;306;590;70;966;896;109240[MyZeil];2021-11-04T11:57:00.561Z
0.7176656;open;2021-11-04T11:53:00Z;455;179;0;634;634;18494[Konrad-Adenauer-Straße];2021-11-04T11:57:00.561Z
0.94666666;open;2021-11-04T12:08:00Z;142;8;200;350;150;24276[Turmcenter];2021-11-04T12:12:03.003Z
0.67076164;open;2021-11-04T12:08:00Z;273;134;0;407;407;18944[Alte Oper];2021-11-04T12:12:03.003Z
0.41483516;open;2021-11-04T12:08:00Z;151;213;0;364;364;24281[Hauptbahnhof Süd];2021-11-04T12:12:03.003Z
0.7787392;open;2021-11-04T12:08:00Z;630;179;0;809;809;24279[Konstabler];2021-11-04T12:12:03.003Z
0.9859155;open;2021-11-04T12:08:00Z;420;6;0;426;426;18497[Hauptwache];2021-11-04T12:12:03.003Z
0.78088236;open;2021-11-04T12:08:00Z;531;149;0;680;680;18495[Am Gericht];2021-11-04T12:12:03.003Z
0.3482143;open;2021-11-04T12:08:00Z;312;584;70;966;896;109240[MyZeil];2021-11-04T12:12:03.003Z
0.69873816;open;2021-11-04T12:08:00Z;443;191;0;634;634;18494[Konrad-Adenauer-Straße];2021-11-04T12:12:03.003Z
0.8933333;open;2021-11-04T12:48:00Z;134;16;200;350;150;24276[Turmcenter];2021-11-04T12:52:02.706Z
0.64373463;open;2021-11-04T12:48:00Z;262;145;0;407;407;18944[Alte Oper];2021-11-04T12:52:02.706Z
0.39285713;open;2021-11-04T12:48:00Z;143;221;0;364;364;24281[Hauptbahnhof Süd];2021-11-04T12:52:02.706Z
0.78739184;open;2021-11-04T12:48:00Z;637;172;0;809;809;24279[Konstabler];2021-11-04T12:52:02.706Z
0.9906103;open;2021-11-04T12:48:00Z;422;4;0;426;426;18497[Hauptwache];2021-11-04T12:52:02.706Z
0.7705882;open;2021-11-04T12:48:00Z;524;156;0;680;680;18495[Am Gericht];2021-11-04T12:52:02.706Z
0.34598213;open;2021-11-04T12:48:00Z;310;586;70;966;896;109240[MyZeil];2021-11-04T12:52:02.706Z
0.69873816;open;2021-11-04T12:48:00Z;443;191;0;634;634;18494[Konrad-Adenauer-Straße];2021-11-04T12:52:02.706Z
0.78;open;2021-11-04T13:08:00Z;117;33;200;350;150;24276[Turmcenter];2021-11-04T13:12:02.299Z
0.6289926;open;2021-11-04T13:08:00Z;256;151;0;407;407;18944[Alte Oper];2021-11-04T13:12:02.299Z
0.3708791;open;2021-11-04T13:08:00Z;135;229;0;364;364;24281[Hauptbahnhof Süd];2021-11-04T13:12:02.299Z
0.7713226;open;2021-11-04T13:08:00Z;624;185;0;809;809;24279[Konstabler];2021-11-04T13:12:02.299Z
1;open;2021-11-04T13:08:00Z;426;0;0;426;426;18497[Hauptwache];2021-11-04T13:12:02.299Z
0.7632353;open;2021-11-04T13:08:00Z;519;161;0;680;680;18495[Am Gericht];2021-11-04T13:12:02.299Z
0.34375;open;2021-11-04T13:08:00Z;308;588;70;966;896;109240[MyZeil];2021-11-04T13:12:02.299Z
0.69873816;open;2021-11-04T13:08:00Z;443;191;0;634;634;18494[Konrad-Adenauer-Straße];2021-11-04T13:12:02.299Z
0.81333333;open;2021-11-04T13:29:00Z;122;28;200;350;150;24276[Turmcenter];2021-11-04T13:32:01.269Z
0.58476657;open;2021-11-04T13:29:00Z;238;169;0;407;407;18944[Alte Oper];2021-11-04T13:32:01.269Z
0.3598901;open;2021-11-04T13:29:00Z;131;233;0;364;364;24281[Hauptbahnhof Süd];2021-11-04T13:32:01.269Z
0.78615576;open;2021-11-04T13:29:00Z;636;173;0;809;809;24279[Konstabler];2021-11-04T13:32:01.269Z
1;open;2021-11-04T13:29:00Z;426;0;0;426;426;18497[Hauptwache];2021-11-04T13:32:01.269Z
0.7441176;open;2021-11-04T13:29:00Z;506;174;0;680;680;18495[Am Gericht];2021-11-04T13:32:01.269Z
0.34486607;open;2021-11-04T13:29:00Z;309;587;70;966;896;109240[MyZeil];2021-11-04T13:32:01.269Z
0.68927443;open;2021-11-04T13:29:00Z;437;197;0;634;634;18494[Konrad-Adenauer-Straße];2021-11-04T13:32:01.269Z
0.81333333;open;2021-11-04T13:39:00Z;122;28;200;350;150;24276[Turmcenter];2021-11-04T13:42:00.741Z
0.5872236;open;2021-11-04T13:39:00Z;239;168;0;407;407;18944[Alte Oper];2021-11-04T13:42:00.741Z
0.3489011;open;2021-11-04T13:39:00Z;127;237;0;364;364;24281[Hauptbahnhof Süd];2021-11-04T13:42:00.741Z
0.78615576;open;2021-11-04T13:39:00Z;636;173;0;809;809;24279[Konstabler];2021-11-04T13:42:00.741Z
1;open;2021-11-04T13:39:00Z;426;0;0;426;426;18497[Hauptwache];2021-11-04T13:42:00.741Z
0.7323529;open;2021-11-04T13:39:00Z;498;182;0;680;680;18495[Am Gericht];2021-11-04T13:42:00.741Z
0.6829653;open;2021-11-04T13:39:00Z;433;201;0;634;634;18494[Konrad-Adenauer-Straße];2021-11-04T13:42:00.741Z
0.7866667;open;2021-11-04T13:49:00Z;118;32;200;350;150;24276[Turmcenter];2021-11-04T13:52:01.497Z
0.55528253;open;2021-11-04T13:49:00Z;226;181;0;407;407;18944[Alte Oper];2021-11-04T13:52:01.497Z
0.35164836;open;2021-11-04T13:49:00Z;128;236;0;364;364;24281[Hauptbahnhof Süd];2021-11-04T13:52:01.497Z
0.7775031;open;2021-11-04T13:49:00Z;629;180;0;809;809;24279[Konstabler];2021-11-04T13:52:01.497Z
1;open;2021-11-04T13:49:00Z;426;0;0;426;426;18497[Hauptwache];2021-11-04T13:52:01.497Z
0.7205882;open;2021-11-04T13:49:00Z;490;190;0;680;680;18495[Am Gericht];2021-11-04T13:52:01.497Z
0.34375;open;2021-11-04T13:49:00Z;308;588;70;966;896;109240[MyZeil];2021-11-04T13:52:01.497Z
0.68611985;open;2021-11-04T13:49:00Z;435;199;0;634;634;18494[Konrad-Adenauer-Straße];2021-11-04T13:52:01.497Z
0.78;open;2021-11-04T13:59:00Z;117;33;200;350;150;24276[Turmcenter];2021-11-04T14:02:02.964Z
0.52334154;open;2021-11-04T13:59:00Z;213;194;0;407;407;18944[Alte Oper];2021-11-04T14:02:02.964Z
0.34615386;open;2021-11-04T13:59:00Z;126;238;0;364;364;24281[Hauptbahnhof Süd];2021-11-04T14:02:02.964Z
0.7750309;open;2021-11-04T13:59:00Z;627;182;0;809;809;24279[Konstabler];2021-11-04T14:02:02.964Z
1;open;2021-11-04T13:59:00Z;426;0;0;426;426;18497[Hauptwache];2021-11-04T14:02:02.964Z
0.7102941;open;2021-11-04T13:59:00Z;483;197;0;680;680;18495[Am Gericht];2021-11-04T14:02:02.964Z
0.67823344;open;2021-11-04T13:59:00Z;430;204;0;634;634;18494[Konrad-Adenauer-Straße];2021-11-04T14:02:02.964Z
0.76;open;2021-11-04T14:14:00Z;114;36;200;350;150;24276[Turmcenter];2021-11-04T14:17:01.376Z
0.5184275;open;2021-11-04T14:14:00Z;211;196;0;407;407;18944[Alte Oper];2021-11-04T14:17:01.376Z
0.31318682;open;2021-11-04T14:14:00Z;114;250;0;364;364;24281[Hauptbahnhof Süd];2021-11-04T14:17:01.376Z
0.78368354;open;2021-11-04T14:14:00Z;634;175;0;809;809;24279[Konstabler];2021-11-04T14:17:01.376Z
0.9976526;open;2021-11-04T14:14:00Z;425;1;0;426;426;18497[Hauptwache];2021-11-04T14:17:01.376Z
0.7014706;open;2021-11-04T14:14:00Z;477;203;0;680;680;18495[Am Gericht];2021-11-04T14:17:01.376Z
0.3404018;open;2021-11-04T14:14:00Z;305;591;70;966;896;109240[MyZeil];2021-11-04T14:17:01.376Z
0.67507887;open;2021-11-04T14:14:00Z;428;206;0;634;634;18494[Konrad-Adenauer-Straße];2021-11-04T14:17:01.376Z
0.75333333;open;2021-11-04T14:29:00Z;113;37;200;350;150;24276[Turmcenter];2021-11-04T14:32:01.743Z
0.52334154;open;2021-11-04T14:29:00Z;213;194;0;407;407;18944[Alte Oper];2021-11-04T14:32:01.743Z
0.2802198;open;2021-11-04T14:29:00Z;102;262;0;364;364;24281[Hauptbahnhof Süd];2021-11-04T14:32:01.743Z
0.7849197;open;2021-11-04T14:29:00Z;635;174;0;809;809;24279[Konstabler];2021-11-04T14:32:01.743Z
1;open;2021-11-04T14:29:00Z;426;0;0;426;426;18497[Hauptwache];2021-11-04T14:32:01.743Z
0.68235296;open;2021-11-04T14:29:00Z;464;216;0;680;680;18495[Am Gericht];2021-11-04T14:32:01.743Z
0.33705357;open;2021-11-04T14:29:00Z;302;594;70;966;896;109240[MyZeil];2021-11-04T14:32:01.743Z
0.6561514;open;2021-11-04T14:29:00Z;416;218;0;634;634;18494[Konrad-Adenauer-Straße];2021-11-04T14:32:01.743Z
0.73333335;open;2021-11-04T14:40:00Z;110;40;200;350;150;24276[Turmcenter];2021-11-04T14:42:00.502Z
0.5208845;open;2021-11-04T14:40:00Z;212;195;0;407;407;18944[Alte Oper];2021-11-04T14:42:00.502Z
0.25274727;open;2021-11-04T14:40:00Z;92;272;0;364;364;24281[Hauptbahnhof Süd];2021-11-04T14:42:00.502Z
0.7799753;open;2021-11-04T14:40:00Z;631;178;0;809;809;24279[Konstabler];2021-11-04T14:42:00.502Z
0.9835681;open;2021-11-04T14:40:00Z;419;7;0;426;426;18497[Hauptwache];2021-11-04T14:42:00.502Z
0.6647059;open;2021-11-04T14:40:00Z;452;228;0;680;680;18495[Am Gericht];2021-11-04T14:42:00.502Z
0.6388013;open;2021-11-04T14:40:00Z;405;229;0;634;634;18494[Konrad-Adenauer-Straße];2021-11-04T14:42:00.502Z
0.6933333;open;2021-11-04T14:50:00Z;104;46;200;350;150;24276[Turmcenter];2021-11-04T14:52:00.786Z
0.4864865;open;2021-11-04T14:50:00Z;198;209;0;407;407;18944[Alte Oper];2021-11-04T14:52:00.786Z
0.23076923;open;2021-11-04T14:50:00Z;84;280;0;364;364;24281[Hauptbahnhof Süd];2021-11-04T14:52:00.786Z
0.76267;open;2021-11-04T14:50:00Z;617;192;0;809;809;24279[Konstabler];2021-11-04T14:52:00.786Z
0.9577465;open;2021-11-04T14:50:00Z;408;18;0;426;426;18497[Hauptwache];2021-11-04T14:52:00.786Z
0.65882355;open;2021-11-04T14:50:00Z;448;232;0;680;680;18495[Am Gericht];2021-11-04T14:52:00.786Z
0.3392857;open;2021-11-04T14:50:00Z;304;592;70;966;896;109240[MyZeil];2021-11-04T14:52:00.786Z
0.6340694;open;2021-11-04T14:50:00Z;402;232;0;634;634;18494[Konrad-Adenauer-Straße];2021-11-04T14:52:00.786Z
0.7;open;2021-11-04T15:00:00Z;105;45;200;350;150;24276[Turmcenter];2021-11-04T15:02:00.600Z
0.47665846;open;2021-11-04T15:00:00Z;194;213;0;407;407;18944[Alte Oper];2021-11-04T15:02:00.600Z
0.22527473;open;2021-11-04T15:00:00Z;82;282;0;364;364;24281[Hauptbahnhof Süd];2021-11-04T15:02:00.600Z
0.75154513;open;2021-11-04T15:00:00Z;608;201;0;809;809;24279[Konstabler];2021-11-04T15:02:00.600Z
0.9483568;open;2021-11-04T15:00:00Z;404;22;0;426;426;18497[Hauptwache];2021-11-04T15:02:00.600Z
0.6514706;open;2021-11-04T15:00:00Z;443;237;0;680;680;18495[Am Gericht];2021-11-04T15:02:00.600Z
0.63722396;open;2021-11-04T15:00:00Z;404;230;0;634;634;18494[Konrad-Adenauer-Straße];2021-11-04T15:02:00.600Z
0.6933333;open;2021-11-04T15:10:00Z;104;46;200;350;150;24276[Turmcenter];2021-11-04T15:12:00.712Z
0.46928746;open;2021-11-04T15:10:00Z;191;216;0;407;407;18944[Alte Oper];2021-11-04T15:12:00.712Z
0.21153846;open;2021-11-04T15:10:00Z;77;287;0;364;364;24281[Hauptbahnhof Süd];2021-11-04T15:12:00.712Z
0.736712;open;2021-11-04T15:10:00Z;596;213;0;809;809;24279[Konstabler];2021-11-04T15:12:00.712Z
0.9624413;open;2021-11-04T15:10:00Z;410;16;0;426;426;18497[Hauptwache];2021-11-04T15:12:00.712Z
0.64411765;open;2021-11-04T15:10:00Z;438;242;0;680;680;18495[Am Gericht];2021-11-04T15:12:00.712Z
0.34151787;open;2021-11-04T15:10:00Z;306;590;70;966;896;109240[MyZeil];2021-11-04T15:12:00.712Z
0.62933755;open;2021-11-04T15:10:00Z;399;235;0;634;634;18494[Konrad-Adenauer-Straße];2021-11-04T15:12:00.712Z
0.5933333;open;2021-11-04T15:35:00Z;89;61;200;350;150;24276[Turmcenter];2021-11-04T15:37:00.730Z
0.44717446;open;2021-11-04T15:35:00Z;182;225;0;407;407;18944[Alte Oper];2021-11-04T15:37:00.730Z
0.18131869;open;2021-11-04T15:35:00Z;66;298;0;364;364;24281[Hauptbahnhof Süd];2021-11-04T15:37:00.730Z
0.6946848;open;2021-11-04T15:35:00Z;562;247;0;809;809;24279[Konstabler];2021-11-04T15:37:00.730Z
0.9413146;open;2021-11-04T15:35:00Z;401;25;0;426;426;18497[Hauptwache];2021-11-04T15:37:00.730Z
0.63235295;open;2021-11-04T15:35:00Z;430;250;0;680;680;18495[Am Gericht];2021-11-04T15:37:00.730Z
0.34263393;open;2021-11-04T15:35:00Z;307;589;70;966;896;109240[MyZeil];2021-11-04T15:37:00.730Z
0.60883284;open;2021-11-04T15:35:00Z;386;248;0;634;634;18494[Konrad-Adenauer-Straße];2021-11-04T15:37:00.730Z
0.5933333;open;2021-11-04T15:51:00Z;89;61;200;350;150;24276[Turmcenter];2021-11-04T15:52:01.353Z
0.43488944;open;2021-11-04T15:51:00Z;177;230;0;407;407;18944[Alte Oper];2021-11-04T15:52:01.353Z
0.16208792;open;2021-11-04T15:51:00Z;59;305;0;364;364;24281[Hauptbahnhof Süd];2021-11-04T15:52:01.353Z
0.6922126;open;2021-11-04T15:51:00Z;560;249;0;809;809;24279[Konstabler];2021-11-04T15:52:01.353Z
0.92723006;open;2021-11-04T15:51:00Z;395;31;0;426;426;18497[Hauptwache];2021-11-04T15:52:01.353Z
0.62647057;open;2021-11-04T15:51:00Z;426;254;0;680;680;18495[Am Gericht];2021-11-04T15:52:01.353Z
0.6198738;open;2021-11-04T15:51:00Z;393;241;0;634;634;18494[Konrad-Adenauer-Straße];2021-11-04T15:52:01.353Z
0.5733333;open;2021-11-04T15:56:00Z;86;64;200;350;150;24276[Turmcenter];2021-11-04T15:57:01.606Z
0.45208845;open;2021-11-04T15:56:00Z;184;223;0;407;407;18944[Alte Oper];2021-11-04T15:57:01.606Z
0.15384616;open;2021-11-04T15:56:00Z;56;308;0;364;364;24281[Hauptbahnhof Süd];2021-11-04T15:57:01.606Z
0.6897404;open;2021-11-04T15:56:00Z;558;251;0;809;809;24279[Konstabler];2021-11-04T15:57:01.606Z
0.9319249;open;2021-11-04T15:56:00Z;397;29;0;426;426;18497[Hauptwache];2021-11-04T15:57:01.606Z
0.6220588;open;2021-11-04T15:56:00Z;423;257;0;680;680;18495[Am Gericht];2021-11-04T15:57:01.606Z
0.33370537;open;2021-11-04T15:56:00Z;299;597;70;966;896;109240[MyZeil];2021-11-04T15:57:01.606Z
0.61671925;open;2021-11-04T15:56:00Z;391;243;0;634;634;18494[Konrad-Adenauer-Straße];2021-11-04T15:57:01.606Z
0.53333336;open;2021-11-04T16:11:00Z;80;70;200;350;150;24276[Turmcenter];2021-11-04T16:12:00.717Z
0.45454547;open;2021-11-04T16:11:00Z;185;222;0;407;407;18944[Alte Oper];2021-11-04T16:12:00.717Z
0.12362637;open;2021-11-04T16:11:00Z;45;319;0;364;364;24281[Hauptbahnhof Süd];2021-11-04T16:12:00.717Z
0.68479604;open;2021-11-04T16:11:00Z;554;255;0;809;809;24279[Konstabler];2021-11-04T16:12:00.717Z
0.9507042;open;2021-11-04T16:11:00Z;405;21;0;426;426;18497[Hauptwache];2021-11-04T16:12:00.717Z
0.61764705;open;2021-11-04T16:11:00Z;420;260;0;680;680;18495[Am Gericht];2021-11-04T16:12:00.717Z
0.328125;open;2021-11-04T16:11:00Z;294;602;70;966;896;109240[MyZeil];2021-11-04T16:12:00.717Z
0.60567826;open;2021-11-04T16:11:00Z;384;250;0;634;634;18494[Konrad-Adenauer-Straße];2021-11-04T16:12:00.717Z
0.5466667;open;2021-11-04T16:46:00Z;82;68;200;350;150;24276[Turmcenter];2021-11-04T16:47:01.891Z
0.46928746;open;2021-11-04T16:46:00Z;191;216;0;407;407;18944[Alte Oper];2021-11-04T16:47:01.891Z
0.07967033;open;2021-11-04T16:46:00Z;29;335;0;364;364;24281[Hauptbahnhof Süd];2021-11-04T16:47:01.891Z
0.6489493;open;2021-11-04T16:46:00Z;525;284;0;809;809;24279[Konstabler];2021-11-04T16:47:01.891Z
0.9061033;open;2021-11-04T16:46:00Z;386;40;0;426;426;18497[Hauptwache];2021-11-04T16:47:01.891Z
0.5867647;open;2021-11-04T16:46:00Z;399;281;0;680;680;18495[Am Gericht];2021-11-04T16:47:01.891Z
0.5694006;open;2021-11-04T16:46:00Z;361;273;0;634;634;18494[Konrad-Adenauer-Straße];2021-11-04T16:47:01.891Z
0.5133333;open;2021-11-04T17:01:00Z;77;73;200;350;150;24276[Turmcenter];2021-11-04T17:07:02.258Z
0.45700246;open;2021-11-04T17:01:00Z;186;221;0;407;407;18944[Alte Oper];2021-11-04T17:07:02.258Z
0.071428575;open;2021-11-04T17:01:00Z;26;338;0;364;364;24281[Hauptbahnhof Süd];2021-11-04T17:07:02.258Z
0.64029664;open;2021-11-04T17:01:00Z;518;291;0;809;809;24279[Konstabler];2021-11-04T17:07:02.258Z
0.87323946;open;2021-11-04T17:01:00Z;372;54;0;426;426;18497[Hauptwache];2021-11-04T17:07:02.258Z
0.5838235;open;2021-11-04T17:01:00Z;397;283;0;680;680;18495[Am Gericht];2021-11-04T17:07:02.258Z
0.29799107;open;2021-11-04T17:01:00Z;267;629;70;966;896;109240[MyZeil];2021-11-04T17:07:02.258Z
0.5583596;open;2021-11-04T17:01:00Z;354;280;0;634;634;18494[Konrad-Adenauer-Straße];2021-11-04T17:07:02.258Z
0.41;open;2021-11-04T17:42:00Z;82;118;150;350;200;24276[Turmcenter];2021-11-04T17:47:00.173Z
0.5184275;open;2021-11-04T17:42:00Z;211;196;0;407;407;18944[Alte Oper];2021-11-04T17:47:00.173Z
0.041208792;open;2021-11-04T17:42:00Z;15;349;0;364;364;24281[Hauptbahnhof Süd];2021-11-04T17:47:00.173Z
0.6044499;open;2021-11-04T17:42:00Z;489;320;0;809;809;24279[Konstabler];2021-11-04T17:47:00.173Z
0.8403756;open;2021-11-04T17:42:00Z;358;68;0;426;426;18497[Hauptwache];2021-11-04T17:47:00.173Z
0.575;open;2021-11-04T17:42:00Z;391;289;0;680;680;18495[Am Gericht];2021-11-04T17:47:00.173Z
0.28348213;open;2021-11-04T17:42:00Z;254;642;70;966;896;109240[MyZeil];2021-11-04T17:47:00.173Z
0.5646688;open;2021-11-04T17:42:00Z;358;276;0;634;634;18494[Konrad-Adenauer-Straße];2021-11-04T17:47:00.173Z
0.47;open;2021-11-04T17:57:00Z;94;106;150;350;200;24276[Turmcenter];2021-11-04T18:02:01.143Z
0.55773956;open;2021-11-04T17:57:00Z;227;180;0;407;407;18944[Alte Oper];2021-11-04T18:02:01.143Z
0.041208792;open;2021-11-04T17:57:00Z;15;349;0;364;364;24281[Hauptbahnhof Süd];2021-11-04T18:02:01.143Z
0.58590853;open;2021-11-04T17:57:00Z;474;335;0;809;809;24279[Konstabler];2021-11-04T18:02:01.143Z
0.8309859;open;2021-11-04T17:57:00Z;354;72;0;426;426;18497[Hauptwache];2021-11-04T18:02:01.143Z
0.55735296;open;2021-11-04T17:57:00Z;379;301;0;680;680;18495[Am Gericht];2021-11-04T18:02:01.143Z
0.28236607;open;2021-11-04T17:57:00Z;253;643;70;966;896;109240[MyZeil];2021-11-04T18:02:01.143Z
0.5567823;open;2021-11-04T17:57:00Z;353;281;0;634;634;18494[Konrad-Adenauer-Straße];2021-11-04T18:02:01.143Z
0.485;open;2021-11-04T18:07:00Z;97;103;150;350;200;24276[Turmcenter];2021-11-04T18:12:00.230Z
0.57002455;open;2021-11-04T18:07:00Z;232;175;0;407;407;18944[Alte Oper];2021-11-04T18:12:00.230Z
0.035714287;open;2021-11-04T18:07:00Z;13;351;0;364;364;24281[Hauptbahnhof Süd];2021-11-04T18:12:00.230Z
0.58096415;open;2021-11-04T18:07:00Z;470;339;0;809;809;24279[Konstabler];2021-11-04T18:12:00.230Z
0.8356807;open;2021-11-04T18:07:00Z;356;70;0;426;426;18497[Hauptwache];2021-11-04T18:12:00.230Z
0.55735296;open;2021-11-04T18:07:00Z;379;301;0;680;680;18495[Am Gericht];2021-11-04T18:12:00.230Z
0.28348213;open;2021-11-04T18:07:00Z;254;642;70;966;896;109240[MyZeil];2021-11-04T18:12:00.230Z
0.56309146;open;2021-11-04T18:07:00Z;357;277;0;634;634;18494[Konrad-Adenauer-Straße];2021-11-04T18:12:00.230Z
0.565;open;2021-11-04T18:33:00Z;113;87;150;350;200;24276[Turmcenter];2021-11-04T18:37:02.150Z
0.6953317;open;2021-11-04T18:33:00Z;283;124;0;407;407;18944[Alte Oper];2021-11-04T18:37:02.150Z
0.03846154;open;2021-11-04T18:33:00Z;14;350;0;364;364;24281[Hauptbahnhof Süd];2021-11-04T18:37:02.150Z
0.5611867;open;2021-11-04T18:33:00Z;454;355;0;809;809;24279[Konstabler];2021-11-04T18:37:02.150Z
0.81220657;open;2021-11-04T18:33:00Z;346;80;0;426;426;18497[Hauptwache];2021-11-04T18:37:02.150Z
0.55735296;open;2021-11-04T18:33:00Z;379;301;0;680;680;18495[Am Gericht];2021-11-04T18:37:02.150Z
0.28125;open;2021-11-04T18:33:00Z;252;644;70;966;896;109240[MyZeil];2021-11-04T18:37:02.150Z
0.56624603;open;2021-11-04T18:33:00Z;359;275;0;634;634;18494[Konrad-Adenauer-Straße];2021-11-04T18:37:02.150Z
0.58;open;2021-11-04T18:48:00Z;116;84;150;350;200;24276[Turmcenter];2021-11-04T18:52:01.326Z
0.7371007;open;2021-11-04T18:48:00Z;300;107;0;407;407;18944[Alte Oper];2021-11-04T18:52:01.326Z
0.032967035;open;2021-11-04T18:48:00Z;12;352;0;364;364;24281[Hauptbahnhof Süd];2021-11-04T18:52:01.326Z
0.5426452;open;2021-11-04T18:48:00Z;439;370;0;809;809;24279[Konstabler];2021-11-04T18:52:01.326Z
0.80516434;open;2021-11-04T18:48:00Z;343;83;0;426;426;18497[Hauptwache];2021-11-04T18:52:01.326Z
0.55;open;2021-11-04T18:48:00Z;374;306;0;680;680;18495[Am Gericht];2021-11-04T18:52:01.326Z
0.26785713;open;2021-11-04T18:48:00Z;240;656;70;966;896;109240[MyZeil];2021-11-04T18:52:01.326Z
0.5520505;open;2021-11-04T18:48:00Z;350;284;0;634;634;18494[Konrad-Adenauer-Straße];2021-11-04T18:52:01.326Z
0.605;open;2021-11-04T18:58:00Z;121;79;150;350;200;24276[Turmcenter];2021-11-04T19:02:00.325Z
0.74201477;open;2021-11-04T18:58:00Z;302;105;0;407;407;18944[Alte Oper];2021-11-04T19:02:00.325Z
0.03021978;open;2021-11-04T18:58:00Z;11;353;0;364;364;24281[Hauptbahnhof Süd];2021-11-04T19:02:00.325Z
0.5302843;open;2021-11-04T18:58:00Z;429;380;0;809;809;24279[Konstabler];2021-11-04T19:02:00.325Z
0.7910798;open;2021-11-04T18:58:00Z;337;89;0;426;426;18497[Hauptwache];2021-11-04T19:02:00.325Z
0.54558825;open;2021-11-04T18:58:00Z;371;309;0;680;680;18495[Am Gericht];2021-11-04T19:02:00.325Z
0.2611607;open;2021-11-04T18:58:00Z;234;662;70;966;896;109240[MyZeil];2021-11-04T19:02:00.325Z
0.5504732;open;2021-11-04T18:58:00Z;349;285;0;634;634;18494[Konrad-Adenauer-Straße];2021-11-04T19:02:00.325Z
0.64;open;2021-11-04T19:08:00Z;128;72;150;350;200;24276[Turmcenter];2021-11-04T19:12:02.600Z
0.73464376;open;2021-11-04T19:08:00Z;299;108;0;407;407;18944[Alte Oper];2021-11-04T19:12:02.600Z
0.027472528;open;2021-11-04T19:08:00Z;10;354;0;364;364;24281[Hauptbahnhof Süd];2021-11-04T19:12:02.600Z
0.5067985;open;2021-11-04T19:08:00Z;410;399;0;809;809;24279[Konstabler];2021-11-04T19:12:02.600Z
0.7816901;open;2021-11-04T19:08:00Z;333;93;0;426;426;18497[Hauptwache];2021-11-04T19:12:02.600Z
0.5470588;open;2021-11-04T19:08:00Z;372;308;0;680;680;18495[Am Gericht];2021-11-04T19:12:02.600Z
0.5488959;open;2021-11-04T19:08:00Z;348;286;0;634;634;18494[Konrad-Adenauer-Straße];2021-11-04T19:12:02.600Z
0.59;open;2021-11-04T19:23:00Z;118;82;150;350;200;24276[Turmcenter];2021-11-04T19:27:02.904Z
0.7174447;open;2021-11-04T19:23:00Z;292;115;0;407;407;18944[Alte Oper];2021-11-04T19:27:02.904Z
0.024725275;open;2021-11-04T19:23:00Z;9;355;0;364;364;24281[Hauptbahnhof Süd];2021-11-04T19:27:02.904Z
0.48331273;open;2021-11-04T19:23:00Z;391;418;0;809;809;24279[Konstabler];2021-11-04T19:27:02.904Z
0.75586855;open;2021-11-04T19:23:00Z;322;104;0;426;426;18497[Hauptwache];2021-11-04T19:27:02.904Z
0.54558825;open;2021-11-04T19:23:00Z;371;309;0;680;680;18495[Am Gericht];2021-11-04T19:27:02.904Z
0.5457413;open;2021-11-04T19:23:00Z;346;288;0;634;634;18494[Konrad-Adenauer-Straße];2021-11-04T19:27:02.904Z
0.59;open;2021-11-04T19:28:00Z;118;82;150;350;200;24276[Turmcenter];2021-11-04T19:32:02.394Z
0.71990174;open;2021-11-04T19:28:00Z;293;114;0;407;407;18944[Alte Oper];2021-11-04T19:32:02.394Z
0.024725275;open;2021-11-04T19:28:00Z;9;355;0;364;364;24281[Hauptbahnhof Süd];2021-11-04T19:32:02.394Z
0.48454884;open;2021-11-04T19:28:00Z;392;417;0;809;809;24279[Konstabler];2021-11-04T19:32:02.394Z
0.75117373;open;2021-11-04T19:28:00Z;320;106;0;426;426;18497[Hauptwache];2021-11-04T19:32:02.394Z
0.5397059;open;2021-11-04T19:28:00Z;367;313;0;680;680;18495[Am Gericht];2021-11-04T19:32:02.394Z
0.24776785;open;2021-11-04T19:28:00Z;222;674;70;966;896;109240[MyZeil];2021-11-04T19:32:02.394Z
0.54416406;open;2021-11-04T19:28:00Z;345;289;0;634;634;18494[Konrad-Adenauer-Straße];2021-11-04T19:32:02.394Z
0.6;open;2021-11-04T19:39:00Z;120;80;150;350;200;24276[Turmcenter];2021-11-04T19:42:02.085Z
0.7297297;open;2021-11-04T19:39:00Z;297;110;0;407;407;18944[Alte Oper];2021-11-04T19:42:02.085Z
0.027472528;open;2021-11-04T19:39:00Z;10;354;0;364;364;24281[Hauptbahnhof Süd];2021-11-04T19:42:02.085Z
0.46971568;open;2021-11-04T19:39:00Z;380;429;0;809;809;24279[Konstabler];2021-11-04T19:42:02.085Z
0.75352114;open;2021-11-04T19:39:00Z;321;105;0;426;426;18497[Hauptwache];2021-11-04T19:42:02.085Z
0.5294118;open;2021-11-04T19:39:00Z;360;320;0;680;680;18495[Am Gericht];2021-11-04T19:42:02.085Z
0.53154576;open;2021-11-04T19:39:00Z;337;297;0;634;634;18494[Konrad-Adenauer-Straße];2021-11-04T19:42:02.085Z
0.595;open;2021-11-04T19:49:00Z;119;81;150;350;200;24276[Turmcenter];2021-11-04T19:52:01.142Z
0.7149877;open;2021-11-04T19:49:00Z;291;116;0;407;407;18944[Alte Oper];2021-11-04T19:52:01.142Z
0.027472528;open;2021-11-04T19:49:00Z;10;354;0;364;364;24281[Hauptbahnhof Süd];2021-11-04T19:52:01.142Z
0.45982695;open;2021-11-04T19:49:00Z;372;437;0;809;809;24279[Konstabler];2021-11-04T19:52:01.142Z
0.74178404;open;2021-11-04T19:49:00Z;316;110;0;426;426;18497[Hauptwache];2021-11-04T19:52:01.142Z
0.525;open;2021-11-04T19:49:00Z;357;323;0;680;680;18495[Am Gericht];2021-11-04T19:52:01.142Z
0.23549107;open;2021-11-04T19:49:00Z;211;685;70;966;896;109240[MyZeil];2021-11-04T19:52:01.142Z
0.5252366;open;2021-11-04T19:49:00Z;333;301;0;634;634;18494[Konrad-Adenauer-Straße];2021-11-04T19:52:01.142Z
0.58;open;2021-11-04T19:54:00Z;116;84;150;350;200;24276[Turmcenter];2021-11-04T19:57:01.380Z
0.7100737;open;2021-11-04T19:54:00Z;289;118;0;407;407;18944[Alte Oper];2021-11-04T19:57:01.380Z
0.027472528;open;2021-11-04T19:54:00Z;10;354;0;364;364;24281[Hauptbahnhof Süd];2021-11-04T19:57:01.380Z
0.45241037;open;2021-11-04T19:54:00Z;366;443;0;809;809;24279[Konstabler];2021-11-04T19:57:01.380Z
0.7347418;open;2021-11-04T19:54:00Z;313;113;0;426;426;18497[Hauptwache];2021-11-04T19:57:01.380Z
0.51029414;open;2021-11-04T19:54:00Z;347;333;0;680;680;18495[Am Gericht];2021-11-04T19:57:01.380Z
0.5236593;open;2021-11-04T19:54:00Z;332;302;0;634;634;18494[Konrad-Adenauer-Straße];2021-11-04T19:57:01.380Z
0.545;open;2021-11-04T20:09:00Z;109;91;150;350;200;24276[Turmcenter];2021-11-04T20:12:00.994Z
0.6756757;open;2021-11-04T20:09:00Z;275;132;0;407;407;18944[Alte Oper];2021-11-04T20:12:00.994Z
0.024725275;open;2021-11-04T20:09:00Z;9;355;0;364;364;24281[Hauptbahnhof Süd];2021-11-04T20:12:00.994Z
0.44128555;open;2021-11-04T20:09:00Z;357;452;0;809;809;24279[Konstabler];2021-11-04T20:12:00.994Z
0.713615;open;2021-11-04T20:09:00Z;304;122;0;426;426;18497[Hauptwache];2021-11-04T20:12:00.994Z
0.47205883;open;2021-11-04T20:09:00Z;321;359;0;680;680;18495[Am Gericht];2021-11-04T20:12:00.994Z
0.51735014;open;2021-11-04T20:09:00Z;328;306;0;634;634;18494[Konrad-Adenauer-Straße];2021-11-04T20:12:00.994Z
0.515;open;2021-11-04T20:30:00Z;103;97;150;350;200;24276[Turmcenter];2021-11-04T20:32:00.455Z
0.65356266;open;2021-11-04T20:30:00Z;266;141;0;407;407;18944[Alte Oper];2021-11-04T20:32:00.455Z
0.024725275;open;2021-11-04T20:30:00Z;9;355;0;364;364;24281[Hauptbahnhof Süd];2021-11-04T20:32:00.455Z
0.4128554;open;2021-11-04T20:30:00Z;334;475;0;809;809;24279[Konstabler];2021-11-04T20:32:00.455Z
0.69014084;open;2021-11-04T20:30:00Z;294;132;0;426;426;18497[Hauptwache];2021-11-04T20:32:00.455Z
0.46029413;open;2021-11-04T20:30:00Z;313;367;0;680;680;18495[Am Gericht];2021-11-04T20:32:00.455Z
0.21875;open;2021-11-04T20:30:00Z;196;700;70;966;896;109240[MyZeil];2021-11-04T20:32:00.455Z
0.5078864;open;2021-11-04T20:30:00Z;322;312;0;634;634;18494[Konrad-Adenauer-Straße];2021-11-04T20:32:00.455Z
0.495;open;2021-11-04T20:45:00Z;99;101;150;350;200;24276[Turmcenter];2021-11-04T20:47:00.610Z
0.4152334;open;2021-11-04T20:45:00Z;169;238;0;407;407;18944[Alte Oper];2021-11-04T20:47:00.610Z
0.021978023;open;2021-11-04T20:45:00Z;8;356;0;364;364;24281[Hauptbahnhof Süd];2021-11-04T20:47:00.610Z
0.40420273;open;2021-11-04T20:45:00Z;327;482;0;809;809;24279[Konstabler];2021-11-04T20:47:00.610Z
0.67840374;open;2021-11-04T20:45:00Z;289;137;0;426;426;18497[Hauptwache];2021-11-04T20:47:00.610Z
0.45588234;open;2021-11-04T20:45:00Z;310;370;0;680;680;18495[Am Gericht];2021-11-04T20:47:00.610Z
0.21316965;open;2021-11-04T20:45:00Z;191;705;70;966;896;109240[MyZeil];2021-11-04T20:47:00.610Z
0.50630915;open;2021-11-04T20:45:00Z;321;313;0;634;634;18494[Konrad-Adenauer-Straße];2021-11-04T20:47:00.610Z
0.49;open;2021-11-04T20:55:00Z;98;102;150;350;200;24276[Turmcenter];2021-11-04T20:57:02.666Z
0.31941032;open;2021-11-04T20:55:00Z;130;277;0;407;407;18944[Alte Oper];2021-11-04T20:57:02.666Z
0.021978023;open;2021-11-04T20:55:00Z;8;356;0;364;364;24281[Hauptbahnhof Süd];2021-11-04T20:57:02.666Z
0.40296662;open;2021-11-04T20:55:00Z;326;483;0;809;809;24279[Konstabler];2021-11-04T20:57:02.666Z
0.657277;open;2021-11-04T20:55:00Z;280;146;0;426;426;18497[Hauptwache];2021-11-04T20:57:02.666Z
0.45588234;open;2021-11-04T20:55:00Z;310;370;0;680;680;18495[Am Gericht];2021-11-04T20:57:02.666Z
0.4858044;open;2021-11-04T20:55:00Z;308;326;0;634;634;18494[Konrad-Adenauer-Straße];2021-11-04T20:57:02.666Z
0.435;open;2021-11-04T21:10:00Z;87;113;150;350;200;24276[Turmcenter];2021-11-04T21:12:02.094Z
0.28255528;open;2021-11-04T21:10:00Z;115;292;0;407;407;18944[Alte Oper];2021-11-04T21:12:02.094Z
0.01923077;open;2021-11-04T21:10:00Z;7;357;0;364;364;24281[Hauptbahnhof Süd];2021-11-04T21:12:02.094Z
0.3893696;open;2021-11-04T21:10:00Z;315;494;0;809;809;24279[Konstabler];2021-11-04T21:12:02.094Z
0.6173709;open;2021-11-04T21:10:00Z;263;163;0;426;426;18497[Hauptwache];2021-11-04T21:12:02.094Z
0.44852942;open;2021-11-04T21:10:00Z;305;375;0;680;680;18495[Am Gericht];2021-11-04T21:12:02.094Z
0.19642857;open;2021-11-04T21:10:00Z;176;720;70;966;896;109240[MyZeil];2021-11-04T21:12:02.094Z
0.4747634;open;2021-11-04T21:10:00Z;301;333;0;634;634;18494[Konrad-Adenauer-Straße];2021-11-04T21:12:02.094Z
0.37;open;2021-11-04T21:25:00Z;74;126;150;350;200;24276[Turmcenter];2021-11-04T21:27:02.100Z
0.23832923;open;2021-11-04T21:25:00Z;97;310;0;407;407;18944[Alte Oper];2021-11-04T21:27:02.100Z
0.01923077;open;2021-11-04T21:25:00Z;7;357;0;364;364;24281[Hauptbahnhof Süd];2021-11-04T21:27:02.100Z
0.37453645;open;2021-11-04T21:25:00Z;303;506;0;809;809;24279[Konstabler];2021-11-04T21:27:02.100Z
0.58920187;open;2021-11-04T21:25:00Z;251;175;0;426;426;18497[Hauptwache];2021-11-04T21:27:02.100Z
0.44264707;open;2021-11-04T21:25:00Z;301;379;0;680;680;18495[Am Gericht];2021-11-04T21:27:02.100Z
0.19084822;open;2021-11-04T21:25:00Z;171;725;70;966;896;109240[MyZeil];2021-11-04T21:27:02.100Z
0.44952682;open;2021-11-04T21:25:00Z;285;349;0;634;634;18494[Konrad-Adenauer-Straße];2021-11-04T21:27:02.100Z
0.275;open;2021-11-04T21:41:00Z;55;145;150;350;200;24276[Turmcenter];2021-11-04T21:42:00.725Z
0.18427518;open;2021-11-04T21:41:00Z;75;332;0;407;407;18944[Alte Oper];2021-11-04T21:42:00.725Z
0.01923077;open;2021-11-04T21:41:00Z;7;357;0;364;364;24281[Hauptbahnhof Süd];2021-11-04T21:42:00.725Z
0.3634116;open;2021-11-04T21:41:00Z;294;515;0;809;809;24279[Konstabler];2021-11-04T21:42:00.725Z
0.57511735;open;2021-11-04T21:41:00Z;245;181;0;426;426;18497[Hauptwache];2021-11-04T21:42:00.725Z
0.43382353;open;2021-11-04T21:41:00Z;295;385;0;680;680;18495[Am Gericht];2021-11-04T21:42:00.725Z
0.18861607;open;2021-11-04T21:41:00Z;169;727;70;966;896;109240[MyZeil];2021-11-04T21:42:00.725Z
0.4274448;open;2021-11-04T21:41:00Z;271;363;0;634;634;18494[Konrad-Adenauer-Straße];2021-11-04T21:42:00.725Z
0.255;open;2021-11-04T21:52:00Z;51;149;150;350;200;24276[Turmcenter];2021-11-04T21:57:00.889Z
0.16216215;open;2021-11-04T21:52:00Z;66;341;0;407;407;18944[Alte Oper];2021-11-04T21:57:00.889Z
0.013736264;open;2021-11-04T21:52:00Z;5;359;0;364;364;24281[Hauptbahnhof Süd];2021-11-04T21:57:00.889Z
0.35475895;open;2021-11-04T21:52:00Z;287;522;0;809;809;24279[Konstabler];2021-11-04T21:57:00.889Z
0.5492958;open;2021-11-04T21:52:00Z;234;192;0;426;426;18497[Hauptwache];2021-11-04T21:57:00.889Z
0.42941177;open;2021-11-04T21:52:00Z;292;388;0;680;680;18495[Am Gericht];2021-11-04T21:57:00.889Z
0.41798106;open;2021-11-04T21:52:00Z;265;369;0;634;634;18494[Konrad-Adenauer-Straße];2021-11-04T21:57:00.889Z
0.21;open;2021-11-04T22:02:00Z;42;158;150;350;200;24276[Turmcenter];2021-11-04T22:07:00.118Z
0.14742015;open;2021-11-04T22:02:00Z;60;347;0;407;407;18944[Alte Oper];2021-11-04T22:07:00.118Z
0.013736264;open;2021-11-04T22:02:00Z;5;359;0;364;364;24281[Hauptbahnhof Süd];2021-11-04T22:07:00.118Z
0.3473424;open;2021-11-04T22:02:00Z;281;528;0;809;809;24279[Konstabler];2021-11-04T22:07:00.118Z
0.54460096;open;2021-11-04T22:02:00Z;232;194;0;426;426;18497[Hauptwache];2021-11-04T22:07:00.118Z
0.43088236;open;2021-11-04T22:02:00Z;293;387;0;680;680;18495[Am Gericht];2021-11-04T22:07:00.118Z
0.18415178;open;2021-11-04T22:02:00Z;165;731;70;966;896;109240[MyZeil];2021-11-04T22:07:00.118Z
0.41167194;open;2021-11-04T22:02:00Z;261;373;0;634;634;18494[Konrad-Adenauer-Straße];2021-11-04T22:07:00.118Z
0.1;open;2021-11-04T22:23:00Z;20;180;150;350;200;24276[Turmcenter];2021-11-04T22:27:01.633Z
0.10810811;open;2021-11-04T22:23:00Z;44;363;0;407;407;18944[Alte Oper];2021-11-04T22:27:01.633Z
0.013736264;open;2021-11-04T22:23:00Z;5;359;0;364;364;24281[Hauptbahnhof Süd];2021-11-04T22:27:01.633Z
0.33374536;open;2021-11-04T22:23:00Z;270;539;0;809;809;24279[Konstabler];2021-11-04T22:27:01.633Z
0.52582157;open;2021-11-04T22:23:00Z;224;202;0;426;426;18497[Hauptwache];2021-11-04T22:27:01.633Z
0.43088236;open;2021-11-04T22:23:00Z;293;387;0;680;680;18495[Am Gericht];2021-11-04T22:27:01.633Z
0.1796875;open;2021-11-04T22:23:00Z;161;735;70;966;896;109240[MyZeil];2021-11-04T22:27:01.633Z
0.40694007;open;2021-11-04T22:23:00Z;258;376;0;634;634;18494[Konrad-Adenauer-Straße];2021-11-04T22:27:01.633Z
0.08;open;2021-11-04T22:33:00Z;16;184;150;350;200;24276[Turmcenter];2021-11-04T22:37:00.645Z
0.085995086;open;2021-11-04T22:33:00Z;35;372;0;407;407;18944[Alte Oper];2021-11-04T22:37:00.645Z
0.016483517;open;2021-11-04T22:33:00Z;6;358;0;364;364;24281[Hauptbahnhof Süd];2021-11-04T22:37:00.645Z
0.3250927;open;2021-11-04T22:33:00Z;263;546;0;809;809;24279[Konstabler];2021-11-04T22:37:00.645Z
0.52112675;open;2021-11-04T22:33:00Z;222;204;0;426;426;18497[Hauptwache];2021-11-04T22:37:00.645Z
0.42941177;open;2021-11-04T22:33:00Z;292;388;0;680;680;18495[Am Gericht];2021-11-04T22:37:00.645Z
0.17857143;open;2021-11-04T22:33:00Z;160;736;70;966;896;109240[MyZeil];2021-11-04T22:37:00.645Z
0.4037855;open;2021-11-04T22:33:00Z;256;378;0;634;634;18494[Konrad-Adenauer-Straße];2021-11-04T22:37:00.645Z
0.05;open;2021-11-04T22:43:00Z;10;190;150;350;200;24276[Turmcenter];2021-11-04T22:47:02.006Z
0.07862408;open;2021-11-04T22:43:00Z;32;375;0;407;407;18944[Alte Oper];2021-11-04T22:47:02.006Z
0.01923077;open;2021-11-04T22:43:00Z;7;357;0;364;364;24281[Hauptbahnhof Süd];2021-11-04T22:47:02.006Z
0.32138443;open;2021-11-04T22:43:00Z;260;549;0;809;809;24279[Konstabler];2021-11-04T22:47:02.006Z
0.5164319;open;2021-11-04T22:43:00Z;220;206;0;426;426;18497[Hauptwache];2021-11-04T22:47:02.006Z
0.43088236;open;2021-11-04T22:43:00Z;293;387;0;680;680;18495[Am Gericht];2021-11-04T22:47:02.006Z
0.17745535;open;2021-11-04T22:43:00Z;159;737;70;966;896;109240[MyZeil];2021-11-04T22:47:02.006Z
0.4022082;open;2021-11-04T22:43:00Z;255;379;0;634;634;18494[Konrad-Adenauer-Straße];2021-11-04T22:47:02.006Z
0.005;open;2021-11-04T22:54:00Z;1;199;150;350;200;24276[Turmcenter];2021-11-04T22:57:00.882Z
0.06879607;open;2021-11-04T22:54:00Z;28;379;0;407;407;18944[Alte Oper];2021-11-04T22:57:00.882Z
0.013736264;open;2021-11-04T22:54:00Z;5;359;0;364;364;24281[Hauptbahnhof Süd];2021-11-04T22:57:00.882Z
0.32014832;open;2021-11-04T22:54:00Z;259;550;0;809;809;24279[Konstabler];2021-11-04T22:57:00.882Z
0.5140845;open;2021-11-04T22:54:00Z;219;207;0;426;426;18497[Hauptwache];2021-11-04T22:57:00.882Z
0.42941177;open;2021-11-04T22:54:00Z;292;388;0;680;680;18495[Am Gericht];2021-11-04T22:57:00.882Z
0.17410715;open;2021-11-04T22:54:00Z;156;740;70;966;896;109240[MyZeil];2021-11-04T22:57:00.882Z
0.40063092;open;2021-11-04T22:54:00Z;254;380;0;634;634;18494[Konrad-Adenauer-Straße];2021-11-04T22:57:00.882Z
0;open;2021-11-04T23:04:00Z;0;200;150;350;200;24276[Turmcenter];2021-11-04T23:07:01.686Z
0.056511056;open;2021-11-04T23:04:00Z;23;384;0;407;407;18944[Alte Oper];2021-11-04T23:07:01.686Z
0.013736264;open;2021-11-04T23:04:00Z;5;359;0;364;364;24281[Hauptbahnhof Süd];2021-11-04T23:07:01.686Z
0.31891224;open;2021-11-04T23:04:00Z;258;551;0;809;809;24279[Konstabler];2021-11-04T23:07:01.686Z
0.5023474;open;2021-11-04T23:04:00Z;214;212;0;426;426;18497[Hauptwache];2021-11-04T23:07:01.686Z
0;closed;2021-11-04T23:04:00Z;;393;0;0;0;18495[Am Gericht];2021-11-04T23:07:01.686Z
0.39747635;open;2021-11-04T23:04:00Z;252;382;0;634;634;18494[Konrad-Adenauer-Straße];2021-11-04T23:07:01.686Z
0;open;2021-11-04T23:24:00Z;0;200;150;350;200;24276[Turmcenter];2021-11-04T23:27:01.603Z
0.044226043;open;2021-11-04T23:24:00Z;18;389;0;407;407;18944[Alte Oper];2021-11-04T23:27:01.603Z
0.010989011;open;2021-11-04T23:24:00Z;4;360;0;364;364;24281[Hauptbahnhof Süd];2021-11-04T23:27:01.603Z
0.3090235;open;2021-11-04T23:24:00Z;250;559;0;809;809;24279[Konstabler];2021-11-04T23:27:01.603Z
0.5023474;open;2021-11-04T23:24:00Z;214;212;0;426;426;18497[Hauptwache];2021-11-04T23:27:01.603Z
0;closed;2021-11-04T23:24:00Z;;393;0;0;0;18495[Am Gericht];2021-11-04T23:27:01.603Z
0.16517857;open;2021-11-04T23:24:00Z;148;748;70;966;896;109240[MyZeil];2021-11-04T23:27:01.603Z
0.39747635;open;2021-11-04T23:24:00Z;252;382;0;634;634;18494[Konrad-Adenauer-Straße];2021-11-04T23:27:01.603Z
0;open;2021-11-04T23:34:00Z;0;200;150;350;200;24276[Turmcenter];2021-11-04T23:37:00.942Z
0.041769043;open;2021-11-04T23:34:00Z;17;390;0;407;407;18944[Alte Oper];2021-11-04T23:37:00.942Z
0.010989011;open;2021-11-04T23:34:00Z;4;360;0;364;364;24281[Hauptbahnhof Süd];2021-11-04T23:37:00.942Z
0.3077874;open;2021-11-04T23:34:00Z;249;560;0;809;809;24279[Konstabler];2021-11-04T23:37:00.942Z
0.49530515;open;2021-11-04T23:34:00Z;211;215;0;426;426;18497[Hauptwache];2021-11-04T23:37:00.942Z
0;closed;2021-11-04T23:34:00Z;;393;0;0;0;18495[Am Gericht];2021-11-04T23:37:00.942Z
0.16294643;open;2021-11-04T23:34:00Z;146;750;70;966;896;109240[MyZeil];2021-11-04T23:37:00.942Z
0.39589906;open;2021-11-04T23:34:00Z;251;383;0;634;634;18494[Konrad-Adenauer-Straße];2021-11-04T23:37:00.942Z
0;open;2021-11-04T23:44:00Z;0;200;150;350;200;24276[Turmcenter];2021-11-04T23:47:00.157Z
0.03931204;open;2021-11-04T23:44:00Z;16;391;0;407;407;18944[Alte Oper];2021-11-04T23:47:00.157Z
0.010989011;open;2021-11-04T23:44:00Z;4;360;0;364;364;24281[Hauptbahnhof Süd];2021-11-04T23:47:00.157Z
0.30407912;open;2021-11-04T23:44:00Z;246;563;0;809;809;24279[Konstabler];2021-11-04T23:47:00.157Z
0.49530515;open;2021-11-04T23:44:00Z;211;215;0;426;426;18497[Hauptwache];2021-11-04T23:47:00.157Z
0;closed;2021-11-04T23:44:00Z;;393;0;0;0;18495[Am Gericht];2021-11-04T23:47:00.157Z
0.15848215;open;2021-11-04T23:44:00Z;142;754;70;966;896;109240[MyZeil];2021-11-04T23:47:00.157Z
0.39589906;open;2021-11-04T23:44:00Z;251;383;0;634;634;18494[Konrad-Adenauer-Straße];2021-11-04T23:47:00.157Z
0;open;2021-11-04T23:54:00Z;0;200;150;350;200;24276[Turmcenter];2021-11-04T23:57:02.559Z
0.034398034;open;2021-11-04T23:54:00Z;14;393;0;407;407;18944[Alte Oper];2021-11-04T23:57:02.559Z
0.010989011;open;2021-11-04T23:54:00Z;4;360;0;364;364;24281[Hauptbahnhof Süd];2021-11-04T23:57:02.559Z
0.30160692;open;2021-11-04T23:54:00Z;244;565;0;809;809;24279[Konstabler];2021-11-04T23:57:02.559Z
0.49295774;open;2021-11-04T23:54:00Z;210;216;0;426;426;18497[Hauptwache];2021-11-04T23:57:02.559Z
0;closed;2021-11-04T23:54:00Z;;393;0;0;0;18495[Am Gericht];2021-11-04T23:57:02.559Z
0.15736607;open;2021-11-04T23:54:00Z;141;755;70;966;896;109240[MyZeil];2021-11-04T23:57:02.559Z
0.39747635;open;2021-11-04T23:54:00Z;252;382;0;634;634;18494[Konrad-Adenauer-Straße];2021-11-04T23:57:02.559Z
0;open;2021-11-05T00:14:00Z;0;200;150;350;200;24276[Turmcenter];2021-11-05T00:17:00.849Z
0.017199017;open;2021-11-05T00:14:00Z;7;400;0;407;407;18944[Alte Oper];2021-11-05T00:17:00.849Z
0.008241759;open;2021-11-05T00:14:00Z;3;361;0;364;364;24281[Hauptbahnhof Süd];2021-11-05T00:17:00.849Z
0.29542646;open;2021-11-05T00:14:00Z;239;570;0;809;809;24279[Konstabler];2021-11-05T00:17:00.849Z
0.48826292;open;2021-11-05T00:14:00Z;208;218;0;426;426;18497[Hauptwache];2021-11-05T00:17:00.849Z
0;closed;2021-11-05T00:14:00Z;;393;0;0;0;18495[Am Gericht];2021-11-05T00:17:00.849Z
0.15513393;open;2021-11-05T00:14:00Z;139;757;70;966;896;109240[MyZeil];2021-11-05T00:17:00.849Z
0.39432177;open;2021-11-05T00:14:00Z;250;384;0;634;634;18494[Konrad-Adenauer-Straße];2021-11-05T00:17:00.849Z
0;open;2021-11-05T01:31:00Z;0;200;150;350;200;24276[Turmcenter];2021-11-05T01:32:02.079Z
0.012285012;open;2021-11-05T01:31:00Z;5;402;0;407;407;18944[Alte Oper];2021-11-05T01:32:02.079Z
0.008241759;open;2021-11-05T01:31:00Z;3;361;0;364;364;24281[Hauptbahnhof Süd];2021-11-05T01:32:02.079Z
0.28306553;open;2021-11-05T01:31:00Z;229;580;0;809;809;24279[Konstabler];2021-11-05T01:32:02.079Z
0.4765258;open;2021-11-05T01:31:00Z;203;223;0;426;426;18497[Hauptwache];2021-11-05T01:32:02.079Z
0;closed;2021-11-05T01:31:00Z;;393;0;0;0;18495[Am Gericht];2021-11-05T01:32:02.079Z
0.15066965;open;2021-11-05T01:31:00Z;135;761;70;966;896;109240[MyZeil];2021-11-05T01:32:02.079Z
0.39589906;open;2021-11-05T01:31:00Z;251;383;0;634;634;18494[Konrad-Adenauer-Straße];2021-11-05T01:32:02.079Z
0;open;2021-11-05T02:07:00Z;0;200;150;350;200;24276[Turmcenter];2021-11-05T02:12:00.079Z
0.012285012;open;2021-11-05T02:07:00Z;5;402;0;407;407;18944[Alte Oper];2021-11-05T02:12:00.079Z
0.008241759;open;2021-11-05T02:07:00Z;3;361;0;364;364;24281[Hauptbahnhof Süd];2021-11-05T02:12:00.079Z
0.28182942;open;2021-11-05T02:07:00Z;228;581;0;809;809;24279[Konstabler];2021-11-05T02:12:00.079Z
0.4765258;open;2021-11-05T02:07:00Z;203;223;0;426;426;18497[Hauptwache];2021-11-05T02:12:00.079Z
0;closed;2021-11-05T02:07:00Z;;393;0;0;0;18495[Am Gericht];2021-11-05T02:12:00.079Z
0.15066965;open;2021-11-05T02:07:00Z;135;761;70;966;896;109240[MyZeil];2021-11-05T02:12:00.079Z
0.39747635;open;2021-11-05T02:07:00Z;252;382;0;634;634;18494[Konrad-Adenauer-Straße];2021-11-05T02:12:00.079Z
0;open;2021-11-05T02:43:00Z;0;200;150;350;200;24276[Turmcenter];2021-11-05T02:47:00.077Z
0.012285012;open;2021-11-05T02:43:00Z;5;402;0;407;407;18944[Alte Oper];2021-11-05T02:47:00.077Z
0.0054945056;open;2021-11-05T02:43:00Z;2;362;0;364;364;24281[Hauptbahnhof Süd];2021-11-05T02:47:00.077Z
0.28182942;open;2021-11-05T02:43:00Z;228;581;0;809;809;24279[Konstabler];2021-11-05T02:47:00.077Z
0.4765258;open;2021-11-05T02:43:00Z;203;223;0;426;426;18497[Hauptwache];2021-11-05T02:47:00.077Z
0;closed;2021-11-05T02:43:00Z;;393;0;0;0;18495[Am Gericht];2021-11-05T02:47:00.077Z
0.39747635;open;2021-11-05T02:43:00Z;252;382;0;634;634;18494[Konrad-Adenauer-Straße];2021-11-05T02:47:00.077Z
0;open;2021-11-05T02:48:00Z;0;200;150;350;200;24276[Turmcenter];2021-11-05T02:52:00.278Z
0.00982801;open;2021-11-05T02:48:00Z;4;403;0;407;407;18944[Alte Oper];2021-11-05T02:52:00.278Z
0.0054945056;open;2021-11-05T02:48:00Z;2;362;0;364;364;24281[Hauptbahnhof Süd];2021-11-05T02:52:00.278Z
0.28182942;open;2021-11-05T02:48:00Z;228;581;0;809;809;24279[Konstabler];2021-11-05T02:52:00.278Z
0.4765258;open;2021-11-05T02:48:00Z;203;223;0;426;426;18497[Hauptwache];2021-11-05T02:52:00.278Z
0;closed;2021-11-05T02:48:00Z;;393;0;0;0;18495[Am Gericht];2021-11-05T02:52:00.278Z
0.39747635;open;2021-11-05T02:48:00Z;252;382;0;634;634;18494[Konrad-Adenauer-Straße];2021-11-05T02:52:00.278Z
0;open;2021-11-05T03:03:00Z;0;200;150;350;200;24276[Turmcenter];2021-11-05T03:07:01.621Z
0.00982801;open;2021-11-05T03:03:00Z;4;403;0;407;407;18944[Alte Oper];2021-11-05T03:07:01.621Z
0.0054945056;open;2021-11-05T03:03:00Z;2;362;0;364;364;24281[Hauptbahnhof Süd];2021-11-05T03:07:01.621Z
0.27935722;open;2021-11-05T03:03:00Z;226;583;0;809;809;24279[Konstabler];2021-11-05T03:07:01.621Z
0.4765258;open;2021-11-05T03:03:00Z;203;223;0;426;426;18497[Hauptwache];2021-11-05T03:07:01.621Z
0;closed;2021-11-05T03:03:00Z;;;0;0;0;18495[Am Gericht];2021-11-05T03:07:01.621Z
0.39747635;open;2021-11-05T03:03:00Z;252;382;0;634;634;18494[Konrad-Adenauer-Straße];2021-11-05T03:07:01.621Z
0.005;open;2021-11-05T03:23:00Z;1;199;150;350;200;24276[Turmcenter];2021-11-05T03:27:02.957Z
0.00982801;open;2021-11-05T03:23:00Z;4;403;0;407;407;18944[Alte Oper];2021-11-05T03:27:02.957Z
0.0054945056;open;2021-11-05T03:23:00Z;2;362;0;364;364;24281[Hauptbahnhof Süd];2021-11-05T03:27:02.957Z
0.27935722;open;2021-11-05T03:23:00Z;226;583;0;809;809;24279[Konstabler];2021-11-05T03:27:02.957Z
0.4765258;open;2021-11-05T03:23:00Z;203;223;0;426;426;18497[Hauptwache];2021-11-05T03:27:02.957Z
0;closed;2021-11-05T03:23:00Z;;;0;0;0;18495[Am Gericht];2021-11-05T03:27:02.957Z
0.15066965;open;2021-11-05T03:23:00Z;135;761;70;966;896;109240[MyZeil];2021-11-05T03:27:02.957Z
0.39905363;open;2021-11-05T03:23:00Z;253;381;0;634;634;18494[Konrad-Adenauer-Straße];2021-11-05T03:27:02.957Z
0.005;open;2021-11-05T03:34:00Z;1;199;150;350;200;24276[Turmcenter];2021-11-05T03:37:00.988Z
0.00982801;open;2021-11-05T03:34:00Z;4;403;0;407;407;18944[Alte Oper];2021-11-05T03:37:00.988Z
0.0054945056;open;2021-11-05T03:34:00Z;2;362;0;364;364;24281[Hauptbahnhof Süd];2021-11-05T03:37:00.988Z
0.27935722;open;2021-11-05T03:34:00Z;226;583;0;809;809;24279[Konstabler];2021-11-05T03:37:00.988Z
0.4765258;open;2021-11-05T03:34:00Z;203;223;0;426;426;18497[Hauptwache];2021-11-05T03:37:00.988Z
0;closed;2021-11-05T03:34:00Z;;;0;0;0;18495[Am Gericht];2021-11-05T03:37:00.988Z
0.40063092;open;2021-11-05T03:34:00Z;254;380;0;634;634;18494[Konrad-Adenauer-Straße];2021-11-05T03:37:00.988Z
0.005;open;2021-11-05T03:49:00Z;1;199;150;350;200;24276[Turmcenter];2021-11-05T03:52:00.267Z
0.00982801;open;2021-11-05T03:49:00Z;4;403;0;407;407;18944[Alte Oper];2021-11-05T03:52:00.267Z
0.0054945056;open;2021-11-05T03:49:00Z;2;362;0;364;364;24281[Hauptbahnhof Süd];2021-11-05T03:52:00.267Z
0.27564895;open;2021-11-05T03:49:00Z;223;586;0;809;809;24279[Konstabler];2021-11-05T03:52:00.267Z
0.4765258;open;2021-11-05T03:49:00Z;203;223;0;426;426;18497[Hauptwache];2021-11-05T03:52:00.267Z
0;closed;2021-11-05T03:49:00Z;;;0;0;0;18495[Am Gericht];2021-11-05T03:52:00.267Z
0.40063092;open;2021-11-05T03:49:00Z;254;380;0;634;634;18494[Konrad-Adenauer-Straße];2021-11-05T03:52:00.267Z
0.005;open;2021-11-05T03:54:00Z;1;199;150;350;200;24276[Turmcenter];2021-11-05T03:57:00.493Z
0.00982801;open;2021-11-05T03:54:00Z;4;403;0;407;407;18944[Alte Oper];2021-11-05T03:57:00.493Z
0.0054945056;open;2021-11-05T03:54:00Z;2;362;0;364;364;24281[Hauptbahnhof Süd];2021-11-05T03:57:00.493Z
0.27564895;open;2021-11-05T03:54:00Z;223;586;0;809;809;24279[Konstabler];2021-11-05T03:57:00.493Z
0.4765258;open;2021-11-05T03:54:00Z;203;223;0;426;426;18497[Hauptwache];2021-11-05T03:57:00.493Z
0;closed;2021-11-05T03:54:00Z;;;0;0;0;18495[Am Gericht];2021-11-05T03:57:00.493Z
0.15066965;open;2021-11-05T03:54:00Z;135;761;70;966;896;109240[MyZeil];2021-11-05T03:57:00.493Z
0.40063092;open;2021-11-05T03:54:00Z;254;380;0;634;634;18494[Konrad-Adenauer-Straße];2021-11-05T03:57:00.493Z
0.005;open;2021-11-05T04:14:00Z;1;199;150;350;200;24276[Turmcenter];2021-11-05T04:17:01.952Z
0.012285012;open;2021-11-05T04:14:00Z;5;402;0;407;407;18944[Alte Oper];2021-11-05T04:17:01.952Z
0.0054945056;open;2021-11-05T04:14:00Z;2;362;0;364;364;24281[Hauptbahnhof Süd];2021-11-05T04:17:01.952Z
0.27564895;open;2021-11-05T04:14:00Z;223;586;0;809;809;24279[Konstabler];2021-11-05T04:17:01.952Z
0.4765258;open;2021-11-05T04:14:00Z;203;223;0;426;426;18497[Hauptwache];2021-11-05T04:17:01.952Z
0;closed;2021-11-05T04:14:00Z;;;0;0;0;18495[Am Gericht];2021-11-05T04:17:01.952Z
0.15066965;open;2021-11-05T04:14:00Z;135;761;70;966;896;109240[MyZeil];2021-11-05T04:17:01.952Z
0.39905363;open;2021-11-05T04:14:00Z;253;381;0;634;634;18494[Konrad-Adenauer-Straße];2021-11-05T04:17:01.952Z
0.01;open;2021-11-05T04:39:00Z;2;198;150;350;200;24276[Turmcenter];2021-11-05T04:42:02.530Z
0.012285012;open;2021-11-05T04:39:00Z;5;402;0;407;407;18944[Alte Oper];2021-11-05T04:42:02.530Z
0.008241759;open;2021-11-05T04:39:00Z;3;361;0;364;364;24281[Hauptbahnhof Süd];2021-11-05T04:42:02.530Z
0.27564895;open;2021-11-05T04:39:00Z;223;586;0;809;809;24279[Konstabler];2021-11-05T04:42:02.530Z
0.4765258;open;2021-11-05T04:39:00Z;203;223;0;426;426;18497[Hauptwache];2021-11-05T04:42:02.530Z
0;closed;2021-11-05T04:39:00Z;;;0;0;0;18495[Am Gericht];2021-11-05T04:42:02.530Z
0.15066965;open;2021-11-05T04:39:00Z;135;761;70;966;896;109240[MyZeil];2021-11-05T04:42:02.530Z
0.4037855;open;2021-11-05T04:39:00Z;256;378;0;634;634;18494[Konrad-Adenauer-Straße];2021-11-05T04:42:02.530Z
0.16666667;open;2021-11-05T04:59:00Z;25;125;200;350;150;24276[Turmcenter];2021-11-05T05:02:01.034Z
0.012285012;open;2021-11-05T04:59:00Z;5;402;0;407;407;18944[Alte Oper];2021-11-05T05:02:01.034Z
0.035714287;open;2021-11-05T04:59:00Z;13;351;0;364;364;24281[Hauptbahnhof Süd];2021-11-05T05:02:01.034Z
0.27317676;open;2021-11-05T04:59:00Z;221;588;0;809;809;24279[Konstabler];2021-11-05T05:02:01.034Z
0.4765258;open;2021-11-05T04:59:00Z;203;223;0;426;426;18497[Hauptwache];2021-11-05T05:02:01.034Z
0;closed;2021-11-05T04:59:00Z;;;0;0;0;18495[Am Gericht];2021-11-05T05:02:01.034Z
0.40851736;open;2021-11-05T04:59:00Z;259;375;0;634;634;18494[Konrad-Adenauer-Straße];2021-11-05T05:02:01.034Z
0.16666667;open;2021-11-05T05:14:00Z;25;125;200;350;150;24276[Turmcenter];2021-11-05T05:17:00.500Z
0.012285012;open;2021-11-05T05:14:00Z;5;402;0;407;407;18944[Alte Oper];2021-11-05T05:17:00.500Z
0.06043956;open;2021-11-05T05:14:00Z;22;342;0;364;364;24281[Hauptbahnhof Süd];2021-11-05T05:17:00.500Z
0.27194068;open;2021-11-05T05:14:00Z;220;589;0;809;809;24279[Konstabler];2021-11-05T05:17:00.500Z
0.48122066;open;2021-11-05T05:14:00Z;205;221;0;426;426;18497[Hauptwache];2021-11-05T05:17:00.500Z
0.4117647;open;2021-11-05T05:14:00Z;280;400;0;680;680;18495[Am Gericht];2021-11-05T05:17:00.500Z
0.15066965;open;2021-11-05T05:14:00Z;135;761;70;966;896;109240[MyZeil];2021-11-05T05:17:00.500Z
0.41324922;open;2021-11-05T05:14:00Z;262;372;0;634;634;18494[Konrad-Adenauer-Straße];2021-11-05T05:17:00.500Z
0.15333334;open;2021-11-05T05:34:00Z;23;127;200;350;150;24276[Turmcenter];2021-11-05T05:37:02.442Z
0.024570024;open;2021-11-05T05:34:00Z;10;397;0;407;407;18944[Alte Oper];2021-11-05T05:37:02.442Z
0.07692308;open;2021-11-05T05:34:00Z;28;336;0;364;364;24281[Hauptbahnhof Süd];2021-11-05T05:37:02.442Z
0.27441284;open;2021-11-05T05:34:00Z;222;587;0;809;809;24279[Konstabler];2021-11-05T05:37:02.442Z
0.48122066;open;2021-11-05T05:34:00Z;205;221;0;426;426;18497[Hauptwache];2021-11-05T05:37:02.442Z
0.42058823;open;2021-11-05T05:34:00Z;286;394;0;680;680;18495[Am Gericht];2021-11-05T05:37:02.442Z
0.15066965;open;2021-11-05T05:34:00Z;135;761;70;966;896;109240[MyZeil];2021-11-05T05:37:02.442Z
0.41009465;open;2021-11-05T05:34:00Z;260;374;0;634;634;18494[Konrad-Adenauer-Straße];2021-11-05T05:37:02.442Z
0.15333334;open;2021-11-05T05:44:00Z;23;127;200;350;150;24276[Turmcenter];2021-11-05T05:47:00.481Z
0.027027028;open;2021-11-05T05:44:00Z;11;396;0;407;407;18944[Alte Oper];2021-11-05T05:47:00.481Z
0.082417585;open;2021-11-05T05:44:00Z;30;334;0;364;364;24281[Hauptbahnhof Süd];2021-11-05T05:47:00.481Z
0.27441284;open;2021-11-05T05:44:00Z;222;587;0;809;809;24279[Konstabler];2021-11-05T05:47:00.481Z
0.48356807;open;2021-11-05T05:44:00Z;206;220;0;426;426;18497[Hauptwache];2021-11-05T05:47:00.481Z
0.42205882;open;2021-11-05T05:44:00Z;287;393;0;680;680;18495[Am Gericht];2021-11-05T05:47:00.481Z
0.41324922;open;2021-11-05T05:44:00Z;262;372;0;634;634;18494[Konrad-Adenauer-Straße];2021-11-05T05:47:00.481Z
0.15333334;open;2021-11-05T05:49:00Z;23;127;200;350;150;24276[Turmcenter];2021-11-05T05:52:02.134Z
0.02948403;open;2021-11-05T05:49:00Z;12;395;0;407;407;18944[Alte Oper];2021-11-05T05:52:02.134Z
0.09065934;open;2021-11-05T05:49:00Z;33;331;0;364;364;24281[Hauptbahnhof Süd];2021-11-05T05:52:02.134Z
0.27564895;open;2021-11-05T05:49:00Z;223;586;0;809;809;24279[Konstabler];2021-11-05T05:52:02.134Z
0.48356807;open;2021-11-05T05:49:00Z;206;220;0;426;426;18497[Hauptwache];2021-11-05T05:52:02.134Z
0.42647058;open;2021-11-05T05:49:00Z;290;390;0;680;680;18495[Am Gericht];2021-11-05T05:52:02.134Z
0.41167194;open;2021-11-05T05:49:00Z;261;373;0;634;634;18494[Konrad-Adenauer-Straße];2021-11-05T05:52:02.134Z
0;open;2021-11-05T05:59:00Z;0;150;200;350;150;24276[Turmcenter];2021-11-05T06:02:00.178Z
0.03194103;open;2021-11-05T05:59:00Z;13;394;0;407;407;18944[Alte Oper];2021-11-05T06:02:00.178Z
0.10164835;open;2021-11-05T05:59:00Z;37;327;0;364;364;24281[Hauptbahnhof Süd];2021-11-05T06:02:00.178Z
0.27812114;open;2021-11-05T05:59:00Z;225;584;0;809;809;24279[Konstabler];2021-11-05T06:02:00.178Z
0.48356807;open;2021-11-05T05:59:00Z;206;220;0;426;426;18497[Hauptwache];2021-11-05T06:02:00.178Z
0.43088236;open;2021-11-05T05:59:00Z;293;387;0;680;680;18495[Am Gericht];2021-11-05T06:02:00.178Z
0.4148265;open;2021-11-05T05:59:00Z;263;371;0;634;634;18494[Konrad-Adenauer-Straße];2021-11-05T06:02:00.178Z
0.013333334;open;2021-11-05T06:19:00Z;2;148;200;350;150;24276[Turmcenter];2021-11-05T06:22:02.351Z
0.03931204;open;2021-11-05T06:19:00Z;16;391;0;407;407;18944[Alte Oper];2021-11-05T06:22:02.351Z
0.10989011;open;2021-11-05T06:19:00Z;40;324;0;364;364;24281[Hauptbahnhof Süd];2021-11-05T06:22:02.351Z
0.27564895;open;2021-11-05T06:19:00Z;223;586;0;809;809;24279[Konstabler];2021-11-05T06:22:02.351Z
0.49530515;open;2021-11-05T06:19:00Z;211;215;0;426;426;18497[Hauptwache];2021-11-05T06:22:02.351Z
0.43676472;open;2021-11-05T06:19:00Z;297;383;0;680;680;18495[Am Gericht];2021-11-05T06:22:02.351Z
0.15736607;open;2021-11-05T06:19:00Z;141;755;70;966;896;109240[MyZeil];2021-11-05T06:22:02.351Z
0.4148265;open;2021-11-05T06:19:00Z;263;371;0;634;634;18494[Konrad-Adenauer-Straße];2021-11-05T06:22:02.351Z
0.053333335;open;2021-11-05T06:39:00Z;8;142;200;350;150;24276[Turmcenter];2021-11-05T06:42:02.157Z
0.046683047;open;2021-11-05T06:39:00Z;19;388;0;407;407;18944[Alte Oper];2021-11-05T06:42:02.157Z
0.13186814;open;2021-11-05T06:39:00Z;48;316;0;364;364;24281[Hauptbahnhof Süd];2021-11-05T06:42:02.157Z
0.28182942;open;2021-11-05T06:39:00Z;228;581;0;809;809;24279[Konstabler];2021-11-05T06:42:02.157Z
0.5;open;2021-11-05T06:39:00Z;213;213;0;426;426;18497[Hauptwache];2021-11-05T06:42:02.157Z
0.45147058;open;2021-11-05T06:39:00Z;307;373;0;680;680;18495[Am Gericht];2021-11-05T06:42:02.157Z
0.16294643;open;2021-11-05T06:39:00Z;146;750;70;966;896;109240[MyZeil];2021-11-05T06:42:02.157Z
0.43059936;open;2021-11-05T06:39:00Z;273;361;0;634;634;18494[Konrad-Adenauer-Straße];2021-11-05T06:42:02.157Z
0.093333334;open;2021-11-05T07:00:00Z;14;136;200;350;150;24276[Turmcenter];2021-11-05T07:02:01.255Z
0.054054055;open;2021-11-05T07:00:00Z;22;385;0;407;407;18944[Alte Oper];2021-11-05T07:02:01.255Z
0.17032968;open;2021-11-05T07:00:00Z;62;302;0;364;364;24281[Hauptbahnhof Süd];2021-11-05T07:02:01.255Z
0.29295427;open;2021-11-05T07:00:00Z;237;572;0;809;809;24279[Konstabler];2021-11-05T07:02:01.255Z
0.5140845;open;2021-11-05T07:00:00Z;219;207;0;426;426;18497[Hauptwache];2021-11-05T07:02:01.255Z
0.4867647;open;2021-11-05T07:00:00Z;331;349;0;680;680;18495[Am Gericht];2021-11-05T07:02:01.255Z
0.16629465;open;2021-11-05T07:00:00Z;149;747;70;966;896;109240[MyZeil];2021-11-05T07:02:01.255Z
0.44637224;open;2021-11-05T07:00:00Z;283;351;0;634;634;18494[Konrad-Adenauer-Straße];2021-11-05T07:02:01.255Z
0.15333334;open;2021-11-05T07:10:00Z;23;127;200;350;150;24276[Turmcenter];2021-11-05T07:12:00.737Z
0.08108108;open;2021-11-05T07:10:00Z;33;374;0;407;407;18944[Alte Oper];2021-11-05T07:12:00.737Z
0.18956044;open;2021-11-05T07:10:00Z;69;295;0;364;364;24281[Hauptbahnhof Süd];2021-11-05T07:12:00.737Z
0.30160692;open;2021-11-05T07:10:00Z;244;565;0;809;809;24279[Konstabler];2021-11-05T07:12:00.737Z
0.52347416;open;2021-11-05T07:10:00Z;223;203;0;426;426;18497[Hauptwache];2021-11-05T07:12:00.737Z
0.5088235;open;2021-11-05T07:10:00Z;346;334;0;680;680;18495[Am Gericht];2021-11-05T07:12:00.737Z
0.4526814;open;2021-11-05T07:10:00Z;287;347;0;634;634;18494[Konrad-Adenauer-Straße];2021-11-05T07:12:00.737Z
0.26666668;open;2021-11-05T07:30:00Z;40;110;200;350;150;24276[Turmcenter];2021-11-05T07:32:01.625Z
0.11793612;open;2021-11-05T07:30:00Z;48;359;0;407;407;18944[Alte Oper];2021-11-05T07:32:01.625Z
0.24175824;open;2021-11-05T07:30:00Z;88;276;0;364;364;24281[Hauptbahnhof Süd];2021-11-05T07:32:01.625Z
0.3077874;open;2021-11-05T07:30:00Z;249;560;0;809;809;24279[Konstabler];2021-11-05T07:32:01.625Z
0.556338;open;2021-11-05T07:30:00Z;237;189;0;426;426;18497[Hauptwache];2021-11-05T07:32:01.625Z
0.54558825;open;2021-11-05T07:30:00Z;371;309;0;680;680;18495[Am Gericht];2021-11-05T07:32:01.625Z
0.46845427;open;2021-11-05T07:30:00Z;297;337;0;634;634;18494[Konrad-Adenauer-Straße];2021-11-05T07:32:01.625Z
0.35333332;open;2021-11-05T07:45:00Z;53;97;200;350;150;24276[Turmcenter];2021-11-05T07:47:00.822Z
0.15479116;open;2021-11-05T07:45:00Z;63;344;0;407;407;18944[Alte Oper];2021-11-05T07:47:00.822Z
0.26373628;open;2021-11-05T07:45:00Z;96;268;0;364;364;24281[Hauptbahnhof Süd];2021-11-05T07:47:00.822Z
0.33374536;open;2021-11-05T07:45:00Z;270;539;0;809;809;24279[Konstabler];2021-11-05T07:47:00.822Z
0.59624416;open;2021-11-05T07:45:00Z;254;172;0;426;426;18497[Hauptwache];2021-11-05T07:47:00.822Z
0.5808824;open;2021-11-05T07:45:00Z;395;285;0;680;680;18495[Am Gericht];2021-11-05T07:47:00.822Z
0.18526785;open;2021-11-05T07:45:00Z;166;730;70;966;896;109240[MyZeil];2021-11-05T07:47:00.822Z
0.49211356;open;2021-11-05T07:45:00Z;312;322;0;634;634;18494[Konrad-Adenauer-Straße];2021-11-05T07:47:00.822Z
0.50666666;open;2021-11-05T08:35:00Z;76;74;200;350;150;24276[Turmcenter];2021-11-05T08:37:02.411Z
0.26535627;open;2021-11-05T08:35:00Z;108;299;0;407;407;18944[Alte Oper];2021-11-05T08:37:02.411Z
0.3489011;open;2021-11-05T08:35:00Z;127;237;0;364;364;24281[Hauptbahnhof Süd];2021-11-05T08:37:02.411Z
0.3856613;open;2021-11-05T08:35:00Z;312;497;0;809;809;24279[Konstabler];2021-11-05T08:37:02.411Z
0.713615;open;2021-11-05T08:35:00Z;304;122;0;426;426;18497[Hauptwache];2021-11-05T08:37:02.411Z
0.69411767;open;2021-11-05T08:35:00Z;472;208;0;680;680;18495[Am Gericht];2021-11-05T08:37:02.411Z
0.19642857;open;2021-11-05T08:35:00Z;176;720;70;966;896;109240[MyZeil];2021-11-05T08:37:02.411Z
0.5504732;open;2021-11-05T08:35:00Z;349;285;0;634;634;18494[Konrad-Adenauer-Straße];2021-11-05T08:37:02.411Z
0.54;open;2021-11-05T08:50:00Z;81;69;200;350;150;24276[Turmcenter];2021-11-05T08:52:02.179Z
0.33169532;open;2021-11-05T08:50:00Z;135;272;0;407;407;18944[Alte Oper];2021-11-05T08:52:02.179Z
0.35164836;open;2021-11-05T08:50:00Z;128;236;0;364;364;24281[Hauptbahnhof Süd];2021-11-05T08:52:02.179Z
0.42027193;open;2021-11-05T08:50:00Z;340;469;0;809;809;24279[Konstabler];2021-11-05T08:52:02.179Z
0.7370892;open;2021-11-05T08:50:00Z;314;112;0;426;426;18497[Hauptwache];2021-11-05T08:52:02.179Z
0.7411765;open;2021-11-05T08:50:00Z;504;176;0;680;680;18495[Am Gericht];2021-11-05T08:52:02.179Z
0.20870535;open;2021-11-05T08:50:00Z;187;709;70;966;896;109240[MyZeil];2021-11-05T08:52:02.179Z
0.56624603;open;2021-11-05T08:50:00Z;359;275;0;634;634;18494[Konrad-Adenauer-Straße];2021-11-05T08:52:02.179Z
0.5733333;open;2021-11-05T09:00:00Z;86;64;200;350;150;24276[Turmcenter];2021-11-05T09:02:00.357Z
0.37346438;open;2021-11-05T09:00:00Z;152;255;0;407;407;18944[Alte Oper];2021-11-05T09:02:00.357Z
0.36813188;open;2021-11-05T09:00:00Z;134;230;0;364;364;24281[Hauptbahnhof Süd];2021-11-05T09:02:00.357Z
0.4437577;open;2021-11-05T09:00:00Z;359;450;0;809;809;24279[Konstabler];2021-11-05T09:02:00.357Z
0.7887324;open;2021-11-05T09:00:00Z;336;90;0;426;426;18497[Hauptwache];2021-11-05T09:02:00.357Z
0.75441176;open;2021-11-05T09:00:00Z;513;167;0;680;680;18495[Am Gericht];2021-11-05T09:02:00.357Z
0.21316965;open;2021-11-05T09:00:00Z;191;705;70;966;896;109240[MyZeil];2021-11-05T09:02:00.357Z
0.57570976;open;2021-11-05T09:00:00Z;365;269;0;634;634;18494[Konrad-Adenauer-Straße];2021-11-05T09:02:00.357Z
0.6066667;open;2021-11-05T09:26:00Z;91;59;200;350;150;24276[Turmcenter];2021-11-05T09:27:02.205Z
0.45945945;open;2021-11-05T09:26:00Z;187;220;0;407;407;18944[Alte Oper];2021-11-05T09:27:02.205Z
0.35714287;open;2021-11-05T09:26:00Z;130;234;0;364;364;24281[Hauptbahnhof Süd];2021-11-05T09:27:02.205Z
0.51792336;open;2021-11-05T09:26:00Z;419;390;0;809;809;24279[Konstabler];2021-11-05T09:27:02.205Z
0.8544601;open;2021-11-05T09:26:00Z;364;62;0;426;426;18497[Hauptwache];2021-11-05T09:27:02.205Z
0.7970588;open;2021-11-05T09:26:00Z;542;138;0;680;680;18495[Am Gericht];2021-11-05T09:27:02.205Z
0.6104101;open;2021-11-05T09:26:00Z;387;247;0;634;634;18494[Konrad-Adenauer-Straße];2021-11-05T09:27:02.205Z
0.64666665;open;2021-11-05T09:41:00Z;97;53;200;350;150;24276[Turmcenter];2021-11-05T09:42:01.546Z
0.4938575;open;2021-11-05T09:41:00Z;201;206;0;407;407;18944[Alte Oper];2021-11-05T09:42:01.546Z
0.3543956;open;2021-11-05T09:41:00Z;129;235;0;364;364;24281[Hauptbahnhof Süd];2021-11-05T09:42:01.546Z
0.5500618;open;2021-11-05T09:41:00Z;445;364;0;809;809;24279[Konstabler];2021-11-05T09:42:01.546Z
0.9084507;open;2021-11-05T09:41:00Z;387;39;0;426;426;18497[Hauptwache];2021-11-05T09:42:01.546Z
0.8279412;open;2021-11-05T09:41:00Z;563;117;0;680;680;18495[Am Gericht];2021-11-05T09:42:01.546Z
0.25223213;open;2021-11-05T09:41:00Z;226;670;70;966;896;109240[MyZeil];2021-11-05T09:42:01.546Z
0.61198735;open;2021-11-05T09:41:00Z;388;246;0;634;634;18494[Konrad-Adenauer-Straße];2021-11-05T09:42:01.546Z
0.68;open;2021-11-05T09:56:00Z;102;48;200;350;150;24276[Turmcenter];2021-11-05T09:57:00.018Z
0.56265354;open;2021-11-05T09:56:00Z;229;178;0;407;407;18944[Alte Oper];2021-11-05T09:57:00.018Z
0.3489011;open;2021-11-05T09:56:00Z;127;237;0;364;364;24281[Hauptbahnhof Süd];2021-11-05T09:57:00.018Z
0.58343637;open;2021-11-05T09:56:00Z;472;337;0;809;809;24279[Konstabler];2021-11-05T09:57:00.018Z
0.9507042;open;2021-11-05T09:56:00Z;405;21;0;426;426;18497[Hauptwache];2021-11-05T09:57:00.018Z
0.8382353;open;2021-11-05T09:56:00Z;570;110;0;680;680;18495[Am Gericht];2021-11-05T09:57:00.018Z
0.26004463;open;2021-11-05T09:56:00Z;233;663;70;966;896;109240[MyZeil];2021-11-05T09:57:00.018Z
0.6356467;open;2021-11-05T09:56:00Z;403;231;0;634;634;18494[Konrad-Adenauer-Straße];2021-11-05T09:57:00.018Z
0.68;open;2021-11-05T10:26:00Z;102;48;200;350;150;24276[Turmcenter];2021-11-05T10:27:02.537Z
0.58476657;open;2021-11-05T10:26:00Z;238;169;0;407;407;18944[Alte Oper];2021-11-05T10:27:02.537Z
0.3489011;open;2021-11-05T10:26:00Z;127;237;0;364;364;24281[Hauptbahnhof Süd];2021-11-05T10:27:02.537Z
0.6563659;open;2021-11-05T10:26:00Z;531;278;0;809;809;24279[Konstabler];2021-11-05T10:27:02.537Z
0.9929578;open;2021-11-05T10:26:00Z;423;3;0;426;426;18497[Hauptwache];2021-11-05T10:27:02.537Z
0.8029412;open;2021-11-05T10:26:00Z;546;134;0;680;680;18495[Am Gericht];2021-11-05T10:27:02.537Z
0.2734375;open;2021-11-05T10:26:00Z;245;651;70;966;896;109240[MyZeil];2021-11-05T10:27:02.537Z
0.6608833;open;2021-11-05T10:26:00Z;419;215;0;634;634;18494[Konrad-Adenauer-Straße];2021-11-05T10:27:02.537Z
0.6533333;open;2021-11-05T10:46:00Z;98;52;200;350;150;24276[Turmcenter];2021-11-05T10:47:01.678Z
0.5970516;open;2021-11-05T10:46:00Z;243;164;0;407;407;18944[Alte Oper];2021-11-05T10:47:01.678Z
0.35164836;open;2021-11-05T10:46:00Z;128;236;0;364;364;24281[Hauptbahnhof Süd];2021-11-05T10:47:01.678Z
0.6860321;open;2021-11-05T10:46:00Z;555;254;0;809;809;24279[Konstabler];2021-11-05T10:47:01.678Z
1;open;2021-11-05T10:46:00Z;426;0;0;426;426;18497[Hauptwache];2021-11-05T10:47:01.678Z
0.79264706;open;2021-11-05T10:46:00Z;539;141;0;680;680;18495[Am Gericht];2021-11-05T10:47:01.678Z
0.66561514;open;2021-11-05T10:46:00Z;422;212;0;634;634;18494[Konrad-Adenauer-Straße];2021-11-05T10:47:01.678Z
0.6666667;open;2021-11-05T10:56:00Z;100;50;200;350;150;24276[Turmcenter];2021-11-05T11:02:00.753Z
0.62653565;open;2021-11-05T10:56:00Z;255;152;0;407;407;18944[Alte Oper];2021-11-05T11:02:00.753Z
0.35164836;open;2021-11-05T10:56:00Z;128;236;0;364;364;24281[Hauptbahnhof Süd];2021-11-05T11:02:00.753Z
0.6946848;open;2021-11-05T10:56:00Z;562;247;0;809;809;24279[Konstabler];2021-11-05T11:02:00.753Z
1;open;2021-11-05T10:56:00Z;426;0;0;426;426;18497[Hauptwache];2021-11-05T11:02:00.753Z
0.775;open;2021-11-05T10:56:00Z;527;153;0;680;680;18495[Am Gericht];2021-11-05T11:02:00.753Z
0.2935268;open;2021-11-05T10:56:00Z;263;633;70;966;896;109240[MyZeil];2021-11-05T11:02:00.753Z
0.67507887;open;2021-11-05T10:56:00Z;428;206;0;634;634;18494[Konrad-Adenauer-Straße];2021-11-05T11:02:00.753Z
0.64;open;2021-11-05T11:16:00Z;96;54;200;350;150;24276[Turmcenter];2021-11-05T11:22:02.598Z
0.64619166;open;2021-11-05T11:16:00Z;263;144;0;407;407;18944[Alte Oper];2021-11-05T11:22:02.598Z
0.34065935;open;2021-11-05T11:16:00Z;124;240;0;364;364;24281[Hauptbahnhof Süd];2021-11-05T11:22:02.598Z
0.72064275;open;2021-11-05T11:16:00Z;583;226;0;809;809;24279[Konstabler];2021-11-05T11:22:02.598Z
0.9976526;open;2021-11-05T11:16:00Z;425;1;0;426;426;18497[Hauptwache];2021-11-05T11:22:02.598Z
0.7705882;open;2021-11-05T11:16:00Z;524;156;0;680;680;18495[Am Gericht];2021-11-05T11:22:02.598Z
0.3125;open;2021-11-05T11:16:00Z;280;616;70;966;896;109240[MyZeil];2021-11-05T11:22:02.598Z
0.6829653;open;2021-11-05T11:16:00Z;433;201;0;634;634;18494[Konrad-Adenauer-Straße];2021-11-05T11:22:02.598Z
0.64666665;open;2021-11-05T11:27:00Z;97;53;200;350;150;24276[Turmcenter];2021-11-05T11:32:02.084Z
0.6830467;open;2021-11-05T11:27:00Z;278;129;0;407;407;18944[Alte Oper];2021-11-05T11:32:02.084Z
0.34065935;open;2021-11-05T11:27:00Z;124;240;0;364;364;24281[Hauptbahnhof Süd];2021-11-05T11:32:02.084Z
0.7478368;open;2021-11-05T11:27:00Z;605;204;0;809;809;24279[Konstabler];2021-11-05T11:32:02.084Z
0.9906103;open;2021-11-05T11:27:00Z;422;4;0;426;426;18497[Hauptwache];2021-11-05T11:32:02.084Z
0.7632353;open;2021-11-05T11:27:00Z;519;161;0;680;680;18495[Am Gericht];2021-11-05T11:32:02.084Z
0.69085175;open;2021-11-05T11:27:00Z;438;196;0;634;634;18494[Konrad-Adenauer-Straße];2021-11-05T11:32:02.084Z
0.64;open;2021-11-05T11:37:00Z;96;54;200;350;150;24276[Turmcenter];2021-11-05T11:42:01.129Z
0.7076167;open;2021-11-05T11:37:00Z;288;119;0;407;407;18944[Alte Oper];2021-11-05T11:42:01.129Z
0.32417583;open;2021-11-05T11:37:00Z;118;246;0;364;364;24281[Hauptbahnhof Süd];2021-11-05T11:42:01.129Z
0.7490729;open;2021-11-05T11:37:00Z;606;203;0;809;809;24279[Konstabler];2021-11-05T11:42:01.129Z
0.9976526;open;2021-11-05T11:37:00Z;425;1;0;426;426;18497[Hauptwache];2021-11-05T11:42:01.129Z
0.7617647;open;2021-11-05T11:37:00Z;518;162;0;680;680;18495[Am Gericht];2021-11-05T11:42:01.129Z
0.31473213;open;2021-11-05T11:37:00Z;282;614;70;966;896;109240[MyZeil];2021-11-05T11:42:01.129Z
0.6829653;open;2021-11-05T11:37:00Z;433;201;0;634;634;18494[Konrad-Adenauer-Straße];2021-11-05T11:42:01.129Z
0.68666667;open;2021-11-05T11:52:00Z;103;47;200;350;150;24276[Turmcenter];2021-11-05T11:57:01.692Z
0.73218673;open;2021-11-05T11:52:00Z;298;109;0;407;407;18944[Alte Oper];2021-11-05T11:57:01.692Z
0.32967034;open;2021-11-05T11:52:00Z;120;244;0;364;364;24281[Hauptbahnhof Süd];2021-11-05T11:57:01.692Z
0.76885045;open;2021-11-05T11:52:00Z;622;187;0;809;809;24279[Konstabler];2021-11-05T11:57:01.692Z
1;open;2021-11-05T11:52:00Z;426;0;0;426;426;18497[Hauptwache];2021-11-05T11:57:01.692Z
0.75147057;open;2021-11-05T11:52:00Z;511;169;0;680;680;18495[Am Gericht];2021-11-05T11:57:01.692Z
0.31138393;open;2021-11-05T11:52:00Z;279;617;70;966;896;109240[MyZeil];2021-11-05T11:57:01.692Z
0.6829653;open;2021-11-05T11:52:00Z;433;201;0;634;634;18494[Konrad-Adenauer-Straße];2021-11-05T11:57:01.692Z
0.68;open;2021-11-05T12:27:00Z;102;48;200;350;150;24276[Turmcenter];2021-11-05T12:32:00.519Z
0.74201477;open;2021-11-05T12:27:00Z;302;105;0;407;407;18944[Alte Oper];2021-11-05T12:32:00.519Z
0.29395604;open;2021-11-05T12:27:00Z;107;257;0;364;364;24281[Hauptbahnhof Süd];2021-11-05T12:32:00.519Z
0.7305315;open;2021-11-05T12:27:00Z;591;218;0;809;809;24279[Konstabler];2021-11-05T12:32:00.519Z
0.9835681;open;2021-11-05T12:27:00Z;419;7;0;426;426;18497[Hauptwache];2021-11-05T12:32:00.519Z
0.7235294;open;2021-11-05T12:27:00Z;492;188;0;680;680;18495[Am Gericht];2021-11-05T12:32:00.519Z
0.32254463;open;2021-11-05T12:27:00Z;289;607;70;966;896;109240[MyZeil];2021-11-05T12:32:00.519Z
0.6971609;open;2021-11-05T12:27:00Z;442;192;0;634;634;18494[Konrad-Adenauer-Straße];2021-11-05T12:32:00.519Z
0.66;open;2021-11-05T13:03:00Z;99;51;200;350;150;24276[Turmcenter];2021-11-05T13:07:02.082Z
0.7567568;open;2021-11-05T13:03:00Z;308;99;0;407;407;18944[Alte Oper];2021-11-05T13:07:02.082Z
0.24175824;open;2021-11-05T13:03:00Z;88;276;0;364;364;24281[Hauptbahnhof Süd];2021-11-05T13:07:02.082Z
0.74660075;open;2021-11-05T13:03:00Z;604;205;0;809;809;24279[Konstabler];2021-11-05T13:07:02.082Z
0.9882629;open;2021-11-05T13:03:00Z;421;5;0;426;426;18497[Hauptwache];2021-11-05T13:07:02.082Z
0.725;open;2021-11-05T13:03:00Z;493;187;0;680;680;18495[Am Gericht];2021-11-05T13:07:02.082Z
0.6955836;open;2021-11-05T13:03:00Z;441;193;0;634;634;18494[Konrad-Adenauer-Straße];2021-11-05T13:07:02.082Z
0.58666664;open;2021-11-05T13:28:00Z;88;62;200;350;150;24276[Turmcenter];2021-11-05T13:32:00.976Z
0.6953317;open;2021-11-05T13:28:00Z;283;124;0;407;407;18944[Alte Oper];2021-11-05T13:32:00.976Z
0.22527473;open;2021-11-05T13:28:00Z;82;282;0;364;364;24281[Hauptbahnhof Süd];2021-11-05T13:32:00.976Z
0.7441285;open;2021-11-05T13:28:00Z;602;207;0;809;809;24279[Konstabler];2021-11-05T13:32:00.976Z
0.9882629;open;2021-11-05T13:28:00Z;421;5;0;426;426;18497[Hauptwache];2021-11-05T13:32:00.976Z
0.6779412;open;2021-11-05T13:28:00Z;461;219;0;680;680;18495[Am Gericht];2021-11-05T13:32:00.976Z
0.30691963;open;2021-11-05T13:28:00Z;275;621;70;966;896;109240[MyZeil];2021-11-05T13:32:00.976Z
0.67823344;open;2021-11-05T13:28:00Z;430;204;0;634;634;18494[Konrad-Adenauer-Straße];2021-11-05T13:32:00.976Z
0.61333334;open;2021-11-05T13:43:00Z;92;58;200;350;150;24276[Turmcenter];2021-11-05T13:47:01.498Z
0.65847665;open;2021-11-05T13:43:00Z;268;139;0;407;407;18944[Alte Oper];2021-11-05T13:47:01.498Z
0.18681319;open;2021-11-05T13:43:00Z;68;296;0;364;364;24281[Hauptbahnhof Süd];2021-11-05T13:47:01.498Z
0.7404203;open;2021-11-05T13:43:00Z;599;210;0;809;809;24279[Konstabler];2021-11-05T13:47:01.498Z
0.9929578;open;2021-11-05T13:43:00Z;423;3;0;426;426;18497[Hauptwache];2021-11-05T13:47:01.498Z
0.6661765;open;2021-11-05T13:43:00Z;453;227;0;680;680;18495[Am Gericht];2021-11-05T13:47:01.498Z
0.3169643;open;2021-11-05T13:43:00Z;284;612;70;966;896;109240[MyZeil];2021-11-05T13:47:01.498Z
0.66246057;open;2021-11-05T13:43:00Z;420;214;0;634;634;18494[Konrad-Adenauer-Straße];2021-11-05T13:47:01.498Z
0.62;open;2021-11-05T13:53:00Z;93;57;200;350;150;24276[Turmcenter];2021-11-05T13:57:02.405Z
0.65356266;open;2021-11-05T13:53:00Z;266;141;0;407;407;18944[Alte Oper];2021-11-05T13:57:02.405Z
0.18131869;open;2021-11-05T13:53:00Z;66;298;0;364;364;24281[Hauptbahnhof Süd];2021-11-05T13:57:02.405Z
0.7478368;open;2021-11-05T13:53:00Z;605;204;0;809;809;24279[Konstabler];2021-11-05T13:57:02.405Z
1;open;2021-11-05T13:53:00Z;426;0;0;426;426;18497[Hauptwache];2021-11-05T13:57:02.405Z
0.6764706;open;2021-11-05T13:53:00Z;460;220;0;680;680;18495[Am Gericht];2021-11-05T13:57:02.405Z
0.65457416;open;2021-11-05T13:53:00Z;415;219;0;634;634;18494[Konrad-Adenauer-Straße];2021-11-05T13:57:02.405Z
0.66;open;2021-11-05T14:18:00Z;99;51;200;350;150;24276[Turmcenter];2021-11-05T14:22:02.170Z
0.67321867;open;2021-11-05T14:18:00Z;274;133;0;407;407;18944[Alte Oper];2021-11-05T14:22:02.170Z
0.15659341;open;2021-11-05T14:18:00Z;57;307;0;364;364;24281[Hauptbahnhof Süd];2021-11-05T14:22:02.170Z
0.74165636;open;2021-11-05T14:18:00Z;600;209;0;809;809;24279[Konstabler];2021-11-05T14:22:02.170Z
1;open;2021-11-05T14:18:00Z;426;0;0;426;426;18497[Hauptwache];2021-11-05T14:22:02.170Z
0.65294117;open;2021-11-05T14:18:00Z;444;236;0;680;680;18495[Am Gericht];2021-11-05T14:22:02.170Z
0.6514196;open;2021-11-05T14:18:00Z;413;221;0;634;634;18494[Konrad-Adenauer-Straße];2021-11-05T14:22:02.170Z
0.62;open;2021-11-05T14:34:00Z;93;57;200;350;150;24276[Turmcenter];2021-11-05T14:37:01.670Z
0.64373463;open;2021-11-05T14:34:00Z;262;145;0;407;407;18944[Alte Oper];2021-11-05T14:37:01.670Z
0.11813187;open;2021-11-05T14:34:00Z;43;321;0;364;364;24281[Hauptbahnhof Süd];2021-11-05T14:37:01.670Z
0.73300374;open;2021-11-05T14:34:00Z;593;216;0;809;809;24279[Konstabler];2021-11-05T14:37:01.670Z
0.9976526;open;2021-11-05T14:34:00Z;425;1;0;426;426;18497[Hauptwache];2021-11-05T14:37:01.670Z
0.6426471;open;2021-11-05T14:34:00Z;437;243;0;680;680;18495[Am Gericht];2021-11-05T14:37:01.670Z
0.29464287;open;2021-11-05T14:34:00Z;264;632;70;966;896;109240[MyZeil];2021-11-05T14:37:01.670Z
0.64037853;open;2021-11-05T14:34:00Z;406;228;0;634;634;18494[Konrad-Adenauer-Straße];2021-11-05T14:37:01.670Z
0.61333334;open;2021-11-05T14:49:00Z;92;58;200;350;150;24276[Turmcenter];2021-11-05T14:52:00.581Z
0.61916465;open;2021-11-05T14:49:00Z;252;155;0;407;407;18944[Alte Oper];2021-11-05T14:52:00.581Z
0.115384616;open;2021-11-05T14:49:00Z;42;322;0;364;364;24281[Hauptbahnhof Süd];2021-11-05T14:52:00.581Z
0.74289244;open;2021-11-05T14:49:00Z;601;208;0;809;809;24279[Konstabler];2021-11-05T14:52:00.581Z
1;open;2021-11-05T14:49:00Z;426;0;0;426;426;18497[Hauptwache];2021-11-05T14:52:00.581Z
0.64705884;open;2021-11-05T14:49:00Z;440;240;0;680;680;18495[Am Gericht];2021-11-05T14:52:00.581Z
0.6388013;open;2021-11-05T14:49:00Z;405;229;0;634;634;18494[Konrad-Adenauer-Straße];2021-11-05T14:52:00.581Z
0.6;open;2021-11-05T14:54:00Z;90;60;200;350;150;24276[Turmcenter];2021-11-05T14:57:00.483Z
0.6019656;open;2021-11-05T14:54:00Z;245;162;0;407;407;18944[Alte Oper];2021-11-05T14:57:00.483Z
0.11263736;open;2021-11-05T14:54:00Z;41;323;0;364;364;24281[Hauptbahnhof Süd];2021-11-05T14:57:00.483Z
0.73300374;open;2021-11-05T14:54:00Z;593;216;0;809;809;24279[Konstabler];2021-11-05T14:57:00.483Z
1;open;2021-11-05T14:54:00Z;426;0;0;426;426;18497[Hauptwache];2021-11-05T14:57:00.483Z
0.65588236;open;2021-11-05T14:54:00Z;446;234;0;680;680;18495[Am Gericht];2021-11-05T14:57:00.483Z
0.64195585;open;2021-11-05T14:54:00Z;407;227;0;634;634;18494[Konrad-Adenauer-Straße];2021-11-05T14:57:00.483Z
0.6066667;open;2021-11-05T15:24:00Z;91;59;200;350;150;24276[Turmcenter];2021-11-05T15:27:01.244Z
0.57739556;open;2021-11-05T15:24:00Z;235;172;0;407;407;18944[Alte Oper];2021-11-05T15:27:01.244Z
0.104395606;open;2021-11-05T15:24:00Z;38;326;0;364;364;24281[Hauptbahnhof Süd];2021-11-05T15:27:01.244Z
0.72064275;open;2021-11-05T15:24:00Z;583;226;0;809;809;24279[Konstabler];2021-11-05T15:27:01.244Z
0.9835681;open;2021-11-05T15:24:00Z;419;7;0;426;426;18497[Hauptwache];2021-11-05T15:27:01.244Z
0.63529414;open;2021-11-05T15:24:00Z;432;248;0;680;680;18495[Am Gericht];2021-11-05T15:27:01.244Z
0.3046875;open;2021-11-05T15:24:00Z;273;623;70;966;896;109240[MyZeil];2021-11-05T15:27:01.244Z
0.6388013;open;2021-11-05T15:24:00Z;405;229;0;634;634;18494[Konrad-Adenauer-Straße];2021-11-05T15:27:01.244Z
0.62666667;open;2021-11-05T15:45:00Z;94;56;200;350;150;24276[Turmcenter];2021-11-05T15:47:00.256Z
0.55282557;open;2021-11-05T15:45:00Z;225;182;0;407;407;18944[Alte Oper];2021-11-05T15:47:00.256Z
0.09065934;open;2021-11-05T15:45:00Z;33;331;0;364;364;24281[Hauptbahnhof Süd];2021-11-05T15:47:00.256Z
0.7404203;open;2021-11-05T15:45:00Z;599;210;0;809;809;24279[Konstabler];2021-11-05T15:47:00.256Z
0.9929578;open;2021-11-05T15:45:00Z;423;3;0;426;426;18497[Hauptwache];2021-11-05T15:47:00.256Z
0.62941176;open;2021-11-05T15:45:00Z;428;252;0;680;680;18495[Am Gericht];2021-11-05T15:47:00.256Z
0.6561514;open;2021-11-05T15:45:00Z;416;218;0;634;634;18494[Konrad-Adenauer-Straße];2021-11-05T15:47:00.256Z
0.6;open;2021-11-05T15:55:00Z;90;60;200;350;150;24276[Turmcenter];2021-11-05T15:57:02.472Z
0.53808355;open;2021-11-05T15:55:00Z;219;188;0;407;407;18944[Alte Oper];2021-11-05T15:57:02.472Z
0.09065934;open;2021-11-05T15:55:00Z;33;331;0;364;364;24281[Hauptbahnhof Süd];2021-11-05T15:57:02.472Z
0.75154513;open;2021-11-05T15:55:00Z;608;201;0;809;809;24279[Konstabler];2021-11-05T15:57:02.472Z
0.9976526;open;2021-11-05T15:55:00Z;425;1;0;426;426;18497[Hauptwache];2021-11-05T15:57:02.472Z
0.64117646;open;2021-11-05T15:55:00Z;436;244;0;680;680;18495[Am Gericht];2021-11-05T15:57:02.472Z
0.3002232;open;2021-11-05T15:55:00Z;269;627;70;966;896;109240[MyZeil];2021-11-05T15:57:02.472Z
0.65772873;open;2021-11-05T15:55:00Z;417;217;0;634;634;18494[Konrad-Adenauer-Straße];2021-11-05T15:57:02.472Z
0.64666665;open;2021-11-05T16:35:00Z;97;53;200;350;150;24276[Turmcenter];2021-11-05T16:37:02.845Z
0.5061425;open;2021-11-05T16:35:00Z;206;201;0;407;407;18944[Alte Oper];2021-11-05T16:37:02.845Z
0.07417583;open;2021-11-05T16:35:00Z;27;337;0;364;364;24281[Hauptbahnhof Süd];2021-11-05T16:37:02.845Z
0.74536467;open;2021-11-05T16:35:00Z;603;206;0;809;809;24279[Konstabler];2021-11-05T16:37:02.845Z
0.97417843;open;2021-11-05T16:35:00Z;415;11;0;426;426;18497[Hauptwache];2021-11-05T16:37:02.845Z
0.62352943;open;2021-11-05T16:35:00Z;424;256;0;680;680;18495[Am Gericht];2021-11-05T16:37:02.845Z
0.26785713;open;2021-11-05T16:35:00Z;240;656;70;966;896;109240[MyZeil];2021-11-05T16:37:02.845Z
0.6182965;open;2021-11-05T16:35:00Z;392;242;0;634;634;18494[Konrad-Adenauer-Straße];2021-11-05T16:37:02.845Z
0.6333333;open;2021-11-05T17:06:00Z;95;55;200;350;150;24276[Turmcenter];2021-11-05T17:07:01.488Z
0.44226044;open;2021-11-05T17:06:00Z;180;227;0;407;407;18944[Alte Oper];2021-11-05T17:07:01.488Z
0.054945055;open;2021-11-05T17:06:00Z;20;344;0;364;364;24281[Hauptbahnhof Süd];2021-11-05T17:07:01.488Z
0.7144623;open;2021-11-05T17:06:00Z;578;231;0;809;809;24279[Konstabler];2021-11-05T17:07:01.488Z
0.9530516;open;2021-11-05T17:06:00Z;406;20;0;426;426;18497[Hauptwache];2021-11-05T17:07:01.488Z
0.6191176;open;2021-11-05T17:06:00Z;421;259;0;680;680;18495[Am Gericht];2021-11-05T17:07:01.488Z
0.6104101;open;2021-11-05T17:06:00Z;387;247;0;634;634;18494[Konrad-Adenauer-Straße];2021-11-05T17:07:01.488Z
0.61;open;2021-11-05T17:36:00Z;122;78;150;350;200;24276[Turmcenter];2021-11-05T17:37:01.127Z
0.4029484;open;2021-11-05T17:36:00Z;164;243;0;407;407;18944[Alte Oper];2021-11-05T17:37:01.127Z
0.046703298;open;2021-11-05T17:36:00Z;17;347;0;364;364;24281[Hauptbahnhof Süd];2021-11-05T17:37:01.127Z
0.6909765;open;2021-11-05T17:36:00Z;559;250;0;809;809;24279[Konstabler];2021-11-05T17:37:01.127Z
0.9389671;open;2021-11-05T17:36:00Z;400;26;0;426;426;18497[Hauptwache];2021-11-05T17:37:01.127Z
0.62352943;open;2021-11-05T17:36:00Z;424;256;0;680;680;18495[Am Gericht];2021-11-05T17:37:01.127Z
0.2779018;open;2021-11-05T17:36:00Z;249;647;70;966;896;109240[MyZeil];2021-11-05T17:37:01.127Z
0.5899054;open;2021-11-05T17:36:00Z;374;260;0;634;634;18494[Konrad-Adenauer-Straße];2021-11-05T17:37:01.127Z
0.6;open;2021-11-05T17:51:00Z;120;80;150;350;200;24276[Turmcenter];2021-11-05T17:52:01.157Z
0.37592137;open;2021-11-05T17:51:00Z;153;254;0;407;407;18944[Alte Oper];2021-11-05T17:52:01.157Z
0.052197803;open;2021-11-05T17:51:00Z;19;345;0;364;364;24281[Hauptbahnhof Süd];2021-11-05T17:52:01.157Z
0.70086527;open;2021-11-05T17:51:00Z;567;242;0;809;809;24279[Konstabler];2021-11-05T17:52:01.157Z
0.9624413;open;2021-11-05T17:51:00Z;410;16;0;426;426;18497[Hauptwache];2021-11-05T17:52:01.157Z
0.6191176;open;2021-11-05T17:51:00Z;421;259;0;680;680;18495[Am Gericht];2021-11-05T17:52:01.157Z
0.60883284;open;2021-11-05T17:51:00Z;386;248;0;634;634;18494[Konrad-Adenauer-Straße];2021-11-05T17:52:01.157Z
0.61;open;2021-11-05T17:56:00Z;122;78;150;350;200;24276[Turmcenter];2021-11-05T18:02:00.897Z
0.36855036;open;2021-11-05T17:56:00Z;150;257;0;407;407;18944[Alte Oper];2021-11-05T18:02:00.897Z
0.054945055;open;2021-11-05T17:56:00Z;20;344;0;364;364;24281[Hauptbahnhof Süd];2021-11-05T18:02:00.897Z
0.6897404;open;2021-11-05T17:56:00Z;558;251;0;809;809;24279[Konstabler];2021-11-05T18:02:00.897Z
0.98122066;open;2021-11-05T17:56:00Z;418;8;0;426;426;18497[Hauptwache];2021-11-05T18:02:00.897Z
0.61764705;open;2021-11-05T17:56:00Z;420;260;0;680;680;18495[Am Gericht];2021-11-05T18:02:00.897Z
0.2578125;open;2021-11-05T17:56:00Z;231;665;70;966;896;109240[MyZeil];2021-11-05T18:02:00.897Z
0.5993691;open;2021-11-05T17:56:00Z;380;254;0;634;634;18494[Konrad-Adenauer-Straße];2021-11-05T18:02:00.897Z
0.655;open;2021-11-05T18:27:00Z;131;69;150;350;200;24276[Turmcenter];2021-11-05T18:32:02.175Z
0.2997543;open;2021-11-05T18:27:00Z;122;285;0;407;407;18944[Alte Oper];2021-11-05T18:32:02.175Z
0.043956045;open;2021-11-05T18:27:00Z;16;348;0;364;364;24281[Hauptbahnhof Süd];2021-11-05T18:32:02.175Z
0.70086527;open;2021-11-05T18:27:00Z;567;242;0;809;809;24279[Konstabler];2021-11-05T18:32:02.175Z
0.97652584;open;2021-11-05T18:27:00Z;416;10;0;426;426;18497[Hauptwache];2021-11-05T18:32:02.175Z
0.6161765;open;2021-11-05T18:27:00Z;419;261;0;680;680;18495[Am Gericht];2021-11-05T18:32:02.175Z
0.60883284;open;2021-11-05T18:27:00Z;386;248;0;634;634;18494[Konrad-Adenauer-Straße];2021-11-05T18:32:02.175Z
0.745;open;2021-11-05T18:42:00Z;149;51;150;350;200;24276[Turmcenter];2021-11-05T18:47:01.110Z
0.27518427;open;2021-11-05T18:42:00Z;112;295;0;407;407;18944[Alte Oper];2021-11-05T18:47:01.110Z
0.035714287;open;2021-11-05T18:42:00Z;13;351;0;364;364;24281[Hauptbahnhof Süd];2021-11-05T18:47:01.110Z
0.70210135;open;2021-11-05T18:42:00Z;568;241;0;809;809;24279[Konstabler];2021-11-05T18:47:01.110Z
0.9835681;open;2021-11-05T18:42:00Z;419;7;0;426;426;18497[Hauptwache];2021-11-05T18:47:01.110Z
0.625;open;2021-11-05T18:42:00Z;425;255;0;680;680;18495[Am Gericht];2021-11-05T18:47:01.110Z
0.61356467;open;2021-11-05T18:42:00Z;389;245;0;634;634;18494[Konrad-Adenauer-Straße];2021-11-05T18:47:01.110Z
0.835;open;2021-11-05T18:57:00Z;167;33;150;350;200;24276[Turmcenter];2021-11-05T19:02:00.620Z
0.2800983;open;2021-11-05T18:57:00Z;114;293;0;407;407;18944[Alte Oper];2021-11-05T19:02:00.620Z
0.03846154;open;2021-11-05T18:57:00Z;14;350;0;364;364;24281[Hauptbahnhof Süd];2021-11-05T19:02:00.620Z
0.70210135;open;2021-11-05T18:57:00Z;568;241;0;809;809;24279[Konstabler];2021-11-05T19:02:00.620Z
0.96478873;open;2021-11-05T18:57:00Z;411;15;0;426;426;18497[Hauptwache];2021-11-05T19:02:00.620Z
0.62647057;open;2021-11-05T18:57:00Z;426;254;0;680;680;18495[Am Gericht];2021-11-05T19:02:00.620Z
0.6151419;open;2021-11-05T18:57:00Z;390;244;0;634;634;18494[Konrad-Adenauer-Straße];2021-11-05T19:02:00.620Z
0.845;open;2021-11-05T19:18:00Z;169;31;150;350;200;24276[Turmcenter];2021-11-05T19:22:01.016Z
0.28501227;open;2021-11-05T19:18:00Z;116;291;0;407;407;18944[Alte Oper];2021-11-05T19:22:01.016Z
0.041208792;open;2021-11-05T19:18:00Z;15;349;0;364;364;24281[Hauptbahnhof Süd];2021-11-05T19:22:01.016Z
0.68850434;open;2021-11-05T19:18:00Z;557;252;0;809;809;24279[Konstabler];2021-11-05T19:22:01.016Z
0.95539904;open;2021-11-05T19:18:00Z;407;19;0;426;426;18497[Hauptwache];2021-11-05T19:22:01.016Z
0.6220588;open;2021-11-05T19:18:00Z;423;257;0;680;680;18495[Am Gericht];2021-11-05T19:22:01.016Z
0.23214285;open;2021-11-05T19:18:00Z;208;688;70;966;896;109240[MyZeil];2021-11-05T19:22:01.016Z
0.6198738;open;2021-11-05T19:18:00Z;393;241;0;634;634;18494[Konrad-Adenauer-Straße];2021-11-05T19:22:01.016Z
0.86;open;2021-11-05T19:28:00Z;172;28;150;350;200;24276[Turmcenter];2021-11-05T19:32:01.253Z
0.27764127;open;2021-11-05T19:28:00Z;113;294;0;407;407;18944[Alte Oper];2021-11-05T19:32:01.253Z
0.041208792;open;2021-11-05T19:28:00Z;15;349;0;364;364;24281[Hauptbahnhof Süd];2021-11-05T19:32:01.253Z
0.6860321;open;2021-11-05T19:28:00Z;555;254;0;809;809;24279[Konstabler];2021-11-05T19:32:01.253Z
0.92488265;open;2021-11-05T19:28:00Z;394;32;0;426;426;18497[Hauptwache];2021-11-05T19:32:01.253Z
0.6220588;open;2021-11-05T19:28:00Z;423;257;0;680;680;18495[Am Gericht];2021-11-05T19:32:01.253Z
0.60567826;open;2021-11-05T19:28:00Z;384;250;0;634;634;18494[Konrad-Adenauer-Straße];2021-11-05T19:32:01.253Z
0.875;open;2021-11-05T19:38:00Z;175;25;150;350;200;24276[Turmcenter];2021-11-05T19:42:01.345Z
0.27764127;open;2021-11-05T19:38:00Z;113;294;0;407;407;18944[Alte Oper];2021-11-05T19:42:01.345Z
0.03846154;open;2021-11-05T19:38:00Z;14;350;0;364;364;24281[Hauptbahnhof Süd];2021-11-05T19:42:01.345Z
0.68355995;open;2021-11-05T19:38:00Z;553;256;0;809;809;24279[Konstabler];2021-11-05T19:42:01.345Z
0.90140843;open;2021-11-05T19:38:00Z;384;42;0;426;426;18497[Hauptwache];2021-11-05T19:42:01.345Z
0.6220588;open;2021-11-05T19:38:00Z;423;257;0;680;680;18495[Am Gericht];2021-11-05T19:42:01.345Z
0.21986607;open;2021-11-05T19:38:00Z;197;699;70;966;896;109240[MyZeil];2021-11-05T19:42:01.345Z
0.59305996;open;2021-11-05T19:38:00Z;376;258;0;634;634;18494[Konrad-Adenauer-Straße];2021-11-05T19:42:01.345Z
0.855;open;2021-11-05T19:48:00Z;171;29;150;350;200;24276[Turmcenter];2021-11-05T19:52:01.331Z
0.27027026;open;2021-11-05T19:48:00Z;110;297;0;407;407;18944[Alte Oper];2021-11-05T19:52:01.331Z
0.043956045;open;2021-11-05T19:48:00Z;16;348;0;364;364;24281[Hauptbahnhof Süd];2021-11-05T19:52:01.331Z
0.6823239;open;2021-11-05T19:48:00Z;552;257;0;809;809;24279[Konstabler];2021-11-05T19:52:01.331Z
0.8826291;open;2021-11-05T19:48:00Z;376;50;0;426;426;18497[Hauptwache];2021-11-05T19:52:01.331Z
0.6132353;open;2021-11-05T19:48:00Z;417;263;0;680;680;18495[Am Gericht];2021-11-05T19:52:01.331Z
0.59305996;open;2021-11-05T19:48:00Z;376;258;0;634;634;18494[Konrad-Adenauer-Straße];2021-11-05T19:52:01.331Z
0.84;open;2021-11-05T20:14:00Z;168;32;150;350;200;24276[Turmcenter];2021-11-05T20:17:00.397Z
0.25552824;open;2021-11-05T20:14:00Z;104;303;0;407;407;18944[Alte Oper];2021-11-05T20:17:00.397Z
0.043956045;open;2021-11-05T20:14:00Z;16;348;0;364;364;24281[Hauptbahnhof Süd];2021-11-05T20:17:00.397Z
0.6526576;open;2021-11-05T20:14:00Z;528;281;0;809;809;24279[Konstabler];2021-11-05T20:17:00.397Z
0.86150235;open;2021-11-05T20:14:00Z;367;59;0;426;426;18497[Hauptwache];2021-11-05T20:17:00.397Z
0.6014706;open;2021-11-05T20:14:00Z;409;271;0;680;680;18495[Am Gericht];2021-11-05T20:17:00.397Z
0.5946372;open;2021-11-05T20:14:00Z;377;257;0;634;634;18494[Konrad-Adenauer-Straße];2021-11-05T20:17:00.397Z
0.805;open;2021-11-05T20:34:00Z;161;39;150;350;200;24276[Turmcenter];2021-11-05T20:37:00.805Z
0.25798526;open;2021-11-05T20:34:00Z;105;302;0;407;407;18944[Alte Oper];2021-11-05T20:37:00.805Z
0.043956045;open;2021-11-05T20:34:00Z;16;348;0;364;364;24281[Hauptbahnhof Süd];2021-11-05T20:37:00.805Z
0.62546355;open;2021-11-05T20:34:00Z;506;303;0;809;809;24279[Konstabler];2021-11-05T20:37:00.805Z
0.85915494;open;2021-11-05T20:34:00Z;366;60;0;426;426;18497[Hauptwache];2021-11-05T20:37:00.805Z
0.57058823;open;2021-11-05T20:34:00Z;388;292;0;680;680;18495[Am Gericht];2021-11-05T20:37:00.805Z
0.5772871;open;2021-11-05T20:34:00Z;366;268;0;634;634;18494[Konrad-Adenauer-Straße];2021-11-05T20:37:00.805Z
0.765;open;2021-11-05T20:44:00Z;153;47;150;350;200;24276[Turmcenter];2021-11-05T20:47:02.908Z
0.24078624;open;2021-11-05T20:44:00Z;98;309;0;407;407;18944[Alte Oper];2021-11-05T20:47:02.908Z
0.043956045;open;2021-11-05T20:44:00Z;16;348;0;364;364;24281[Hauptbahnhof Süd];2021-11-05T20:47:02.908Z
0.618047;open;2021-11-05T20:44:00Z;500;309;0;809;809;24279[Konstabler];2021-11-05T20:47:02.908Z
0.842723;open;2021-11-05T20:44:00Z;359;67;0;426;426;18497[Hauptwache];2021-11-05T20:47:02.908Z
0.5617647;open;2021-11-05T20:44:00Z;382;298;0;680;680;18495[Am Gericht];2021-11-05T20:47:02.908Z
0.18861607;open;2021-11-05T20:44:00Z;169;727;70;966;896;109240[MyZeil];2021-11-05T20:47:02.908Z
0.5694006;open;2021-11-05T20:44:00Z;361;273;0;634;634;18494[Konrad-Adenauer-Straße];2021-11-05T20:47:02.908Z
0.735;open;2021-11-05T20:54:00Z;147;53;150;350;200;24276[Turmcenter];2021-11-05T20:57:01.895Z
0.23587224;open;2021-11-05T20:54:00Z;96;311;0;407;407;18944[Alte Oper];2021-11-05T20:57:01.895Z
0.041208792;open;2021-11-05T20:54:00Z;15;349;0;364;364;24281[Hauptbahnhof Süd];2021-11-05T20:57:01.895Z
0.59826946;open;2021-11-05T20:54:00Z;484;325;0;809;809;24279[Konstabler];2021-11-05T20:57:01.895Z
0.8380282;open;2021-11-05T20:54:00Z;357;69;0;426;426;18497[Hauptwache];2021-11-05T20:57:01.895Z
0.56764704;open;2021-11-05T20:54:00Z;386;294;0;680;680;18495[Am Gericht];2021-11-05T20:57:01.895Z
0.5646688;open;2021-11-05T20:54:00Z;358;276;0;634;634;18494[Konrad-Adenauer-Straße];2021-11-05T20:57:01.895Z
0.68;open;2021-11-05T21:15:00Z;136;64;150;350;200;24276[Turmcenter];2021-11-05T21:17:01.179Z
0.22113022;open;2021-11-05T21:15:00Z;90;317;0;407;407;18944[Alte Oper];2021-11-05T21:17:01.179Z
0.041208792;open;2021-11-05T21:15:00Z;15;349;0;364;364;24281[Hauptbahnhof Süd];2021-11-05T21:17:01.179Z
0.592089;open;2021-11-05T21:15:00Z;479;330;0;809;809;24279[Konstabler];2021-11-05T21:17:01.179Z
0.82159626;open;2021-11-05T21:15:00Z;350;76;0;426;426;18497[Hauptwache];2021-11-05T21:17:01.179Z
0.5514706;open;2021-11-05T21:15:00Z;375;305;0;680;680;18495[Am Gericht];2021-11-05T21:17:01.179Z
0.18191965;open;2021-11-05T21:15:00Z;163;733;70;966;896;109240[MyZeil];2021-11-05T21:17:01.179Z
0.5536278;open;2021-11-05T21:15:00Z;351;283;0;634;634;18494[Konrad-Adenauer-Straße];2021-11-05T21:17:01.179Z
0.64;open;2021-11-05T21:35:00Z;128;72;150;350;200;24276[Turmcenter];2021-11-05T21:37:01.062Z
0.21621622;open;2021-11-05T21:35:00Z;88;319;0;407;407;18944[Alte Oper];2021-11-05T21:37:01.062Z
0.043956045;open;2021-11-05T21:35:00Z;16;348;0;364;364;24281[Hauptbahnhof Süd];2021-11-05T21:37:01.062Z
0.55377007;open;2021-11-05T21:35:00Z;448;361;0;809;809;24279[Konstabler];2021-11-05T21:37:01.062Z
0.80046946;open;2021-11-05T21:35:00Z;341;85;0;426;426;18497[Hauptwache];2021-11-05T21:37:01.062Z
0.5367647;open;2021-11-05T21:35:00Z;365;315;0;680;680;18495[Am Gericht];2021-11-05T21:37:01.062Z
0.53154576;open;2021-11-05T21:35:00Z;337;297;0;634;634;18494[Konrad-Adenauer-Straße];2021-11-05T21:37:01.062Z
0.545;open;2021-11-05T21:51:00Z;109;91;150;350;200;24276[Turmcenter];2021-11-05T21:52:00.137Z
0.2014742;open;2021-11-05T21:51:00Z;82;325;0;407;407;18944[Alte Oper];2021-11-05T21:52:00.137Z
0.04945055;open;2021-11-05T21:51:00Z;18;346;0;364;364;24281[Hauptbahnhof Süd];2021-11-05T21:52:00.137Z
0.54140913;open;2021-11-05T21:51:00Z;438;371;0;809;809;24279[Konstabler];2021-11-05T21:52:00.137Z
0.7910798;open;2021-11-05T21:51:00Z;337;89;0;426;426;18497[Hauptwache];2021-11-05T21:52:00.137Z
0.5235294;open;2021-11-05T21:51:00Z;356;324;0;680;680;18495[Am Gericht];2021-11-05T21:52:00.137Z
0.16964285;open;2021-11-05T21:51:00Z;152;744;70;966;896;109240[MyZeil];2021-11-05T21:52:00.137Z
0.533123;open;2021-11-05T21:51:00Z;338;296;0;634;634;18494[Konrad-Adenauer-Straße];2021-11-05T21:52:00.137Z
0.495;open;2021-11-05T22:01:00Z;99;101;150;350;200;24276[Turmcenter];2021-11-05T22:02:01.365Z
0.1990172;open;2021-11-05T22:01:00Z;81;326;0;407;407;18944[Alte Oper];2021-11-05T22:02:01.365Z
0.04945055;open;2021-11-05T22:01:00Z;18;346;0;364;364;24281[Hauptbahnhof Süd];2021-11-05T22:02:01.365Z
0.53646475;open;2021-11-05T22:01:00Z;434;375;0;809;809;24279[Konstabler];2021-11-05T22:02:01.365Z
0.76760566;open;2021-11-05T22:01:00Z;327;99;0;426;426;18497[Hauptwache];2021-11-05T22:02:01.365Z
0.5176471;open;2021-11-05T22:01:00Z;352;328;0;680;680;18495[Am Gericht];2021-11-05T22:02:01.365Z
0.5252366;open;2021-11-05T22:01:00Z;333;301;0;634;634;18494[Konrad-Adenauer-Straße];2021-11-05T22:02:01.365Z
0.38;open;2021-11-05T22:21:00Z;76;124;150;350;200;24276[Turmcenter];2021-11-05T22:22:00.968Z
0.18427518;open;2021-11-05T22:21:00Z;75;332;0;407;407;18944[Alte Oper];2021-11-05T22:22:00.968Z
0.046703298;open;2021-11-05T22:21:00Z;17;347;0;364;364;24281[Hauptbahnhof Süd];2021-11-05T22:22:00.968Z
0.5105068;open;2021-11-05T22:21:00Z;413;396;0;809;809;24279[Konstabler];2021-11-05T22:22:00.968Z
0.7253521;open;2021-11-05T22:21:00Z;309;117;0;426;426;18497[Hauptwache];2021-11-05T22:22:00.968Z
0.49411765;open;2021-11-05T22:21:00Z;336;344;0;680;680;18495[Am Gericht];2021-11-05T22:22:00.968Z
0.511041;open;2021-11-05T22:21:00Z;324;310;0;634;634;18494[Konrad-Adenauer-Straße];2021-11-05T22:22:00.968Z
0.34;open;2021-11-05T22:42:00Z;68;132;150;350;200;24276[Turmcenter];2021-11-05T22:47:00.751Z
0.16707617;open;2021-11-05T22:42:00Z;68;339;0;407;407;18944[Alte Oper];2021-11-05T22:47:00.751Z
0.04945055;open;2021-11-05T22:42:00Z;18;346;0;364;364;24281[Hauptbahnhof Süd];2021-11-05T22:47:00.751Z
0.49196538;open;2021-11-05T22:42:00Z;398;411;0;809;809;24279[Konstabler];2021-11-05T22:47:00.751Z
0.67840374;open;2021-11-05T22:42:00Z;289;137;0;426;426;18497[Hauptwache];2021-11-05T22:47:00.751Z
0.4764706;open;2021-11-05T22:42:00Z;324;356;0;680;680;18495[Am Gericht];2021-11-05T22:47:00.751Z
0.49684542;open;2021-11-05T22:42:00Z;315;319;0;634;634;18494[Konrad-Adenauer-Straße];2021-11-05T22:47:00.751Z
0.3;open;2021-11-05T22:47:00Z;60;140;150;350;200;24276[Turmcenter];2021-11-05T22:52:00.720Z
0.16461916;open;2021-11-05T22:47:00Z;67;340;0;407;407;18944[Alte Oper];2021-11-05T22:52:00.720Z
0.043956045;open;2021-11-05T22:47:00Z;16;348;0;364;364;24281[Hauptbahnhof Süd];2021-11-05T22:52:00.720Z
0.4932015;open;2021-11-05T22:47:00Z;399;410;0;809;809;24279[Konstabler];2021-11-05T22:52:00.720Z
0.67840374;open;2021-11-05T22:47:00Z;289;137;0;426;426;18497[Hauptwache];2021-11-05T22:52:00.720Z
0.46764705;open;2021-11-05T22:47:00Z;318;362;0;680;680;18495[Am Gericht];2021-11-05T22:52:00.720Z
0.14620535;open;2021-11-05T22:47:00Z;131;765;70;966;896;109240[MyZeil];2021-11-05T22:52:00.720Z
0.49369085;open;2021-11-05T22:47:00Z;313;321;0;634;634;18494[Konrad-Adenauer-Straße];2021-11-05T22:52:00.720Z
0.225;open;2021-11-05T23:17:00Z;45;155;150;350;200;24276[Turmcenter];2021-11-05T23:22:00.169Z
0.13513513;open;2021-11-05T23:17:00Z;55;352;0;407;407;18944[Alte Oper];2021-11-05T23:22:00.169Z
0.03021978;open;2021-11-05T23:17:00Z;11;353;0;364;364;24281[Hauptbahnhof Süd];2021-11-05T23:22:00.169Z
0.45859087;open;2021-11-05T23:17:00Z;371;438;0;809;809;24279[Konstabler];2021-11-05T23:22:00.169Z
0.6596244;open;2021-11-05T23:17:00Z;281;145;0;426;426;18497[Hauptwache];2021-11-05T23:22:00.169Z
0;closed;2021-11-05T23:17:00Z;;367;0;0;0;18495[Am Gericht];2021-11-05T23:22:00.169Z
0.12723215;open;2021-11-05T23:17:00Z;114;782;70;966;896;109240[MyZeil];2021-11-05T23:22:00.169Z
0.48895898;open;2021-11-05T23:17:00Z;310;324;0;634;634;18494[Konrad-Adenauer-Straße];2021-11-05T23:22:00.169Z
0.215;open;2021-11-05T23:28:00Z;43;157;150;350;200;24276[Turmcenter];2021-11-05T23:32:02.525Z
0.24078624;open;2021-11-05T23:28:00Z;98;309;0;407;407;18944[Alte Oper];2021-11-05T23:32:02.525Z
0.03021978;open;2021-11-05T23:28:00Z;11;353;0;364;364;24281[Hauptbahnhof Süd];2021-11-05T23:32:02.525Z
0.45488256;open;2021-11-05T23:28:00Z;368;441;0;809;809;24279[Konstabler];2021-11-05T23:32:02.525Z
0.64084506;open;2021-11-05T23:28:00Z;273;153;0;426;426;18497[Hauptwache];2021-11-05T23:32:02.525Z
0;closed;2021-11-05T23:28:00Z;;367;0;0;0;18495[Am Gericht];2021-11-05T23:32:02.525Z
0.12723215;open;2021-11-05T23:28:00Z;114;782;70;966;896;109240[MyZeil];2021-11-05T23:32:02.525Z
0.48895898;open;2021-11-05T23:28:00Z;310;324;0;634;634;18494[Konrad-Adenauer-Straße];2021-11-05T23:32:02.525Z
0.2;open;2021-11-05T23:43:00Z;40;160;150;350;200;24276[Turmcenter];2021-11-05T23:47:01.804Z
0.21867321;open;2021-11-05T23:43:00Z;89;318;0;407;407;18944[Alte Oper];2021-11-05T23:47:01.804Z
0.01923077;open;2021-11-05T23:43:00Z;7;357;0;364;364;24281[Hauptbahnhof Süd];2021-11-05T23:47:01.804Z
0.44746602;open;2021-11-05T23:43:00Z;362;447;0;809;809;24279[Konstabler];2021-11-05T23:47:01.804Z
0.6126761;open;2021-11-05T23:43:00Z;261;165;0;426;426;18497[Hauptwache];2021-11-05T23:47:01.804Z
0;closed;2021-11-05T23:43:00Z;;367;0;0;0;18495[Am Gericht];2021-11-05T23:47:01.804Z
0.118303575;open;2021-11-05T23:43:00Z;106;790;70;966;896;109240[MyZeil];2021-11-05T23:47:01.804Z
0.48264983;open;2021-11-05T23:43:00Z;306;328;0;634;634;18494[Konrad-Adenauer-Straße];2021-11-05T23:47:01.804Z
0.195;open;2021-11-05T23:58:00Z;39;161;150;350;200;24276[Turmcenter];2021-11-06T00:02:00.495Z
0.2014742;open;2021-11-05T23:58:00Z;82;325;0;407;407;18944[Alte Oper];2021-11-06T00:02:00.495Z
0.01923077;open;2021-11-05T23:58:00Z;7;357;0;364;364;24281[Hauptbahnhof Süd];2021-11-06T00:02:00.495Z
0.4289246;open;2021-11-05T23:58:00Z;347;462;0;809;809;24279[Konstabler];2021-11-06T00:02:00.495Z
0.5938967;open;2021-11-05T23:58:00Z;253;173;0;426;426;18497[Hauptwache];2021-11-06T00:02:00.495Z
0;closed;2021-11-05T23:58:00Z;;367;0;0;0;18495[Am Gericht];2021-11-06T00:02:00.495Z
0.47949526;open;2021-11-05T23:58:00Z;304;330;0;634;634;18494[Konrad-Adenauer-Straße];2021-11-06T00:02:00.495Z
0.105;open;2021-11-06T01:09:00Z;21;179;150;350;200;24276[Turmcenter];2021-11-06T01:12:01.304Z
0.16216215;open;2021-11-06T01:09:00Z;66;341;0;407;407;18944[Alte Oper];2021-11-06T01:12:01.304Z
0.008241759;open;2021-11-06T01:09:00Z;3;361;0;364;364;24281[Hauptbahnhof Süd];2021-11-06T01:12:01.304Z
0.39184177;open;2021-11-06T01:09:00Z;317;492;0;809;809;24279[Konstabler];2021-11-06T01:12:01.304Z
0.5422535;open;2021-11-06T01:09:00Z;231;195;0;426;426;18497[Hauptwache];2021-11-06T01:12:01.304Z
0;closed;2021-11-06T01:09:00Z;;367;0;0;0;18495[Am Gericht];2021-11-06T01:12:01.304Z
0.4747634;open;2021-11-06T01:09:00Z;301;333;0;634;634;18494[Konrad-Adenauer-Straße];2021-11-06T01:12:01.304Z
0.075;open;2021-11-06T02:05:00Z;15;185;150;350;200;24276[Turmcenter];2021-11-06T02:07:00.556Z
0.15479116;open;2021-11-06T02:05:00Z;63;344;0;407;407;18944[Alte Oper];2021-11-06T02:07:00.556Z
0.010989011;open;2021-11-06T02:05:00Z;4;360;0;364;364;24281[Hauptbahnhof Süd];2021-11-06T02:07:00.556Z
0.36464772;open;2021-11-06T02:05:00Z;295;514;0;809;809;24279[Konstabler];2021-11-06T02:07:00.556Z
0.52112675;open;2021-11-06T02:05:00Z;222;204;0;426;426;18497[Hauptwache];2021-11-06T02:07:00.556Z
0;closed;2021-11-06T02:05:00Z;;367;0;0;0;18495[Am Gericht];2021-11-06T02:07:00.556Z
0.4652997;open;2021-11-06T02:05:00Z;295;339;0;634;634;18494[Konrad-Adenauer-Straße];2021-11-06T02:07:00.556Z
0.07;open;2021-11-06T02:41:00Z;14;186;150;350;200;24276[Turmcenter];2021-11-06T02:42:02.004Z
0.14742015;open;2021-11-06T02:41:00Z;60;347;0;407;407;18944[Alte Oper];2021-11-06T02:42:02.004Z
0.008241759;open;2021-11-06T02:41:00Z;3;361;0;364;364;24281[Hauptbahnhof Süd];2021-11-06T02:42:02.004Z
0.3473424;open;2021-11-06T02:41:00Z;281;528;0;809;809;24279[Konstabler];2021-11-06T02:42:02.004Z
0.5070422;open;2021-11-06T02:41:00Z;216;210;0;426;426;18497[Hauptwache];2021-11-06T02:42:02.004Z
0;closed;2021-11-06T02:41:00Z;;367;0;0;0;18495[Am Gericht];2021-11-06T02:42:02.004Z
0.109375;open;2021-11-06T02:41:00Z;98;798;70;966;896;109240[MyZeil];2021-11-06T02:42:02.004Z
0.46056783;open;2021-11-06T02:41:00Z;292;342;0;634;634;18494[Konrad-Adenauer-Straße];2021-11-06T02:42:02.004Z
0.07;open;2021-11-06T02:51:00Z;14;186;150;350;200;24276[Turmcenter];2021-11-06T02:52:01.351Z
0.14496315;open;2021-11-06T02:51:00Z;59;348;0;407;407;18944[Alte Oper];2021-11-06T02:52:01.351Z
0.008241759;open;2021-11-06T02:51:00Z;3;361;0;364;364;24281[Hauptbahnhof Süd];2021-11-06T02:52:01.351Z
0.34239802;open;2021-11-06T02:51:00Z;277;532;0;809;809;24279[Konstabler];2021-11-06T02:52:01.351Z
0.5023474;open;2021-11-06T02:51:00Z;214;212;0;426;426;18497[Hauptwache];2021-11-06T02:52:01.351Z
0;closed;2021-11-06T02:51:00Z;;367;0;0;0;18495[Am Gericht];2021-11-06T02:52:01.351Z
0.109375;open;2021-11-06T02:51:00Z;98;798;70;966;896;109240[MyZeil];2021-11-06T02:52:01.351Z
0.46056783;open;2021-11-06T02:51:00Z;292;342;0;634;634;18494[Konrad-Adenauer-Straße];2021-11-06T02:52:01.351Z
0.07;open;2021-11-06T03:21:00Z;14;186;150;350;200;24276[Turmcenter];2021-11-06T03:22:00.049Z
0.14250614;open;2021-11-06T03:21:00Z;58;349;0;407;407;18944[Alte Oper];2021-11-06T03:22:00.049Z
0.0054945056;open;2021-11-06T03:21:00Z;2;362;0;364;364;24281[Hauptbahnhof Süd];2021-11-06T03:22:00.049Z
0.33374536;open;2021-11-06T03:21:00Z;270;539;0;809;809;24279[Konstabler];2021-11-06T03:22:00.049Z
0.48826292;open;2021-11-06T03:21:00Z;208;218;0;426;426;18497[Hauptwache];2021-11-06T03:22:00.049Z
0;closed;2021-11-06T03:21:00Z;;;0;0;0;18495[Am Gericht];2021-11-06T03:22:00.049Z
0.46056783;open;2021-11-06T03:21:00Z;292;342;0;634;634;18494[Konrad-Adenauer-Straße];2021-11-06T03:22:00.049Z
0.07;open;2021-11-06T03:36:00Z;14;186;150;350;200;24276[Turmcenter];2021-11-06T03:37:01.931Z
0.13759214;open;2021-11-06T03:36:00Z;56;351;0;407;407;18944[Alte Oper];2021-11-06T03:37:01.931Z
0.0054945056;open;2021-11-06T03:36:00Z;2;362;0;364;364;24281[Hauptbahnhof Süd];2021-11-06T03:37:01.931Z
0.3300371;open;2021-11-06T03:36:00Z;267;542;0;809;809;24279[Konstabler];2021-11-06T03:37:01.931Z
0.48826292;open;2021-11-06T03:36:00Z;208;218;0;426;426;18497[Hauptwache];2021-11-06T03:37:01.931Z
0;closed;2021-11-06T03:36:00Z;;;0;0;0;18495[Am Gericht];2021-11-06T03:37:01.931Z
0.10714286;open;2021-11-06T03:36:00Z;96;800;70;966;896;109240[MyZeil];2021-11-06T03:37:01.931Z
0.45741326;open;2021-11-06T03:36:00Z;290;344;0;634;634;18494[Konrad-Adenauer-Straße];2021-11-06T03:37:01.931Z
0.07;open;2021-11-06T03:51:00Z;14;186;150;350;200;24276[Turmcenter];2021-11-06T03:52:01.242Z
0.13513513;open;2021-11-06T03:51:00Z;55;352;0;407;407;18944[Alte Oper];2021-11-06T03:52:01.242Z
0.0054945056;open;2021-11-06T03:51:00Z;2;362;0;364;364;24281[Hauptbahnhof Süd];2021-11-06T03:52:01.242Z
0.32880098;open;2021-11-06T03:51:00Z;266;543;0;809;809;24279[Konstabler];2021-11-06T03:52:01.242Z
0.48826292;open;2021-11-06T03:51:00Z;208;218;0;426;426;18497[Hauptwache];2021-11-06T03:52:01.242Z
0;closed;2021-11-06T03:51:00Z;;;0;0;0;18495[Am Gericht];2021-11-06T03:52:01.242Z
0.10714286;open;2021-11-06T03:51:00Z;96;800;70;966;896;109240[MyZeil];2021-11-06T03:52:01.242Z
0.45425868;open;2021-11-06T03:51:00Z;288;346;0;634;634;18494[Konrad-Adenauer-Straße];2021-11-06T03:52:01.242Z
0.07;open;2021-11-06T03:56:00Z;14;186;150;350;200;24276[Turmcenter];2021-11-06T03:57:01.405Z
0.13513513;open;2021-11-06T03:56:00Z;55;352;0;407;407;18944[Alte Oper];2021-11-06T03:57:01.405Z
0.0054945056;open;2021-11-06T03:56:00Z;2;362;0;364;364;24281[Hauptbahnhof Süd];2021-11-06T03:57:01.405Z
0.3263288;open;2021-11-06T03:56:00Z;264;545;0;809;809;24279[Konstabler];2021-11-06T03:57:01.405Z
0.48826292;open;2021-11-06T03:56:00Z;208;218;0;426;426;18497[Hauptwache];2021-11-06T03:57:01.405Z
0;closed;2021-11-06T03:56:00Z;;;0;0;0;18495[Am Gericht];2021-11-06T03:57:01.405Z
0.45425868;open;2021-11-06T03:56:00Z;288;346;0;634;634;18494[Konrad-Adenauer-Straße];2021-11-06T03:57:01.405Z
0.07;open;2021-11-06T04:27:00Z;14;186;150;350;200;24276[Turmcenter];2021-11-06T04:32:02.054Z
0.13513513;open;2021-11-06T04:27:00Z;55;352;0;407;407;18944[Alte Oper];2021-11-06T04:32:02.054Z
0.0054945056;open;2021-11-06T04:27:00Z;2;362;0;364;364;24281[Hauptbahnhof Süd];2021-11-06T04:32:02.054Z
0.31520396;open;2021-11-06T04:27:00Z;255;554;0;809;809;24279[Konstabler];2021-11-06T04:32:02.054Z
0.48591548;open;2021-11-06T04:27:00Z;207;219;0;426;426;18497[Hauptwache];2021-11-06T04:32:02.054Z
0;closed;2021-11-06T04:27:00Z;;;0;0;0;18495[Am Gericht];2021-11-06T04:32:02.054Z
0.44794953;open;2021-11-06T04:27:00Z;284;350;0;634;634;18494[Konrad-Adenauer-Straße];2021-11-06T04:32:02.054Z
0.07;open;2021-11-06T04:52:00Z;14;186;150;350;200;24276[Turmcenter];2021-11-06T04:57:02.973Z
0.13513513;open;2021-11-06T04:52:00Z;55;352;0;407;407;18944[Alte Oper];2021-11-06T04:57:02.973Z
0.0054945056;open;2021-11-06T04:52:00Z;2;362;0;364;364;24281[Hauptbahnhof Süd];2021-11-06T04:57:02.973Z
0.3065513;open;2021-11-06T04:52:00Z;248;561;0;809;809;24279[Konstabler];2021-11-06T04:57:02.973Z
0.47887325;open;2021-11-06T04:52:00Z;204;222;0;426;426;18497[Hauptwache];2021-11-06T04:57:02.973Z
0;closed;2021-11-06T04:52:00Z;;;0;0;0;18495[Am Gericht];2021-11-06T04:57:02.973Z
0.44794953;open;2021-11-06T04:52:00Z;284;350;0;634;634;18494[Konrad-Adenauer-Straße];2021-11-06T04:57:02.973Z
0.07;open;2021-11-06T05:12:00Z;14;186;150;350;200;24276[Turmcenter];2021-11-06T05:17:01.487Z
0.13267814;open;2021-11-06T05:12:00Z;54;353;0;407;407;18944[Alte Oper];2021-11-06T05:17:01.487Z
0.0054945056;open;2021-11-06T05:12:00Z;2;362;0;364;364;24281[Hauptbahnhof Süd];2021-11-06T05:17:01.487Z
0.30407912;open;2021-11-06T05:12:00Z;246;563;0;809;809;24279[Konstabler];2021-11-06T05:17:01.487Z
0.4765258;open;2021-11-06T05:12:00Z;203;223;0;426;426;18497[Hauptwache];2021-11-06T05:17:01.487Z
0.3882353;open;2021-11-06T05:12:00Z;264;416;0;680;680;18495[Am Gericht];2021-11-06T05:17:01.487Z
0.44164038;open;2021-11-06T05:12:00Z;280;354;0;634;634;18494[Konrad-Adenauer-Straße];2021-11-06T05:17:01.487Z
0.07;open;2021-11-06T05:27:00Z;14;186;150;350;200;24276[Turmcenter];2021-11-06T05:32:00.233Z
0.13267814;open;2021-11-06T05:27:00Z;54;353;0;407;407;18944[Alte Oper];2021-11-06T05:32:00.233Z
0.010989011;open;2021-11-06T05:27:00Z;4;360;0;364;364;24281[Hauptbahnhof Süd];2021-11-06T05:32:00.233Z
0.30407912;open;2021-11-06T05:27:00Z;246;563;0;809;809;24279[Konstabler];2021-11-06T05:32:00.233Z
0.47887325;open;2021-11-06T05:27:00Z;204;222;0;426;426;18497[Hauptwache];2021-11-06T05:32:00.233Z
0.3882353;open;2021-11-06T05:27:00Z;264;416;0;680;680;18495[Am Gericht];2021-11-06T05:32:00.233Z
0.4384858;open;2021-11-06T05:27:00Z;278;356;0;634;634;18494[Konrad-Adenauer-Straße];2021-11-06T05:32:00.233Z
0.07;open;2021-11-06T05:37:00Z;14;186;150;350;200;24276[Turmcenter];2021-11-06T05:42:01.821Z
0.13267814;open;2021-11-06T05:37:00Z;54;353;0;407;407;18944[Alte Oper];2021-11-06T05:42:01.821Z
0.010989011;open;2021-11-06T05:37:00Z;4;360;0;364;364;24281[Hauptbahnhof Süd];2021-11-06T05:42:01.821Z
0.302843;open;2021-11-06T05:37:00Z;245;564;0;809;809;24279[Konstabler];2021-11-06T05:42:01.821Z
0.47887325;open;2021-11-06T05:37:00Z;204;222;0;426;426;18497[Hauptwache];2021-11-06T05:42:01.821Z
0.3882353;open;2021-11-06T05:37:00Z;264;416;0;680;680;18495[Am Gericht];2021-11-06T05:42:01.821Z
0.4369085;open;2021-11-06T05:37:00Z;277;357;0;634;634;18494[Konrad-Adenauer-Straße];2021-11-06T05:42:01.821Z
0.07;open;2021-11-06T05:47:00Z;14;186;150;350;200;24276[Turmcenter];2021-11-06T05:52:02.572Z
0.13022113;open;2021-11-06T05:47:00Z;53;354;0;407;407;18944[Alte Oper];2021-11-06T05:52:02.572Z
0.016483517;open;2021-11-06T05:47:00Z;6;358;0;364;364;24281[Hauptbahnhof Süd];2021-11-06T05:52:02.572Z
0.30407912;open;2021-11-06T05:47:00Z;246;563;0;809;809;24279[Konstabler];2021-11-06T05:52:02.572Z
0.47887325;open;2021-11-06T05:47:00Z;204;222;0;426;426;18497[Hauptwache];2021-11-06T05:52:02.572Z
0.3882353;open;2021-11-06T05:47:00Z;264;416;0;680;680;18495[Am Gericht];2021-11-06T05:52:02.572Z
0.4369085;open;2021-11-06T05:47:00Z;277;357;0;634;634;18494[Konrad-Adenauer-Straße];2021-11-06T05:52:02.572Z
0.07;open;2021-11-06T06:17:00Z;14;186;150;350;200;24276[Turmcenter];2021-11-06T06:22:00.166Z
0.13513513;open;2021-11-06T06:17:00Z;55;352;0;407;407;18944[Alte Oper];2021-11-06T06:22:00.166Z
0.013736264;open;2021-11-06T06:17:00Z;5;359;0;364;364;24281[Hauptbahnhof Süd];2021-11-06T06:22:00.166Z
0.30160692;open;2021-11-06T06:17:00Z;244;565;0;809;809;24279[Konstabler];2021-11-06T06:22:00.166Z
0.48122066;open;2021-11-06T06:17:00Z;205;221;0;426;426;18497[Hauptwache];2021-11-06T06:22:00.166Z
0.3882353;open;2021-11-06T06:17:00Z;264;416;0;680;680;18495[Am Gericht];2021-11-06T06:22:00.166Z
0.4274448;open;2021-11-06T06:17:00Z;271;363;0;634;634;18494[Konrad-Adenauer-Straße];2021-11-06T06:22:00.166Z
0.07;open;2021-11-06T06:37:00Z;14;186;150;350;200;24276[Turmcenter];2021-11-06T06:42:02.311Z
0.13759214;open;2021-11-06T06:37:00Z;56;351;0;407;407;18944[Alte Oper];2021-11-06T06:42:02.311Z
0.016483517;open;2021-11-06T06:37:00Z;6;358;0;364;364;24281[Hauptbahnhof Süd];2021-11-06T06:42:02.311Z
0.29666254;open;2021-11-06T06:37:00Z;240;569;0;809;809;24279[Konstabler];2021-11-06T06:42:02.311Z
0.48591548;open;2021-11-06T06:37:00Z;207;219;0;426;426;18497[Hauptwache];2021-11-06T06:42:02.311Z
0.3882353;open;2021-11-06T06:37:00Z;264;416;0;680;680;18495[Am Gericht];2021-11-06T06:42:02.311Z
0.4258675;open;2021-11-06T06:37:00Z;270;364;0;634;634;18494[Konrad-Adenauer-Straße];2021-11-06T06:42:02.311Z
0.07;open;2021-11-06T06:52:00Z;14;186;150;350;200;24276[Turmcenter];2021-11-06T06:57:02.302Z
0.13759214;open;2021-11-06T06:52:00Z;56;351;0;407;407;18944[Alte Oper];2021-11-06T06:57:02.302Z
0.01923077;open;2021-11-06T06:52:00Z;7;357;0;364;364;24281[Hauptbahnhof Süd];2021-11-06T06:57:02.302Z
0.29913473;open;2021-11-06T06:52:00Z;242;567;0;809;809;24279[Konstabler];2021-11-06T06:57:02.302Z
0.48591548;open;2021-11-06T06:52:00Z;207;219;0;426;426;18497[Hauptwache];2021-11-06T06:57:02.302Z
0.3867647;open;2021-11-06T06:52:00Z;263;417;0;680;680;18495[Am Gericht];2021-11-06T06:57:02.302Z
0.4242902;open;2021-11-06T06:52:00Z;269;365;0;634;634;18494[Konrad-Adenauer-Straße];2021-11-06T06:57:02.302Z
0.07;open;2021-11-06T07:17:00Z;14;186;150;350;200;24276[Turmcenter];2021-11-06T07:22:00.490Z
0.13759214;open;2021-11-06T07:17:00Z;56;351;0;407;407;18944[Alte Oper];2021-11-06T07:22:00.490Z
0.01923077;open;2021-11-06T07:17:00Z;7;357;0;364;364;24281[Hauptbahnhof Süd];2021-11-06T07:22:00.490Z
0.3065513;open;2021-11-06T07:17:00Z;248;561;0;809;809;24279[Konstabler];2021-11-06T07:22:00.490Z
0.4976526;open;2021-11-06T07:17:00Z;212;214;0;426;426;18497[Hauptwache];2021-11-06T07:22:00.490Z
0.39264706;open;2021-11-06T07:17:00Z;267;413;0;680;680;18495[Am Gericht];2021-11-06T07:22:00.490Z
0.106694564;open;2021-11-06T07:17:00Z;102;854;70;1026;956;109240[MyZeil];2021-11-06T07:22:00.490Z
0.4274448;open;2021-11-06T07:17:00Z;271;363;0;634;634;18494[Konrad-Adenauer-Straße];2021-11-06T07:22:00.490Z
0.07;open;2021-11-06T07:27:00Z;14;186;150;350;200;24276[Turmcenter];2021-11-06T07:32:02.357Z
0.14250614;open;2021-11-06T07:27:00Z;58;349;0;407;407;18944[Alte Oper];2021-11-06T07:32:02.357Z
0.01923077;open;2021-11-06T07:27:00Z;7;357;0;364;364;24281[Hauptbahnhof Süd];2021-11-06T07:32:02.357Z
0.3077874;open;2021-11-06T07:27:00Z;249;560;0;809;809;24279[Konstabler];2021-11-06T07:32:02.357Z
0.5023474;open;2021-11-06T07:27:00Z;214;212;0;426;426;18497[Hauptwache];2021-11-06T07:32:02.357Z
0.39411765;open;2021-11-06T07:27:00Z;268;412;0;680;680;18495[Am Gericht];2021-11-06T07:32:02.357Z
0.43059936;open;2021-11-06T07:27:00Z;273;361;0;634;634;18494[Konrad-Adenauer-Straße];2021-11-06T07:32:02.357Z
0.08;open;2021-11-06T07:47:00Z;16;184;150;350;200;24276[Turmcenter];2021-11-06T07:52:01.434Z
0.16953316;open;2021-11-06T07:47:00Z;69;338;0;407;407;18944[Alte Oper];2021-11-06T07:52:01.434Z
0.021978023;open;2021-11-06T07:47:00Z;8;356;0;364;364;24281[Hauptbahnhof Süd];2021-11-06T07:52:01.434Z
0.31149566;open;2021-11-06T07:47:00Z;252;557;0;809;809;24279[Konstabler];2021-11-06T07:52:01.434Z
0.5164319;open;2021-11-06T07:47:00Z;220;206;0;426;426;18497[Hauptwache];2021-11-06T07:52:01.434Z
0.40294117;open;2021-11-06T07:47:00Z;274;406;0;680;680;18495[Am Gericht];2021-11-06T07:52:01.434Z
0.4258675;open;2021-11-06T07:47:00Z;270;364;0;634;634;18494[Konrad-Adenauer-Straße];2021-11-06T07:52:01.434Z
0.085;open;2021-11-06T07:58:00Z;17;183;150;350;200;24276[Turmcenter];2021-11-06T08:02:01.312Z
0.1941032;open;2021-11-06T07:58:00Z;79;328;0;407;407;18944[Alte Oper];2021-11-06T08:02:01.312Z
0.024725275;open;2021-11-06T07:58:00Z;9;355;0;364;364;24281[Hauptbahnhof Süd];2021-11-06T08:02:01.312Z
0.32385662;open;2021-11-06T07:58:00Z;262;547;0;809;809;24279[Konstabler];2021-11-06T08:02:01.312Z
0.52582157;open;2021-11-06T07:58:00Z;224;202;0;426;426;18497[Hauptwache];2021-11-06T08:02:01.312Z
0.40588236;open;2021-11-06T07:58:00Z;276;404;0;680;680;18495[Am Gericht];2021-11-06T08:02:01.312Z
0.43375394;open;2021-11-06T07:58:00Z;275;359;0;634;634;18494[Konrad-Adenauer-Straße];2021-11-06T08:02:01.312Z
0.115;open;2021-11-06T08:28:00Z;23;177;150;350;200;24276[Turmcenter];2021-11-06T08:32:01.843Z
0.23587224;open;2021-11-06T08:28:00Z;96;311;0;407;407;18944[Alte Oper];2021-11-06T08:32:01.843Z
0.021978023;open;2021-11-06T08:28:00Z;8;356;0;364;364;24281[Hauptbahnhof Süd];2021-11-06T08:32:01.843Z
0.35846725;open;2021-11-06T08:28:00Z;290;519;0;809;809;24279[Konstabler];2021-11-06T08:32:01.843Z
0.5610329;open;2021-11-06T08:28:00Z;239;187;0;426;426;18497[Hauptwache];2021-11-06T08:32:01.843Z
0.42205882;open;2021-11-06T08:28:00Z;287;393;0;680;680;18495[Am Gericht];2021-11-06T08:32:01.843Z
0.12656903;open;2021-11-06T08:28:00Z;121;835;70;1026;956;109240[MyZeil];2021-11-06T08:32:01.843Z
0.4384858;open;2021-11-06T08:28:00Z;278;356;0;634;634;18494[Konrad-Adenauer-Straße];2021-11-06T08:32:01.843Z
0.115;open;2021-11-06T08:43:00Z;23;177;150;350;200;24276[Turmcenter];2021-11-06T08:47:01.239Z
0.27027026;open;2021-11-06T08:43:00Z;110;297;0;407;407;18944[Alte Oper];2021-11-06T08:47:01.239Z
0.01923077;open;2021-11-06T08:43:00Z;7;357;0;364;364;24281[Hauptbahnhof Süd];2021-11-06T08:47:01.239Z
0.39555007;open;2021-11-06T08:43:00Z;320;489;0;809;809;24279[Konstabler];2021-11-06T08:47:01.239Z
0.6150235;open;2021-11-06T08:43:00Z;262;164;0;426;426;18497[Hauptwache];2021-11-06T08:47:01.239Z
0.43823528;open;2021-11-06T08:43:00Z;298;382;0;680;680;18495[Am Gericht];2021-11-06T08:47:01.239Z
0.14016737;open;2021-11-06T08:43:00Z;134;822;70;1026;956;109240[MyZeil];2021-11-06T08:47:01.239Z
0.4652997;open;2021-11-06T08:43:00Z;295;339;0;634;634;18494[Konrad-Adenauer-Straße];2021-11-06T08:47:01.239Z
0.16;open;2021-11-06T08:53:00Z;32;168;150;350;200;24276[Turmcenter];2021-11-06T08:57:00.985Z
0.30958232;open;2021-11-06T08:53:00Z;126;281;0;407;407;18944[Alte Oper];2021-11-06T08:57:00.985Z
0.021978023;open;2021-11-06T08:53:00Z;8;356;0;364;364;24281[Hauptbahnhof Süd];2021-11-06T08:57:00.985Z
0.4289246;open;2021-11-06T08:53:00Z;347;462;0;809;809;24279[Konstabler];2021-11-06T08:57:00.985Z
0.6643193;open;2021-11-06T08:53:00Z;283;143;0;426;426;18497[Hauptwache];2021-11-06T08:57:00.985Z
0.45147058;open;2021-11-06T08:53:00Z;307;373;0;680;680;18495[Am Gericht];2021-11-06T08:57:00.985Z
0.1495816;open;2021-11-06T08:53:00Z;143;813;70;1026;956;109240[MyZeil];2021-11-06T08:57:00.985Z
0.49211356;open;2021-11-06T08:53:00Z;312;322;0;634;634;18494[Konrad-Adenauer-Straße];2021-11-06T08:57:00.985Z
0.215;open;2021-11-06T09:23:00Z;43;157;150;350;200;24276[Turmcenter];2021-11-06T09:27:02.690Z
0.3980344;open;2021-11-06T09:23:00Z;162;245;0;407;407;18944[Alte Oper];2021-11-06T09:27:02.690Z
0.021978023;open;2021-11-06T09:23:00Z;8;356;0;364;364;24281[Hauptbahnhof Süd];2021-11-06T09:27:02.690Z
0.5562423;open;2021-11-06T09:23:00Z;450;359;0;809;809;24279[Konstabler];2021-11-06T09:27:02.690Z
0.7746479;open;2021-11-06T09:23:00Z;330;96;0;426;426;18497[Hauptwache];2021-11-06T09:27:02.690Z
0.475;open;2021-11-06T09:23:00Z;323;357;0;680;680;18495[Am Gericht];2021-11-06T09:27:02.690Z
0.57886434;open;2021-11-06T09:23:00Z;367;267;0;634;634;18494[Konrad-Adenauer-Straße];2021-11-06T09:27:02.690Z
0.24;open;2021-11-06T09:33:00Z;48;152;150;350;200;24276[Turmcenter];2021-11-06T09:37:01.564Z
0.42014742;open;2021-11-06T09:33:00Z;171;236;0;407;407;18944[Alte Oper];2021-11-06T09:37:01.564Z
0.021978023;open;2021-11-06T09:33:00Z;8;356;0;364;364;24281[Hauptbahnhof Süd];2021-11-06T09:37:01.564Z
0.60692215;open;2021-11-06T09:33:00Z;491;318;0;809;809;24279[Konstabler];2021-11-06T09:37:01.564Z
0.81924886;open;2021-11-06T09:33:00Z;349;77;0;426;426;18497[Hauptwache];2021-11-06T09:37:01.564Z
0.4852941;open;2021-11-06T09:33:00Z;330;350;0;680;680;18495[Am Gericht];2021-11-06T09:37:01.564Z
0.5977918;open;2021-11-06T09:33:00Z;379;255;0;634;634;18494[Konrad-Adenauer-Straße];2021-11-06T09:37:01.564Z
0.255;open;2021-11-06T09:48:00Z;51;149;150;350;200;24276[Turmcenter];2021-11-06T09:52:00.104Z
0.45700246;open;2021-11-06T09:48:00Z;186;221;0;407;407;18944[Alte Oper];2021-11-06T09:52:00.104Z
0.021978023;open;2021-11-06T09:48:00Z;8;356;0;364;364;24281[Hauptbahnhof Süd];2021-11-06T09:52:00.104Z
0.66501856;open;2021-11-06T09:48:00Z;538;271;0;809;809;24279[Konstabler];2021-11-06T09:52:00.104Z
0.8779343;open;2021-11-06T09:48:00Z;374;52;0;426;426;18497[Hauptwache];2021-11-06T09:52:00.104Z
0.4970588;open;2021-11-06T09:48:00Z;338;342;0;680;680;18495[Am Gericht];2021-11-06T09:52:00.104Z
0.61671925;open;2021-11-06T09:48:00Z;391;243;0;634;634;18494[Konrad-Adenauer-Straße];2021-11-06T09:52:00.104Z
0.27;open;2021-11-06T09:58:00Z;54;146;150;350;200;24276[Turmcenter];2021-11-06T10:02:01.406Z
0.4791155;open;2021-11-06T09:58:00Z;195;212;0;407;407;18944[Alte Oper];2021-11-06T10:02:01.406Z
0.021978023;open;2021-11-06T09:58:00Z;8;356;0;364;364;24281[Hauptbahnhof Süd];2021-11-06T10:02:01.406Z
0.69715697;open;2021-11-06T09:58:00Z;564;245;0;809;809;24279[Konstabler];2021-11-06T10:02:01.406Z
0.91314554;open;2021-11-06T09:58:00Z;389;37;0;426;426;18497[Hauptwache];2021-11-06T10:02:01.406Z
0.50147057;open;2021-11-06T09:58:00Z;341;339;0;680;680;18495[Am Gericht];2021-11-06T10:02:01.406Z
0.23849373;open;2021-11-06T09:58:00Z;228;728;70;1026;956;109240[MyZeil];2021-11-06T10:02:01.406Z
0.6340694;open;2021-11-06T09:58:00Z;402;232;0;634;634;18494[Konrad-Adenauer-Straße];2021-11-06T10:02:01.406Z
0.27;open;2021-11-06T10:24:00Z;54;146;150;350;200;24276[Turmcenter];2021-11-06T10:27:01.822Z
0.53562653;open;2021-11-06T10:24:00Z;218;189;0;407;407;18944[Alte Oper];2021-11-06T10:27:01.822Z
0.03021978;open;2021-11-06T10:24:00Z;11;353;0;364;364;24281[Hauptbahnhof Süd];2021-11-06T10:27:01.822Z
0.78739184;open;2021-11-06T10:24:00Z;637;172;0;809;809;24279[Konstabler];2021-11-06T10:27:01.822Z
1;open;2021-11-06T10:24:00Z;426;0;0;426;426;18497[Hauptwache];2021-11-06T10:27:01.822Z
0.53382355;open;2021-11-06T10:24:00Z;363;317;0;680;680;18495[Am Gericht];2021-11-06T10:27:01.822Z
0.67507887;open;2021-11-06T10:24:00Z;428;206;0;634;634;18494[Konrad-Adenauer-Straße];2021-11-06T10:27:01.822Z
0.285;open;2021-11-06T10:39:00Z;57;143;150;350;200;24276[Turmcenter];2021-11-06T10:42:00.249Z
0.56265354;open;2021-11-06T10:39:00Z;229;178;0;407;407;18944[Alte Oper];2021-11-06T10:42:00.249Z
0.03021978;open;2021-11-06T10:39:00Z;11;353;0;364;364;24281[Hauptbahnhof Süd];2021-11-06T10:42:00.249Z
0.84425217;open;2021-11-06T10:39:00Z;683;126;0;809;809;24279[Konstabler];2021-11-06T10:42:00.249Z
1;open;2021-11-06T10:39:00Z;426;0;0;426;426;18497[Hauptwache];2021-11-06T10:42:00.249Z
0.55;open;2021-11-06T10:39:00Z;374;306;0;680;680;18495[Am Gericht];2021-11-06T10:42:00.249Z
0.68611985;open;2021-11-06T10:39:00Z;435;199;0;634;634;18494[Konrad-Adenauer-Straße];2021-11-06T10:42:00.249Z
0.275;open;2021-11-06T10:54:00Z;55;145;150;350;200;24276[Turmcenter];2021-11-06T10:57:02.365Z
0.61179364;open;2021-11-06T10:54:00Z;249;158;0;407;407;18944[Alte Oper];2021-11-06T10:57:02.365Z
0.032967035;open;2021-11-06T10:54:00Z;12;352;0;364;364;24281[Hauptbahnhof Süd];2021-11-06T10:57:02.365Z
0.8986403;open;2021-11-06T10:54:00Z;727;82;0;809;809;24279[Konstabler];2021-11-06T10:57:02.365Z
1;open;2021-11-06T10:54:00Z;426;0;0;426;426;18497[Hauptwache];2021-11-06T10:57:02.365Z
0.56911767;open;2021-11-06T10:54:00Z;387;293;0;680;680;18495[Am Gericht];2021-11-06T10:57:02.365Z
0.7003155;open;2021-11-06T10:54:00Z;444;190;0;634;634;18494[Konrad-Adenauer-Straße];2021-11-06T10:57:02.365Z
0.285;open;2021-11-06T11:14:00Z;57;143;150;350;200;24276[Turmcenter];2021-11-06T11:17:02.817Z
0.69287467;open;2021-11-06T11:14:00Z;282;125;0;407;407;18944[Alte Oper];2021-11-06T11:17:02.817Z
0.035714287;open;2021-11-06T11:14:00Z;13;351;0;364;364;24281[Hauptbahnhof Süd];2021-11-06T11:17:02.817Z
0.986403;open;2021-11-06T11:14:00Z;798;11;0;809;809;24279[Konstabler];2021-11-06T11:17:02.817Z
1;open;2021-11-06T11:14:00Z;426;0;0;426;426;18497[Hauptwache];2021-11-06T11:17:02.817Z
0.5808824;open;2021-11-06T11:14:00Z;395;285;0;680;680;18495[Am Gericht];2021-11-06T11:17:02.817Z
0.73659307;open;2021-11-06T11:14:00Z;467;167;0;634;634;18494[Konrad-Adenauer-Straße];2021-11-06T11:17:02.817Z
0.315;open;2021-11-06T11:34:00Z;63;137;150;350;200;24276[Turmcenter];2021-11-06T11:37:00.117Z
0.73464376;open;2021-11-06T11:34:00Z;299;108;0;407;407;18944[Alte Oper];2021-11-06T11:37:00.117Z
0.035714287;open;2021-11-06T11:34:00Z;13;351;0;364;364;24281[Hauptbahnhof Süd];2021-11-06T11:37:00.117Z
0.99258345;open;2021-11-06T11:34:00Z;803;6;0;809;809;24279[Konstabler];2021-11-06T11:37:00.117Z
1;open;2021-11-06T11:34:00Z;426;0;0;426;426;18497[Hauptwache];2021-11-06T11:37:00.117Z
0.5955882;open;2021-11-06T11:34:00Z;405;275;0;680;680;18495[Am Gericht];2021-11-06T11:37:00.117Z
0.375523;open;2021-11-06T11:34:00Z;359;597;70;1026;956;109240[MyZeil];2021-11-06T11:37:00.117Z
0.774448;open;2021-11-06T11:34:00Z;491;143;0;634;634;18494[Konrad-Adenauer-Straße];2021-11-06T11:37:00.117Z
0.35;open;2021-11-06T11:49:00Z;70;130;150;350;200;24276[Turmcenter];2021-11-06T11:52:01.859Z
0.76658475;open;2021-11-06T11:49:00Z;312;95;0;407;407;18944[Alte Oper];2021-11-06T11:52:01.859Z
0.035714287;open;2021-11-06T11:49:00Z;13;351;0;364;364;24281[Hauptbahnhof Süd];2021-11-06T11:52:01.859Z
0.99258345;open;2021-11-06T11:49:00Z;803;6;0;809;809;24279[Konstabler];2021-11-06T11:52:01.859Z
1;open;2021-11-06T11:49:00Z;426;0;0;426;426;18497[Hauptwache];2021-11-06T11:52:01.859Z
0.59705883;open;2021-11-06T11:49:00Z;406;274;0;680;680;18495[Am Gericht];2021-11-06T11:52:01.859Z
0.39644352;open;2021-11-06T11:49:00Z;379;577;70;1026;956;109240[MyZeil];2021-11-06T11:52:01.859Z
0.8028391;open;2021-11-06T11:49:00Z;509;125;0;634;634;18494[Konrad-Adenauer-Straße];2021-11-06T11:52:01.859Z
0.33;open;2021-11-06T12:30:00Z;66;134;150;350;200;24276[Turmcenter];2021-11-06T12:32:02.188Z
0.8230958;open;2021-11-06T12:30:00Z;335;72;0;407;407;18944[Alte Oper];2021-11-06T12:32:02.188Z
0.016483517;open;2021-11-06T12:30:00Z;6;358;0;364;364;24281[Hauptbahnhof Süd];2021-11-06T12:32:02.188Z
0.99258345;open;2021-11-06T12:30:00Z;803;6;0;809;809;24279[Konstabler];2021-11-06T12:32:02.188Z
1;open;2021-11-06T12:30:00Z;426;0;0;426;426;18497[Hauptwache];2021-11-06T12:32:02.188Z
0.64705884;open;2021-11-06T12:30:00Z;440;240;0;680;680;18495[Am Gericht];2021-11-06T12:32:02.188Z
0.4456067;open;2021-11-06T12:30:00Z;426;530;70;1026;956;109240[MyZeil];2021-11-06T12:32:02.188Z
0.8785489;open;2021-11-06T12:30:00Z;557;77;0;634;634;18494[Konrad-Adenauer-Straße];2021-11-06T12:32:02.188Z
0.42;open;2021-11-06T13:00:00Z;84;116;150;350;200;24276[Turmcenter];2021-11-06T13:02:01.545Z
0.8845209;open;2021-11-06T13:00:00Z;360;47;0;407;407;18944[Alte Oper];2021-11-06T13:02:01.545Z
0.016483517;open;2021-11-06T13:00:00Z;6;358;0;364;364;24281[Hauptbahnhof Süd];2021-11-06T13:02:01.545Z
1;open;2021-11-06T13:00:00Z;809;0;0;809;809;24279[Konstabler];2021-11-06T13:02:01.545Z
1;open;2021-11-06T13:00:00Z;426;0;0;426;426;18497[Hauptwache];2021-11-06T13:02:01.545Z
0.6970588;open;2021-11-06T13:00:00Z;474;206;0;680;680;18495[Am Gericht];2021-11-06T13:02:01.545Z
0.9305994;open;2021-11-06T13:00:00Z;590;44;0;634;634;18494[Konrad-Adenauer-Straße];2021-11-06T13:02:01.545Z
0.45;open;2021-11-06T13:30:00Z;90;110;150;350;200;24276[Turmcenter];2021-11-06T13:32:00.213Z
0.90909094;open;2021-11-06T13:30:00Z;370;37;0;407;407;18944[Alte Oper];2021-11-06T13:32:00.213Z
0.016483517;open;2021-11-06T13:30:00Z;6;358;0;364;364;24281[Hauptbahnhof Süd];2021-11-06T13:32:00.213Z
1;open;2021-11-06T13:30:00Z;809;0;0;809;809;24279[Konstabler];2021-11-06T13:32:00.213Z
1;open;2021-11-06T13:30:00Z;426;0;0;426;426;18497[Hauptwache];2021-11-06T13:32:00.213Z
0.7411765;open;2021-11-06T13:30:00Z;504;176;0;680;680;18495[Am Gericht];2021-11-06T13:32:00.213Z
0.4827586;open;2021-11-06T13:30:00Z;476;510;70;1056;986;109240[MyZeil];2021-11-06T13:32:00.213Z
0.95268136;open;2021-11-06T13:30:00Z;604;30;0;634;634;18494[Konrad-Adenauer-Straße];2021-11-06T13:32:00.213Z
0.455;open;2021-11-06T13:35:00Z;91;109;150;350;200;24276[Turmcenter];2021-11-06T13:37:02.497Z
0.9017199;open;2021-11-06T13:35:00Z;367;40;0;407;407;18944[Alte Oper];2021-11-06T13:37:02.497Z
0.01923077;open;2021-11-06T13:35:00Z;7;357;0;364;364;24281[Hauptbahnhof Süd];2021-11-06T13:37:02.497Z
1;open;2021-11-06T13:35:00Z;809;0;0;809;809;24279[Konstabler];2021-11-06T13:37:02.497Z
0.9976526;open;2021-11-06T13:35:00Z;425;1;0;426;426;18497[Hauptwache];2021-11-06T13:37:02.497Z
0.75147057;open;2021-11-06T13:35:00Z;511;169;0;680;680;18495[Am Gericht];2021-11-06T13:37:02.497Z
0.966877;open;2021-11-06T13:35:00Z;613;21;0;634;634;18494[Konrad-Adenauer-Straße];2021-11-06T13:37:02.497Z
0.475;open;2021-11-06T13:50:00Z;95;105;150;350;200;24276[Turmcenter];2021-11-06T13:52:00.205Z
0.9041769;open;2021-11-06T13:50:00Z;368;39;0;407;407;18944[Alte Oper];2021-11-06T13:52:00.205Z
0.027472528;open;2021-11-06T13:50:00Z;10;354;0;364;364;24281[Hauptbahnhof Süd];2021-11-06T13:52:00.205Z
1;open;2021-11-06T13:50:00Z;809;0;0;809;809;24279[Konstabler];2021-11-06T13:52:00.205Z
0.9929578;open;2021-11-06T13:50:00Z;423;3;0;426;426;18497[Hauptwache];2021-11-06T13:52:00.205Z
0.78088236;open;2021-11-06T13:50:00Z;531;149;0;680;680;18495[Am Gericht];2021-11-06T13:52:00.205Z
0.98264986;open;2021-11-06T13:50:00Z;623;11;0;634;634;18494[Konrad-Adenauer-Straße];2021-11-06T13:52:00.205Z
0.465;open;2021-11-06T14:05:00Z;93;107;150;350;200;24276[Turmcenter];2021-11-06T14:07:00.827Z
0.8992629;open;2021-11-06T14:05:00Z;366;41;0;407;407;18944[Alte Oper];2021-11-06T14:07:00.827Z
0.03021978;open;2021-11-06T14:05:00Z;11;353;0;364;364;24281[Hauptbahnhof Süd];2021-11-06T14:07:00.827Z
1;open;2021-11-06T14:05:00Z;809;0;0;809;809;24279[Konstabler];2021-11-06T14:07:00.827Z
0.9976526;open;2021-11-06T14:05:00Z;425;1;0;426;426;18497[Hauptwache];2021-11-06T14:07:00.827Z
0.80588233;open;2021-11-06T14:05:00Z;548;132;0;680;680;18495[Am Gericht];2021-11-06T14:07:00.827Z
0.5030426;open;2021-11-06T14:05:00Z;496;490;70;1056;986;109240[MyZeil];2021-11-06T14:07:00.827Z
0.9873817;open;2021-11-06T14:05:00Z;626;8;0;634;634;18494[Konrad-Adenauer-Straße];2021-11-06T14:07:00.827Z
0.495;open;2021-11-06T14:26:00Z;99;101;150;350;200;24276[Turmcenter];2021-11-06T14:27:00.569Z
0.8771499;open;2021-11-06T14:26:00Z;357;50;0;407;407;18944[Alte Oper];2021-11-06T14:27:00.569Z
0.032967035;open;2021-11-06T14:26:00Z;12;352;0;364;364;24281[Hauptbahnhof Süd];2021-11-06T14:27:00.569Z
1;open;2021-11-06T14:26:00Z;809;0;0;809;809;24279[Konstabler];2021-11-06T14:27:00.569Z
0.9976526;open;2021-11-06T14:26:00Z;425;1;0;426;426;18497[Hauptwache];2021-11-06T14:27:00.569Z
0.8308824;open;2021-11-06T14:26:00Z;565;115;0;680;680;18495[Am Gericht];2021-11-06T14:27:00.569Z
0.9747634;open;2021-11-06T14:26:00Z;618;16;0;634;634;18494[Konrad-Adenauer-Straße];2021-11-06T14:27:00.569Z
0.5;open;2021-11-06T14:36:00Z;100;100;150;350;200;24276[Turmcenter];2021-11-06T14:37:02.926Z
1;open;2021-11-06T14:36:00Z;407;0;0;407;407;18944[Alte Oper];2021-11-06T14:37:02.926Z
0.032967035;open;2021-11-06T14:36:00Z;12;352;0;364;364;24281[Hauptbahnhof Süd];2021-11-06T14:37:02.926Z
0.99011123;open;2021-11-06T14:36:00Z;801;8;0;809;809;24279[Konstabler];2021-11-06T14:37:02.926Z
1;open;2021-11-06T14:36:00Z;426;0;0;426;426;18497[Hauptwache];2021-11-06T14:37:02.926Z
0.8514706;open;2021-11-06T14:36:00Z;579;101;0;680;680;18495[Am Gericht];2021-11-06T14:37:02.926Z
0.9747634;open;2021-11-06T14:36:00Z;618;16;0;634;634;18494[Konrad-Adenauer-Straße];2021-11-06T14:37:02.926Z
0.51;open;2021-11-06T14:51:00Z;102;98;150;350;200;24276[Turmcenter];2021-11-06T14:52:00.630Z
0.997543;open;2021-11-06T14:51:00Z;406;1;0;407;407;18944[Alte Oper];2021-11-06T14:52:00.630Z
0.027472528;open;2021-11-06T14:51:00Z;10;354;0;364;364;24281[Hauptbahnhof Süd];2021-11-06T14:52:00.630Z
0.9913473;open;2021-11-06T14:51:00Z;802;7;0;809;809;24279[Konstabler];2021-11-06T14:52:00.630Z
0.9976526;open;2021-11-06T14:51:00Z;425;1;0;426;426;18497[Hauptwache];2021-11-06T14:52:00.630Z
0.87352943;open;2021-11-06T14:51:00Z;594;86;0;680;680;18495[Am Gericht];2021-11-06T14:52:00.630Z
0.99842274;open;2021-11-06T14:51:00Z;633;1;0;634;634;18494[Konrad-Adenauer-Straße];2021-11-06T14:52:00.630Z
0.5;open;2021-11-06T15:01:00Z;100;100;150;350;200;24276[Turmcenter];2021-11-06T15:02:01.281Z
0.997543;open;2021-11-06T15:01:00Z;406;1;0;407;407;18944[Alte Oper];2021-11-06T15:02:01.281Z
0.021978023;open;2021-11-06T15:01:00Z;8;356;0;364;364;24281[Hauptbahnhof Süd];2021-11-06T15:02:01.281Z
0.9913473;open;2021-11-06T15:01:00Z;802;7;0;809;809;24279[Konstabler];2021-11-06T15:02:01.281Z
1;open;2021-11-06T15:01:00Z;426;0;0;426;426;18497[Hauptwache];2021-11-06T15:02:01.281Z
0.89117646;open;2021-11-06T15:01:00Z;606;74;0;680;680;18495[Am Gericht];2021-11-06T15:02:01.281Z
0.5111562;open;2021-11-06T15:01:00Z;504;482;70;1056;986;109240[MyZeil];2021-11-06T15:02:01.281Z
0.9873817;open;2021-11-06T15:01:00Z;626;8;0;634;634;18494[Konrad-Adenauer-Straße];2021-11-06T15:02:01.281Z
0.51;open;2021-11-06T15:26:00Z;102;98;150;350;200;24276[Turmcenter];2021-11-06T15:27:02.835Z
1;open;2021-11-06T15:26:00Z;407;0;0;407;407;18944[Alte Oper];2021-11-06T15:27:02.835Z
0.032967035;open;2021-11-06T15:26:00Z;12;352;0;364;364;24281[Hauptbahnhof Süd];2021-11-06T15:27:02.835Z
0.99258345;open;2021-11-06T15:26:00Z;803;6;0;809;809;24279[Konstabler];2021-11-06T15:27:02.835Z
1;open;2021-11-06T15:26:00Z;426;0;0;426;426;18497[Hauptwache];2021-11-06T15:27:02.835Z
0.9411765;open;2021-11-06T15:26:00Z;640;40;0;680;680;18495[Am Gericht];2021-11-06T15:27:02.835Z
0.98580444;open;2021-11-06T15:26:00Z;625;9;0;634;634;18494[Konrad-Adenauer-Straße];2021-11-06T15:27:02.835Z
0.525;open;2021-11-06T15:51:00Z;105;95;150;350;200;24276[Turmcenter];2021-11-06T15:57:02.339Z
1;open;2021-11-06T15:51:00Z;407;0;0;407;407;18944[Alte Oper];2021-11-06T15:57:02.339Z
0.043956045;open;2021-11-06T15:51:00Z;16;348;0;364;364;24281[Hauptbahnhof Süd];2021-11-06T15:57:02.339Z
0.99258345;open;2021-11-06T15:51:00Z;803;6;0;809;809;24279[Konstabler];2021-11-06T15:57:02.339Z
1;open;2021-11-06T15:51:00Z;426;0;0;426;426;18497[Hauptwache];2021-11-06T15:57:02.339Z
0.95735294;open;2021-11-06T15:51:00Z;651;29;0;680;680;18495[Am Gericht];2021-11-06T15:57:02.339Z
0.97791797;open;2021-11-06T15:51:00Z;620;14;0;634;634;18494[Konrad-Adenauer-Straße];2021-11-06T15:57:02.339Z
0.505;open;2021-11-06T16:27:00Z;101;99;150;350;200;24276[Turmcenter];2021-11-06T16:32:01.146Z
1;open;2021-11-06T16:27:00Z;407;0;0;407;407;18944[Alte Oper];2021-11-06T16:32:01.146Z
0.035714287;open;2021-11-06T16:27:00Z;13;351;0;364;364;24281[Hauptbahnhof Süd];2021-11-06T16:32:01.146Z
0.99258345;open;2021-11-06T16:27:00Z;803;6;0;809;809;24279[Konstabler];2021-11-06T16:32:01.146Z
1;open;2021-11-06T16:27:00Z;426;0;0;426;426;18497[Hauptwache];2021-11-06T16:32:01.146Z
0.9470588;open;2021-11-06T16:27:00Z;644;36;0;680;680;18495[Am Gericht];2021-11-06T16:32:01.146Z
0.9495268;open;2021-11-06T16:27:00Z;602;32;0;634;634;18494[Konrad-Adenauer-Straße];2021-11-06T16:32:01.146Z
0.555;open;2021-11-06T16:57:00Z;111;89;150;350;200;24276[Turmcenter];2021-11-06T17:02:00.225Z
1;open;2021-11-06T16:57:00Z;407;0;0;407;407;18944[Alte Oper];2021-11-06T17:02:00.225Z
0.024725275;open;2021-11-06T16:57:00Z;9;355;0;364;364;24281[Hauptbahnhof Süd];2021-11-06T17:02:00.225Z
0.98393077;open;2021-11-06T16:57:00Z;796;13;0;809;809;24279[Konstabler];2021-11-06T17:02:00.225Z
1;open;2021-11-06T16:57:00Z;426;0;0;426;426;18497[Hauptwache];2021-11-06T17:02:00.225Z
0.9014706;open;2021-11-06T16:57:00Z;613;67;0;680;680;18495[Am Gericht];2021-11-06T17:02:00.225Z
0.90694004;open;2021-11-06T16:57:00Z;575;59;0;634;634;18494[Konrad-Adenauer-Straße];2021-11-06T17:02:00.225Z
0.56;open;2021-11-06T17:22:00Z;112;88;150;350;200;24276[Turmcenter];2021-11-06T17:27:00.123Z
0.992629;open;2021-11-06T17:22:00Z;404;3;0;407;407;18944[Alte Oper];2021-11-06T17:27:00.123Z
0.03846154;open;2021-11-06T17:22:00Z;14;350;0;364;364;24281[Hauptbahnhof Süd];2021-11-06T17:27:00.123Z
0.960445;open;2021-11-06T17:22:00Z;777;32;0;809;809;24279[Konstabler];2021-11-06T17:27:00.123Z
1;open;2021-11-06T17:22:00Z;426;0;0;426;426;18497[Hauptwache];2021-11-06T17:27:00.123Z
0.88235295;open;2021-11-06T17:22:00Z;600;80;0;680;680;18495[Am Gericht];2021-11-06T17:27:00.123Z
0.42782426;open;2021-11-06T17:22:00Z;409;547;70;1026;956;109240[MyZeil];2021-11-06T17:27:00.123Z
0.87223977;open;2021-11-06T17:22:00Z;553;81;0;634;634;18494[Konrad-Adenauer-Straße];2021-11-06T17:27:00.123Z
0.63;open;2021-11-06T17:38:00Z;126;74;150;350;200;24276[Turmcenter];2021-11-06T17:42:00.927Z
0.98280096;open;2021-11-06T17:38:00Z;400;7;0;407;407;18944[Alte Oper];2021-11-06T17:42:00.927Z
0.035714287;open;2021-11-06T17:38:00Z;13;351;0;364;364;24281[Hauptbahnhof Süd];2021-11-06T17:42:00.927Z
0.94808406;open;2021-11-06T17:38:00Z;767;42;0;809;809;24279[Konstabler];2021-11-06T17:42:00.927Z
0.9906103;open;2021-11-06T17:38:00Z;422;4;0;426;426;18497[Hauptwache];2021-11-06T17:42:00.927Z
0.8514706;open;2021-11-06T17:38:00Z;579;101;0;680;680;18495[Am Gericht];2021-11-06T17:42:00.927Z
0.87223977;open;2021-11-06T17:38:00Z;553;81;0;634;634;18494[Konrad-Adenauer-Straße];2021-11-06T17:42:00.927Z
0.655;open;2021-11-06T17:58:00Z;131;69;150;350;200;24276[Turmcenter];2021-11-06T18:02:00.427Z
0.96314496;open;2021-11-06T17:58:00Z;392;15;0;407;407;18944[Alte Oper];2021-11-06T18:02:00.427Z
0.03021978;open;2021-11-06T17:58:00Z;11;353;0;364;364;24281[Hauptbahnhof Süd];2021-11-06T18:02:00.427Z
0.9332509;open;2021-11-06T17:58:00Z;755;54;0;809;809;24279[Konstabler];2021-11-06T18:02:00.427Z
0.9929578;open;2021-11-06T17:58:00Z;423;3;0;426;426;18497[Hauptwache];2021-11-06T18:02:00.427Z
0.8308824;open;2021-11-06T17:58:00Z;565;115;0;680;680;18495[Am Gericht];2021-11-06T18:02:00.427Z
0.35983264;open;2021-11-06T17:58:00Z;344;612;70;1026;956;109240[MyZeil];2021-11-06T18:02:00.427Z
0.85962147;open;2021-11-06T17:58:00Z;545;89;0;634;634;18494[Konrad-Adenauer-Straße];2021-11-06T18:02:00.427Z
0.7;open;2021-11-06T18:23:00Z;140;60;150;350;200;24276[Turmcenter];2021-11-06T18:27:00.235Z
0.9459459;open;2021-11-06T18:23:00Z;385;22;0;407;407;18944[Alte Oper];2021-11-06T18:27:00.235Z
0.027472528;open;2021-11-06T18:23:00Z;10;354;0;364;364;24281[Hauptbahnhof Süd];2021-11-06T18:27:00.235Z
0.8800989;open;2021-11-06T18:23:00Z;712;97;0;809;809;24279[Konstabler];2021-11-06T18:27:00.235Z
0.9859155;open;2021-11-06T18:23:00Z;420;6;0;426;426;18497[Hauptwache];2021-11-06T18:27:00.235Z
0.8147059;open;2021-11-06T18:23:00Z;554;126;0;680;680;18495[Am Gericht];2021-11-06T18:27:00.235Z
0.80914825;open;2021-11-06T18:23:00Z;513;121;0;634;634;18494[Konrad-Adenauer-Straße];2021-11-06T18:27:00.235Z
0.765;open;2021-11-06T18:44:00Z;153;47;150;350;200;24276[Turmcenter];2021-11-06T18:47:00.304Z
0.95577395;open;2021-11-06T18:44:00Z;389;18;0;407;407;18944[Alte Oper];2021-11-06T18:47:00.304Z
0.027472528;open;2021-11-06T18:44:00Z;10;354;0;364;364;24281[Hauptbahnhof Süd];2021-11-06T18:47:00.304Z
0.8331273;open;2021-11-06T18:44:00Z;674;135;0;809;809;24279[Konstabler];2021-11-06T18:47:00.304Z
0.95539904;open;2021-11-06T18:44:00Z;407;19;0;426;426;18497[Hauptwache];2021-11-06T18:47:00.304Z
0.8;open;2021-11-06T18:44:00Z;544;136;0;680;680;18495[Am Gericht];2021-11-06T18:47:00.304Z
0.30543932;open;2021-11-06T18:44:00Z;292;664;70;1026;956;109240[MyZeil];2021-11-06T18:47:00.304Z
0.77287066;open;2021-11-06T18:44:00Z;490;144;0;634;634;18494[Konrad-Adenauer-Straße];2021-11-06T18:47:00.304Z
0.75;open;2021-11-06T18:54:00Z;150;50;150;350;200;24276[Turmcenter];2021-11-06T18:57:02.851Z
0.9385749;open;2021-11-06T18:54:00Z;382;25;0;407;407;18944[Alte Oper];2021-11-06T18:57:02.851Z
0.03021978;open;2021-11-06T18:54:00Z;11;353;0;364;364;24281[Hauptbahnhof Süd];2021-11-06T18:57:02.851Z
0.82447463;open;2021-11-06T18:54:00Z;667;142;0;809;809;24279[Konstabler];2021-11-06T18:57:02.851Z
0.9460094;open;2021-11-06T18:54:00Z;403;23;0;426;426;18497[Hauptwache];2021-11-06T18:57:02.851Z
0.8117647;open;2021-11-06T18:54:00Z;552;128;0;680;680;18495[Am Gericht];2021-11-06T18:57:02.851Z
0.29288703;open;2021-11-06T18:54:00Z;280;676;70;1026;956;109240[MyZeil];2021-11-06T18:57:02.851Z
0.75236595;open;2021-11-06T18:54:00Z;477;157;0;634;634;18494[Konrad-Adenauer-Straße];2021-11-06T18:57:02.851Z
0.765;open;2021-11-06T19:14:00Z;153;47;150;350;200;24276[Turmcenter];2021-11-06T19:17:02.738Z
0.93611795;open;2021-11-06T19:14:00Z;381;26;0;407;407;18944[Alte Oper];2021-11-06T19:17:02.738Z
0.024725275;open;2021-11-06T19:14:00Z;9;355;0;364;364;24281[Hauptbahnhof Süd];2021-11-06T19:17:02.738Z
0.7750309;open;2021-11-06T19:14:00Z;627;182;0;809;809;24279[Konstabler];2021-11-06T19:17:02.738Z
0.92957747;open;2021-11-06T19:14:00Z;396;30;0;426;426;18497[Hauptwache];2021-11-06T19:17:02.738Z
0.77794117;open;2021-11-06T19:14:00Z;529;151;0;680;680;18495[Am Gericht];2021-11-06T19:17:02.738Z
0.26464435;open;2021-11-06T19:14:00Z;253;703;70;1026;956;109240[MyZeil];2021-11-06T19:17:02.738Z
0.76025236;open;2021-11-06T19:14:00Z;482;152;0;634;634;18494[Konrad-Adenauer-Straße];2021-11-06T19:17:02.738Z
0.745;open;2021-11-06T19:24:00Z;149;51;150;350;200;24276[Turmcenter];2021-11-06T19:27:01.883Z
0.9336609;open;2021-11-06T19:24:00Z;380;27;0;407;407;18944[Alte Oper];2021-11-06T19:27:01.883Z
0.024725275;open;2021-11-06T19:24:00Z;9;355;0;364;364;24281[Hauptbahnhof Süd];2021-11-06T19:27:01.883Z
0.7564895;open;2021-11-06T19:24:00Z;612;197;0;809;809;24279[Konstabler];2021-11-06T19:27:01.883Z
0.899061;open;2021-11-06T19:24:00Z;383;43;0;426;426;18497[Hauptwache];2021-11-06T19:27:01.883Z
0.74852943;open;2021-11-06T19:24:00Z;509;171;0;680;680;18495[Am Gericht];2021-11-06T19:27:01.883Z
0.73501575;open;2021-11-06T19:24:00Z;466;168;0;634;634;18494[Konrad-Adenauer-Straße];2021-11-06T19:27:01.883Z
0.745;open;2021-11-06T19:39:00Z;149;51;150;350;200;24276[Turmcenter];2021-11-06T19:42:01.101Z
0.95577395;open;2021-11-06T19:39:00Z;389;18;0;407;407;18944[Alte Oper];2021-11-06T19:42:01.101Z
0.024725275;open;2021-11-06T19:39:00Z;9;355;0;364;364;24281[Hauptbahnhof Süd];2021-11-06T19:42:01.101Z
0.74289244;open;2021-11-06T19:39:00Z;601;208;0;809;809;24279[Konstabler];2021-11-06T19:42:01.101Z
0.8873239;open;2021-11-06T19:39:00Z;378;48;0;426;426;18497[Hauptwache];2021-11-06T19:42:01.101Z
0.73382354;open;2021-11-06T19:39:00Z;499;181;0;680;680;18495[Am Gericht];2021-11-06T19:42:01.101Z
0.70189273;open;2021-11-06T19:39:00Z;445;189;0;634;634;18494[Konrad-Adenauer-Straße];2021-11-06T19:42:01.101Z
0.725;open;2021-11-06T19:50:00Z;145;55;150;350;200;24276[Turmcenter];2021-11-06T19:52:00.900Z
0.96805894;open;2021-11-06T19:50:00Z;394;13;0;407;407;18944[Alte Oper];2021-11-06T19:52:00.900Z
0.024725275;open;2021-11-06T19:50:00Z;9;355;0;364;364;24281[Hauptbahnhof Süd];2021-11-06T19:52:00.900Z
0.72064275;open;2021-11-06T19:50:00Z;583;226;0;809;809;24279[Konstabler];2021-11-06T19:52:00.900Z
0.8873239;open;2021-11-06T19:50:00Z;378;48;0;426;426;18497[Hauptwache];2021-11-06T19:52:00.900Z
0.7235294;open;2021-11-06T19:50:00Z;492;188;0;680;680;18495[Am Gericht];2021-11-06T19:52:00.900Z
0.69085175;open;2021-11-06T19:50:00Z;438;196;0;634;634;18494[Konrad-Adenauer-Straße];2021-11-06T19:52:00.900Z
0.725;open;2021-11-06T20:00:00Z;145;55;150;350;200;24276[Turmcenter];2021-11-06T20:02:01.066Z
0.97542995;open;2021-11-06T20:00:00Z;397;10;0;407;407;18944[Alte Oper];2021-11-06T20:02:01.066Z
0.027472528;open;2021-11-06T20:00:00Z;10;354;0;364;364;24281[Hauptbahnhof Süd];2021-11-06T20:02:01.066Z
0.71075404;open;2021-11-06T20:00:00Z;575;234;0;809;809;24279[Konstabler];2021-11-06T20:02:01.066Z
0.8920188;open;2021-11-06T20:00:00Z;380;46;0;426;426;18497[Hauptwache];2021-11-06T20:02:01.066Z
0.7088235;open;2021-11-06T20:00:00Z;482;198;0;680;680;18495[Am Gericht];2021-11-06T20:02:01.066Z
0.6829653;open;2021-11-06T20:00:00Z;433;201;0;634;634;18494[Konrad-Adenauer-Straße];2021-11-06T20:02:01.066Z
0.72;open;2021-11-06T20:25:00Z;144;56;150;350;200;24276[Turmcenter];2021-11-06T20:27:01.227Z
0.97542995;open;2021-11-06T20:25:00Z;397;10;0;407;407;18944[Alte Oper];2021-11-06T20:27:01.227Z
0.032967035;open;2021-11-06T20:25:00Z;12;352;0;364;364;24281[Hauptbahnhof Süd];2021-11-06T20:27:01.227Z
0.6909765;open;2021-11-06T20:25:00Z;559;250;0;809;809;24279[Konstabler];2021-11-06T20:27:01.227Z
0.8920188;open;2021-11-06T20:25:00Z;380;46;0;426;426;18497[Hauptwache];2021-11-06T20:27:01.227Z
0.6911765;open;2021-11-06T20:25:00Z;470;210;0;680;680;18495[Am Gericht];2021-11-06T20:27:01.227Z
0.64984226;open;2021-11-06T20:25:00Z;412;222;0;634;634;18494[Konrad-Adenauer-Straße];2021-11-06T20:27:01.227Z
0.705;open;2021-11-06T20:40:00Z;141;59;150;350;200;24276[Turmcenter];2021-11-06T20:42:00.454Z
0.992629;open;2021-11-06T20:40:00Z;404;3;0;407;407;18944[Alte Oper];2021-11-06T20:42:00.454Z
0.03021978;open;2021-11-06T20:40:00Z;11;353;0;364;364;24281[Hauptbahnhof Süd];2021-11-06T20:42:00.454Z
0.6761434;open;2021-11-06T20:40:00Z;547;262;0;809;809;24279[Konstabler];2021-11-06T20:42:00.454Z
0.9061033;open;2021-11-06T20:40:00Z;386;40;0;426;426;18497[Hauptwache];2021-11-06T20:42:00.454Z
0.65294117;open;2021-11-06T20:40:00Z;444;236;0;680;680;18495[Am Gericht];2021-11-06T20:42:00.454Z
0.6340694;open;2021-11-06T20:40:00Z;402;232;0;634;634;18494[Konrad-Adenauer-Straße];2021-11-06T20:42:00.454Z
0.685;open;2021-11-06T20:56:00Z;137;63;150;350;200;24276[Turmcenter];2021-11-06T20:57:02.561Z
1;open;2021-11-06T20:56:00Z;407;0;0;407;407;18944[Alte Oper];2021-11-06T20:57:02.561Z
0.035714287;open;2021-11-06T20:56:00Z;13;351;0;364;364;24281[Hauptbahnhof Süd];2021-11-06T20:57:02.561Z
0.66131026;open;2021-11-06T20:56:00Z;535;274;0;809;809;24279[Konstabler];2021-11-06T20:57:02.561Z
0.91314554;open;2021-11-06T20:56:00Z;389;37;0;426;426;18497[Hauptwache];2021-11-06T20:57:02.561Z
0.6426471;open;2021-11-06T20:56:00Z;437;243;0;680;680;18495[Am Gericht];2021-11-06T20:57:02.561Z
0.6324921;open;2021-11-06T20:56:00Z;401;233;0;634;634;18494[Konrad-Adenauer-Straße];2021-11-06T20:57:02.561Z
0.63;open;2021-11-06T21:16:00Z;126;74;150;350;200;24276[Turmcenter];2021-11-06T21:17:00.505Z
1;open;2021-11-06T21:16:00Z;407;0;0;407;407;18944[Alte Oper];2021-11-06T21:17:00.505Z
0.03021978;open;2021-11-06T21:16:00Z;11;353;0;364;364;24281[Hauptbahnhof Süd];2021-11-06T21:17:00.505Z
0.64276886;open;2021-11-06T21:16:00Z;520;289;0;809;809;24279[Konstabler];2021-11-06T21:17:00.505Z
0.899061;open;2021-11-06T21:16:00Z;383;43;0;426;426;18497[Hauptwache];2021-11-06T21:17:00.505Z
0.6191176;open;2021-11-06T21:16:00Z;421;259;0;680;680;18495[Am Gericht];2021-11-06T21:17:00.505Z
0.62460566;open;2021-11-06T21:16:00Z;396;238;0;634;634;18494[Konrad-Adenauer-Straße];2021-11-06T21:17:00.505Z
0.635;open;2021-11-06T21:31:00Z;127;73;150;350;200;24276[Turmcenter];2021-11-06T21:32:01.915Z
0.985258;open;2021-11-06T21:31:00Z;401;6;0;407;407;18944[Alte Oper];2021-11-06T21:32:01.915Z
0.032967035;open;2021-11-06T21:31:00Z;12;352;0;364;364;24281[Hauptbahnhof Süd];2021-11-06T21:32:01.915Z
0.6192831;open;2021-11-06T21:31:00Z;501;308;0;809;809;24279[Konstabler];2021-11-06T21:32:01.915Z
0.8779343;open;2021-11-06T21:31:00Z;374;52;0;426;426;18497[Hauptwache];2021-11-06T21:32:01.915Z
0.60588235;open;2021-11-06T21:31:00Z;412;268;0;680;680;18495[Am Gericht];2021-11-06T21:32:01.915Z
0.6072555;open;2021-11-06T21:31:00Z;385;249;0;634;634;18494[Konrad-Adenauer-Straße];2021-11-06T21:32:01.915Z
0.54;open;2021-11-06T21:46:00Z;108;92;150;350;200;24276[Turmcenter];2021-11-06T21:52:00.667Z
0.980344;open;2021-11-06T21:46:00Z;399;8;0;407;407;18944[Alte Oper];2021-11-06T21:52:00.667Z
0.032967035;open;2021-11-06T21:46:00Z;12;352;0;364;364;24281[Hauptbahnhof Süd];2021-11-06T21:52:00.667Z
0.60815823;open;2021-11-06T21:46:00Z;492;317;0;809;809;24279[Konstabler];2021-11-06T21:52:00.667Z
0.8873239;open;2021-11-06T21:46:00Z;378;48;0;426;426;18497[Hauptwache];2021-11-06T21:52:00.667Z
0.5808824;open;2021-11-06T21:46:00Z;395;285;0;680;680;18495[Am Gericht];2021-11-06T21:52:00.667Z
0.6025237;open;2021-11-06T21:46:00Z;382;252;0;634;634;18494[Konrad-Adenauer-Straße];2021-11-06T21:52:00.667Z
0.53;open;2021-11-06T21:54:00Z;106;94;150;350;200;24276[Turmcenter];2021-11-06T21:57:00.628Z
0.97542995;open;2021-11-06T21:54:00Z;397;10;0;407;407;18944[Alte Oper];2021-11-06T21:57:00.628Z
0.032967035;open;2021-11-06T21:54:00Z;12;352;0;364;364;24281[Hauptbahnhof Süd];2021-11-06T21:57:00.628Z
0.605686;open;2021-11-06T21:54:00Z;490;319;0;809;809;24279[Konstabler];2021-11-06T21:57:00.628Z
0.8685446;open;2021-11-06T21:54:00Z;370;56;0;426;426;18497[Hauptwache];2021-11-06T21:57:00.628Z
0.57058823;open;2021-11-06T21:54:00Z;388;292;0;680;680;18495[Am Gericht];2021-11-06T21:57:00.628Z
0.5946372;open;2021-11-06T21:54:00Z;377;257;0;634;634;18494[Konrad-Adenauer-Straße];2021-11-06T21:57:00.628Z
0.41;open;2021-11-06T22:19:00Z;82;118;150;350;200;24276[Turmcenter];2021-11-06T22:22:01.703Z
0.94348896;open;2021-11-06T22:19:00Z;384;23;0;407;407;18944[Alte Oper];2021-11-06T22:22:01.703Z
0.03021978;open;2021-11-06T22:19:00Z;11;353;0;364;364;24281[Hauptbahnhof Süd];2021-11-06T22:22:01.703Z
0.5611867;open;2021-11-06T22:19:00Z;454;355;0;809;809;24279[Konstabler];2021-11-06T22:22:01.703Z
0.82159626;open;2021-11-06T22:19:00Z;350;76;0;426;426;18497[Hauptwache];2021-11-06T22:22:01.703Z
0.5294118;open;2021-11-06T22:19:00Z;360;320;0;680;680;18495[Am Gericht];2021-11-06T22:22:01.703Z
0.15167364;open;2021-11-06T22:19:00Z;145;811;70;1026;956;109240[MyZeil];2021-11-06T22:22:01.703Z
0.56624603;open;2021-11-06T22:19:00Z;359;275;0;634;634;18494[Konrad-Adenauer-Straße];2021-11-06T22:22:01.703Z
0.36;open;2021-11-06T22:40:00Z;72;128;150;350;200;24276[Turmcenter];2021-11-06T22:42:00.266Z
0.9262899;open;2021-11-06T22:40:00Z;377;30;0;407;407;18944[Alte Oper];2021-11-06T22:42:00.266Z
0.024725275;open;2021-11-06T22:40:00Z;9;355;0;364;364;24281[Hauptbahnhof Süd];2021-11-06T22:42:00.266Z
0.5278121;open;2021-11-06T22:40:00Z;427;382;0;809;809;24279[Konstabler];2021-11-06T22:42:00.266Z
0.80516434;open;2021-11-06T22:40:00Z;343;83;0;426;426;18497[Hauptwache];2021-11-06T22:42:00.266Z
0.51617646;open;2021-11-06T22:40:00Z;351;329;0;680;680;18495[Am Gericht];2021-11-06T22:42:00.266Z
0.54258674;open;2021-11-06T22:40:00Z;344;290;0;634;634;18494[Konrad-Adenauer-Straße];2021-11-06T22:42:00.266Z
0.325;open;2021-11-06T22:50:00Z;65;135;150;350;200;24276[Turmcenter];2021-11-06T22:52:02.132Z
0.92137593;open;2021-11-06T22:50:00Z;375;32;0;407;407;18944[Alte Oper];2021-11-06T22:52:02.132Z
0.021978023;open;2021-11-06T22:50:00Z;8;356;0;364;364;24281[Hauptbahnhof Süd];2021-11-06T22:52:02.132Z
0.5166873;open;2021-11-06T22:50:00Z;418;391;0;809;809;24279[Konstabler];2021-11-06T22:52:02.132Z
0.7934272;open;2021-11-06T22:50:00Z;338;88;0;426;426;18497[Hauptwache];2021-11-06T22:52:02.132Z
0.51029414;open;2021-11-06T22:50:00Z;347;333;0;680;680;18495[Am Gericht];2021-11-06T22:52:02.132Z
0.53470033;open;2021-11-06T22:50:00Z;339;295;0;634;634;18494[Konrad-Adenauer-Straße];2021-11-06T22:52:02.132Z
0.29;open;2021-11-06T23:15:00Z;58;142;150;350;200;24276[Turmcenter];2021-11-06T23:17:00.153Z
0.8992629;open;2021-11-06T23:15:00Z;366;41;0;407;407;18944[Alte Oper];2021-11-06T23:17:00.153Z
0.024725275;open;2021-11-06T23:15:00Z;9;355;0;364;364;24281[Hauptbahnhof Süd];2021-11-06T23:17:00.153Z
0.49814585;open;2021-11-06T23:15:00Z;403;406;0;809;809;24279[Konstabler];2021-11-06T23:17:00.153Z
0.7934272;open;2021-11-06T23:15:00Z;338;88;0;426;426;18497[Hauptwache];2021-11-06T23:17:00.153Z
0;closed;2021-11-06T23:15:00Z;;337;0;0;0;18495[Am Gericht];2021-11-06T23:17:00.153Z
0.53154576;open;2021-11-06T23:15:00Z;337;297;0;634;634;18494[Konrad-Adenauer-Straße];2021-11-06T23:17:00.153Z
0.285;open;2021-11-06T23:35:00Z;57;143;150;350;200;24276[Turmcenter];2021-11-06T23:37:02.856Z
0.8796069;open;2021-11-06T23:35:00Z;358;49;0;407;407;18944[Alte Oper];2021-11-06T23:37:02.856Z
0.021978023;open;2021-11-06T23:35:00Z;8;356;0;364;364;24281[Hauptbahnhof Süd];2021-11-06T23:37:02.856Z
0.48454884;open;2021-11-06T23:35:00Z;392;417;0;809;809;24279[Konstabler];2021-11-06T23:37:02.856Z
0.7652582;open;2021-11-06T23:35:00Z;326;100;0;426;426;18497[Hauptwache];2021-11-06T23:37:02.856Z
0;closed;2021-11-06T23:35:00Z;;337;0;0;0;18495[Am Gericht];2021-11-06T23:37:02.856Z
0.53154576;open;2021-11-06T23:35:00Z;337;297;0;634;634;18494[Konrad-Adenauer-Straße];2021-11-06T23:37:02.856Z
0.275;open;2021-11-06T23:50:00Z;55;145;150;350;200;24276[Turmcenter];2021-11-06T23:52:02.960Z
0.8452088;open;2021-11-06T23:50:00Z;344;63;0;407;407;18944[Alte Oper];2021-11-06T23:52:02.960Z
0.01923077;open;2021-11-06T23:50:00Z;7;357;0;364;364;24281[Hauptbahnhof Süd];2021-11-06T23:52:02.960Z
0.47466007;open;2021-11-06T23:50:00Z;384;425;0;809;809;24279[Konstabler];2021-11-06T23:52:02.960Z
0.7605634;open;2021-11-06T23:50:00Z;324;102;0;426;426;18497[Hauptwache];2021-11-06T23:52:02.960Z
0;closed;2021-11-06T23:50:00Z;;337;0;0;0;18495[Am Gericht];2021-11-06T23:52:02.960Z
0.51892745;open;2021-11-06T23:50:00Z;329;305;0;634;634;18494[Konrad-Adenauer-Straße];2021-11-06T23:52:02.960Z
0.27;open;2021-11-06T23:55:00Z;54;146;150;350;200;24276[Turmcenter];2021-11-06T23:57:02.473Z
0.84275186;open;2021-11-06T23:55:00Z;343;64;0;407;407;18944[Alte Oper];2021-11-06T23:57:02.473Z
0.01923077;open;2021-11-06T23:55:00Z;7;357;0;364;364;24281[Hauptbahnhof Süd];2021-11-06T23:57:02.473Z
0.46724352;open;2021-11-06T23:55:00Z;378;431;0;809;809;24279[Konstabler];2021-11-06T23:57:02.473Z
0.75586855;open;2021-11-06T23:55:00Z;322;104;0;426;426;18497[Hauptwache];2021-11-06T23:57:02.473Z
0;closed;2021-11-06T23:55:00Z;;337;0;0;0;18495[Am Gericht];2021-11-06T23:57:02.473Z
0.51419556;open;2021-11-06T23:55:00Z;326;308;0;634;634;18494[Konrad-Adenauer-Straße];2021-11-06T23:57:02.473Z
0.125;open;2021-11-07T01:12:00Z;25;175;150;350;200;24276[Turmcenter];2021-11-07T01:17:01.987Z
0.64619166;open;2021-11-07T01:12:00Z;263;144;0;407;407;18944[Alte Oper];2021-11-07T01:17:01.987Z
0.021978023;open;2021-11-07T01:12:00Z;8;356;0;364;364;24281[Hauptbahnhof Süd];2021-11-07T01:17:01.987Z
0.43881336;open;2021-11-07T01:12:00Z;355;454;0;809;809;24279[Konstabler];2021-11-07T01:17:01.987Z
0.64319247;open;2021-11-07T01:12:00Z;274;152;0;426;426;18497[Hauptwache];2021-11-07T01:17:01.987Z
0;closed;2021-11-07T01:12:00Z;;337;0;0;0;18495[Am Gericht];2021-11-07T01:17:01.987Z
0.4858044;open;2021-11-07T01:12:00Z;308;326;0;634;634;18494[Konrad-Adenauer-Straße];2021-11-07T01:17:01.987Z
0.05;open;2021-11-07T02:08:00Z;10;190;150;350;200;24276[Turmcenter];2021-11-07T02:12:00.330Z
0.4889435;open;2021-11-07T02:08:00Z;199;208;0;407;407;18944[Alte Oper];2021-11-07T02:12:00.330Z
0.01923077;open;2021-11-07T02:08:00Z;7;357;0;364;364;24281[Hauptbahnhof Süd];2021-11-07T02:12:00.330Z
0.39802226;open;2021-11-07T02:08:00Z;322;487;0;809;809;24279[Konstabler];2021-11-07T02:12:00.330Z
0.59624416;open;2021-11-07T02:08:00Z;254;172;0;426;426;18497[Hauptwache];2021-11-07T02:12:00.330Z
0;closed;2021-11-07T02:08:00Z;;337;0;0;0;18495[Am Gericht];2021-11-07T02:12:00.330Z
0.47791797;open;2021-11-07T02:08:00Z;303;331;0;634;634;18494[Konrad-Adenauer-Straße];2021-11-07T02:12:00.330Z
0.05;open;2021-11-07T02:48:00Z;10;190;150;350;200;24276[Turmcenter];2021-11-07T02:52:02.424Z
0.4054054;open;2021-11-07T02:48:00Z;165;242;0;407;407;18944[Alte Oper];2021-11-07T02:52:02.424Z
0.01923077;open;2021-11-07T02:48:00Z;7;357;0;364;364;24281[Hauptbahnhof Süd];2021-11-07T02:52:02.424Z
0.37082818;open;2021-11-07T02:48:00Z;300;509;0;809;809;24279[Konstabler];2021-11-07T02:52:02.424Z
0.57042253;open;2021-11-07T02:48:00Z;243;183;0;426;426;18497[Hauptwache];2021-11-07T02:52:02.424Z
0;closed;2021-11-07T02:48:00Z;;337;0;0;0;18495[Am Gericht];2021-11-07T02:52:02.424Z
0.4652997;open;2021-11-07T02:48:00Z;295;339;0;634;634;18494[Konrad-Adenauer-Straße];2021-11-07T02:52:02.424Z
0.05;open;2021-11-07T02:53:00Z;10;190;150;350;200;24276[Turmcenter];2021-11-07T02:57:01.783Z
0.4004914;open;2021-11-07T02:53:00Z;163;244;0;407;407;18944[Alte Oper];2021-11-07T02:57:01.783Z
0.016483517;open;2021-11-07T02:53:00Z;6;358;0;364;364;24281[Hauptbahnhof Süd];2021-11-07T02:57:01.783Z
0.3658838;open;2021-11-07T02:53:00Z;296;513;0;809;809;24279[Konstabler];2021-11-07T02:57:01.783Z
0.5633803;open;2021-11-07T02:53:00Z;240;186;0;426;426;18497[Hauptwache];2021-11-07T02:57:01.783Z
0;closed;2021-11-07T02:53:00Z;;337;0;0;0;18495[Am Gericht];2021-11-07T02:57:01.783Z
0.106694564;open;2021-11-07T02:53:00Z;102;854;70;1026;956;109240[MyZeil];2021-11-07T02:57:01.783Z
0.4637224;open;2021-11-07T02:53:00Z;294;340;0;634;634;18494[Konrad-Adenauer-Straße];2021-11-07T02:57:01.783Z
0.045;open;2021-11-07T03:18:00Z;9;191;150;350;200;24276[Turmcenter];2021-11-07T03:22:01.024Z
0.3906634;open;2021-11-07T03:18:00Z;159;248;0;407;407;18944[Alte Oper];2021-11-07T03:22:01.024Z
0.013736264;open;2021-11-07T03:18:00Z;5;359;0;364;364;24281[Hauptbahnhof Süd];2021-11-07T03:22:01.024Z
0.33621755;open;2021-11-07T03:18:00Z;272;537;0;809;809;24279[Konstabler];2021-11-07T03:22:01.024Z
0.5375587;open;2021-11-07T03:18:00Z;229;197;0;426;426;18497[Hauptwache];2021-11-07T03:22:01.024Z
0;closed;2021-11-07T03:18:00Z;;;0;0;0;18495[Am Gericht];2021-11-07T03:22:01.024Z
0.44637224;open;2021-11-07T03:18:00Z;283;351;0;634;634;18494[Konrad-Adenauer-Straße];2021-11-07T03:22:01.024Z
0.04;open;2021-11-07T03:58:00Z;8;192;150;350;200;24276[Turmcenter];2021-11-07T04:02:01.583Z
0.35135135;open;2021-11-07T03:58:00Z;143;264;0;407;407;18944[Alte Oper];2021-11-07T04:02:01.583Z
0.016483517;open;2021-11-07T03:58:00Z;6;358;0;364;364;24281[Hauptbahnhof Süd];2021-11-07T04:02:01.583Z
0.3226205;open;2021-11-07T03:58:00Z;261;548;0;809;809;24279[Konstabler];2021-11-07T04:02:01.583Z
0.5140845;open;2021-11-07T03:58:00Z;219;207;0;426;426;18497[Hauptwache];2021-11-07T04:02:01.583Z
0;closed;2021-11-07T03:58:00Z;;;0;0;0;18495[Am Gericht];2021-11-07T04:02:01.583Z
0.44479495;open;2021-11-07T03:58:00Z;282;352;0;634;634;18494[Konrad-Adenauer-Straße];2021-11-07T04:02:01.583Z
0.04;open;2021-11-07T04:29:00Z;8;192;150;350;200;24276[Turmcenter];2021-11-07T04:32:01.764Z
0.33660933;open;2021-11-07T04:29:00Z;137;270;0;407;407;18944[Alte Oper];2021-11-07T04:32:01.764Z
0.016483517;open;2021-11-07T04:29:00Z;6;358;0;364;364;24281[Hauptbahnhof Süd];2021-11-07T04:32:01.764Z
0.3053152;open;2021-11-07T04:29:00Z;247;562;0;809;809;24279[Konstabler];2021-11-07T04:32:01.764Z
0.5;open;2021-11-07T04:29:00Z;213;213;0;426;426;18497[Hauptwache];2021-11-07T04:32:01.764Z
0;closed;2021-11-07T04:29:00Z;;;0;0;0;18495[Am Gericht];2021-11-07T04:32:01.764Z
0.4384858;open;2021-11-07T04:29:00Z;278;356;0;634;634;18494[Konrad-Adenauer-Straße];2021-11-07T04:32:01.764Z
0.04;open;2021-11-07T05:04:00Z;8;192;150;350;200;24276[Turmcenter];2021-11-07T05:07:02.748Z
0.33169532;open;2021-11-07T05:04:00Z;135;272;0;407;407;18944[Alte Oper];2021-11-07T05:07:02.748Z
0.016483517;open;2021-11-07T05:04:00Z;6;358;0;364;364;24281[Hauptbahnhof Süd];2021-11-07T05:07:02.748Z
0.29913473;open;2021-11-07T05:04:00Z;242;567;0;809;809;24279[Konstabler];2021-11-07T05:07:02.748Z
0.49530515;open;2021-11-07T05:04:00Z;211;215;0;426;426;18497[Hauptwache];2021-11-07T05:07:02.748Z
0.3852941;open;2021-11-07T05:04:00Z;262;418;0;680;680;18495[Am Gericht];2021-11-07T05:07:02.748Z
0.43533123;open;2021-11-07T05:04:00Z;276;358;0;634;634;18494[Konrad-Adenauer-Straße];2021-11-07T05:07:02.748Z
0.04;open;2021-11-07T05:34:00Z;8;192;150;350;200;24276[Turmcenter];2021-11-07T05:37:02.491Z
0.2014742;open;2021-11-07T05:34:00Z;82;325;0;407;407;18944[Alte Oper];2021-11-07T05:37:02.491Z
0.01923077;open;2021-11-07T05:34:00Z;7;357;0;364;364;24281[Hauptbahnhof Süd];2021-11-07T05:37:02.491Z
0.28800988;open;2021-11-07T05:34:00Z;233;576;0;809;809;24279[Konstabler];2021-11-07T05:37:02.491Z
0.49295774;open;2021-11-07T05:34:00Z;210;216;0;426;426;18497[Hauptwache];2021-11-07T05:37:02.491Z
0.38088235;open;2021-11-07T05:34:00Z;259;421;0;680;680;18495[Am Gericht];2021-11-07T05:37:02.491Z
0.4274448;open;2021-11-07T05:34:00Z;271;363;0;634;634;18494[Konrad-Adenauer-Straße];2021-11-07T05:37:02.491Z
0.04;open;2021-11-07T06:09:00Z;8;192;150;350;200;24276[Turmcenter];2021-11-07T06:12:00.219Z
0.2014742;open;2021-11-07T06:09:00Z;82;325;0;407;407;18944[Alte Oper];2021-11-07T06:12:00.219Z
0.01923077;open;2021-11-07T06:09:00Z;7;357;0;364;364;24281[Hauptbahnhof Süd];2021-11-07T06:12:00.219Z
0.28059334;open;2021-11-07T06:09:00Z;227;582;0;809;809;24279[Konstabler];2021-11-07T06:12:00.219Z
0.49295774;open;2021-11-07T06:09:00Z;210;216;0;426;426;18497[Hauptwache];2021-11-07T06:12:00.219Z
0.38235295;open;2021-11-07T06:09:00Z;260;420;0;680;680;18495[Am Gericht];2021-11-07T06:12:00.219Z
0.4274448;open;2021-11-07T06:09:00Z;271;363;0;634;634;18494[Konrad-Adenauer-Straße];2021-11-07T06:12:00.219Z
0.04;open;2021-11-07T06:39:00Z;8;192;150;350;200;24276[Turmcenter];2021-11-07T06:42:01.969Z
0.2014742;open;2021-11-07T06:39:00Z;82;325;0;407;407;18944[Alte Oper];2021-11-07T06:42:01.969Z
0.01923077;open;2021-11-07T06:39:00Z;7;357;0;364;364;24281[Hauptbahnhof Süd];2021-11-07T06:42:01.969Z
0.27812114;open;2021-11-07T06:39:00Z;225;584;0;809;809;24279[Konstabler];2021-11-07T06:42:01.969Z
0.49295774;open;2021-11-07T06:39:00Z;210;216;0;426;426;18497[Hauptwache];2021-11-07T06:42:01.969Z
0.38088235;open;2021-11-07T06:39:00Z;259;421;0;680;680;18495[Am Gericht];2021-11-07T06:42:01.969Z
0.4242902;open;2021-11-07T06:39:00Z;269;365;0;634;634;18494[Konrad-Adenauer-Straße];2021-11-07T06:42:01.969Z
0.04;open;2021-11-07T06:59:00Z;8;192;150;350;200;24276[Turmcenter];2021-11-07T07:02:01.346Z
0.2014742;open;2021-11-07T06:59:00Z;82;325;0;407;407;18944[Alte Oper];2021-11-07T07:02:01.346Z
0.016483517;open;2021-11-07T06:59:00Z;6;358;0;364;364;24281[Hauptbahnhof Süd];2021-11-07T07:02:01.346Z
0.27194068;open;2021-11-07T06:59:00Z;220;589;0;809;809;24279[Konstabler];2021-11-07T07:02:01.346Z
0.49295774;open;2021-11-07T06:59:00Z;210;216;0;426;426;18497[Hauptwache];2021-11-07T07:02:01.346Z
0.37941176;open;2021-11-07T06:59:00Z;258;422;0;680;680;18495[Am Gericht];2021-11-07T07:02:01.346Z
0.4242902;open;2021-11-07T06:59:00Z;269;365;0;634;634;18494[Konrad-Adenauer-Straße];2021-11-07T07:02:01.346Z
0.04;open;2021-11-07T07:34:00Z;8;192;150;350;200;24276[Turmcenter];2021-11-07T07:37:02.183Z
0.2014742;open;2021-11-07T07:34:00Z;82;325;0;407;407;18944[Alte Oper];2021-11-07T07:37:02.183Z
0.01923077;open;2021-11-07T07:34:00Z;7;357;0;364;364;24281[Hauptbahnhof Süd];2021-11-07T07:37:02.183Z
0.2669963;open;2021-11-07T07:34:00Z;216;593;0;809;809;24279[Konstabler];2021-11-07T07:37:02.183Z
0.49061033;open;2021-11-07T07:34:00Z;209;217;0;426;426;18497[Hauptwache];2021-11-07T07:37:02.183Z
0.38088235;open;2021-11-07T07:34:00Z;259;421;0;680;680;18495[Am Gericht];2021-11-07T07:37:02.183Z
0.10613944;open;2021-11-07T07:34:00Z;102;859;70;1031;961;109240[MyZeil];2021-11-07T07:37:02.183Z
0.42113563;open;2021-11-07T07:34:00Z;267;367;0;634;634;18494[Konrad-Adenauer-Straße];2021-11-07T07:37:02.183Z
0.035;open;2021-11-07T07:49:00Z;7;193;150;350;200;24276[Turmcenter];2021-11-07T07:52:01.310Z
0.2039312;open;2021-11-07T07:49:00Z;83;324;0;407;407;18944[Alte Oper];2021-11-07T07:52:01.310Z
0.016483517;open;2021-11-07T07:49:00Z;6;358;0;364;364;24281[Hauptbahnhof Süd];2021-11-07T07:52:01.310Z
0.26576018;open;2021-11-07T07:49:00Z;215;594;0;809;809;24279[Konstabler];2021-11-07T07:52:01.310Z
0.49061033;open;2021-11-07T07:49:00Z;209;217;0;426;426;18497[Hauptwache];2021-11-07T07:52:01.310Z
0.38088235;open;2021-11-07T07:49:00Z;259;421;0;680;680;18495[Am Gericht];2021-11-07T07:52:01.310Z
0.10718002;open;2021-11-07T07:49:00Z;103;858;70;1031;961;109240[MyZeil];2021-11-07T07:52:01.310Z
0.42113563;open;2021-11-07T07:49:00Z;267;367;0;634;634;18494[Konrad-Adenauer-Straße];2021-11-07T07:52:01.310Z
0.035;open;2021-11-07T08:10:00Z;7;193;150;350;200;24276[Turmcenter];2021-11-07T08:12:01.184Z
0.2039312;open;2021-11-07T08:10:00Z;83;324;0;407;407;18944[Alte Oper];2021-11-07T08:12:01.184Z
0.016483517;open;2021-11-07T08:10:00Z;6;358;0;364;364;24281[Hauptbahnhof Süd];2021-11-07T08:12:01.184Z
0.26576018;open;2021-11-07T08:10:00Z;215;594;0;809;809;24279[Konstabler];2021-11-07T08:12:01.184Z
0.49295774;open;2021-11-07T08:10:00Z;210;216;0;426;426;18497[Hauptwache];2021-11-07T08:12:01.184Z
0.38235295;open;2021-11-07T08:10:00Z;260;420;0;680;680;18495[Am Gericht];2021-11-07T08:12:01.184Z
0.42113563;open;2021-11-07T08:10:00Z;267;367;0;634;634;18494[Konrad-Adenauer-Straße];2021-11-07T08:12:01.184Z
0.04;open;2021-11-07T08:35:00Z;8;192;150;350;200;24276[Turmcenter];2021-11-07T08:37:00.142Z
0.20884521;open;2021-11-07T08:35:00Z;85;322;0;407;407;18944[Alte Oper];2021-11-07T08:37:00.142Z
0.016483517;open;2021-11-07T08:35:00Z;6;358;0;364;364;24281[Hauptbahnhof Süd];2021-11-07T08:37:00.142Z
0.2669963;open;2021-11-07T08:35:00Z;216;593;0;809;809;24279[Konstabler];2021-11-07T08:37:00.142Z
0.49530515;open;2021-11-07T08:35:00Z;211;215;0;426;426;18497[Hauptwache];2021-11-07T08:37:00.142Z
0.3779412;open;2021-11-07T08:35:00Z;257;423;0;680;680;18495[Am Gericht];2021-11-07T08:37:00.142Z
0.41955835;open;2021-11-07T08:35:00Z;266;368;0;634;634;18494[Konrad-Adenauer-Straße];2021-11-07T08:37:00.142Z
0.04;open;2021-11-07T08:40:00Z;8;192;150;350;200;24276[Turmcenter];2021-11-07T08:42:02.792Z
0.20884521;open;2021-11-07T08:40:00Z;85;322;0;407;407;18944[Alte Oper];2021-11-07T08:42:02.792Z
0.016483517;open;2021-11-07T08:40:00Z;6;358;0;364;364;24281[Hauptbahnhof Süd];2021-11-07T08:42:02.792Z
0.26576018;open;2021-11-07T08:40:00Z;215;594;0;809;809;24279[Konstabler];2021-11-07T08:42:02.792Z
0.49530515;open;2021-11-07T08:40:00Z;211;215;0;426;426;18497[Hauptwache];2021-11-07T08:42:02.792Z
0.3764706;open;2021-11-07T08:40:00Z;256;424;0;680;680;18495[Am Gericht];2021-11-07T08:42:02.792Z
0.09989594;open;2021-11-07T08:40:00Z;96;865;70;1031;961;109240[MyZeil];2021-11-07T08:42:02.792Z
0.41798106;open;2021-11-07T08:40:00Z;265;369;0;634;634;18494[Konrad-Adenauer-Straße];2021-11-07T08:42:02.792Z
0.035;open;2021-11-07T08:55:00Z;7;193;150;350;200;24276[Turmcenter];2021-11-07T08:57:02.244Z
0.2113022;open;2021-11-07T08:55:00Z;86;321;0;407;407;18944[Alte Oper];2021-11-07T08:57:02.244Z
0.016483517;open;2021-11-07T08:55:00Z;6;358;0;364;364;24281[Hauptbahnhof Süd];2021-11-07T08:57:02.244Z
0.26823238;open;2021-11-07T08:55:00Z;217;592;0;809;809;24279[Konstabler];2021-11-07T08:57:02.244Z
0.5023474;open;2021-11-07T08:55:00Z;214;212;0;426;426;18497[Hauptwache];2021-11-07T08:57:02.244Z
0.3764706;open;2021-11-07T08:55:00Z;256;424;0;680;680;18495[Am Gericht];2021-11-07T08:57:02.244Z
0.10509886;open;2021-11-07T08:55:00Z;101;860;70;1031;961;109240[MyZeil];2021-11-07T08:57:02.244Z
0.41009465;open;2021-11-07T08:55:00Z;260;374;0;634;634;18494[Konrad-Adenauer-Straße];2021-11-07T08:57:02.244Z
0.05;open;2021-11-07T09:20:00Z;10;190;150;350;200;24276[Turmcenter];2021-11-07T09:22:01.841Z
0.21375921;open;2021-11-07T09:20:00Z;87;320;0;407;407;18944[Alte Oper];2021-11-07T09:22:01.841Z
0.010989011;open;2021-11-07T09:20:00Z;4;360;0;364;364;24281[Hauptbahnhof Süd];2021-11-07T09:22:01.841Z
0.2694685;open;2021-11-07T09:20:00Z;218;591;0;809;809;24279[Konstabler];2021-11-07T09:22:01.841Z
0.52112675;open;2021-11-07T09:20:00Z;222;204;0;426;426;18497[Hauptwache];2021-11-07T09:22:01.841Z
0.375;open;2021-11-07T09:20:00Z;255;425;0;680;680;18495[Am Gericht];2021-11-07T09:22:01.841Z
0.11030177;open;2021-11-07T09:20:00Z;106;855;70;1031;961;109240[MyZeil];2021-11-07T09:22:01.841Z
0.4164038;open;2021-11-07T09:20:00Z;264;370;0;634;634;18494[Konrad-Adenauer-Straße];2021-11-07T09:22:01.841Z
0.065;open;2021-11-07T09:40:00Z;13;187;150;350;200;24276[Turmcenter];2021-11-07T09:42:02.544Z
0.20884521;open;2021-11-07T09:40:00Z;85;322;0;407;407;18944[Alte Oper];2021-11-07T09:42:02.544Z
0.010989011;open;2021-11-07T09:40:00Z;4;360;0;364;364;24281[Hauptbahnhof Süd];2021-11-07T09:42:02.544Z
0.27441284;open;2021-11-07T09:40:00Z;222;587;0;809;809;24279[Konstabler];2021-11-07T09:42:02.544Z
0.5375587;open;2021-11-07T09:40:00Z;229;197;0;426;426;18497[Hauptwache];2021-11-07T09:42:02.544Z
0.3735294;open;2021-11-07T09:40:00Z;254;426;0;680;680;18495[Am Gericht];2021-11-07T09:42:02.544Z
0.41009465;open;2021-11-07T09:40:00Z;260;374;0;634;634;18494[Konrad-Adenauer-Straße];2021-11-07T09:42:02.544Z
0.06;open;2021-11-07T09:45:00Z;12;188;150;350;200;24276[Turmcenter];2021-11-07T09:47:02.689Z
0.21375921;open;2021-11-07T09:45:00Z;87;320;0;407;407;18944[Alte Oper];2021-11-07T09:47:02.689Z
0.010989011;open;2021-11-07T09:45:00Z;4;360;0;364;364;24281[Hauptbahnhof Süd];2021-11-07T09:47:02.689Z
0.27441284;open;2021-11-07T09:45:00Z;222;587;0;809;809;24279[Konstabler];2021-11-07T09:47:02.689Z
0.5375587;open;2021-11-07T09:45:00Z;229;197;0;426;426;18497[Hauptwache];2021-11-07T09:47:02.689Z
0.36911765;open;2021-11-07T09:45:00Z;251;429;0;680;680;18495[Am Gericht];2021-11-07T09:47:02.689Z
0.10822061;open;2021-11-07T09:45:00Z;104;857;70;1031;961;109240[MyZeil];2021-11-07T09:47:02.689Z
0.41009465;open;2021-11-07T09:45:00Z;260;374;0;634;634;18494[Konrad-Adenauer-Straße];2021-11-07T09:47:02.689Z
0.11;open;2021-11-07T10:15:00Z;22;178;150;350;200;24276[Turmcenter];2021-11-07T10:17:01.289Z
0.2063882;open;2021-11-07T10:15:00Z;84;323;0;407;407;18944[Alte Oper];2021-11-07T10:17:01.289Z
0.010989011;open;2021-11-07T10:15:00Z;4;360;0;364;364;24281[Hauptbahnhof Süd];2021-11-07T10:17:01.289Z
0.28059334;open;2021-11-07T10:15:00Z;227;582;0;809;809;24279[Konstabler];2021-11-07T10:17:01.289Z
0.5657277;open;2021-11-07T10:15:00Z;241;185;0;426;426;18497[Hauptwache];2021-11-07T10:17:01.289Z
0.36911765;open;2021-11-07T10:15:00Z;251;429;0;680;680;18495[Am Gericht];2021-11-07T10:17:01.289Z
0.40536278;open;2021-11-07T10:15:00Z;257;377;0;634;634;18494[Konrad-Adenauer-Straße];2021-11-07T10:17:01.289Z
0.145;open;2021-11-07T10:36:00Z;29;171;150;350;200;24276[Turmcenter];2021-11-07T10:37:00.433Z
0.2014742;open;2021-11-07T10:36:00Z;82;325;0;407;407;18944[Alte Oper];2021-11-07T10:37:00.433Z
0.013736264;open;2021-11-07T10:36:00Z;5;359;0;364;364;24281[Hauptbahnhof Süd];2021-11-07T10:37:00.433Z
0.29542646;open;2021-11-07T10:36:00Z;239;570;0;809;809;24279[Konstabler];2021-11-07T10:37:00.433Z
0.5915493;open;2021-11-07T10:36:00Z;252;174;0;426;426;18497[Hauptwache];2021-11-07T10:37:00.433Z
0.36911765;open;2021-11-07T10:36:00Z;251;429;0;680;680;18495[Am Gericht];2021-11-07T10:37:00.433Z
0.40536278;open;2021-11-07T10:36:00Z;257;377;0;634;634;18494[Konrad-Adenauer-Straße];2021-11-07T10:37:00.433Z
0.155;open;2021-11-07T10:56:00Z;31;169;150;350;200;24276[Turmcenter];2021-11-07T10:57:02.501Z
0.1990172;open;2021-11-07T10:56:00Z;81;326;0;407;407;18944[Alte Oper];2021-11-07T10:57:02.501Z
0.010989011;open;2021-11-07T10:56:00Z;4;360;0;364;364;24281[Hauptbahnhof Süd];2021-11-07T10:57:02.501Z
0.29542646;open;2021-11-07T10:56:00Z;239;570;0;809;809;24279[Konstabler];2021-11-07T10:57:02.501Z
0.6103286;open;2021-11-07T10:56:00Z;260;166;0;426;426;18497[Hauptwache];2021-11-07T10:57:02.501Z
0.36911765;open;2021-11-07T10:56:00Z;251;429;0;680;680;18495[Am Gericht];2021-11-07T10:57:02.501Z
0.117585845;open;2021-11-07T10:56:00Z;113;848;70;1031;961;109240[MyZeil];2021-11-07T10:57:02.501Z
0.40536278;open;2021-11-07T10:56:00Z;257;377;0;634;634;18494[Konrad-Adenauer-Straße];2021-11-07T10:57:02.501Z
0.195;open;2021-11-07T11:31:00Z;39;161;150;350;200;24276[Turmcenter];2021-11-07T11:32:00.238Z
0.22113022;open;2021-11-07T11:31:00Z;90;317;0;407;407;18944[Alte Oper];2021-11-07T11:32:00.238Z
0.008241759;open;2021-11-07T11:31:00Z;3;361;0;364;364;24281[Hauptbahnhof Süd];2021-11-07T11:32:00.238Z
0.3077874;open;2021-11-07T11:31:00Z;249;560;0;809;809;24279[Konstabler];2021-11-07T11:32:00.238Z
0.62441313;open;2021-11-07T11:31:00Z;266;160;0;426;426;18497[Hauptwache];2021-11-07T11:32:00.238Z
0.37058824;open;2021-11-07T11:31:00Z;252;428;0;680;680;18495[Am Gericht];2021-11-07T11:32:00.238Z
0.40851736;open;2021-11-07T11:31:00Z;259;375;0;634;634;18494[Konrad-Adenauer-Straße];2021-11-07T11:32:00.238Z
0.19;open;2021-11-07T11:41:00Z;38;162;150;350;200;24276[Turmcenter];2021-11-07T11:42:02.675Z
0.22113022;open;2021-11-07T11:41:00Z;90;317;0;407;407;18944[Alte Oper];2021-11-07T11:42:02.675Z
0.013736264;open;2021-11-07T11:41:00Z;5;359;0;364;364;24281[Hauptbahnhof Süd];2021-11-07T11:42:02.675Z
0.31891224;open;2021-11-07T11:41:00Z;258;551;0;809;809;24279[Konstabler];2021-11-07T11:42:02.675Z
0.6455399;open;2021-11-07T11:41:00Z;275;151;0;426;426;18497[Hauptwache];2021-11-07T11:42:02.675Z
0.37941176;open;2021-11-07T11:41:00Z;258;422;0;680;680;18495[Am Gericht];2021-11-07T11:42:02.675Z
0.1394381;open;2021-11-07T11:41:00Z;134;827;70;1031;961;109240[MyZeil];2021-11-07T11:42:02.675Z
0.41167194;open;2021-11-07T11:41:00Z;261;373;0;634;634;18494[Konrad-Adenauer-Straße];2021-11-07T11:42:02.675Z
0.2;open;2021-11-07T11:56:00Z;40;160;150;350;200;24276[Turmcenter];2021-11-07T11:57:02.273Z
0.21867321;open;2021-11-07T11:56:00Z;89;318;0;407;407;18944[Alte Oper];2021-11-07T11:57:02.273Z
0.010989011;open;2021-11-07T11:56:00Z;4;360;0;364;364;24281[Hauptbahnhof Süd];2021-11-07T11:57:02.273Z
0.3300371;open;2021-11-07T11:56:00Z;267;542;0;809;809;24279[Konstabler];2021-11-07T11:57:02.273Z
0.64084506;open;2021-11-07T11:56:00Z;273;153;0;426;426;18497[Hauptwache];2021-11-07T11:57:02.273Z
0.375;open;2021-11-07T11:56:00Z;255;425;0;680;680;18495[Am Gericht];2021-11-07T11:57:02.273Z
0.40536278;open;2021-11-07T11:56:00Z;257;377;0;634;634;18494[Konrad-Adenauer-Straße];2021-11-07T11:57:02.273Z
0.235;open;2021-11-07T12:41:00Z;47;153;150;350;200;24276[Turmcenter];2021-11-07T12:47:01.368Z
0.2113022;open;2021-11-07T12:41:00Z;86;321;0;407;407;18944[Alte Oper];2021-11-07T12:47:01.368Z
0.021978023;open;2021-11-07T12:41:00Z;8;356;0;364;364;24281[Hauptbahnhof Süd];2021-11-07T12:47:01.368Z
0.36217552;open;2021-11-07T12:41:00Z;293;516;0;809;809;24279[Konstabler];2021-11-07T12:47:01.368Z
0.6643193;open;2021-11-07T12:41:00Z;283;143;0;426;426;18497[Hauptwache];2021-11-07T12:47:01.368Z
0.3897059;open;2021-11-07T12:41:00Z;265;415;0;680;680;18495[Am Gericht];2021-11-07T12:47:01.368Z
0.13527575;open;2021-11-07T12:41:00Z;130;831;70;1031;961;109240[MyZeil];2021-11-07T12:47:01.368Z
0.41009465;open;2021-11-07T12:41:00Z;260;374;0;634;634;18494[Konrad-Adenauer-Straße];2021-11-07T12:47:01.368Z
0.255;open;2021-11-07T12:57:00Z;51;149;150;350;200;24276[Turmcenter];2021-11-07T13:02:01.511Z
0.22604422;open;2021-11-07T12:57:00Z;92;315;0;407;407;18944[Alte Oper];2021-11-07T13:02:01.511Z
0.016483517;open;2021-11-07T12:57:00Z;6;358;0;364;364;24281[Hauptbahnhof Süd];2021-11-07T13:02:01.511Z
0.35475895;open;2021-11-07T12:57:00Z;287;522;0;809;809;24279[Konstabler];2021-11-07T13:02:01.511Z
0.6971831;open;2021-11-07T12:57:00Z;297;129;0;426;426;18497[Hauptwache];2021-11-07T13:02:01.511Z
0.39411765;open;2021-11-07T12:57:00Z;268;412;0;680;680;18495[Am Gericht];2021-11-07T13:02:01.511Z
0.41167194;open;2021-11-07T12:57:00Z;261;373;0;634;634;18494[Konrad-Adenauer-Straße];2021-11-07T13:02:01.511Z
0.275;open;2021-11-07T13:27:00Z;55;145;150;350;200;24276[Turmcenter];2021-11-07T13:32:01.353Z
0.23587224;open;2021-11-07T13:27:00Z;96;311;0;407;407;18944[Alte Oper];2021-11-07T13:32:01.353Z
0.01923077;open;2021-11-07T13:27:00Z;7;357;0;364;364;24281[Hauptbahnhof Süd];2021-11-07T13:32:01.353Z
0.3831891;open;2021-11-07T13:27:00Z;310;499;0;809;809;24279[Konstabler];2021-11-07T13:32:01.353Z
0.73239434;open;2021-11-07T13:27:00Z;312;114;0;426;426;18497[Hauptwache];2021-11-07T13:32:01.353Z
0.40294117;open;2021-11-07T13:27:00Z;274;406;0;680;680;18495[Am Gericht];2021-11-07T13:32:01.353Z
0.4164038;open;2021-11-07T13:27:00Z;264;370;0;634;634;18494[Konrad-Adenauer-Straße];2021-11-07T13:32:01.353Z
0.285;open;2021-11-07T13:37:00Z;57;143;150;350;200;24276[Turmcenter];2021-11-07T13:42:01.273Z
0.23095824;open;2021-11-07T13:37:00Z;94;313;0;407;407;18944[Alte Oper];2021-11-07T13:42:01.273Z
0.01923077;open;2021-11-07T13:37:00Z;7;357;0;364;364;24281[Hauptbahnhof Süd];2021-11-07T13:42:01.273Z
0.3881335;open;2021-11-07T13:37:00Z;314;495;0;809;809;24279[Konstabler];2021-11-07T13:42:01.273Z
0.74413145;open;2021-11-07T13:37:00Z;317;109;0;426;426;18497[Hauptwache];2021-11-07T13:42:01.273Z
0.4014706;open;2021-11-07T13:37:00Z;273;407;0;680;680;18495[Am Gericht];2021-11-07T13:42:01.273Z
0.41009465;open;2021-11-07T13:37:00Z;260;374;0;634;634;18494[Konrad-Adenauer-Straße];2021-11-07T13:42:01.273Z
0.285;open;2021-11-07T13:52:00Z;57;143;150;350;200;24276[Turmcenter];2021-11-07T13:57:02.896Z
0.22850123;open;2021-11-07T13:52:00Z;93;314;0;407;407;18944[Alte Oper];2021-11-07T13:57:02.896Z
0.016483517;open;2021-11-07T13:52:00Z;6;358;0;364;364;24281[Hauptbahnhof Süd];2021-11-07T13:57:02.896Z
0.39184177;open;2021-11-07T13:52:00Z;317;492;0;809;809;24279[Konstabler];2021-11-07T13:57:02.896Z
0.7605634;open;2021-11-07T13:52:00Z;324;102;0;426;426;18497[Hauptwache];2021-11-07T13:57:02.896Z
0.4014706;open;2021-11-07T13:52:00Z;273;407;0;680;680;18495[Am Gericht];2021-11-07T13:57:02.896Z
0.14255983;open;2021-11-07T13:52:00Z;137;824;70;1031;961;109240[MyZeil];2021-11-07T13:57:02.896Z
0.41324922;open;2021-11-07T13:52:00Z;262;372;0;634;634;18494[Konrad-Adenauer-Straße];2021-11-07T13:57:02.896Z
0.26;open;2021-11-07T14:02:00Z;52;148;150;350;200;24276[Turmcenter];2021-11-07T14:07:00.604Z
0.21621622;open;2021-11-07T14:02:00Z;88;319;0;407;407;18944[Alte Oper];2021-11-07T14:07:00.604Z
0.016483517;open;2021-11-07T14:02:00Z;6;358;0;364;364;24281[Hauptbahnhof Süd];2021-11-07T14:07:00.604Z
0.39555007;open;2021-11-07T14:02:00Z;320;489;0;809;809;24279[Konstabler];2021-11-07T14:07:00.604Z
0.7769953;open;2021-11-07T14:02:00Z;331;95;0;426;426;18497[Hauptwache];2021-11-07T14:07:00.604Z
0.40441176;open;2021-11-07T14:02:00Z;275;405;0;680;680;18495[Am Gericht];2021-11-07T14:07:00.604Z
0.4164038;open;2021-11-07T14:02:00Z;264;370;0;634;634;18494[Konrad-Adenauer-Straße];2021-11-07T14:07:00.604Z
0.24;open;2021-11-07T14:27:00Z;48;152;150;350;200;24276[Turmcenter];2021-11-07T14:32:02.292Z
0.23832923;open;2021-11-07T14:27:00Z;97;310;0;407;407;18944[Alte Oper];2021-11-07T14:32:02.292Z
0.021978023;open;2021-11-07T14:27:00Z;8;356;0;364;364;24281[Hauptbahnhof Süd];2021-11-07T14:32:02.292Z
0.40296662;open;2021-11-07T14:27:00Z;326;483;0;809;809;24279[Konstabler];2021-11-07T14:32:02.292Z
0.7746479;open;2021-11-07T14:27:00Z;330;96;0;426;426;18497[Hauptwache];2021-11-07T14:32:02.292Z
0.40882352;open;2021-11-07T14:27:00Z;278;402;0;680;680;18495[Am Gericht];2021-11-07T14:32:02.292Z
0.4148265;open;2021-11-07T14:27:00Z;263;371;0;634;634;18494[Konrad-Adenauer-Straße];2021-11-07T14:32:02.292Z
0.24;open;2021-11-07T14:48:00Z;48;152;150;350;200;24276[Turmcenter];2021-11-07T14:52:01.714Z
0.22604422;open;2021-11-07T14:48:00Z;92;315;0;407;407;18944[Alte Oper];2021-11-07T14:52:01.714Z
0.010989011;open;2021-11-07T14:48:00Z;4;360;0;364;364;24281[Hauptbahnhof Süd];2021-11-07T14:52:01.714Z
0.42027193;open;2021-11-07T14:48:00Z;340;469;0;809;809;24279[Konstabler];2021-11-07T14:52:01.714Z
0.7723005;open;2021-11-07T14:48:00Z;329;97;0;426;426;18497[Hauptwache];2021-11-07T14:52:01.714Z
0.41470587;open;2021-11-07T14:48:00Z;282;398;0;680;680;18495[Am Gericht];2021-11-07T14:52:01.714Z
0.41955835;open;2021-11-07T14:48:00Z;266;368;0;634;634;18494[Konrad-Adenauer-Straße];2021-11-07T14:52:01.714Z
0.235;open;2021-11-07T14:58:00Z;47;153;150;350;200;24276[Turmcenter];2021-11-07T15:02:01.971Z
0.21621622;open;2021-11-07T14:58:00Z;88;319;0;407;407;18944[Alte Oper];2021-11-07T15:02:01.971Z
0.013736264;open;2021-11-07T14:58:00Z;5;359;0;364;364;24281[Hauptbahnhof Süd];2021-11-07T15:02:01.971Z
0.42027193;open;2021-11-07T14:58:00Z;340;469;0;809;809;24279[Konstabler];2021-11-07T15:02:01.971Z
0.786385;open;2021-11-07T14:58:00Z;335;91;0;426;426;18497[Hauptwache];2021-11-07T15:02:01.971Z
0.42647058;open;2021-11-07T14:58:00Z;290;390;0;680;680;18495[Am Gericht];2021-11-07T15:02:01.971Z
0.41955835;open;2021-11-07T14:58:00Z;266;368;0;634;634;18494[Konrad-Adenauer-Straße];2021-11-07T15:02:01.971Z
0.305;open;2021-11-07T15:28:00Z;61;139;150;350;200;24276[Turmcenter];2021-11-07T15:32:02.907Z
0.20884521;open;2021-11-07T15:28:00Z;85;322;0;407;407;18944[Alte Oper];2021-11-07T15:32:02.907Z
0.024725275;open;2021-11-07T15:28:00Z;9;355;0;364;364;24281[Hauptbahnhof Süd];2021-11-07T15:32:02.907Z
0.43510506;open;2021-11-07T15:28:00Z;352;457;0;809;809;24279[Konstabler];2021-11-07T15:32:02.907Z
0.7723005;open;2021-11-07T15:28:00Z;329;97;0;426;426;18497[Hauptwache];2021-11-07T15:32:02.907Z
0.44117647;open;2021-11-07T15:28:00Z;300;380;0;680;680;18495[Am Gericht];2021-11-07T15:32:02.907Z
0.42113563;open;2021-11-07T15:28:00Z;267;367;0;634;634;18494[Konrad-Adenauer-Straße];2021-11-07T15:32:02.907Z
0.5;open;2021-11-07T15:48:00Z;100;100;150;350;200;24276[Turmcenter];2021-11-07T15:52:01.968Z
0.1990172;open;2021-11-07T15:48:00Z;81;326;0;407;407;18944[Alte Oper];2021-11-07T15:52:01.968Z
0.027472528;open;2021-11-07T15:48:00Z;10;354;0;364;364;24281[Hauptbahnhof Süd];2021-11-07T15:52:01.968Z
0.4289246;open;2021-11-07T15:48:00Z;347;462;0;809;809;24279[Konstabler];2021-11-07T15:52:01.968Z
0.7793427;open;2021-11-07T15:48:00Z;332;94;0;426;426;18497[Hauptwache];2021-11-07T15:52:01.968Z
0.45588234;open;2021-11-07T15:48:00Z;310;370;0;680;680;18495[Am Gericht];2021-11-07T15:52:01.968Z
0.42271292;open;2021-11-07T15:48:00Z;268;366;0;634;634;18494[Konrad-Adenauer-Straße];2021-11-07T15:52:01.968Z
0.6;open;2021-11-07T16:29:00Z;120;80;150;350;200;24276[Turmcenter];2021-11-07T16:32:03.013Z
0.19656019;open;2021-11-07T16:29:00Z;80;327;0;407;407;18944[Alte Oper];2021-11-07T16:32:03.013Z
0.01923077;open;2021-11-07T16:29:00Z;7;357;0;364;364;24281[Hauptbahnhof Süd];2021-11-07T16:32:03.013Z
0.4326329;open;2021-11-07T16:29:00Z;350;459;0;809;809;24279[Konstabler];2021-11-07T16:32:03.013Z
0.74178404;open;2021-11-07T16:29:00Z;316;110;0;426;426;18497[Hauptwache];2021-11-07T16:32:03.013Z
0.47941175;open;2021-11-07T16:29:00Z;326;354;0;680;680;18495[Am Gericht];2021-11-07T16:32:03.013Z
0.4258675;open;2021-11-07T16:29:00Z;270;364;0;634;634;18494[Konrad-Adenauer-Straße];2021-11-07T16:32:03.013Z
0.605;open;2021-11-07T16:59:00Z;121;79;150;350;200;24276[Turmcenter];2021-11-07T17:02:00.095Z
0.1941032;open;2021-11-07T16:59:00Z;79;328;0;407;407;18944[Alte Oper];2021-11-07T17:02:00.095Z
0.027472528;open;2021-11-07T16:59:00Z;10;354;0;364;364;24281[Hauptbahnhof Süd];2021-11-07T17:02:00.095Z
0.44128555;open;2021-11-07T16:59:00Z;357;452;0;809;809;24279[Konstabler];2021-11-07T17:02:00.095Z
0.70187795;open;2021-11-07T16:59:00Z;299;127;0;426;426;18497[Hauptwache];2021-11-07T17:02:00.095Z
0.49558824;open;2021-11-07T16:59:00Z;337;343;0;680;680;18495[Am Gericht];2021-11-07T17:02:00.095Z
0.4511041;open;2021-11-07T16:59:00Z;286;348;0;634;634;18494[Konrad-Adenauer-Straße];2021-11-07T17:02:00.095Z
0.585;open;2021-11-07T17:24:00Z;117;83;150;350;200;24276[Turmcenter];2021-11-07T17:27:02.254Z
0.1941032;open;2021-11-07T17:24:00Z;79;328;0;407;407;18944[Alte Oper];2021-11-07T17:27:02.254Z
0.021978023;open;2021-11-07T17:24:00Z;8;356;0;364;364;24281[Hauptbahnhof Süd];2021-11-07T17:27:02.254Z
0.4276885;open;2021-11-07T17:24:00Z;346;463;0;809;809;24279[Konstabler];2021-11-07T17:27:02.254Z
0.6713615;open;2021-11-07T17:24:00Z;286;140;0;426;426;18497[Hauptwache];2021-11-07T17:27:02.254Z
0.4970588;open;2021-11-07T17:24:00Z;338;342;0;680;680;18495[Am Gericht];2021-11-07T17:27:02.254Z
0.44164038;open;2021-11-07T17:24:00Z;280;354;0;634;634;18494[Konrad-Adenauer-Straße];2021-11-07T17:27:02.254Z
0.605;open;2021-11-07T17:39:00Z;121;79;150;350;200;24276[Turmcenter];2021-11-07T17:42:01.881Z
0.2039312;open;2021-11-07T17:39:00Z;83;324;0;407;407;18944[Alte Oper];2021-11-07T17:42:01.881Z
0.027472528;open;2021-11-07T17:39:00Z;10;354;0;364;364;24281[Hauptbahnhof Süd];2021-11-07T17:42:01.881Z
0.42521632;open;2021-11-07T17:39:00Z;344;465;0;809;809;24279[Konstabler];2021-11-07T17:42:01.881Z
0.6666667;open;2021-11-07T17:39:00Z;284;142;0;426;426;18497[Hauptwache];2021-11-07T17:42:01.881Z
0.49411765;open;2021-11-07T17:39:00Z;336;344;0;680;680;18495[Am Gericht];2021-11-07T17:42:01.881Z
0.45425868;open;2021-11-07T17:39:00Z;288;346;0;634;634;18494[Konrad-Adenauer-Straße];2021-11-07T17:42:01.881Z
0.59;open;2021-11-07T17:54:00Z;118;82;150;350;200;24276[Turmcenter];2021-11-07T17:57:02.227Z
0.19656019;open;2021-11-07T17:54:00Z;80;327;0;407;407;18944[Alte Oper];2021-11-07T17:57:02.227Z
0.024725275;open;2021-11-07T17:54:00Z;9;355;0;364;364;24281[Hauptbahnhof Süd];2021-11-07T17:57:02.227Z
0.41779974;open;2021-11-07T17:54:00Z;338;471;0;809;809;24279[Konstabler];2021-11-07T17:57:02.227Z
0.65023476;open;2021-11-07T17:54:00Z;277;149;0;426;426;18497[Hauptwache];2021-11-07T17:57:02.227Z
0.49411765;open;2021-11-07T17:54:00Z;336;344;0;680;680;18495[Am Gericht];2021-11-07T17:57:02.227Z
0.46687698;open;2021-11-07T17:54:00Z;296;338;0;634;634;18494[Konrad-Adenauer-Straße];2021-11-07T17:57:02.227Z
0.43;open;2021-11-07T18:20:00Z;86;114;150;350;200;24276[Turmcenter];2021-11-07T18:22:02.370Z
0.19656019;open;2021-11-07T18:20:00Z;80;327;0;407;407;18944[Alte Oper];2021-11-07T18:22:02.370Z
0.021978023;open;2021-11-07T18:20:00Z;8;356;0;364;364;24281[Hauptbahnhof Süd];2021-11-07T18:22:02.370Z
0.40420273;open;2021-11-07T18:20:00Z;327;482;0;809;809;24279[Konstabler];2021-11-07T18:22:02.370Z
0.62676054;open;2021-11-07T18:20:00Z;267;159;0;426;426;18497[Hauptwache];2021-11-07T18:22:02.370Z
0.4985294;open;2021-11-07T18:20:00Z;339;341;0;680;680;18495[Am Gericht];2021-11-07T18:22:02.370Z
0.47791797;open;2021-11-07T18:20:00Z;303;331;0;634;634;18494[Konrad-Adenauer-Straße];2021-11-07T18:22:02.370Z
0.41;open;2021-11-07T18:45:00Z;82;118;150;350;200;24276[Turmcenter];2021-11-07T18:47:00.794Z
0.1990172;open;2021-11-07T18:45:00Z;81;326;0;407;407;18944[Alte Oper];2021-11-07T18:47:00.794Z
0.01923077;open;2021-11-07T18:45:00Z;7;357;0;364;364;24281[Hauptbahnhof Süd];2021-11-07T18:47:00.794Z
0.40173054;open;2021-11-07T18:45:00Z;325;484;0;809;809;24279[Konstabler];2021-11-07T18:47:00.794Z
0.58685446;open;2021-11-07T18:45:00Z;250;176;0;426;426;18497[Hauptwache];2021-11-07T18:47:00.794Z
0.4882353;open;2021-11-07T18:45:00Z;332;348;0;680;680;18495[Am Gericht];2021-11-07T18:47:00.794Z
0.47949526;open;2021-11-07T18:45:00Z;304;330;0;634;634;18494[Konrad-Adenauer-Straße];2021-11-07T18:47:00.794Z
0.415;open;2021-11-07T18:55:00Z;83;117;150;350;200;24276[Turmcenter];2021-11-07T18:57:01.342Z
0.1990172;open;2021-11-07T18:55:00Z;81;326;0;407;407;18944[Alte Oper];2021-11-07T18:57:01.342Z
0.01923077;open;2021-11-07T18:55:00Z;7;357;0;364;364;24281[Hauptbahnhof Süd];2021-11-07T18:57:01.342Z
0.40296662;open;2021-11-07T18:55:00Z;326;483;0;809;809;24279[Konstabler];2021-11-07T18:57:01.342Z
0.5798122;open;2021-11-07T18:55:00Z;247;179;0;426;426;18497[Hauptwache];2021-11-07T18:57:01.342Z
0.49264705;open;2021-11-07T18:55:00Z;335;345;0;680;680;18495[Am Gericht];2021-11-07T18:57:01.342Z
0.48422712;open;2021-11-07T18:55:00Z;307;327;0;634;634;18494[Konrad-Adenauer-Straße];2021-11-07T18:57:01.342Z
0.34;open;2021-11-07T19:26:00Z;68;132;150;350;200;24276[Turmcenter];2021-11-07T19:27:02.238Z
0.19656019;open;2021-11-07T19:26:00Z;80;327;0;407;407;18944[Alte Oper];2021-11-07T19:27:02.238Z
0.01923077;open;2021-11-07T19:26:00Z;7;357;0;364;364;24281[Hauptbahnhof Süd];2021-11-07T19:27:02.238Z
0.37206426;open;2021-11-07T19:26:00Z;301;508;0;809;809;24279[Konstabler];2021-11-07T19:27:02.238Z
0.5586854;open;2021-11-07T19:26:00Z;238;188;0;426;426;18497[Hauptwache];2021-11-07T19:27:02.238Z
0.49117646;open;2021-11-07T19:26:00Z;334;346;0;680;680;18495[Am Gericht];2021-11-07T19:27:02.238Z
0.13631634;open;2021-11-07T19:26:00Z;131;830;70;1031;961;109240[MyZeil];2021-11-07T19:27:02.238Z
0.48107255;open;2021-11-07T19:26:00Z;305;329;0;634;634;18494[Konrad-Adenauer-Straße];2021-11-07T19:27:02.238Z
0.34;open;2021-11-07T19:41:00Z;68;132;150;350;200;24276[Turmcenter];2021-11-07T19:42:01.315Z
0.19164619;open;2021-11-07T19:41:00Z;78;329;0;407;407;18944[Alte Oper];2021-11-07T19:42:01.315Z
0.016483517;open;2021-11-07T19:41:00Z;6;358;0;364;364;24281[Hauptbahnhof Süd];2021-11-07T19:42:01.315Z
0.35475895;open;2021-11-07T19:41:00Z;287;522;0;809;809;24279[Konstabler];2021-11-07T19:42:01.315Z
0.5586854;open;2021-11-07T19:41:00Z;238;188;0;426;426;18497[Hauptwache];2021-11-07T19:42:01.315Z
0.48088235;open;2021-11-07T19:41:00Z;327;353;0;680;680;18495[Am Gericht];2021-11-07T19:42:01.315Z
0.48422712;open;2021-11-07T19:41:00Z;307;327;0;634;634;18494[Konrad-Adenauer-Straße];2021-11-07T19:42:01.315Z
0.33;open;2021-11-07T19:51:00Z;66;134;150;350;200;24276[Turmcenter];2021-11-07T19:52:00.085Z
0.18181819;open;2021-11-07T19:51:00Z;74;333;0;407;407;18944[Alte Oper];2021-11-07T19:52:00.085Z
0.016483517;open;2021-11-07T19:51:00Z;6;358;0;364;364;24281[Hauptbahnhof Süd];2021-11-07T19:52:00.085Z
0.3498146;open;2021-11-07T19:51:00Z;283;526;0;809;809;24279[Konstabler];2021-11-07T19:52:00.085Z
0.5422535;open;2021-11-07T19:51:00Z;231;195;0;426;426;18497[Hauptwache];2021-11-07T19:52:00.085Z
0.47941175;open;2021-11-07T19:51:00Z;326;354;0;680;680;18495[Am Gericht];2021-11-07T19:52:00.085Z
0.48264983;open;2021-11-07T19:51:00Z;306;328;0;634;634;18494[Konrad-Adenauer-Straße];2021-11-07T19:52:00.085Z
0.335;open;2021-11-07T20:01:00Z;67;133;150;350;200;24276[Turmcenter];2021-11-07T20:02:01.868Z
0.17936118;open;2021-11-07T20:01:00Z;73;334;0;407;407;18944[Alte Oper];2021-11-07T20:02:01.868Z
0.016483517;open;2021-11-07T20:01:00Z;6;358;0;364;364;24281[Hauptbahnhof Süd];2021-11-07T20:02:01.868Z
0.3448702;open;2021-11-07T20:01:00Z;279;530;0;809;809;24279[Konstabler];2021-11-07T20:02:01.868Z
0.53286386;open;2021-11-07T20:01:00Z;227;199;0;426;426;18497[Hauptwache];2021-11-07T20:02:01.868Z
0.4779412;open;2021-11-07T20:01:00Z;325;355;0;680;680;18495[Am Gericht];2021-11-07T20:02:01.868Z
0.48107255;open;2021-11-07T20:01:00Z;305;329;0;634;634;18494[Konrad-Adenauer-Straße];2021-11-07T20:02:01.868Z
0.3;open;2021-11-07T20:37:00Z;60;140;150;350;200;24276[Turmcenter];2021-11-07T20:42:03.014Z
0.16953316;open;2021-11-07T20:37:00Z;69;338;0;407;407;18944[Alte Oper];2021-11-07T20:42:03.014Z
0.013736264;open;2021-11-07T20:37:00Z;5;359;0;364;364;24281[Hauptbahnhof Süd];2021-11-07T20:42:03.014Z
0.31025958;open;2021-11-07T20:37:00Z;251;558;0;809;809;24279[Konstabler];2021-11-07T20:42:03.014Z
0.5140845;open;2021-11-07T20:37:00Z;219;207;0;426;426;18497[Hauptwache];2021-11-07T20:42:03.014Z
0.43529412;open;2021-11-07T20:37:00Z;296;384;0;680;680;18495[Am Gericht];2021-11-07T20:42:03.014Z
0.47160885;open;2021-11-07T20:37:00Z;299;335;0;634;634;18494[Konrad-Adenauer-Straße];2021-11-07T20:42:03.014Z
0.28;open;2021-11-07T20:47:00Z;56;144;150;350;200;24276[Turmcenter];2021-11-07T20:52:01.690Z
0.16461916;open;2021-11-07T20:47:00Z;67;340;0;407;407;18944[Alte Oper];2021-11-07T20:52:01.690Z
0.013736264;open;2021-11-07T20:47:00Z;5;359;0;364;364;24281[Hauptbahnhof Süd];2021-11-07T20:52:01.690Z
0.29913473;open;2021-11-07T20:47:00Z;242;567;0;809;809;24279[Konstabler];2021-11-07T20:52:01.690Z
0.5117371;open;2021-11-07T20:47:00Z;218;208;0;426;426;18497[Hauptwache];2021-11-07T20:52:01.690Z
0.42647058;open;2021-11-07T20:47:00Z;290;390;0;680;680;18495[Am Gericht];2021-11-07T20:52:01.690Z
0.47160885;open;2021-11-07T20:47:00Z;299;335;0;634;634;18494[Konrad-Adenauer-Straße];2021-11-07T20:52:01.690Z
0.275;open;2021-11-07T20:57:00Z;55;145;150;350;200;24276[Turmcenter];2021-11-07T21:02:00.670Z
0.15970516;open;2021-11-07T20:57:00Z;65;342;0;407;407;18944[Alte Oper];2021-11-07T21:02:00.670Z
0.010989011;open;2021-11-07T20:57:00Z;4;360;0;364;364;24281[Hauptbahnhof Süd];2021-11-07T21:02:00.670Z
0.29666254;open;2021-11-07T20:57:00Z;240;569;0;809;809;24279[Konstabler];2021-11-07T21:02:00.670Z
0.5117371;open;2021-11-07T20:57:00Z;218;208;0;426;426;18497[Hauptwache];2021-11-07T21:02:00.670Z
0.42205882;open;2021-11-07T20:57:00Z;287;393;0;680;680;18495[Am Gericht];2021-11-07T21:02:00.670Z
0.4731861;open;2021-11-07T20:57:00Z;300;334;0;634;634;18494[Konrad-Adenauer-Straße];2021-11-07T21:02:00.670Z
0.235;open;2021-11-07T21:22:00Z;47;153;150;350;200;24276[Turmcenter];2021-11-07T21:27:00.500Z
0.15479116;open;2021-11-07T21:22:00Z;63;344;0;407;407;18944[Alte Oper];2021-11-07T21:27:00.500Z
0.013736264;open;2021-11-07T21:22:00Z;5;359;0;364;364;24281[Hauptbahnhof Süd];2021-11-07T21:27:00.500Z
0.28059334;open;2021-11-07T21:22:00Z;227;582;0;809;809;24279[Konstabler];2021-11-07T21:27:00.500Z
0.4976526;open;2021-11-07T21:22:00Z;212;214;0;426;426;18497[Hauptwache];2021-11-07T21:27:00.500Z
0.41911766;open;2021-11-07T21:22:00Z;285;395;0;680;680;18495[Am Gericht];2021-11-07T21:27:00.500Z
0.47949526;open;2021-11-07T21:22:00Z;304;330;0;634;634;18494[Konrad-Adenauer-Straße];2021-11-07T21:27:00.500Z
0.2;open;2021-11-07T21:32:00Z;40;160;150;350;200;24276[Turmcenter];2021-11-07T21:37:01.037Z
0.15724815;open;2021-11-07T21:32:00Z;64;343;0;407;407;18944[Alte Oper];2021-11-07T21:37:01.037Z
0.013736264;open;2021-11-07T21:32:00Z;5;359;0;364;364;24281[Hauptbahnhof Süd];2021-11-07T21:37:01.037Z
0.27812114;open;2021-11-07T21:32:00Z;225;584;0;809;809;24279[Konstabler];2021-11-07T21:37:01.037Z
0.49061033;open;2021-11-07T21:32:00Z;209;217;0;426;426;18497[Hauptwache];2021-11-07T21:37:01.037Z
0.41470587;open;2021-11-07T21:32:00Z;282;398;0;680;680;18495[Am Gericht];2021-11-07T21:37:01.037Z
0.4873817;open;2021-11-07T21:32:00Z;309;325;0;634;634;18494[Konrad-Adenauer-Straße];2021-11-07T21:37:01.037Z
0.185;open;2021-11-07T21:43:00Z;37;163;150;350;200;24276[Turmcenter];2021-11-07T21:47:02.689Z
0.15724815;open;2021-11-07T21:43:00Z;64;343;0;407;407;18944[Alte Oper];2021-11-07T21:47:02.689Z
0.010989011;open;2021-11-07T21:43:00Z;4;360;0;364;364;24281[Hauptbahnhof Süd];2021-11-07T21:47:02.689Z
0.27812114;open;2021-11-07T21:43:00Z;225;584;0;809;809;24279[Konstabler];2021-11-07T21:47:02.689Z
0.48591548;open;2021-11-07T21:43:00Z;207;219;0;426;426;18497[Hauptwache];2021-11-07T21:47:02.689Z
0.4132353;open;2021-11-07T21:43:00Z;281;399;0;680;680;18495[Am Gericht];2021-11-07T21:47:02.689Z
0.47791797;open;2021-11-07T21:43:00Z;303;331;0;634;634;18494[Konrad-Adenauer-Straße];2021-11-07T21:47:02.689Z
0.16;open;2021-11-07T21:58:00Z;32;168;150;350;200;24276[Turmcenter];2021-11-07T22:02:02.712Z
0.15233415;open;2021-11-07T21:58:00Z;62;345;0;407;407;18944[Alte Oper];2021-11-07T22:02:02.712Z
0.010989011;open;2021-11-07T21:58:00Z;4;360;0;364;364;24281[Hauptbahnhof Süd];2021-11-07T22:02:02.712Z
0.27441284;open;2021-11-07T21:58:00Z;222;587;0;809;809;24279[Konstabler];2021-11-07T22:02:02.712Z
0.48356807;open;2021-11-07T21:58:00Z;206;220;0;426;426;18497[Hauptwache];2021-11-07T22:02:02.712Z
0.4117647;open;2021-11-07T21:58:00Z;280;400;0;680;680;18495[Am Gericht];2021-11-07T22:02:02.712Z
0.47949526;open;2021-11-07T21:58:00Z;304;330;0;634;634;18494[Konrad-Adenauer-Straße];2021-11-07T22:02:02.712Z
0.075;open;2021-11-07T22:24:00Z;15;185;150;350;200;24276[Turmcenter];2021-11-07T22:27:00.826Z
0.14496315;open;2021-11-07T22:24:00Z;59;348;0;407;407;18944[Alte Oper];2021-11-07T22:27:00.826Z
0.008241759;open;2021-11-07T22:24:00Z;3;361;0;364;364;24281[Hauptbahnhof Süd];2021-11-07T22:27:00.826Z
0.27194068;open;2021-11-07T22:24:00Z;220;589;0;809;809;24279[Konstabler];2021-11-07T22:27:00.826Z
0.48122066;open;2021-11-07T22:24:00Z;205;221;0;426;426;18497[Hauptwache];2021-11-07T22:27:00.826Z
0.4117647;open;2021-11-07T22:24:00Z;280;400;0;680;680;18495[Am Gericht];2021-11-07T22:27:00.826Z
0.48107255;open;2021-11-07T22:24:00Z;305;329;0;634;634;18494[Konrad-Adenauer-Straße];2021-11-07T22:27:00.826Z
0.035;open;2021-11-07T22:39:00Z;7;193;150;350;200;24276[Turmcenter];2021-11-07T22:42:02.364Z
0.14496315;open;2021-11-07T22:39:00Z;59;348;0;407;407;18944[Alte Oper];2021-11-07T22:42:02.364Z
0.008241759;open;2021-11-07T22:39:00Z;3;361;0;364;364;24281[Hauptbahnhof Süd];2021-11-07T22:42:02.364Z
0.27070457;open;2021-11-07T22:39:00Z;219;590;0;809;809;24279[Konstabler];2021-11-07T22:42:02.364Z
0.48122066;open;2021-11-07T22:39:00Z;205;221;0;426;426;18497[Hauptwache];2021-11-07T22:42:02.364Z
0.4132353;open;2021-11-07T22:39:00Z;281;399;0;680;680;18495[Am Gericht];2021-11-07T22:42:02.364Z
0.09469303;open;2021-11-07T22:39:00Z;91;870;70;1031;961;109240[MyZeil];2021-11-07T22:42:02.364Z
0.47791797;open;2021-11-07T22:39:00Z;303;331;0;634;634;18494[Konrad-Adenauer-Straße];2021-11-07T22:42:02.364Z
0.005;open;2021-11-07T22:55:00Z;1;199;150;350;200;24276[Turmcenter];2021-11-07T22:57:01.357Z
0.14004914;open;2021-11-07T22:55:00Z;57;350;0;407;407;18944[Alte Oper];2021-11-07T22:57:01.357Z
0.008241759;open;2021-11-07T22:55:00Z;3;361;0;364;364;24281[Hauptbahnhof Süd];2021-11-07T22:57:01.357Z
0.27070457;open;2021-11-07T22:55:00Z;219;590;0;809;809;24279[Konstabler];2021-11-07T22:57:01.357Z
0.48122066;open;2021-11-07T22:55:00Z;205;221;0;426;426;18497[Hauptwache];2021-11-07T22:57:01.357Z
0.4132353;open;2021-11-07T22:55:00Z;281;399;0;680;680;18495[Am Gericht];2021-11-07T22:57:01.357Z
0.47634068;open;2021-11-07T22:55:00Z;302;332;0;634;634;18494[Konrad-Adenauer-Straße];2021-11-07T22:57:01.357Z
0.005;open;2021-11-07T23:21:00Z;1;199;150;350;200;24276[Turmcenter];2021-11-07T23:22:00.936Z
0.13267814;open;2021-11-07T23:21:00Z;54;353;0;407;407;18944[Alte Oper];2021-11-07T23:22:00.936Z
0.008241759;open;2021-11-07T23:21:00Z;3;361;0;364;364;24281[Hauptbahnhof Süd];2021-11-07T23:22:00.936Z
0.26823238;open;2021-11-07T23:21:00Z;217;592;0;809;809;24279[Konstabler];2021-11-07T23:22:00.936Z
0.47887325;open;2021-11-07T23:21:00Z;204;222;0;426;426;18497[Hauptwache];2021-11-07T23:22:00.936Z
0;closed;2021-11-07T23:21:00Z;;399;0;0;0;18495[Am Gericht];2021-11-07T23:22:00.936Z
0.08324662;open;2021-11-07T23:21:00Z;80;881;70;1031;961;109240[MyZeil];2021-11-07T23:22:00.936Z
0.47634068;open;2021-11-07T23:21:00Z;302;332;0;634;634;18494[Konrad-Adenauer-Straße];2021-11-07T23:22:00.936Z
0.005;open;2021-11-07T23:31:00Z;1;199;150;350;200;24276[Turmcenter];2021-11-07T23:32:02.894Z
0.12776412;open;2021-11-07T23:31:00Z;52;355;0;407;407;18944[Alte Oper];2021-11-07T23:32:02.894Z
0.008241759;open;2021-11-07T23:31:00Z;3;361;0;364;364;24281[Hauptbahnhof Süd];2021-11-07T23:32:02.894Z
0.26823238;open;2021-11-07T23:31:00Z;217;592;0;809;809;24279[Konstabler];2021-11-07T23:32:02.894Z
0.47887325;open;2021-11-07T23:31:00Z;204;222;0;426;426;18497[Hauptwache];2021-11-07T23:32:02.894Z
0;closed;2021-11-07T23:31:00Z;;399;0;0;0;18495[Am Gericht];2021-11-07T23:32:02.894Z
0.47634068;open;2021-11-07T23:31:00Z;302;332;0;634;634;18494[Konrad-Adenauer-Straße];2021-11-07T23:32:02.894Z
0.005;open;2021-11-07T23:46:00Z;1;199;150;350;200;24276[Turmcenter];2021-11-07T23:47:00.644Z
0.12776412;open;2021-11-07T23:46:00Z;52;355;0;407;407;18944[Alte Oper];2021-11-07T23:47:00.644Z
0.008241759;open;2021-11-07T23:46:00Z;3;361;0;364;364;24281[Hauptbahnhof Süd];2021-11-07T23:47:00.644Z
0.27070457;open;2021-11-07T23:46:00Z;219;590;0;809;809;24279[Konstabler];2021-11-07T23:47:00.644Z
0.47887325;open;2021-11-07T23:46:00Z;204;222;0;426;426;18497[Hauptwache];2021-11-07T23:47:00.644Z
0;closed;2021-11-07T23:46:00Z;;399;0;0;0;18495[Am Gericht];2021-11-07T23:47:00.644Z
0.47634068;open;2021-11-07T23:46:00Z;302;332;0;634;634;18494[Konrad-Adenauer-Straße];2021-11-07T23:47:00.644Z
0.005;open;2021-11-08T00:01:00Z;1;199;150;350;200;24276[Turmcenter];2021-11-08T00:02:02.877Z
0.12530713;open;2021-11-08T00:01:00Z;51;356;0;407;407;18944[Alte Oper];2021-11-08T00:02:02.877Z
0.0054945056;open;2021-11-08T00:01:00Z;2;362;0;364;364;24281[Hauptbahnhof Süd];2021-11-08T00:02:02.877Z
0.27070457;open;2021-11-08T00:01:00Z;219;590;0;809;809;24279[Konstabler];2021-11-08T00:02:02.877Z
0.47887325;open;2021-11-08T00:01:00Z;204;222;0;426;426;18497[Hauptwache];2021-11-08T00:02:02.877Z
0;closed;2021-11-08T00:01:00Z;;399;0;0;0;18495[Am Gericht];2021-11-08T00:02:02.877Z
0.08220603;open;2021-11-08T00:01:00Z;79;882;70;1031;961;109240[MyZeil];2021-11-08T00:02:02.877Z
0.47634068;open;2021-11-08T00:01:00Z;302;332;0;634;634;18494[Konrad-Adenauer-Straße];2021-11-08T00:02:02.877Z
0.005;open;2021-11-08T01:08:00Z;1;199;150;350;200;24276[Turmcenter];2021-11-08T01:12:00.954Z
0.12039312;open;2021-11-08T01:08:00Z;49;358;0;407;407;18944[Alte Oper];2021-11-08T01:12:00.954Z
0.0054945056;open;2021-11-08T01:08:00Z;2;362;0;364;364;24281[Hauptbahnhof Süd];2021-11-08T01:12:00.954Z
0.26823238;open;2021-11-08T01:08:00Z;217;592;0;809;809;24279[Konstabler];2021-11-08T01:12:00.954Z
0.4765258;open;2021-11-08T01:08:00Z;203;223;0;426;426;18497[Hauptwache];2021-11-08T01:12:00.954Z
0;closed;2021-11-08T01:08:00Z;;399;0;0;0;18495[Am Gericht];2021-11-08T01:12:00.954Z
0.47634068;open;2021-11-08T01:08:00Z;302;332;0;634;634;18494[Konrad-Adenauer-Straße];2021-11-08T01:12:00.954Z
0.005;open;2021-11-08T02:04:00Z;1;199;150;350;200;24276[Turmcenter];2021-11-08T02:07:02.620Z
0.12039312;open;2021-11-08T02:04:00Z;49;358;0;407;407;18944[Alte Oper];2021-11-08T02:07:02.620Z
0.0027472528;open;2021-11-08T02:04:00Z;1;363;0;364;364;24281[Hauptbahnhof Süd];2021-11-08T02:07:02.620Z
0.27070457;open;2021-11-08T02:04:00Z;219;590;0;809;809;24279[Konstabler];2021-11-08T02:07:02.620Z
0.4765258;open;2021-11-08T02:04:00Z;203;223;0;426;426;18497[Hauptwache];2021-11-08T02:07:02.620Z
0;closed;2021-11-08T02:04:00Z;;399;0;0;0;18495[Am Gericht];2021-11-08T02:07:02.620Z
0.47791797;open;2021-11-08T02:04:00Z;303;331;0;634;634;18494[Konrad-Adenauer-Straße];2021-11-08T02:07:02.620Z
0.01;open;2021-11-08T02:39:00Z;2;198;150;350;200;24276[Turmcenter];2021-11-08T02:42:02.791Z
0.12039312;open;2021-11-08T02:39:00Z;49;358;0;407;407;18944[Alte Oper];2021-11-08T02:42:02.791Z
0.0027472528;open;2021-11-08T02:39:00Z;1;363;0;364;364;24281[Hauptbahnhof Süd];2021-11-08T02:42:02.791Z
0.2694685;open;2021-11-08T02:39:00Z;218;591;0;809;809;24279[Konstabler];2021-11-08T02:42:02.791Z
0.4765258;open;2021-11-08T02:39:00Z;203;223;0;426;426;18497[Hauptwache];2021-11-08T02:42:02.791Z
0;closed;2021-11-08T02:39:00Z;;399;0;0;0;18495[Am Gericht];2021-11-08T02:42:02.791Z
0.08324662;open;2021-11-08T02:39:00Z;80;881;70;1031;961;109240[MyZeil];2021-11-08T02:42:02.791Z
0.47791797;open;2021-11-08T02:39:00Z;303;331;0;634;634;18494[Konrad-Adenauer-Straße];2021-11-08T02:42:02.791Z
0.01;open;2021-11-08T02:54:00Z;2;198;150;350;200;24276[Turmcenter];2021-11-08T02:57:02.495Z
0.12039312;open;2021-11-08T02:54:00Z;49;358;0;407;407;18944[Alte Oper];2021-11-08T02:57:02.495Z
0.0027472528;open;2021-11-08T02:54:00Z;1;363;0;364;364;24281[Hauptbahnhof Süd];2021-11-08T02:57:02.495Z
0.2694685;open;2021-11-08T02:54:00Z;218;591;0;809;809;24279[Konstabler];2021-11-08T02:57:02.495Z
0.4765258;open;2021-11-08T02:54:00Z;203;223;0;426;426;18497[Hauptwache];2021-11-08T02:57:02.495Z
0;closed;2021-11-08T02:54:00Z;;399;0;0;0;18495[Am Gericht];2021-11-08T02:57:02.495Z
0.47791797;open;2021-11-08T02:54:00Z;303;331;0;634;634;18494[Konrad-Adenauer-Straße];2021-11-08T02:57:02.495Z
0.01;open;2021-11-08T03:14:00Z;2;198;150;350;200;24276[Turmcenter];2021-11-08T03:17:00.321Z
0.12039312;open;2021-11-08T03:14:00Z;49;358;0;407;407;18944[Alte Oper];2021-11-08T03:17:00.321Z
0.0027472528;open;2021-11-08T03:14:00Z;1;363;0;364;364;24281[Hauptbahnhof Süd];2021-11-08T03:17:00.321Z
0.2694685;open;2021-11-08T03:14:00Z;218;591;0;809;809;24279[Konstabler];2021-11-08T03:17:00.321Z
0.4765258;open;2021-11-08T03:14:00Z;203;223;0;426;426;18497[Hauptwache];2021-11-08T03:17:00.321Z
0;closed;2021-11-08T03:14:00Z;;;0;0;0;18495[Am Gericht];2021-11-08T03:17:00.321Z
0.48107255;open;2021-11-08T03:14:00Z;305;329;0;634;634;18494[Konrad-Adenauer-Straße];2021-11-08T03:17:00.321Z
0.01;open;2021-11-08T03:34:00Z;2;198;150;350;200;24276[Turmcenter];2021-11-08T03:37:02.822Z
0.12039312;open;2021-11-08T03:34:00Z;49;358;0;407;407;18944[Alte Oper];2021-11-08T03:37:02.822Z
0.008241759;open;2021-11-08T03:34:00Z;3;361;0;364;364;24281[Hauptbahnhof Süd];2021-11-08T03:37:02.822Z
0.2694685;open;2021-11-08T03:34:00Z;218;591;0;809;809;24279[Konstabler];2021-11-08T03:37:02.822Z
0.4765258;open;2021-11-08T03:34:00Z;203;223;0;426;426;18497[Hauptwache];2021-11-08T03:37:02.822Z
0;closed;2021-11-08T03:34:00Z;;;0;0;0;18495[Am Gericht];2021-11-08T03:37:02.822Z
0.48264983;open;2021-11-08T03:34:00Z;306;328;0;634;634;18494[Konrad-Adenauer-Straße];2021-11-08T03:37:02.822Z
0.01;open;2021-11-08T03:44:00Z;2;198;150;350;200;24276[Turmcenter];2021-11-08T03:47:00.608Z
0.12039312;open;2021-11-08T03:44:00Z;49;358;0;407;407;18944[Alte Oper];2021-11-08T03:47:00.608Z
0.008241759;open;2021-11-08T03:44:00Z;3;361;0;364;364;24281[Hauptbahnhof Süd];2021-11-08T03:47:00.608Z
0.2694685;open;2021-11-08T03:44:00Z;218;591;0;809;809;24279[Konstabler];2021-11-08T03:47:00.608Z
0.4765258;open;2021-11-08T03:44:00Z;203;223;0;426;426;18497[Hauptwache];2021-11-08T03:47:00.608Z
0;closed;2021-11-08T03:44:00Z;;;0;0;0;18495[Am Gericht];2021-11-08T03:47:00.608Z
0.08324662;open;2021-11-08T03:44:00Z;80;881;70;1031;961;109240[MyZeil];2021-11-08T03:47:00.608Z
0.48107255;open;2021-11-08T03:44:00Z;305;329;0;634;634;18494[Konrad-Adenauer-Straße];2021-11-08T03:47:00.608Z
0.01;open;2021-11-08T03:59:00Z;2;198;150;350;200;24276[Turmcenter];2021-11-08T04:02:01.076Z
0.12039312;open;2021-11-08T03:59:00Z;49;358;0;407;407;18944[Alte Oper];2021-11-08T04:02:01.076Z
0.008241759;open;2021-11-08T03:59:00Z;3;361;0;364;364;24281[Hauptbahnhof Süd];2021-11-08T04:02:01.076Z
0.2694685;open;2021-11-08T03:59:00Z;218;591;0;809;809;24279[Konstabler];2021-11-08T04:02:01.076Z
0.4765258;open;2021-11-08T03:59:00Z;203;223;0;426;426;18497[Hauptwache];2021-11-08T04:02:01.076Z
0;closed;2021-11-08T03:59:00Z;;;0;0;0;18495[Am Gericht];2021-11-08T04:02:01.076Z
0.48107255;open;2021-11-08T03:59:00Z;305;329;0;634;634;18494[Konrad-Adenauer-Straße];2021-11-08T04:02:01.076Z
0.01;open;2021-11-08T04:29:00Z;2;198;150;350;200;24276[Turmcenter];2021-11-08T04:32:02.506Z
0.12039312;open;2021-11-08T04:29:00Z;49;358;0;407;407;18944[Alte Oper];2021-11-08T04:32:02.506Z
0.008241759;open;2021-11-08T04:29:00Z;3;361;0;364;364;24281[Hauptbahnhof Süd];2021-11-08T04:32:02.506Z
0.2694685;open;2021-11-08T04:29:00Z;218;591;0;809;809;24279[Konstabler];2021-11-08T04:32:02.506Z
0.4765258;open;2021-11-08T04:29:00Z;203;223;0;426;426;18497[Hauptwache];2021-11-08T04:32:02.506Z
0;closed;2021-11-08T04:29:00Z;;;0;0;0;18495[Am Gericht];2021-11-08T04:32:02.506Z
0.48264983;open;2021-11-08T04:29:00Z;306;328;0;634;634;18494[Konrad-Adenauer-Straße];2021-11-08T04:32:02.506Z
0.01;open;2021-11-08T04:55:00Z;2;198;150;350;200;24276[Turmcenter];2021-11-08T04:57:00.160Z
0.12776412;open;2021-11-08T04:55:00Z;52;355;0;407;407;18944[Alte Oper];2021-11-08T04:57:00.160Z
0.021978023;open;2021-11-08T04:55:00Z;8;356;0;364;364;24281[Hauptbahnhof Süd];2021-11-08T04:57:00.160Z
0.26823238;open;2021-11-08T04:55:00Z;217;592;0;809;809;24279[Konstabler];2021-11-08T04:57:00.160Z
0.4765258;open;2021-11-08T04:55:00Z;203;223;0;426;426;18497[Hauptwache];2021-11-08T04:57:00.160Z
0;closed;2021-11-08T04:55:00Z;;;0;0;0;18495[Am Gericht];2021-11-08T04:57:00.160Z
0.48422712;open;2021-11-08T04:55:00Z;307;327;0;634;634;18494[Konrad-Adenauer-Straße];2021-11-08T04:57:00.160Z
0.013333334;open;2021-11-08T05:15:00Z;2;148;200;350;150;24276[Turmcenter];2021-11-08T05:17:02.335Z
0.12530713;open;2021-11-08T05:15:00Z;51;356;0;407;407;18944[Alte Oper];2021-11-08T05:17:02.335Z
0.06318682;open;2021-11-08T05:15:00Z;23;341;0;364;364;24281[Hauptbahnhof Süd];2021-11-08T05:17:02.335Z
0.27070457;open;2021-11-08T05:15:00Z;219;590;0;809;809;24279[Konstabler];2021-11-08T05:17:02.335Z
0.4765258;open;2021-11-08T05:15:00Z;203;223;0;426;426;18497[Hauptwache];2021-11-08T05:17:02.335Z
0.43676472;open;2021-11-08T05:15:00Z;297;383;0;680;680;18495[Am Gericht];2021-11-08T05:17:02.335Z
0.4858044;open;2021-11-08T05:15:00Z;308;326;0;634;634;18494[Konrad-Adenauer-Straße];2021-11-08T05:17:02.335Z
0.013333334;open;2021-11-08T05:30:00Z;2;148;200;350;150;24276[Turmcenter];2021-11-08T05:32:01.896Z
0.13267814;open;2021-11-08T05:30:00Z;54;353;0;407;407;18944[Alte Oper];2021-11-08T05:32:01.896Z
0.082417585;open;2021-11-08T05:30:00Z;30;334;0;364;364;24281[Hauptbahnhof Süd];2021-11-08T05:32:01.896Z
0.27317676;open;2021-11-08T05:30:00Z;221;588;0;809;809;24279[Konstabler];2021-11-08T05:32:01.896Z
0.47887325;open;2021-11-08T05:30:00Z;204;222;0;426;426;18497[Hauptwache];2021-11-08T05:32:01.896Z
0.44852942;open;2021-11-08T05:30:00Z;305;375;0;680;680;18495[Am Gericht];2021-11-08T05:32:01.896Z
0.4858044;open;2021-11-08T05:30:00Z;308;326;0;634;634;18494[Konrad-Adenauer-Straße];2021-11-08T05:32:01.896Z
0.02;open;2021-11-08T05:40:00Z;3;147;200;350;150;24276[Turmcenter];2021-11-08T05:42:00.017Z
0.13513513;open;2021-11-08T05:40:00Z;55;352;0;407;407;18944[Alte Oper];2021-11-08T05:42:00.017Z
0.093406595;open;2021-11-08T05:40:00Z;34;330;0;364;364;24281[Hauptbahnhof Süd];2021-11-08T05:42:00.017Z
0.27441284;open;2021-11-08T05:40:00Z;222;587;0;809;809;24279[Konstabler];2021-11-08T05:42:00.017Z
0.47887325;open;2021-11-08T05:40:00Z;204;222;0;426;426;18497[Hauptwache];2021-11-08T05:42:00.017Z
0.45882353;open;2021-11-08T05:40:00Z;312;368;0;680;680;18495[Am Gericht];2021-11-08T05:42:00.017Z
0.09151786;open;2021-11-08T05:40:00Z;82;814;70;966;896;109240[MyZeil];2021-11-08T05:42:00.017Z
0.48895898;open;2021-11-08T05:40:00Z;310;324;0;634;634;18494[Konrad-Adenauer-Straße];2021-11-08T05:42:00.017Z
0.18666667;open;2021-11-08T05:55:00Z;28;122;200;350;150;24276[Turmcenter];2021-11-08T05:57:02.669Z
0.13513513;open;2021-11-08T05:55:00Z;55;352;0;407;407;18944[Alte Oper];2021-11-08T05:57:02.669Z
0.10989011;open;2021-11-08T05:55:00Z;40;324;0;364;364;24281[Hauptbahnhof Süd];2021-11-08T05:57:02.669Z
0.27441284;open;2021-11-08T05:55:00Z;222;587;0;809;809;24279[Konstabler];2021-11-08T05:57:02.669Z
0.48356807;open;2021-11-08T05:55:00Z;206;220;0;426;426;18497[Hauptwache];2021-11-08T05:57:02.669Z
0.45735294;open;2021-11-08T05:55:00Z;311;369;0;680;680;18495[Am Gericht];2021-11-08T05:57:02.669Z
0.092633925;open;2021-11-08T05:55:00Z;83;813;70;966;896;109240[MyZeil];2021-11-08T05:57:02.669Z
0.49684542;open;2021-11-08T05:55:00Z;315;319;0;634;634;18494[Konrad-Adenauer-Straße];2021-11-08T05:57:02.669Z
0.2;open;2021-11-08T06:25:00Z;30;120;200;350;150;24276[Turmcenter];2021-11-08T06:27:00.520Z
0.14250614;open;2021-11-08T06:25:00Z;58;349;0;407;407;18944[Alte Oper];2021-11-08T06:27:00.520Z
0.12912089;open;2021-11-08T06:25:00Z;47;317;0;364;364;24281[Hauptbahnhof Süd];2021-11-08T06:27:00.520Z
0.2694685;open;2021-11-08T06:25:00Z;218;591;0;809;809;24279[Konstabler];2021-11-08T06:27:00.520Z
0.49295774;open;2021-11-08T06:25:00Z;210;216;0;426;426;18497[Hauptwache];2021-11-08T06:27:00.520Z
0.475;open;2021-11-08T06:25:00Z;323;357;0;680;680;18495[Am Gericht];2021-11-08T06:27:00.520Z
0.50157726;open;2021-11-08T06:25:00Z;318;316;0;634;634;18494[Konrad-Adenauer-Straße];2021-11-08T06:27:00.520Z
0.28666666;open;2021-11-08T06:50:00Z;43;107;200;350;150;24276[Turmcenter];2021-11-08T06:52:02.746Z
0.14987715;open;2021-11-08T06:50:00Z;61;346;0;407;407;18944[Alte Oper];2021-11-08T06:52:02.746Z
0.17582418;open;2021-11-08T06:50:00Z;64;300;0;364;364;24281[Hauptbahnhof Süd];2021-11-08T06:52:02.746Z
0.28800988;open;2021-11-08T06:50:00Z;233;576;0;809;809;24279[Konstabler];2021-11-08T06:52:02.746Z
0.5117371;open;2021-11-08T06:50:00Z;218;208;0;426;426;18497[Hauptwache];2021-11-08T06:52:02.746Z
0.5132353;open;2021-11-08T06:50:00Z;349;331;0;680;680;18495[Am Gericht];2021-11-08T06:52:02.746Z
0.5205047;open;2021-11-08T06:50:00Z;330;304;0;634;634;18494[Konrad-Adenauer-Straße];2021-11-08T06:52:02.746Z
0.32;open;2021-11-08T06:55:00Z;48;102;200;350;150;24276[Turmcenter];2021-11-08T06:57:02.332Z
0.15233415;open;2021-11-08T06:55:00Z;62;345;0;407;407;18944[Alte Oper];2021-11-08T06:57:02.332Z
0.18956044;open;2021-11-08T06:55:00Z;69;295;0;364;364;24281[Hauptbahnhof Süd];2021-11-08T06:57:02.332Z
0.289246;open;2021-11-08T06:55:00Z;234;575;0;809;809;24279[Konstabler];2021-11-08T06:57:02.332Z
0.5164319;open;2021-11-08T06:55:00Z;220;206;0;426;426;18497[Hauptwache];2021-11-08T06:57:02.332Z
0.5235294;open;2021-11-08T06:55:00Z;356;324;0;680;680;18495[Am Gericht];2021-11-08T06:57:02.332Z
0.52208203;open;2021-11-08T06:55:00Z;331;303;0;634;634;18494[Konrad-Adenauer-Straße];2021-11-08T06:57:02.332Z
0.50666666;open;2021-11-08T07:25:00Z;76;74;200;350;150;24276[Turmcenter];2021-11-08T07:27:00.895Z
0.22358723;open;2021-11-08T07:25:00Z;91;316;0;407;407;18944[Alte Oper];2021-11-08T07:27:00.895Z
0.21428572;open;2021-11-08T07:25:00Z;78;286;0;364;364;24281[Hauptbahnhof Süd];2021-11-08T07:27:00.895Z
0.31273177;open;2021-11-08T07:25:00Z;253;556;0;809;809;24279[Konstabler];2021-11-08T07:27:00.895Z
0.5516432;open;2021-11-08T07:25:00Z;235;191;0;426;426;18497[Hauptwache];2021-11-08T07:27:00.895Z
0.56764704;open;2021-11-08T07:25:00Z;386;294;0;680;680;18495[Am Gericht];2021-11-08T07:27:00.895Z
0.5457413;open;2021-11-08T07:25:00Z;346;288;0;634;634;18494[Konrad-Adenauer-Straße];2021-11-08T07:27:00.895Z
0.62;open;2021-11-08T07:40:00Z;93;57;200;350;150;24276[Turmcenter];2021-11-08T07:42:00.889Z
0.24078624;open;2021-11-08T07:40:00Z;98;309;0;407;407;18944[Alte Oper];2021-11-08T07:42:00.889Z
0.2445055;open;2021-11-08T07:40:00Z;89;275;0;364;364;24281[Hauptbahnhof Süd];2021-11-08T07:42:00.889Z
0.33127317;open;2021-11-08T07:40:00Z;268;541;0;809;809;24279[Konstabler];2021-11-08T07:42:00.889Z
0.58215964;open;2021-11-08T07:40:00Z;248;178;0;426;426;18497[Hauptwache];2021-11-08T07:42:00.889Z
0.5955882;open;2021-11-08T07:40:00Z;405;275;0;680;680;18495[Am Gericht];2021-11-08T07:42:00.889Z
0.13616072;open;2021-11-08T07:40:00Z;122;774;70;966;896;109240[MyZeil];2021-11-08T07:42:00.889Z
0.5583596;open;2021-11-08T07:40:00Z;354;280;0;634;634;18494[Konrad-Adenauer-Straße];2021-11-08T07:42:00.889Z
0.72;open;2021-11-08T07:51:00Z;108;42;200;350;150;24276[Turmcenter];2021-11-08T07:52:00.349Z
0.26535627;open;2021-11-08T07:51:00Z;108;299;0;407;407;18944[Alte Oper];2021-11-08T07:52:00.349Z
0.26373628;open;2021-11-08T07:51:00Z;96;268;0;364;364;24281[Hauptbahnhof Süd];2021-11-08T07:52:00.349Z
0.33992583;open;2021-11-08T07:51:00Z;275;534;0;809;809;24279[Konstabler];2021-11-08T07:52:00.349Z
0.59624416;open;2021-11-08T07:51:00Z;254;172;0;426;426;18497[Hauptwache];2021-11-08T07:52:00.349Z
0.61764705;open;2021-11-08T07:51:00Z;420;260;0;680;680;18495[Am Gericht];2021-11-08T07:52:00.349Z
0.14285715;open;2021-11-08T07:51:00Z;128;768;70;966;896;109240[MyZeil];2021-11-08T07:52:00.349Z
0.56624603;open;2021-11-08T07:51:00Z;359;275;0;634;634;18494[Konrad-Adenauer-Straße];2021-11-08T07:52:00.349Z
0.85333335;open;2021-11-08T08:06:00Z;128;22;200;350;150;24276[Turmcenter];2021-11-08T08:07:02.104Z
0.32186732;open;2021-11-08T08:06:00Z;131;276;0;407;407;18944[Alte Oper];2021-11-08T08:07:02.104Z
0.2857143;open;2021-11-08T08:06:00Z;104;260;0;364;364;24281[Hauptbahnhof Süd];2021-11-08T08:07:02.104Z
0.35475895;open;2021-11-08T08:06:00Z;287;522;0;809;809;24279[Konstabler];2021-11-08T08:07:02.104Z
0.6103286;open;2021-11-08T08:06:00Z;260;166;0;426;426;18497[Hauptwache];2021-11-08T08:07:02.104Z
0.6514706;open;2021-11-08T08:06:00Z;443;237;0;680;680;18495[Am Gericht];2021-11-08T08:07:02.104Z
0.5820189;open;2021-11-08T08:06:00Z;369;265;0;634;634;18494[Konrad-Adenauer-Straße];2021-11-08T08:07:02.104Z
0.79333335;open;2021-11-08T08:31:00Z;119;31;200;350;150;24276[Turmcenter];2021-11-08T08:32:02.520Z
0.35872236;open;2021-11-08T08:31:00Z;146;261;0;407;407;18944[Alte Oper];2021-11-08T08:32:02.520Z
0.33791208;open;2021-11-08T08:31:00Z;123;241;0;364;364;24281[Hauptbahnhof Süd];2021-11-08T08:32:02.520Z
0.37948084;open;2021-11-08T08:31:00Z;307;502;0;809;809;24279[Konstabler];2021-11-08T08:32:02.520Z
0.6643193;open;2021-11-08T08:31:00Z;283;143;0;426;426;18497[Hauptwache];2021-11-08T08:32:02.520Z
0.72205883;open;2021-11-08T08:31:00Z;491;189;0;680;680;18495[Am Gericht];2021-11-08T08:32:02.520Z
0.16964285;open;2021-11-08T08:31:00Z;152;744;70;966;896;109240[MyZeil];2021-11-08T08:32:02.520Z
0.6025237;open;2021-11-08T08:31:00Z;382;252;0;634;634;18494[Konrad-Adenauer-Straße];2021-11-08T08:32:02.520Z
0.8066667;open;2021-11-08T08:46:00Z;121;29;200;350;150;24276[Turmcenter];2021-11-08T08:47:01.814Z
0.3955774;open;2021-11-08T08:46:00Z;161;246;0;407;407;18944[Alte Oper];2021-11-08T08:47:01.814Z
0.35164836;open;2021-11-08T08:46:00Z;128;236;0;364;364;24281[Hauptbahnhof Süd];2021-11-08T08:47:01.814Z
0.4103832;open;2021-11-08T08:46:00Z;332;477;0;809;809;24279[Konstabler];2021-11-08T08:47:01.814Z
0.69248825;open;2021-11-08T08:46:00Z;295;131;0;426;426;18497[Hauptwache];2021-11-08T08:47:01.814Z
0.75;open;2021-11-08T08:46:00Z;510;170;0;680;680;18495[Am Gericht];2021-11-08T08:47:01.814Z
0.18080357;open;2021-11-08T08:46:00Z;162;734;70;966;896;109240[MyZeil];2021-11-08T08:47:01.814Z
0.6230284;open;2021-11-08T08:46:00Z;395;239;0;634;634;18494[Konrad-Adenauer-Straße];2021-11-08T08:47:01.814Z
0.8933333;open;2021-11-08T09:01:00Z;134;16;200;350;150;24276[Turmcenter];2021-11-08T09:02:01.875Z
0.44963145;open;2021-11-08T09:01:00Z;183;224;0;407;407;18944[Alte Oper];2021-11-08T09:02:01.875Z
0.35714287;open;2021-11-08T09:01:00Z;130;234;0;364;364;24281[Hauptbahnhof Süd];2021-11-08T09:02:01.875Z
0.44499382;open;2021-11-08T09:01:00Z;360;449;0;809;809;24279[Konstabler];2021-11-08T09:02:01.875Z
0.73239434;open;2021-11-08T09:01:00Z;312;114;0;426;426;18497[Hauptwache];2021-11-08T09:02:01.875Z
0.7705882;open;2021-11-08T09:01:00Z;524;156;0;680;680;18495[Am Gericht];2021-11-08T09:02:01.875Z
0.6324921;open;2021-11-08T09:01:00Z;401;233;0;634;634;18494[Konrad-Adenauer-Straße];2021-11-08T09:02:01.875Z
0.88666666;open;2021-11-08T09:26:00Z;133;17;200;350;150;24276[Turmcenter];2021-11-08T09:27:00.226Z
0.5012285;open;2021-11-08T09:26:00Z;204;203;0;407;407;18944[Alte Oper];2021-11-08T09:27:00.226Z
0.40934065;open;2021-11-08T09:26:00Z;149;215;0;364;364;24281[Hauptbahnhof Süd];2021-11-08T09:27:00.226Z
0.5105068;open;2021-11-08T09:26:00Z;413;396;0;809;809;24279[Konstabler];2021-11-08T09:27:00.226Z
0.80046946;open;2021-11-08T09:26:00Z;341;85;0;426;426;18497[Hauptwache];2021-11-08T09:27:00.226Z
0.8132353;open;2021-11-08T09:26:00Z;553;127;0;680;680;18495[Am Gericht];2021-11-08T09:27:00.226Z
0.22433035;open;2021-11-08T09:26:00Z;201;695;70;966;896;109240[MyZeil];2021-11-08T09:27:00.226Z
0.6514196;open;2021-11-08T09:26:00Z;413;221;0;634;634;18494[Konrad-Adenauer-Straße];2021-11-08T09:27:00.226Z
0.91333336;open;2021-11-08T09:56:00Z;137;13;200;350;150;24276[Turmcenter];2021-11-08T10:02:01.783Z
0.5405405;open;2021-11-08T09:56:00Z;220;187;0;407;407;18944[Alte Oper];2021-11-08T10:02:01.783Z
0.4478022;open;2021-11-08T09:56:00Z;163;201;0;364;364;24281[Hauptbahnhof Süd];2021-11-08T10:02:01.783Z
0.5562423;open;2021-11-08T09:56:00Z;450;359;0;809;809;24279[Konstabler];2021-11-08T10:02:01.783Z
0.9084507;open;2021-11-08T09:56:00Z;387;39;0;426;426;18497[Hauptwache];2021-11-08T10:02:01.783Z
0.85294116;open;2021-11-08T09:56:00Z;580;100;0;680;680;18495[Am Gericht];2021-11-08T10:02:01.783Z
0.6940063;open;2021-11-08T09:56:00Z;440;194;0;634;634;18494[Konrad-Adenauer-Straße];2021-11-08T10:02:01.783Z
0.9066667;open;2021-11-08T10:22:00Z;136;14;200;350;150;24276[Turmcenter];2021-11-08T10:27:02.979Z
0.5601966;open;2021-11-08T10:22:00Z;228;179;0;407;407;18944[Alte Oper];2021-11-08T10:27:02.979Z
0.44505495;open;2021-11-08T10:22:00Z;162;202;0;364;364;24281[Hauptbahnhof Süd];2021-11-08T10:27:02.979Z
0.58467245;open;2021-11-08T10:22:00Z;473;336;0;809;809;24279[Konstabler];2021-11-08T10:27:02.979Z
0.9507042;open;2021-11-08T10:22:00Z;405;21;0;426;426;18497[Hauptwache];2021-11-08T10:27:02.979Z
0.8573529;open;2021-11-08T10:22:00Z;583;97;0;680;680;18495[Am Gericht];2021-11-08T10:27:02.979Z
0.7287066;open;2021-11-08T10:22:00Z;462;172;0;634;634;18494[Konrad-Adenauer-Straße];2021-11-08T10:27:02.979Z
0.86;open;2021-11-08T10:42:00Z;129;21;200;350;150;24276[Turmcenter];2021-11-08T10:47:02.061Z
0.5823096;open;2021-11-08T10:42:00Z;237;170;0;407;407;18944[Alte Oper];2021-11-08T10:47:02.061Z
0.43681318;open;2021-11-08T10:42:00Z;159;205;0;364;364;24281[Hauptbahnhof Süd];2021-11-08T10:47:02.061Z
0.605686;open;2021-11-08T10:42:00Z;490;319;0;809;809;24279[Konstabler];2021-11-08T10:47:02.061Z
0.97417843;open;2021-11-08T10:42:00Z;415;11;0;426;426;18497[Hauptwache];2021-11-08T10:47:02.061Z
0.8338235;open;2021-11-08T10:42:00Z;567;113;0;680;680;18495[Am Gericht];2021-11-08T10:47:02.061Z
0.29464287;open;2021-11-08T10:42:00Z;264;632;70;966;896;109240[MyZeil];2021-11-08T10:47:02.061Z
0.73659307;open;2021-11-08T10:42:00Z;467;167;0;634;634;18494[Konrad-Adenauer-Straße];2021-11-08T10:47:02.061Z
0.85333335;open;2021-11-08T10:57:00Z;128;22;200;350;150;24276[Turmcenter];2021-11-08T11:02:00.535Z
0.58476657;open;2021-11-08T10:57:00Z;238;169;0;407;407;18944[Alte Oper];2021-11-08T11:02:00.535Z
0.43406594;open;2021-11-08T10:57:00Z;158;206;0;364;364;24281[Hauptbahnhof Süd];2021-11-08T11:02:00.535Z
0.6365884;open;2021-11-08T10:57:00Z;515;294;0;809;809;24279[Konstabler];2021-11-08T11:02:00.535Z
0.9929578;open;2021-11-08T10:57:00Z;423;3;0;426;426;18497[Hauptwache];2021-11-08T11:02:00.535Z
0.82941175;open;2021-11-08T10:57:00Z;564;116;0;680;680;18495[Am Gericht];2021-11-08T11:02:00.535Z
0.29799107;open;2021-11-08T10:57:00Z;267;629;70;966;896;109240[MyZeil];2021-11-08T11:02:00.535Z
0.76025236;open;2021-11-08T10:57:00Z;482;152;0;634;634;18494[Konrad-Adenauer-Straße];2021-11-08T11:02:00.535Z
0.8066667;open;2021-11-08T11:12:00Z;121;29;200;350;150;24276[Turmcenter];2021-11-08T11:17:03.004Z
0.61916465;open;2021-11-08T11:12:00Z;252;155;0;407;407;18944[Alte Oper];2021-11-08T11:17:03.004Z
0.42582417;open;2021-11-08T11:12:00Z;155;209;0;364;364;24281[Hauptbahnhof Süd];2021-11-08T11:17:03.004Z
0.6526576;open;2021-11-08T11:12:00Z;528;281;0;809;809;24279[Konstabler];2021-11-08T11:17:03.004Z
0.97887325;open;2021-11-08T11:12:00Z;417;9;0;426;426;18497[Hauptwache];2021-11-08T11:17:03.004Z
0.8220588;open;2021-11-08T11:12:00Z;559;121;0;680;680;18495[Am Gericht];2021-11-08T11:17:03.004Z
0.7586751;open;2021-11-08T11:12:00Z;481;153;0;634;634;18494[Konrad-Adenauer-Straße];2021-11-08T11:17:03.004Z
0.76666665;open;2021-11-08T11:27:00Z;115;35;200;350;150;24276[Turmcenter];2021-11-08T11:32:02.894Z
0.6289926;open;2021-11-08T11:27:00Z;256;151;0;407;407;18944[Alte Oper];2021-11-08T11:32:02.894Z
0.43131867;open;2021-11-08T11:27:00Z;157;207;0;364;364;24281[Hauptbahnhof Süd];2021-11-08T11:32:02.894Z
0.6588381;open;2021-11-08T11:27:00Z;533;276;0;809;809;24279[Konstabler];2021-11-08T11:32:02.894Z
0.97417843;open;2021-11-08T11:27:00Z;415;11;0;426;426;18497[Hauptwache];2021-11-08T11:32:02.894Z
0.82058823;open;2021-11-08T11:27:00Z;558;122;0;680;680;18495[Am Gericht];2021-11-08T11:32:02.894Z
0.7460568;open;2021-11-08T11:27:00Z;473;161;0;634;634;18494[Konrad-Adenauer-Straße];2021-11-08T11:32:02.894Z
0.74666667;open;2021-11-08T11:42:00Z;112;38;200;350;150;24276[Turmcenter];2021-11-08T11:47:01.085Z
0.63144964;open;2021-11-08T11:42:00Z;257;150;0;407;407;18944[Alte Oper];2021-11-08T11:47:01.085Z
0.41758242;open;2021-11-08T11:42:00Z;152;212;0;364;364;24281[Hauptbahnhof Süd];2021-11-08T11:47:01.085Z
0.67861557;open;2021-11-08T11:42:00Z;549;260;0;809;809;24279[Konstabler];2021-11-08T11:47:01.085Z
0.97887325;open;2021-11-08T11:42:00Z;417;9;0;426;426;18497[Hauptwache];2021-11-08T11:47:01.085Z
0.8102941;open;2021-11-08T11:42:00Z;551;129;0;680;680;18495[Am Gericht];2021-11-08T11:47:01.085Z
0.7460568;open;2021-11-08T11:42:00Z;473;161;0;634;634;18494[Konrad-Adenauer-Straße];2021-11-08T11:47:01.085Z
0.7266667;open;2021-11-08T11:47:00Z;109;41;200;350;150;24276[Turmcenter];2021-11-08T11:52:01.067Z
0.6289926;open;2021-11-08T11:47:00Z;256;151;0;407;407;18944[Alte Oper];2021-11-08T11:52:01.067Z
0.42032966;open;2021-11-08T11:47:00Z;153;211;0;364;364;24281[Hauptbahnhof Süd];2021-11-08T11:52:01.067Z
0.67985165;open;2021-11-08T11:47:00Z;550;259;0;809;809;24279[Konstabler];2021-11-08T11:52:01.067Z
0.9859155;open;2021-11-08T11:47:00Z;420;6;0;426;426;18497[Hauptwache];2021-11-08T11:52:01.067Z
0.80588233;open;2021-11-08T11:47:00Z;548;132;0;680;680;18495[Am Gericht];2021-11-08T11:52:01.067Z
0.3091518;open;2021-11-08T11:47:00Z;277;619;70;966;896;109240[MyZeil];2021-11-08T11:52:01.067Z
0.73659307;open;2021-11-08T11:47:00Z;467;167;0;634;634;18494[Konrad-Adenauer-Straße];2021-11-08T11:52:01.067Z
0.7133333;open;2021-11-08T12:27:00Z;107;43;200;350;150;24276[Turmcenter];2021-11-08T12:32:00.885Z
0.63144964;open;2021-11-08T12:27:00Z;257;150;0;407;407;18944[Alte Oper];2021-11-08T12:32:00.885Z
0.42582417;open;2021-11-08T12:27:00Z;155;209;0;364;364;24281[Hauptbahnhof Süd];2021-11-08T12:32:00.885Z
0.68850434;open;2021-11-08T12:27:00Z;557;252;0;809;809;24279[Konstabler];2021-11-08T12:32:00.885Z
0.9976526;open;2021-11-08T12:27:00Z;425;1;0;426;426;18497[Hauptwache];2021-11-08T12:32:00.885Z
0.7632353;open;2021-11-08T12:27:00Z;519;161;0;680;680;18495[Am Gericht];2021-11-08T12:32:00.885Z
0.7444795;open;2021-11-08T12:27:00Z;472;162;0;634;634;18494[Konrad-Adenauer-Straße];2021-11-08T12:32:00.885Z
0.68666667;open;2021-11-08T12:58:00Z;103;47;200;350;150;24276[Turmcenter];2021-11-08T13:02:01.005Z
0.63882065;open;2021-11-08T12:58:00Z;260;147;0;407;407;18944[Alte Oper];2021-11-08T13:02:01.005Z
0.41208792;open;2021-11-08T12:58:00Z;150;214;0;364;364;24281[Hauptbahnhof Süd];2021-11-08T13:02:01.005Z
0.69715697;open;2021-11-08T12:58:00Z;564;245;0;809;809;24279[Konstabler];2021-11-08T13:02:01.005Z
0.97887325;open;2021-11-08T12:58:00Z;417;9;0;426;426;18497[Hauptwache];2021-11-08T13:02:01.005Z
0.7558824;open;2021-11-08T12:58:00Z;514;166;0;680;680;18495[Am Gericht];2021-11-08T13:02:01.005Z
0.73974764;open;2021-11-08T12:58:00Z;469;165;0;634;634;18494[Konrad-Adenauer-Straße];2021-11-08T13:02:01.005Z
0.66;open;2021-11-08T13:28:00Z;99;51;200;350;150;24276[Turmcenter];2021-11-08T13:32:00.063Z
0.6044226;open;2021-11-08T13:28:00Z;246;161;0;407;407;18944[Alte Oper];2021-11-08T13:32:00.063Z
0.3956044;open;2021-11-08T13:28:00Z;144;220;0;364;364;24281[Hauptbahnhof Süd];2021-11-08T13:32:00.063Z
0.6996292;open;2021-11-08T13:28:00Z;566;243;0;809;809;24279[Konstabler];2021-11-08T13:32:00.063Z
0.97183096;open;2021-11-08T13:28:00Z;414;12;0;426;426;18497[Hauptwache];2021-11-08T13:32:00.063Z
0.74558824;open;2021-11-08T13:28:00Z;507;173;0;680;680;18495[Am Gericht];2021-11-08T13:32:00.063Z
0.2845982;open;2021-11-08T13:28:00Z;255;641;70;966;896;109240[MyZeil];2021-11-08T13:32:00.063Z
0.73501575;open;2021-11-08T13:28:00Z;466;168;0;634;634;18494[Konrad-Adenauer-Straße];2021-11-08T13:32:00.063Z
0.6666667;open;2021-11-08T13:43:00Z;100;50;200;350;150;24276[Turmcenter];2021-11-08T13:47:01.719Z
0.5823096;open;2021-11-08T13:43:00Z;237;170;0;407;407;18944[Alte Oper];2021-11-08T13:47:01.719Z
0.3653846;open;2021-11-08T13:43:00Z;133;231;0;364;364;24281[Hauptbahnhof Süd];2021-11-08T13:47:01.719Z
0.6897404;open;2021-11-08T13:43:00Z;558;251;0;809;809;24279[Konstabler];2021-11-08T13:47:01.719Z
0.97887325;open;2021-11-08T13:43:00Z;417;9;0;426;426;18497[Hauptwache];2021-11-08T13:47:01.719Z
0.7352941;open;2021-11-08T13:43:00Z;500;180;0;680;680;18495[Am Gericht];2021-11-08T13:47:01.719Z
0.2890625;open;2021-11-08T13:43:00Z;259;637;70;966;896;109240[MyZeil];2021-11-08T13:47:01.719Z
0.73501575;open;2021-11-08T13:43:00Z;466;168;0;634;634;18494[Konrad-Adenauer-Straße];2021-11-08T13:47:01.719Z
0.6533333;open;2021-11-08T13:59:00Z;98;52;200;350;150;24276[Turmcenter];2021-11-08T14:02:00.746Z
0.5896806;open;2021-11-08T13:59:00Z;240;167;0;407;407;18944[Alte Oper];2021-11-08T14:02:00.746Z
0.3489011;open;2021-11-08T13:59:00Z;127;237;0;364;364;24281[Hauptbahnhof Süd];2021-11-08T14:02:00.746Z
0.6959209;open;2021-11-08T13:59:00Z;563;246;0;809;809;24279[Konstabler];2021-11-08T14:02:00.746Z
1;open;2021-11-08T13:59:00Z;426;0;0;426;426;18497[Hauptwache];2021-11-08T14:02:00.746Z
0.7132353;open;2021-11-08T13:59:00Z;485;195;0;680;680;18495[Am Gericht];2021-11-08T14:02:00.746Z
0.296875;open;2021-11-08T13:59:00Z;266;630;70;966;896;109240[MyZeil];2021-11-08T14:02:00.746Z
0.7176656;open;2021-11-08T13:59:00Z;455;179;0;634;634;18494[Konrad-Adenauer-Straße];2021-11-08T14:02:00.746Z
0.64666665;open;2021-11-08T14:19:00Z;97;53;200;350;150;24276[Turmcenter];2021-11-08T14:22:00.072Z
0.5798526;open;2021-11-08T14:19:00Z;236;171;0;407;407;18944[Alte Oper];2021-11-08T14:22:00.072Z
0.31868133;open;2021-11-08T14:19:00Z;116;248;0;364;364;24281[Hauptbahnhof Süd];2021-11-08T14:22:00.072Z
0.6810878;open;2021-11-08T14:19:00Z;551;258;0;809;809;24279[Konstabler];2021-11-08T14:22:00.072Z
0.98122066;open;2021-11-08T14:19:00Z;418;8;0;426;426;18497[Hauptwache];2021-11-08T14:22:00.072Z
0.68088233;open;2021-11-08T14:19:00Z;463;217;0;680;680;18495[Am Gericht];2021-11-08T14:22:00.072Z
0.29017857;open;2021-11-08T14:19:00Z;260;636;70;966;896;109240[MyZeil];2021-11-08T14:22:00.072Z
0.6971609;open;2021-11-08T14:19:00Z;442;192;0;634;634;18494[Konrad-Adenauer-Straße];2021-11-08T14:22:00.072Z
0.62666667;open;2021-11-08T14:34:00Z;94;56;200;350;150;24276[Turmcenter];2021-11-08T14:37:01.084Z
0.5798526;open;2021-11-08T14:34:00Z;236;171;0;407;407;18944[Alte Oper];2021-11-08T14:37:01.084Z
0.29395604;open;2021-11-08T14:34:00Z;107;257;0;364;364;24281[Hauptbahnhof Süd];2021-11-08T14:37:01.084Z
0.6600742;open;2021-11-08T14:34:00Z;534;275;0;809;809;24279[Konstabler];2021-11-08T14:37:01.084Z
0.98122066;open;2021-11-08T14:34:00Z;418;8;0;426;426;18497[Hauptwache];2021-11-08T14:37:01.084Z
0.65882355;open;2021-11-08T14:34:00Z;448;232;0;680;680;18495[Am Gericht];2021-11-08T14:37:01.084Z
0.68611985;open;2021-11-08T14:34:00Z;435;199;0;634;634;18494[Konrad-Adenauer-Straße];2021-11-08T14:37:01.084Z
0.62666667;open;2021-11-08T14:44:00Z;94;56;200;350;150;24276[Turmcenter];2021-11-08T14:47:02.926Z
0.5798526;open;2021-11-08T14:44:00Z;236;171;0;407;407;18944[Alte Oper];2021-11-08T14:47:02.926Z
0.2802198;open;2021-11-08T14:44:00Z;102;262;0;364;364;24281[Hauptbahnhof Süd];2021-11-08T14:47:02.926Z
0.6600742;open;2021-11-08T14:44:00Z;534;275;0;809;809;24279[Konstabler];2021-11-08T14:47:02.926Z
0.97183096;open;2021-11-08T14:44:00Z;414;12;0;426;426;18497[Hauptwache];2021-11-08T14:47:02.926Z
0.65588236;open;2021-11-08T14:44:00Z;446;234;0;680;680;18495[Am Gericht];2021-11-08T14:47:02.926Z
0.27566963;open;2021-11-08T14:44:00Z;247;649;70;966;896;109240[MyZeil];2021-11-08T14:47:02.926Z
0.66246057;open;2021-11-08T14:44:00Z;420;214;0;634;634;18494[Konrad-Adenauer-Straße];2021-11-08T14:47:02.926Z
0.64666665;open;2021-11-08T14:59:00Z;97;53;200;350;150;24276[Turmcenter];2021-11-08T15:02:02.394Z
0.57002455;open;2021-11-08T14:59:00Z;232;175;0;407;407;18944[Alte Oper];2021-11-08T15:02:02.394Z
0.25;open;2021-11-08T14:59:00Z;91;273;0;364;364;24281[Hauptbahnhof Süd];2021-11-08T15:02:02.394Z
0.6526576;open;2021-11-08T14:59:00Z;528;281;0;809;809;24279[Konstabler];2021-11-08T15:02:02.394Z
0.97887325;open;2021-11-08T14:59:00Z;417;9;0;426;426;18497[Hauptwache];2021-11-08T15:02:02.394Z
0.6382353;open;2021-11-08T14:59:00Z;434;246;0;680;680;18495[Am Gericht];2021-11-08T15:02:02.394Z
0.66246057;open;2021-11-08T14:59:00Z;420;214;0;634;634;18494[Konrad-Adenauer-Straße];2021-11-08T15:02:02.394Z
0.62;open;2021-11-08T15:24:00Z;93;57;200;350;150;24276[Turmcenter];2021-11-08T15:27:02.978Z
0.5331695;open;2021-11-08T15:24:00Z;217;190;0;407;407;18944[Alte Oper];2021-11-08T15:27:02.978Z
0.21428572;open;2021-11-08T15:24:00Z;78;286;0;364;364;24281[Hauptbahnhof Süd];2021-11-08T15:27:02.978Z
0.64400494;open;2021-11-08T15:24:00Z;521;288;0;809;809;24279[Konstabler];2021-11-08T15:27:02.978Z
0.96713614;open;2021-11-08T15:24:00Z;412;14;0;426;426;18497[Hauptwache];2021-11-08T15:27:02.978Z
0.6132353;open;2021-11-08T15:24:00Z;417;263;0;680;680;18495[Am Gericht];2021-11-08T15:27:02.978Z
0.2611607;open;2021-11-08T15:24:00Z;234;662;70;966;896;109240[MyZeil];2021-11-08T15:27:02.978Z
0.6324921;open;2021-11-08T15:24:00Z;401;233;0;634;634;18494[Konrad-Adenauer-Straße];2021-11-08T15:27:02.978Z
0.58;open;2021-11-08T15:44:00Z;87;63;200;350;150;24276[Turmcenter];2021-11-08T15:47:01.463Z
0.5135135;open;2021-11-08T15:44:00Z;209;198;0;407;407;18944[Alte Oper];2021-11-08T15:47:01.463Z
0.2032967;open;2021-11-08T15:44:00Z;74;290;0;364;364;24281[Hauptbahnhof Süd];2021-11-08T15:47:01.463Z
0.6093943;open;2021-11-08T15:44:00Z;493;316;0;809;809;24279[Konstabler];2021-11-08T15:47:01.463Z
0.9507042;open;2021-11-08T15:44:00Z;405;21;0;426;426;18497[Hauptwache];2021-11-08T15:47:01.463Z
0.59705883;open;2021-11-08T15:44:00Z;406;274;0;680;680;18495[Am Gericht];2021-11-08T15:47:01.463Z
0.25111607;open;2021-11-08T15:44:00Z;225;671;70;966;896;109240[MyZeil];2021-11-08T15:47:01.463Z
0.626183;open;2021-11-08T15:44:00Z;397;237;0;634;634;18494[Konrad-Adenauer-Straße];2021-11-08T15:47:01.463Z
0.56;open;2021-11-08T16:00:00Z;84;66;200;350;150;24276[Turmcenter];2021-11-08T16:02:01.562Z
0.4889435;open;2021-11-08T16:00:00Z;199;208;0;407;407;18944[Alte Oper];2021-11-08T16:02:01.562Z
0.18406594;open;2021-11-08T16:00:00Z;67;297;0;364;364;24281[Hauptbahnhof Süd];2021-11-08T16:02:01.562Z
0.60692215;open;2021-11-08T16:00:00Z;491;318;0;809;809;24279[Konstabler];2021-11-08T16:02:01.562Z
0.97183096;open;2021-11-08T16:00:00Z;414;12;0;426;426;18497[Hauptwache];2021-11-08T16:02:01.562Z
0.5720588;open;2021-11-08T16:00:00Z;389;291;0;680;680;18495[Am Gericht];2021-11-08T16:02:01.562Z
0.24107143;open;2021-11-08T16:00:00Z;216;680;70;966;896;109240[MyZeil];2021-11-08T16:02:01.562Z
0.6151419;open;2021-11-08T16:00:00Z;390;244;0;634;634;18494[Konrad-Adenauer-Straße];2021-11-08T16:02:01.562Z
0.48;open;2021-11-08T16:30:00Z;72;78;200;350;150;24276[Turmcenter];2021-11-08T16:32:02.604Z
0.46191648;open;2021-11-08T16:30:00Z;188;219;0;407;407;18944[Alte Oper];2021-11-08T16:32:02.604Z
0.1456044;open;2021-11-08T16:30:00Z;53;311;0;364;364;24281[Hauptbahnhof Süd];2021-11-08T16:32:02.604Z
0.60197777;open;2021-11-08T16:30:00Z;487;322;0;809;809;24279[Konstabler];2021-11-08T16:32:02.604Z
0.9342723;open;2021-11-08T16:30:00Z;398;28;0;426;426;18497[Hauptwache];2021-11-08T16:32:02.604Z
0.54264706;open;2021-11-08T16:30:00Z;369;311;0;680;680;18495[Am Gericht];2021-11-08T16:32:02.604Z
0.23102678;open;2021-11-08T16:30:00Z;207;689;70;966;896;109240[MyZeil];2021-11-08T16:32:02.604Z
0.60410094;open;2021-11-08T16:30:00Z;383;251;0;634;634;18494[Konrad-Adenauer-Straße];2021-11-08T16:32:02.604Z
0.34;open;2021-11-08T17:06:00Z;51;99;200;350;150;24276[Turmcenter];2021-11-08T17:07:01.299Z
0.45208845;open;2021-11-08T17:06:00Z;184;223;0;407;407;18944[Alte Oper];2021-11-08T17:07:01.299Z
0.0989011;open;2021-11-08T17:06:00Z;36;328;0;364;364;24281[Hauptbahnhof Süd];2021-11-08T17:07:01.299Z
0.58467245;open;2021-11-08T17:06:00Z;473;336;0;809;809;24279[Konstabler];2021-11-08T17:07:01.299Z
0.86150235;open;2021-11-08T17:06:00Z;367;59;0;426;426;18497[Hauptwache];2021-11-08T17:07:01.299Z
0.5235294;open;2021-11-08T17:06:00Z;356;324;0;680;680;18495[Am Gericht];2021-11-08T17:07:01.299Z
0.22098215;open;2021-11-08T17:06:00Z;198;698;70;966;896;109240[MyZeil];2021-11-08T17:07:01.299Z
0.5820189;open;2021-11-08T17:06:00Z;369;265;0;634;634;18494[Konrad-Adenauer-Straße];2021-11-08T17:07:01.299Z
0.225;open;2021-11-08T17:31:00Z;45;155;150;350;200;24276[Turmcenter];2021-11-08T17:32:00.263Z
0.44963145;open;2021-11-08T17:31:00Z;183;224;0;407;407;18944[Alte Oper];2021-11-08T17:32:00.263Z
0.08791209;open;2021-11-08T17:31:00Z;32;332;0;364;364;24281[Hauptbahnhof Süd];2021-11-08T17:32:00.263Z
0.5735476;open;2021-11-08T17:31:00Z;464;345;0;809;809;24279[Konstabler];2021-11-08T17:32:00.263Z
0.8450704;open;2021-11-08T17:31:00Z;360;66;0;426;426;18497[Hauptwache];2021-11-08T17:32:00.263Z
0.5029412;open;2021-11-08T17:31:00Z;342;338;0;680;680;18495[Am Gericht];2021-11-08T17:32:00.263Z
0.21540178;open;2021-11-08T17:31:00Z;193;703;70;966;896;109240[MyZeil];2021-11-08T17:32:00.263Z
0.59305996;open;2021-11-08T17:31:00Z;376;258;0;634;634;18494[Konrad-Adenauer-Straße];2021-11-08T17:32:00.263Z
0.19;open;2021-11-08T17:51:00Z;38;162;150;350;200;24276[Turmcenter];2021-11-08T17:52:01.725Z
0.47174448;open;2021-11-08T17:51:00Z;192;215;0;407;407;18944[Alte Oper];2021-11-08T17:52:01.725Z
0.07417583;open;2021-11-08T17:51:00Z;27;337;0;364;364;24281[Hauptbahnhof Süd];2021-11-08T17:52:01.725Z
0.54140913;open;2021-11-08T17:51:00Z;438;371;0;809;809;24279[Konstabler];2021-11-08T17:52:01.725Z
0.8403756;open;2021-11-08T17:51:00Z;358;68;0;426;426;18497[Hauptwache];2021-11-08T17:52:01.725Z
0.49264705;open;2021-11-08T17:51:00Z;335;345;0;680;680;18495[Am Gericht];2021-11-08T17:52:01.725Z
0.21540178;open;2021-11-08T17:51:00Z;193;703;70;966;896;109240[MyZeil];2021-11-08T17:52:01.725Z
0.59148264;open;2021-11-08T17:51:00Z;375;259;0;634;634;18494[Konrad-Adenauer-Straße];2021-11-08T17:52:01.725Z
0.205;open;2021-11-08T18:27:00Z;41;159;150;350;200;24276[Turmcenter];2021-11-08T18:32:00.454Z
0.5896806;open;2021-11-08T18:27:00Z;240;167;0;407;407;18944[Alte Oper];2021-11-08T18:32:00.454Z
0.04945055;open;2021-11-08T18:27:00Z;18;346;0;364;364;24281[Hauptbahnhof Süd];2021-11-08T18:32:00.454Z
0.49938196;open;2021-11-08T18:27:00Z;404;405;0;809;809;24279[Konstabler];2021-11-08T18:32:00.454Z
0.7910798;open;2021-11-08T18:27:00Z;337;89;0;426;426;18497[Hauptwache];2021-11-08T18:32:00.454Z
0.4617647;open;2021-11-08T18:27:00Z;314;366;0;680;680;18495[Am Gericht];2021-11-08T18:32:00.454Z
0.20089285;open;2021-11-08T18:27:00Z;180;716;70;966;896;109240[MyZeil];2021-11-08T18:32:00.454Z
0.59305996;open;2021-11-08T18:27:00Z;376;258;0;634;634;18494[Konrad-Adenauer-Straße];2021-11-08T18:32:00.454Z
0.21;open;2021-11-08T18:47:00Z;42;158;150;350;200;24276[Turmcenter];2021-11-08T18:52:02.411Z
0.64373463;open;2021-11-08T18:47:00Z;262;145;0;407;407;18944[Alte Oper];2021-11-08T18:52:02.411Z
0.041208792;open;2021-11-08T18:47:00Z;15;349;0;364;364;24281[Hauptbahnhof Süd];2021-11-08T18:52:02.411Z
0.46477133;open;2021-11-08T18:47:00Z;376;433;0;809;809;24279[Konstabler];2021-11-08T18:52:02.411Z
0.75586855;open;2021-11-08T18:47:00Z;322;104;0;426;426;18497[Hauptwache];2021-11-08T18:52:02.411Z
0.45441177;open;2021-11-08T18:47:00Z;309;371;0;680;680;18495[Am Gericht];2021-11-08T18:52:02.411Z
0.19642857;open;2021-11-08T18:47:00Z;176;720;70;966;896;109240[MyZeil];2021-11-08T18:52:02.411Z
0.58044165;open;2021-11-08T18:47:00Z;368;266;0;634;634;18494[Konrad-Adenauer-Straße];2021-11-08T18:52:02.411Z
0.215;open;2021-11-08T18:57:00Z;43;157;150;350;200;24276[Turmcenter];2021-11-08T19:02:02.855Z
0.63882065;open;2021-11-08T18:57:00Z;260;147;0;407;407;18944[Alte Oper];2021-11-08T19:02:02.855Z
0.043956045;open;2021-11-08T18:57:00Z;16;348;0;364;364;24281[Hauptbahnhof Süd];2021-11-08T19:02:02.855Z
0.4487021;open;2021-11-08T18:57:00Z;363;446;0;809;809;24279[Konstabler];2021-11-08T19:02:02.855Z
0.74413145;open;2021-11-08T18:57:00Z;317;109;0;426;426;18497[Hauptwache];2021-11-08T19:02:02.855Z
0.44264707;open;2021-11-08T18:57:00Z;301;379;0;680;680;18495[Am Gericht];2021-11-08T19:02:02.855Z
0.5772871;open;2021-11-08T18:57:00Z;366;268;0;634;634;18494[Konrad-Adenauer-Straße];2021-11-08T19:02:02.855Z
0.185;open;2021-11-08T19:18:00Z;37;163;150;350;200;24276[Turmcenter];2021-11-08T19:22:01.920Z
0.6167076;open;2021-11-08T19:18:00Z;251;156;0;407;407;18944[Alte Oper];2021-11-08T19:22:01.920Z
0.035714287;open;2021-11-08T19:18:00Z;13;351;0;364;364;24281[Hauptbahnhof Süd];2021-11-08T19:22:01.920Z
0.42521632;open;2021-11-08T19:18:00Z;344;465;0;809;809;24279[Konstabler];2021-11-08T19:22:01.920Z
0.7183099;open;2021-11-08T19:18:00Z;306;120;0;426;426;18497[Hauptwache];2021-11-08T19:22:01.920Z
0.43235293;open;2021-11-08T19:18:00Z;294;386;0;680;680;18495[Am Gericht];2021-11-08T19:22:01.920Z
0.5694006;open;2021-11-08T19:18:00Z;361;273;0;634;634;18494[Konrad-Adenauer-Straße];2021-11-08T19:22:01.920Z
0.18;open;2021-11-08T19:28:00Z;36;164;150;350;200;24276[Turmcenter];2021-11-08T19:32:01.373Z
0.6068796;open;2021-11-08T19:28:00Z;247;160;0;407;407;18944[Alte Oper];2021-11-08T19:32:01.373Z
0.03021978;open;2021-11-08T19:28:00Z;11;353;0;364;364;24281[Hauptbahnhof Süd];2021-11-08T19:32:01.373Z
0.42521632;open;2021-11-08T19:28:00Z;344;465;0;809;809;24279[Konstabler];2021-11-08T19:32:01.373Z
0.68075114;open;2021-11-08T19:28:00Z;290;136;0;426;426;18497[Hauptwache];2021-11-08T19:32:01.373Z
0.42794117;open;2021-11-08T19:28:00Z;291;389;0;680;680;18495[Am Gericht];2021-11-08T19:32:01.373Z
0.18861607;open;2021-11-08T19:28:00Z;169;727;70;966;896;109240[MyZeil];2021-11-08T19:32:01.373Z
0.56309146;open;2021-11-08T19:28:00Z;357;277;0;634;634;18494[Konrad-Adenauer-Straße];2021-11-08T19:32:01.373Z
0.18;open;2021-11-08T19:38:00Z;36;164;150;350;200;24276[Turmcenter];2021-11-08T19:42:01.057Z
0.5945946;open;2021-11-08T19:38:00Z;242;165;0;407;407;18944[Alte Oper];2021-11-08T19:42:01.057Z
0.027472528;open;2021-11-08T19:38:00Z;10;354;0;364;364;24281[Hauptbahnhof Süd];2021-11-08T19:42:01.057Z
0.41532758;open;2021-11-08T19:38:00Z;336;473;0;809;809;24279[Konstabler];2021-11-08T19:42:01.057Z
0.6713615;open;2021-11-08T19:38:00Z;286;140;0;426;426;18497[Hauptwache];2021-11-08T19:42:01.057Z
0.42352942;open;2021-11-08T19:38:00Z;288;392;0;680;680;18495[Am Gericht];2021-11-08T19:42:01.057Z
0.55520505;open;2021-11-08T19:38:00Z;352;282;0;634;634;18494[Konrad-Adenauer-Straße];2021-11-08T19:42:01.057Z
0.175;open;2021-11-08T19:53:00Z;35;165;150;350;200;24276[Turmcenter];2021-11-08T19:57:01.955Z
0.5798526;open;2021-11-08T19:53:00Z;236;171;0;407;407;18944[Alte Oper];2021-11-08T19:57:01.955Z
0.027472528;open;2021-11-08T19:53:00Z;10;354;0;364;364;24281[Hauptbahnhof Süd];2021-11-08T19:57:01.955Z
0.39925835;open;2021-11-08T19:53:00Z;323;486;0;809;809;24279[Konstabler];2021-11-08T19:57:01.955Z
0.65258217;open;2021-11-08T19:53:00Z;278;148;0;426;426;18497[Hauptwache];2021-11-08T19:57:01.955Z
0.42058823;open;2021-11-08T19:53:00Z;286;394;0;680;680;18495[Am Gericht];2021-11-08T19:57:01.955Z
0.5378549;open;2021-11-08T19:53:00Z;341;293;0;634;634;18494[Konrad-Adenauer-Straße];2021-11-08T19:57:01.955Z
0.135;open;2021-11-08T20:19:00Z;27;173;150;350;200;24276[Turmcenter];2021-11-08T20:22:01.503Z
0.5479115;open;2021-11-08T20:19:00Z;223;184;0;407;407;18944[Alte Oper];2021-11-08T20:22:01.503Z
0.024725275;open;2021-11-08T20:19:00Z;9;355;0;364;364;24281[Hauptbahnhof Süd];2021-11-08T20:22:01.503Z
0.38442522;open;2021-11-08T20:19:00Z;311;498;0;809;809;24279[Konstabler];2021-11-08T20:22:01.503Z
0.64084506;open;2021-11-08T20:19:00Z;273;153;0;426;426;18497[Hauptwache];2021-11-08T20:22:01.503Z
0.40882352;open;2021-11-08T20:19:00Z;278;402;0;680;680;18495[Am Gericht];2021-11-08T20:22:01.503Z
0.52996844;open;2021-11-08T20:19:00Z;336;298;0;634;634;18494[Konrad-Adenauer-Straße];2021-11-08T20:22:01.503Z
0.125;open;2021-11-08T20:34:00Z;25;175;150;350;200;24276[Turmcenter];2021-11-08T20:37:00.783Z
0.54545456;open;2021-11-08T20:34:00Z;222;185;0;407;407;18944[Alte Oper];2021-11-08T20:37:00.783Z
0.03021978;open;2021-11-08T20:34:00Z;11;353;0;364;364;24281[Hauptbahnhof Süd];2021-11-08T20:37:00.783Z
0.3695921;open;2021-11-08T20:34:00Z;299;510;0;809;809;24279[Konstabler];2021-11-08T20:37:00.783Z
0.62910795;open;2021-11-08T20:34:00Z;268;158;0;426;426;18497[Hauptwache];2021-11-08T20:37:00.783Z
0.41029412;open;2021-11-08T20:34:00Z;279;401;0;680;680;18495[Am Gericht];2021-11-08T20:37:00.783Z
0.52208203;open;2021-11-08T20:34:00Z;331;303;0;634;634;18494[Konrad-Adenauer-Straße];2021-11-08T20:37:00.783Z
0.105;open;2021-11-08T20:44:00Z;21;179;150;350;200;24276[Turmcenter];2021-11-08T20:47:02.564Z
0.53071254;open;2021-11-08T20:44:00Z;216;191;0;407;407;18944[Alte Oper];2021-11-08T20:47:02.564Z
0.03021978;open;2021-11-08T20:44:00Z;11;353;0;364;364;24281[Hauptbahnhof Süd];2021-11-08T20:47:02.564Z
0.36093944;open;2021-11-08T20:44:00Z;292;517;0;809;809;24279[Konstabler];2021-11-08T20:47:02.564Z
0.6173709;open;2021-11-08T20:44:00Z;263;163;0;426;426;18497[Hauptwache];2021-11-08T20:47:02.564Z
0.40294117;open;2021-11-08T20:44:00Z;274;406;0;680;680;18495[Am Gericht];2021-11-08T20:47:02.564Z
0.16517857;open;2021-11-08T20:44:00Z;148;748;70;966;896;109240[MyZeil];2021-11-08T20:47:02.564Z
0.51735014;open;2021-11-08T20:44:00Z;328;306;0;634;634;18494[Konrad-Adenauer-Straße];2021-11-08T20:47:02.564Z
0.105;open;2021-11-08T20:54:00Z;21;179;150;350;200;24276[Turmcenter];2021-11-08T20:57:01.678Z
0.52334154;open;2021-11-08T20:54:00Z;213;194;0;407;407;18944[Alte Oper];2021-11-08T20:57:01.678Z
0.03021978;open;2021-11-08T20:54:00Z;11;353;0;364;364;24281[Hauptbahnhof Süd];2021-11-08T20:57:01.678Z
0.35352287;open;2021-11-08T20:54:00Z;286;523;0;809;809;24279[Konstabler];2021-11-08T20:57:01.678Z
0.6056338;open;2021-11-08T20:54:00Z;258;168;0;426;426;18497[Hauptwache];2021-11-08T20:57:01.678Z
0.4;open;2021-11-08T20:54:00Z;272;408;0;680;680;18495[Am Gericht];2021-11-08T20:57:01.678Z
0.16183035;open;2021-11-08T20:54:00Z;145;751;70;966;896;109240[MyZeil];2021-11-08T20:57:01.678Z
0.5157729;open;2021-11-08T20:54:00Z;327;307;0;634;634;18494[Konrad-Adenauer-Straße];2021-11-08T20:57:01.678Z
0.09;open;2021-11-08T21:20:00Z;18;182;150;350;200;24276[Turmcenter];2021-11-08T21:22:01.810Z
0.4889435;open;2021-11-08T21:20:00Z;199;208;0;407;407;18944[Alte Oper];2021-11-08T21:22:01.810Z
0.021978023;open;2021-11-08T21:20:00Z;8;356;0;364;364;24281[Hauptbahnhof Süd];2021-11-08T21:22:01.810Z
0.3263288;open;2021-11-08T21:20:00Z;264;545;0;809;809;24279[Konstabler];2021-11-08T21:22:01.810Z
0.57746476;open;2021-11-08T21:20:00Z;246;180;0;426;426;18497[Hauptwache];2021-11-08T21:22:01.810Z
0.3985294;open;2021-11-08T21:20:00Z;271;409;0;680;680;18495[Am Gericht];2021-11-08T21:22:01.810Z
0.50473183;open;2021-11-08T21:20:00Z;320;314;0;634;634;18494[Konrad-Adenauer-Straße];2021-11-08T21:22:01.810Z
0.08;open;2021-11-08T21:35:00Z;16;184;150;350;200;24276[Turmcenter];2021-11-08T21:37:01.289Z
0.2997543;open;2021-11-08T21:35:00Z;122;285;0;407;407;18944[Alte Oper];2021-11-08T21:37:01.289Z
0.021978023;open;2021-11-08T21:35:00Z;8;356;0;364;364;24281[Hauptbahnhof Süd];2021-11-08T21:37:01.289Z
0.31891224;open;2021-11-08T21:35:00Z;258;551;0;809;809;24279[Konstabler];2021-11-08T21:37:01.289Z
0.556338;open;2021-11-08T21:35:00Z;237;189;0;426;426;18497[Hauptwache];2021-11-08T21:37:01.289Z
0.4;open;2021-11-08T21:35:00Z;272;408;0;680;680;18495[Am Gericht];2021-11-08T21:37:01.289Z
0.49369085;open;2021-11-08T21:35:00Z;313;321;0;634;634;18494[Konrad-Adenauer-Straße];2021-11-08T21:37:01.289Z
0.065;open;2021-11-08T21:50:00Z;13;187;150;350;200;24276[Turmcenter];2021-11-08T21:52:00.918Z
0.22113022;open;2021-11-08T21:50:00Z;90;317;0;407;407;18944[Alte Oper];2021-11-08T21:52:00.918Z
0.01923077;open;2021-11-08T21:50:00Z;7;357;0;364;364;24281[Hauptbahnhof Süd];2021-11-08T21:52:00.918Z
0.31520396;open;2021-11-08T21:50:00Z;255;554;0;809;809;24279[Konstabler];2021-11-08T21:52:00.918Z
0.5539906;open;2021-11-08T21:50:00Z;236;190;0;426;426;18497[Hauptwache];2021-11-08T21:52:00.918Z
0.39411765;open;2021-11-08T21:50:00Z;268;412;0;680;680;18495[Am Gericht];2021-11-08T21:52:00.918Z
0.49053627;open;2021-11-08T21:50:00Z;311;323;0;634;634;18494[Konrad-Adenauer-Straße];2021-11-08T21:52:00.918Z
0.065;open;2021-11-08T21:55:00Z;13;187;150;350;200;24276[Turmcenter];2021-11-08T21:57:00.485Z
0.2063882;open;2021-11-08T21:55:00Z;84;323;0;407;407;18944[Alte Oper];2021-11-08T21:57:00.485Z
0.01923077;open;2021-11-08T21:55:00Z;7;357;0;364;364;24281[Hauptbahnhof Süd];2021-11-08T21:57:00.485Z
0.3065513;open;2021-11-08T21:55:00Z;248;561;0;809;809;24279[Konstabler];2021-11-08T21:57:00.485Z
0.5516432;open;2021-11-08T21:55:00Z;235;191;0;426;426;18497[Hauptwache];2021-11-08T21:57:00.485Z
0.39264706;open;2021-11-08T21:55:00Z;267;413;0;680;680;18495[Am Gericht];2021-11-08T21:57:00.485Z
0.4873817;open;2021-11-08T21:55:00Z;309;325;0;634;634;18494[Konrad-Adenauer-Straße];2021-11-08T21:57:00.485Z
0.02;open;2021-11-08T22:21:00Z;4;196;150;350;200;24276[Turmcenter];2021-11-08T22:22:02.442Z
0.17199017;open;2021-11-08T22:21:00Z;70;337;0;407;407;18944[Alte Oper];2021-11-08T22:22:02.442Z
0.01923077;open;2021-11-08T22:21:00Z;7;357;0;364;364;24281[Hauptbahnhof Süd];2021-11-08T22:22:02.442Z
0.30037084;open;2021-11-08T22:21:00Z;243;566;0;809;809;24279[Konstabler];2021-11-08T22:22:02.442Z
0.5375587;open;2021-11-08T22:21:00Z;229;197;0;426;426;18497[Hauptwache];2021-11-08T22:22:02.442Z
0.39117646;open;2021-11-08T22:21:00Z;266;414;0;680;680;18495[Am Gericht];2021-11-08T22:22:02.442Z
0.13392857;open;2021-11-08T22:21:00Z;120;776;70;966;896;109240[MyZeil];2021-11-08T22:22:02.442Z
0.48264983;open;2021-11-08T22:21:00Z;306;328;0;634;634;18494[Konrad-Adenauer-Straße];2021-11-08T22:22:02.442Z
0;open;2021-11-08T22:41:00Z;0;200;150;350;200;24276[Turmcenter];2021-11-08T22:42:01.748Z
0.16461916;open;2021-11-08T22:41:00Z;67;340;0;407;407;18944[Alte Oper];2021-11-08T22:42:01.748Z
0.016483517;open;2021-11-08T22:41:00Z;6;358;0;364;364;24281[Hauptbahnhof Süd];2021-11-08T22:42:01.748Z
0.29048207;open;2021-11-08T22:41:00Z;235;574;0;809;809;24279[Konstabler];2021-11-08T22:42:01.748Z
0.52582157;open;2021-11-08T22:41:00Z;224;202;0;426;426;18497[Hauptwache];2021-11-08T22:42:01.748Z
0.39411765;open;2021-11-08T22:41:00Z;268;412;0;680;680;18495[Am Gericht];2021-11-08T22:42:01.748Z
0.13169643;open;2021-11-08T22:41:00Z;118;778;70;966;896;109240[MyZeil];2021-11-08T22:42:01.748Z
0.48422712;open;2021-11-08T22:41:00Z;307;327;0;634;634;18494[Konrad-Adenauer-Straße];2021-11-08T22:42:01.748Z
0;open;2021-11-08T22:46:00Z;0;200;150;350;200;24276[Turmcenter];2021-11-08T22:52:02.569Z
0.16216215;open;2021-11-08T22:46:00Z;66;341;0;407;407;18944[Alte Oper];2021-11-08T22:52:02.569Z
0.016483517;open;2021-11-08T22:46:00Z;6;358;0;364;364;24281[Hauptbahnhof Süd];2021-11-08T22:52:02.569Z
0.289246;open;2021-11-08T22:46:00Z;234;575;0;809;809;24279[Konstabler];2021-11-08T22:52:02.569Z
0.52582157;open;2021-11-08T22:46:00Z;224;202;0;426;426;18497[Hauptwache];2021-11-08T22:52:02.569Z
0.39411765;open;2021-11-08T22:46:00Z;268;412;0;680;680;18495[Am Gericht];2021-11-08T22:52:02.569Z
0.12834822;open;2021-11-08T22:46:00Z;115;781;70;966;896;109240[MyZeil];2021-11-08T22:52:02.569Z
0.48422712;open;2021-11-08T22:46:00Z;307;327;0;634;634;18494[Konrad-Adenauer-Straße];2021-11-08T22:52:02.569Z
0;open;2021-11-08T23:17:00Z;0;200;150;350;200;24276[Turmcenter];2021-11-08T23:22:01.845Z
0.15233415;open;2021-11-08T23:17:00Z;62;345;0;407;407;18944[Alte Oper];2021-11-08T23:22:01.845Z
0.016483517;open;2021-11-08T23:17:00Z;6;358;0;364;364;24281[Hauptbahnhof Süd];2021-11-08T23:22:01.845Z
0.28306553;open;2021-11-08T23:17:00Z;229;580;0;809;809;24279[Konstabler];2021-11-08T23:22:01.845Z
0.52112675;open;2021-11-08T23:17:00Z;222;204;0;426;426;18497[Hauptwache];2021-11-08T23:22:01.845Z
0;closed;2021-11-08T23:17:00Z;;413;0;0;0;18495[Am Gericht];2021-11-08T23:22:01.845Z
0.1171875;open;2021-11-08T23:17:00Z;105;791;70;966;896;109240[MyZeil];2021-11-08T23:22:01.845Z
0.4858044;open;2021-11-08T23:17:00Z;308;326;0;634;634;18494[Konrad-Adenauer-Straße];2021-11-08T23:22:01.845Z
0;open;2021-11-08T23:32:00Z;0;200;150;350;200;24276[Turmcenter];2021-11-08T23:37:01.998Z
0.14742015;open;2021-11-08T23:32:00Z;60;347;0;407;407;18944[Alte Oper];2021-11-08T23:37:01.998Z
0.013736264;open;2021-11-08T23:32:00Z;5;359;0;364;364;24281[Hauptbahnhof Süd];2021-11-08T23:37:01.998Z
0.28059334;open;2021-11-08T23:32:00Z;227;582;0;809;809;24279[Konstabler];2021-11-08T23:37:01.998Z
0.51877934;open;2021-11-08T23:32:00Z;221;205;0;426;426;18497[Hauptwache];2021-11-08T23:37:01.998Z
0;closed;2021-11-08T23:32:00Z;;413;0;0;0;18495[Am Gericht];2021-11-08T23:37:01.998Z
0.11272322;open;2021-11-08T23:32:00Z;101;795;70;966;896;109240[MyZeil];2021-11-08T23:37:01.998Z
0.4858044;open;2021-11-08T23:32:00Z;308;326;0;634;634;18494[Konrad-Adenauer-Straße];2021-11-08T23:37:01.998Z
0;open;2021-11-08T23:48:00Z;0;200;150;350;200;24276[Turmcenter];2021-11-08T23:52:01.787Z
0.14496315;open;2021-11-08T23:48:00Z;59;348;0;407;407;18944[Alte Oper];2021-11-08T23:52:01.787Z
0.013736264;open;2021-11-08T23:48:00Z;5;359;0;364;364;24281[Hauptbahnhof Süd];2021-11-08T23:52:01.787Z
0.28182942;open;2021-11-08T23:48:00Z;228;581;0;809;809;24279[Konstabler];2021-11-08T23:52:01.787Z
0.51877934;open;2021-11-08T23:48:00Z;221;205;0;426;426;18497[Hauptwache];2021-11-08T23:52:01.787Z
0;closed;2021-11-08T23:48:00Z;;413;0;0;0;18495[Am Gericht];2021-11-08T23:52:01.787Z
0.4858044;open;2021-11-08T23:48:00Z;308;326;0;634;634;18494[Konrad-Adenauer-Straße];2021-11-08T23:52:01.787Z
0;open;2021-11-08T23:58:00Z;0;200;150;350;200;24276[Turmcenter];2021-11-09T00:02:01.898Z
0.14496315;open;2021-11-08T23:58:00Z;59;348;0;407;407;18944[Alte Oper];2021-11-09T00:02:01.898Z
0.010989011;open;2021-11-08T23:58:00Z;4;360;0;364;364;24281[Hauptbahnhof Süd];2021-11-09T00:02:01.898Z
0.28059334;open;2021-11-08T23:58:00Z;227;582;0;809;809;24279[Konstabler];2021-11-09T00:02:01.898Z
0.51877934;open;2021-11-08T23:58:00Z;221;205;0;426;426;18497[Hauptwache];2021-11-09T00:02:01.898Z
0;closed;2021-11-08T23:58:00Z;;413;0;0;0;18495[Am Gericht];2021-11-09T00:02:01.898Z
0.11272322;open;2021-11-08T23:58:00Z;101;795;70;966;896;109240[MyZeil];2021-11-09T00:02:01.898Z
0.4858044;open;2021-11-08T23:58:00Z;308;326;0;634;634;18494[Konrad-Adenauer-Straße];2021-11-09T00:02:01.898Z
0;open;2021-11-09T01:09:00Z;0;200;150;350;200;24276[Turmcenter];2021-11-09T01:12:00.894Z
0.13759214;open;2021-11-09T01:09:00Z;56;351;0;407;407;18944[Alte Oper];2021-11-09T01:12:00.894Z
0.008241759;open;2021-11-09T01:09:00Z;3;361;0;364;364;24281[Hauptbahnhof Süd];2021-11-09T01:12:00.894Z
0.27564895;open;2021-11-09T01:09:00Z;223;586;0;809;809;24279[Konstabler];2021-11-09T01:12:00.894Z
0.51877934;open;2021-11-09T01:09:00Z;221;205;0;426;426;18497[Hauptwache];2021-11-09T01:12:00.894Z
0;closed;2021-11-09T01:09:00Z;;413;0;0;0;18495[Am Gericht];2021-11-09T01:12:00.894Z
0.4858044;open;2021-11-09T01:09:00Z;308;326;0;634;634;18494[Konrad-Adenauer-Straße];2021-11-09T01:12:00.894Z
0;open;2021-11-09T02:10:00Z;0;200;150;350;200;24276[Turmcenter];2021-11-09T02:12:01.009Z
0.13759214;open;2021-11-09T02:10:00Z;56;351;0;407;407;18944[Alte Oper];2021-11-09T02:12:01.009Z
0.0054945056;open;2021-11-09T02:10:00Z;2;362;0;364;364;24281[Hauptbahnhof Süd];2021-11-09T02:12:01.009Z
0.27564895;open;2021-11-09T02:10:00Z;223;586;0;809;809;24279[Konstabler];2021-11-09T02:12:01.009Z
0.51877934;open;2021-11-09T02:10:00Z;221;205;0;426;426;18497[Hauptwache];2021-11-09T02:12:01.009Z
0;closed;2021-11-09T02:10:00Z;;413;0;0;0;18495[Am Gericht];2021-11-09T02:12:01.009Z
0.4873817;open;2021-11-09T02:10:00Z;309;325;0;634;634;18494[Konrad-Adenauer-Straße];2021-11-09T02:12:01.009Z
0;open;2021-11-09T02:40:00Z;0;200;150;350;200;24276[Turmcenter];2021-11-09T02:42:02.702Z
0.13759214;open;2021-11-09T02:40:00Z;56;351;0;407;407;18944[Alte Oper];2021-11-09T02:42:02.702Z
0.0054945056;open;2021-11-09T02:40:00Z;2;362;0;364;364;24281[Hauptbahnhof Süd];2021-11-09T02:42:02.702Z
0.27194068;open;2021-11-09T02:40:00Z;220;589;0;809;809;24279[Konstabler];2021-11-09T02:42:02.702Z
0.51877934;open;2021-11-09T02:40:00Z;221;205;0;426;426;18497[Hauptwache];2021-11-09T02:42:02.702Z
0;closed;2021-11-09T02:40:00Z;;413;0;0;0;18495[Am Gericht];2021-11-09T02:42:02.702Z
0.110491075;open;2021-11-09T02:40:00Z;99;797;70;966;896;109240[MyZeil];2021-11-09T02:42:02.702Z
0.4873817;open;2021-11-09T02:40:00Z;309;325;0;634;634;18494[Konrad-Adenauer-Straße];2021-11-09T02:42:02.702Z
0;open;2021-11-09T02:55:00Z;0;200;150;350;200;24276[Turmcenter];2021-11-09T02:57:00.660Z
0.13759214;open;2021-11-09T02:55:00Z;56;351;0;407;407;18944[Alte Oper];2021-11-09T02:57:00.660Z
0.0054945056;open;2021-11-09T02:55:00Z;2;362;0;364;364;24281[Hauptbahnhof Süd];2021-11-09T02:57:00.660Z
0.27194068;open;2021-11-09T02:55:00Z;220;589;0;809;809;24279[Konstabler];2021-11-09T02:57:00.660Z
0.51877934;open;2021-11-09T02:55:00Z;221;205;0;426;426;18497[Hauptwache];2021-11-09T02:57:00.660Z
0;closed;2021-11-09T02:55:00Z;;413;0;0;0;18495[Am Gericht];2021-11-09T02:57:00.660Z
0.4858044;open;2021-11-09T02:55:00Z;308;326;0;634;634;18494[Konrad-Adenauer-Straße];2021-11-09T02:57:00.660Z
0;open;2021-11-09T03:15:00Z;0;200;150;350;200;24276[Turmcenter];2021-11-09T03:17:02.408Z
0.13759214;open;2021-11-09T03:15:00Z;56;351;0;407;407;18944[Alte Oper];2021-11-09T03:17:02.408Z
0.0054945056;open;2021-11-09T03:15:00Z;2;362;0;364;364;24281[Hauptbahnhof Süd];2021-11-09T03:17:02.408Z
0.27194068;open;2021-11-09T03:15:00Z;220;589;0;809;809;24279[Konstabler];2021-11-09T03:17:02.408Z
0.51877934;open;2021-11-09T03:15:00Z;221;205;0;426;426;18497[Hauptwache];2021-11-09T03:17:02.408Z
0;closed;2021-11-09T03:15:00Z;;;0;0;0;18495[Am Gericht];2021-11-09T03:17:02.408Z
0.48895898;open;2021-11-09T03:15:00Z;310;324;0;634;634;18494[Konrad-Adenauer-Straße];2021-11-09T03:17:02.408Z
0;open;2021-11-09T03:35:00Z;0;200;150;350;200;24276[Turmcenter];2021-11-09T03:37:00.304Z
0.13759214;open;2021-11-09T03:35:00Z;56;351;0;407;407;18944[Alte Oper];2021-11-09T03:37:00.304Z
0.0054945056;open;2021-11-09T03:35:00Z;2;362;0;364;364;24281[Hauptbahnhof Süd];2021-11-09T03:37:00.304Z
0.27194068;open;2021-11-09T03:35:00Z;220;589;0;809;809;24279[Konstabler];2021-11-09T03:37:00.304Z
0.51877934;open;2021-11-09T03:35:00Z;221;205;0;426;426;18497[Hauptwache];2021-11-09T03:37:00.304Z
0;closed;2021-11-09T03:35:00Z;;;0;0;0;18495[Am Gericht];2021-11-09T03:37:00.304Z
0.4873817;open;2021-11-09T03:35:00Z;309;325;0;634;634;18494[Konrad-Adenauer-Straße];2021-11-09T03:37:00.304Z
0;open;2021-11-09T03:50:00Z;0;200;150;350;200;24276[Turmcenter];2021-11-09T03:52:02.675Z
0.13759214;open;2021-11-09T03:50:00Z;56;351;0;407;407;18944[Alte Oper];2021-11-09T03:52:02.675Z
0.0054945056;open;2021-11-09T03:50:00Z;2;362;0;364;364;24281[Hauptbahnhof Süd];2021-11-09T03:52:02.675Z
0.27194068;open;2021-11-09T03:50:00Z;220;589;0;809;809;24279[Konstabler];2021-11-09T03:52:02.675Z
0.51877934;open;2021-11-09T03:50:00Z;221;205;0;426;426;18497[Hauptwache];2021-11-09T03:52:02.675Z
0;closed;2021-11-09T03:50:00Z;;;0;0;0;18495[Am Gericht];2021-11-09T03:52:02.675Z
0.4873817;open;2021-11-09T03:50:00Z;309;325;0;634;634;18494[Konrad-Adenauer-Straße];2021-11-09T03:52:02.675Z
0;open;2021-11-09T04:00:00Z;0;200;150;350;200;24276[Turmcenter];2021-11-09T04:02:01.932Z
0.13759214;open;2021-11-09T04:00:00Z;56;351;0;407;407;18944[Alte Oper];2021-11-09T04:02:01.932Z
0.0054945056;open;2021-11-09T04:00:00Z;2;362;0;364;364;24281[Hauptbahnhof Süd];2021-11-09T04:02:01.932Z
0.27194068;open;2021-11-09T04:00:00Z;220;589;0;809;809;24279[Konstabler];2021-11-09T04:02:01.932Z
0.51877934;open;2021-11-09T04:00:00Z;221;205;0;426;426;18497[Hauptwache];2021-11-09T04:02:01.932Z
0;closed;2021-11-09T04:00:00Z;;;0;0;0;18495[Am Gericht];2021-11-09T04:02:01.932Z
0.110491075;open;2021-11-09T04:00:00Z;99;797;70;966;896;109240[MyZeil];2021-11-09T04:02:01.932Z
0.4873817;open;2021-11-09T04:00:00Z;309;325;0;634;634;18494[Konrad-Adenauer-Straße];2021-11-09T04:02:01.932Z
0;open;2021-11-09T04:30:00Z;0;200;150;350;200;24276[Turmcenter];2021-11-09T04:32:01.283Z
0.13759214;open;2021-11-09T04:30:00Z;56;351;0;407;407;18944[Alte Oper];2021-11-09T04:32:01.283Z
0.0054945056;open;2021-11-09T04:30:00Z;2;362;0;364;364;24281[Hauptbahnhof Süd];2021-11-09T04:32:01.283Z
0.27317676;open;2021-11-09T04:30:00Z;221;588;0;809;809;24279[Konstabler];2021-11-09T04:32:01.283Z
0.51877934;open;2021-11-09T04:30:00Z;221;205;0;426;426;18497[Hauptwache];2021-11-09T04:32:01.283Z
0;closed;2021-11-09T04:30:00Z;;;0;0;0;18495[Am Gericht];2021-11-09T04:32:01.283Z
0.110491075;open;2021-11-09T04:30:00Z;99;797;70;966;896;109240[MyZeil];2021-11-09T04:32:01.283Z
0.48895898;open;2021-11-09T04:30:00Z;310;324;0;634;634;18494[Konrad-Adenauer-Straße];2021-11-09T04:32:01.283Z
0.005;open;2021-11-09T04:56:00Z;1;199;150;350;200;24276[Turmcenter];2021-11-09T04:57:00.238Z
0.14004914;open;2021-11-09T04:56:00Z;57;350;0;407;407;18944[Alte Oper];2021-11-09T04:57:00.238Z
0.024725275;open;2021-11-09T04:56:00Z;9;355;0;364;364;24281[Hauptbahnhof Süd];2021-11-09T04:57:00.238Z
0.27194068;open;2021-11-09T04:56:00Z;220;589;0;809;809;24279[Konstabler];2021-11-09T04:57:00.238Z
0.51877934;open;2021-11-09T04:56:00Z;221;205;0;426;426;18497[Hauptwache];2021-11-09T04:57:00.238Z
0;closed;2021-11-09T04:56:00Z;;;0;0;0;18495[Am Gericht];2021-11-09T04:57:00.238Z
0.48895898;open;2021-11-09T04:56:00Z;310;324;0;634;634;18494[Konrad-Adenauer-Straße];2021-11-09T04:57:00.238Z
0.006666667;open;2021-11-09T05:16:00Z;1;149;200;350;150;24276[Turmcenter];2021-11-09T05:17:01.216Z
0.14250614;open;2021-11-09T05:16:00Z;58;349;0;407;407;18944[Alte Oper];2021-11-09T05:17:01.216Z
0.046703298;open;2021-11-09T05:16:00Z;17;347;0;364;364;24281[Hauptbahnhof Süd];2021-11-09T05:17:01.216Z
0.27441284;open;2021-11-09T05:16:00Z;222;587;0;809;809;24279[Konstabler];2021-11-09T05:17:01.216Z
0.51877934;open;2021-11-09T05:16:00Z;221;205;0;426;426;18497[Hauptwache];2021-11-09T05:17:01.216Z
0.425;open;2021-11-09T05:16:00Z;289;391;0;680;680;18495[Am Gericht];2021-11-09T05:17:01.216Z
0.49526814;open;2021-11-09T05:16:00Z;314;320;0;634;634;18494[Konrad-Adenauer-Straße];2021-11-09T05:17:01.216Z
0.033333335;open;2021-11-09T05:31:00Z;5;145;200;350;150;24276[Turmcenter];2021-11-09T05:32:00.760Z
0.14250614;open;2021-11-09T05:31:00Z;58;349;0;407;407;18944[Alte Oper];2021-11-09T05:32:00.760Z
0.06593407;open;2021-11-09T05:31:00Z;24;340;0;364;364;24281[Hauptbahnhof Süd];2021-11-09T05:32:00.760Z
0.27564895;open;2021-11-09T05:31:00Z;223;586;0;809;809;24279[Konstabler];2021-11-09T05:32:00.760Z
0.52112675;open;2021-11-09T05:31:00Z;222;204;0;426;426;18497[Hauptwache];2021-11-09T05:32:00.760Z
0.42941177;open;2021-11-09T05:31:00Z;292;388;0;680;680;18495[Am Gericht];2021-11-09T05:32:00.760Z
0.49369085;open;2021-11-09T05:31:00Z;313;321;0;634;634;18494[Konrad-Adenauer-Straße];2021-11-09T05:32:00.760Z
0.033333335;open;2021-11-09T05:41:00Z;5;145;200;350;150;24276[Turmcenter];2021-11-09T05:42:01.545Z
0.14250614;open;2021-11-09T05:41:00Z;58;349;0;407;407;18944[Alte Oper];2021-11-09T05:42:01.545Z
0.07967033;open;2021-11-09T05:41:00Z;29;335;0;364;364;24281[Hauptbahnhof Süd];2021-11-09T05:42:01.545Z
0.27441284;open;2021-11-09T05:41:00Z;222;587;0;809;809;24279[Konstabler];2021-11-09T05:42:01.545Z
0.52112675;open;2021-11-09T05:41:00Z;222;204;0;426;426;18497[Hauptwache];2021-11-09T05:42:01.545Z
0.43382353;open;2021-11-09T05:41:00Z;295;385;0;680;680;18495[Am Gericht];2021-11-09T05:42:01.545Z
0.110491075;open;2021-11-09T05:41:00Z;99;797;70;966;896;109240[MyZeil];2021-11-09T05:42:01.545Z
0.49369085;open;2021-11-09T05:41:00Z;313;321;0;634;634;18494[Konrad-Adenauer-Straße];2021-11-09T05:42:01.545Z
0.04;open;2021-11-09T05:56:00Z;6;144;200;350;150;24276[Turmcenter];2021-11-09T05:57:01.119Z
0.14742015;open;2021-11-09T05:56:00Z;60;347;0;407;407;18944[Alte Oper];2021-11-09T05:57:01.119Z
0.09615385;open;2021-11-09T05:56:00Z;35;329;0;364;364;24281[Hauptbahnhof Süd];2021-11-09T05:57:01.119Z
0.27317676;open;2021-11-09T05:56:00Z;221;588;0;809;809;24279[Konstabler];2021-11-09T05:57:01.119Z
0.52347416;open;2021-11-09T05:56:00Z;223;203;0;426;426;18497[Hauptwache];2021-11-09T05:57:01.119Z
0.43235293;open;2021-11-09T05:56:00Z;294;386;0;680;680;18495[Am Gericht];2021-11-09T05:57:01.119Z
0.49684542;open;2021-11-09T05:56:00Z;315;319;0;634;634;18494[Konrad-Adenauer-Straße];2021-11-09T05:57:01.119Z
0.093333334;open;2021-11-09T06:21:00Z;14;136;200;350;150;24276[Turmcenter];2021-11-09T06:22:02.293Z
0.14742015;open;2021-11-09T06:21:00Z;60;347;0;407;407;18944[Alte Oper];2021-11-09T06:22:02.293Z
0.12912089;open;2021-11-09T06:21:00Z;47;317;0;364;364;24281[Hauptbahnhof Süd];2021-11-09T06:22:02.293Z
0.27317676;open;2021-11-09T06:21:00Z;221;588;0;809;809;24279[Konstabler];2021-11-09T06:22:02.293Z
0.5375587;open;2021-11-09T06:21:00Z;229;197;0;426;426;18497[Hauptwache];2021-11-09T06:22:02.293Z
0.45147058;open;2021-11-09T06:21:00Z;307;373;0;680;680;18495[Am Gericht];2021-11-09T06:22:02.293Z
0.50157726;open;2021-11-09T06:21:00Z;318;316;0;634;634;18494[Konrad-Adenauer-Straße];2021-11-09T06:22:02.293Z
0.14666666;open;2021-11-09T06:46:00Z;22;128;200;350;150;24276[Turmcenter];2021-11-09T06:47:01.934Z
0.16953316;open;2021-11-09T06:46:00Z;69;338;0;407;407;18944[Alte Oper];2021-11-09T06:47:01.934Z
0.17582418;open;2021-11-09T06:46:00Z;64;300;0;364;364;24281[Hauptbahnhof Süd];2021-11-09T06:47:01.934Z
0.2855377;open;2021-11-09T06:46:00Z;231;578;0;809;809;24279[Konstabler];2021-11-09T06:47:01.934Z
0.5539906;open;2021-11-09T06:46:00Z;236;190;0;426;426;18497[Hauptwache];2021-11-09T06:47:01.934Z
0.48235294;open;2021-11-09T06:46:00Z;328;352;0;680;680;18495[Am Gericht];2021-11-09T06:47:01.934Z
0.11941964;open;2021-11-09T06:46:00Z;107;789;70;966;896;109240[MyZeil];2021-11-09T06:47:01.934Z
0.5126183;open;2021-11-09T06:46:00Z;325;309;0;634;634;18494[Konrad-Adenauer-Straße];2021-11-09T06:47:01.934Z
0.19333333;open;2021-11-09T07:01:00Z;29;121;200;350;150;24276[Turmcenter];2021-11-09T07:02:00.524Z
0.18181819;open;2021-11-09T07:01:00Z;74;333;0;407;407;18944[Alte Oper];2021-11-09T07:02:00.524Z
0.1923077;open;2021-11-09T07:01:00Z;70;294;0;364;364;24281[Hauptbahnhof Süd];2021-11-09T07:02:00.524Z
0.29171818;open;2021-11-09T07:01:00Z;236;573;0;809;809;24279[Konstabler];2021-11-09T07:02:00.524Z
0.5610329;open;2021-11-09T07:01:00Z;239;187;0;426;426;18497[Hauptwache];2021-11-09T07:02:00.524Z
0.51029414;open;2021-11-09T07:01:00Z;347;333;0;680;680;18495[Am Gericht];2021-11-09T07:02:00.524Z
0.51892745;open;2021-11-09T07:01:00Z;329;305;0;634;634;18494[Konrad-Adenauer-Straße];2021-11-09T07:02:00.524Z
0.32666665;open;2021-11-09T07:21:00Z;49;101;200;350;150;24276[Turmcenter];2021-11-09T07:27:02.529Z
0.21867321;open;2021-11-09T07:21:00Z;89;318;0;407;407;18944[Alte Oper];2021-11-09T07:27:02.529Z
0.25274727;open;2021-11-09T07:21:00Z;92;272;0;364;364;24281[Hauptbahnhof Süd];2021-11-09T07:27:02.529Z
0.3077874;open;2021-11-09T07:21:00Z;249;560;0;809;809;24279[Konstabler];2021-11-09T07:27:02.529Z
0.57746476;open;2021-11-09T07:21:00Z;246;180;0;426;426;18497[Hauptwache];2021-11-09T07:27:02.529Z
0.5367647;open;2021-11-09T07:21:00Z;365;315;0;680;680;18495[Am Gericht];2021-11-09T07:27:02.529Z
0.53943217;open;2021-11-09T07:21:00Z;342;292;0;634;634;18494[Konrad-Adenauer-Straße];2021-11-09T07:27:02.529Z
0.48;open;2021-11-09T07:37:00Z;72;78;200;350;150;24276[Turmcenter];2021-11-09T07:42:00.587Z
0.23832923;open;2021-11-09T07:37:00Z;97;310;0;407;407;18944[Alte Oper];2021-11-09T07:42:00.587Z
0.27197802;open;2021-11-09T07:37:00Z;99;265;0;364;364;24281[Hauptbahnhof Süd];2021-11-09T07:42:00.587Z
0.32385662;open;2021-11-09T07:37:00Z;262;547;0;809;809;24279[Konstabler];2021-11-09T07:42:00.587Z
0.59624416;open;2021-11-09T07:37:00Z;254;172;0;426;426;18497[Hauptwache];2021-11-09T07:42:00.587Z
0.5617647;open;2021-11-09T07:37:00Z;382;298;0;680;680;18495[Am Gericht];2021-11-09T07:42:00.587Z
0.5567823;open;2021-11-09T07:37:00Z;353;281;0;634;634;18494[Konrad-Adenauer-Straße];2021-11-09T07:42:00.587Z
0.5;open;2021-11-09T07:42:00Z;75;75;200;350;150;24276[Turmcenter];2021-11-09T07:47:00.108Z
0.25307125;open;2021-11-09T07:42:00Z;103;304;0;407;407;18944[Alte Oper];2021-11-09T07:47:00.108Z
0.27747253;open;2021-11-09T07:42:00Z;101;263;0;364;364;24281[Hauptbahnhof Süd];2021-11-09T07:47:00.108Z
0.32880098;open;2021-11-09T07:42:00Z;266;543;0;809;809;24279[Konstabler];2021-11-09T07:47:00.108Z
0.6032864;open;2021-11-09T07:42:00Z;257;169;0;426;426;18497[Hauptwache];2021-11-09T07:47:00.108Z
0.575;open;2021-11-09T07:42:00Z;391;289;0;680;680;18495[Am Gericht];2021-11-09T07:47:00.108Z
0.140625;open;2021-11-09T07:42:00Z;126;770;70;966;896;109240[MyZeil];2021-11-09T07:47:00.108Z
0.5583596;open;2021-11-09T07:42:00Z;354;280;0;634;634;18494[Konrad-Adenauer-Straße];2021-11-09T07:47:00.108Z
0.61333334;open;2021-11-09T07:57:00Z;92;58;200;350;150;24276[Turmcenter];2021-11-09T08:02:01.351Z
0.2800983;open;2021-11-09T07:57:00Z;114;293;0;407;407;18944[Alte Oper];2021-11-09T08:02:01.351Z
0.32142857;open;2021-11-09T07:57:00Z;117;247;0;364;364;24281[Hauptbahnhof Süd];2021-11-09T08:02:01.351Z
0.3498146;open;2021-11-09T07:57:00Z;283;526;0;809;809;24279[Konstabler];2021-11-09T08:02:01.351Z
0.62910795;open;2021-11-09T07:57:00Z;268;158;0;426;426;18497[Hauptwache];2021-11-09T08:02:01.351Z
0.6;open;2021-11-09T07:57:00Z;408;272;0;680;680;18495[Am Gericht];2021-11-09T08:02:01.351Z
0.56782335;open;2021-11-09T07:57:00Z;360;274;0;634;634;18494[Konrad-Adenauer-Straße];2021-11-09T08:02:01.351Z
0.8;open;2021-11-09T08:27:00Z;120;30;200;350;150;24276[Turmcenter];2021-11-09T08:32:00.121Z
0.36117935;open;2021-11-09T08:27:00Z;147;260;0;407;407;18944[Alte Oper];2021-11-09T08:32:00.121Z
0.39835164;open;2021-11-09T08:27:00Z;145;219;0;364;364;24281[Hauptbahnhof Süd];2021-11-09T08:32:00.121Z
0.38442522;open;2021-11-09T08:27:00Z;311;498;0;809;809;24279[Konstabler];2021-11-09T08:32:00.121Z
0.69014084;open;2021-11-09T08:27:00Z;294;132;0;426;426;18497[Hauptwache];2021-11-09T08:32:00.121Z
0.6573529;open;2021-11-09T08:27:00Z;447;233;0;680;680;18495[Am Gericht];2021-11-09T08:32:00.121Z
0.17075893;open;2021-11-09T08:27:00Z;153;743;70;966;896;109240[MyZeil];2021-11-09T08:32:00.121Z
0.5820189;open;2021-11-09T08:27:00Z;369;265;0;634;634;18494[Konrad-Adenauer-Straße];2021-11-09T08:32:00.121Z
0.8933333;open;2021-11-09T08:42:00Z;134;16;200;350;150;24276[Turmcenter];2021-11-09T08:47:00.138Z
0.4078624;open;2021-11-09T08:42:00Z;166;241;0;407;407;18944[Alte Oper];2021-11-09T08:47:00.138Z
0.43131867;open;2021-11-09T08:42:00Z;157;207;0;364;364;24281[Hauptbahnhof Süd];2021-11-09T08:47:00.138Z
0.407911;open;2021-11-09T08:42:00Z;330;479;0;809;809;24279[Konstabler];2021-11-09T08:47:00.138Z
0.7065728;open;2021-11-09T08:42:00Z;301;125;0;426;426;18497[Hauptwache];2021-11-09T08:47:00.138Z
0.70441175;open;2021-11-09T08:42:00Z;479;201;0;680;680;18495[Am Gericht];2021-11-09T08:47:00.138Z
0.5977918;open;2021-11-09T08:42:00Z;379;255;0;634;634;18494[Konrad-Adenauer-Straße];2021-11-09T08:47:00.138Z
0.96;open;2021-11-09T08:52:00Z;144;6;200;350;150;24276[Turmcenter];2021-11-09T08:57:02.260Z
0.44963145;open;2021-11-09T08:52:00Z;183;224;0;407;407;18944[Alte Oper];2021-11-09T08:57:02.260Z
0.43406594;open;2021-11-09T08:52:00Z;158;206;0;364;364;24281[Hauptbahnhof Süd];2021-11-09T08:57:02.260Z
0.4326329;open;2021-11-09T08:52:00Z;350;459;0;809;809;24279[Konstabler];2021-11-09T08:57:02.260Z
0.7347418;open;2021-11-09T08:52:00Z;313;113;0;426;426;18497[Hauptwache];2021-11-09T08:57:02.260Z
0.72794116;open;2021-11-09T08:52:00Z;495;185;0;680;680;18495[Am Gericht];2021-11-09T08:57:02.260Z
0.60410094;open;2021-11-09T08:52:00Z;383;251;0;634;634;18494[Konrad-Adenauer-Straße];2021-11-09T08:57:02.260Z
0.97333336;open;2021-11-09T09:17:00Z;146;4;200;350;150;24276[Turmcenter];2021-11-09T09:22:00.660Z
0.5282555;open;2021-11-09T09:17:00Z;215;192;0;407;407;18944[Alte Oper];2021-11-09T09:22:00.660Z
0.42582417;open;2021-11-09T09:17:00Z;155;209;0;364;364;24281[Hauptbahnhof Süd];2021-11-09T09:22:00.660Z
0.49443758;open;2021-11-09T09:17:00Z;400;409;0;809;809;24279[Konstabler];2021-11-09T09:22:00.660Z
0.8169014;open;2021-11-09T09:17:00Z;348;78;0;426;426;18497[Hauptwache];2021-11-09T09:22:00.660Z
0.7867647;open;2021-11-09T09:17:00Z;535;145;0;680;680;18495[Am Gericht];2021-11-09T09:22:00.660Z
0.62460566;open;2021-11-09T09:17:00Z;396;238;0;634;634;18494[Konrad-Adenauer-Straße];2021-11-09T09:22:00.660Z
0.97333336;open;2021-11-09T09:33:00Z;146;4;200;350;150;24276[Turmcenter];2021-11-09T09:37:00.559Z
0.5601966;open;2021-11-09T09:33:00Z;228;179;0;407;407;18944[Alte Oper];2021-11-09T09:37:00.559Z
0.41483516;open;2021-11-09T09:33:00Z;151;213;0;364;364;24281[Hauptbahnhof Süd];2021-11-09T09:37:00.559Z
0.538937;open;2021-11-09T09:33:00Z;436;373;0;809;809;24279[Konstabler];2021-11-09T09:37:00.559Z
0.87323946;open;2021-11-09T09:33:00Z;372;54;0;426;426;18497[Hauptwache];2021-11-09T09:37:00.559Z
0.8117647;open;2021-11-09T09:33:00Z;552;128;0;680;680;18495[Am Gericht];2021-11-09T09:37:00.559Z
0.6356467;open;2021-11-09T09:33:00Z;403;231;0;634;634;18494[Konrad-Adenauer-Straße];2021-11-09T09:37:00.559Z
0.99333334;open;2021-11-09T09:48:00Z;149;1;200;350;150;24276[Turmcenter];2021-11-09T09:52:01.681Z
0.5970516;open;2021-11-09T09:48:00Z;243;164;0;407;407;18944[Alte Oper];2021-11-09T09:52:01.681Z
0.41483516;open;2021-11-09T09:48:00Z;151;213;0;364;364;24281[Hauptbahnhof Süd];2021-11-09T09:52:01.681Z
0.57972807;open;2021-11-09T09:48:00Z;469;340;0;809;809;24279[Konstabler];2021-11-09T09:52:01.681Z
0.9201878;open;2021-11-09T09:48:00Z;392;34;0;426;426;18497[Hauptwache];2021-11-09T09:52:01.681Z
0.8088235;open;2021-11-09T09:48:00Z;550;130;0;680;680;18495[Am Gericht];2021-11-09T09:52:01.681Z
0.25892857;open;2021-11-09T09:48:00Z;232;664;70;966;896;109240[MyZeil];2021-11-09T09:52:01.681Z
0.6340694;open;2021-11-09T09:48:00Z;402;232;0;634;634;18494[Konrad-Adenauer-Straße];2021-11-09T09:52:01.681Z
0.98;open;2021-11-09T09:58:00Z;147;3;200;350;150;24276[Turmcenter];2021-11-09T10:02:01.377Z
0.6093366;open;2021-11-09T09:58:00Z;248;159;0;407;407;18944[Alte Oper];2021-11-09T10:02:01.377Z
0.43681318;open;2021-11-09T09:58:00Z;159;205;0;364;364;24281[Hauptbahnhof Süd];2021-11-09T10:02:01.377Z
0.5970334;open;2021-11-09T09:58:00Z;483;326;0;809;809;24279[Konstabler];2021-11-09T10:02:01.377Z
0.9413146;open;2021-11-09T09:58:00Z;401;25;0;426;426;18497[Hauptwache];2021-11-09T10:02:01.377Z
0.80588233;open;2021-11-09T09:58:00Z;548;132;0;680;680;18495[Am Gericht];2021-11-09T10:02:01.377Z
0.65299684;open;2021-11-09T09:58:00Z;414;220;0;634;634;18494[Konrad-Adenauer-Straße];2021-11-09T10:02:01.377Z
0.96;open;2021-11-09T10:23:00Z;144;6;200;350;150;24276[Turmcenter];2021-11-09T10:27:02.861Z
0.62653565;open;2021-11-09T10:23:00Z;255;152;0;407;407;18944[Alte Oper];2021-11-09T10:27:02.861Z
0.43406594;open;2021-11-09T10:23:00Z;158;206;0;364;364;24281[Hauptbahnhof Süd];2021-11-09T10:27:02.861Z
0.6328801;open;2021-11-09T10:23:00Z;512;297;0;809;809;24279[Konstabler];2021-11-09T10:27:02.861Z
1;open;2021-11-09T10:23:00Z;426;0;0;426;426;18497[Hauptwache];2021-11-09T10:27:02.861Z
0.8088235;open;2021-11-09T10:23:00Z;550;130;0;680;680;18495[Am Gericht];2021-11-09T10:27:02.861Z
0.28125;open;2021-11-09T10:23:00Z;252;644;70;966;896;109240[MyZeil];2021-11-09T10:27:02.861Z
0.67350155;open;2021-11-09T10:23:00Z;427;207;0;634;634;18494[Konrad-Adenauer-Straße];2021-11-09T10:27:02.861Z
0.96;open;2021-11-09T10:38:00Z;144;6;200;350;150;24276[Turmcenter];2021-11-09T10:42:01.113Z
0.67813265;open;2021-11-09T10:38:00Z;276;131;0;407;407;18944[Alte Oper];2021-11-09T10:42:01.113Z
0.42307693;open;2021-11-09T10:38:00Z;154;210;0;364;364;24281[Hauptbahnhof Süd];2021-11-09T10:42:01.113Z
0.66254634;open;2021-11-09T10:38:00Z;536;273;0;809;809;24279[Konstabler];2021-11-09T10:42:01.113Z
1;open;2021-11-09T10:38:00Z;426;0;0;426;426;18497[Hauptwache];2021-11-09T10:42:01.113Z
0.81764704;open;2021-11-09T10:38:00Z;556;124;0;680;680;18495[Am Gericht];2021-11-09T10:42:01.113Z
0.68927443;open;2021-11-09T10:38:00Z;437;197;0;634;634;18494[Konrad-Adenauer-Straße];2021-11-09T10:42:01.113Z
0.9533333;open;2021-11-09T10:58:00Z;143;7;200;350;150;24276[Turmcenter];2021-11-09T11:02:02.268Z
0.7051597;open;2021-11-09T10:58:00Z;287;120;0;407;407;18944[Alte Oper];2021-11-09T11:02:02.268Z
0.43681318;open;2021-11-09T10:58:00Z;159;205;0;364;364;24281[Hauptbahnhof Süd];2021-11-09T11:02:02.268Z
0.7144623;open;2021-11-09T10:58:00Z;578;231;0;809;809;24279[Konstabler];2021-11-09T11:02:02.268Z
1;open;2021-11-09T10:58:00Z;426;0;0;426;426;18497[Hauptwache];2021-11-09T11:02:02.268Z
0.82058823;open;2021-11-09T10:58:00Z;558;122;0;680;680;18495[Am Gericht];2021-11-09T11:02:02.268Z
0.7082019;open;2021-11-09T10:58:00Z;449;185;0;634;634;18494[Konrad-Adenauer-Straße];2021-11-09T11:02:02.268Z
0.94666666;open;2021-11-09T11:19:00Z;142;8;200;350;150;24276[Turmcenter];2021-11-09T11:22:00.022Z
0.73955774;open;2021-11-09T11:19:00Z;301;106;0;407;407;18944[Alte Oper];2021-11-09T11:22:00.022Z
0.43406594;open;2021-11-09T11:19:00Z;158;206;0;364;364;24281[Hauptbahnhof Süd];2021-11-09T11:22:00.022Z
0.74289244;open;2021-11-09T11:19:00Z;601;208;0;809;809;24279[Konstabler];2021-11-09T11:22:00.022Z
0.97417843;open;2021-11-09T11:19:00Z;415;11;0;426;426;18497[Hauptwache];2021-11-09T11:22:00.022Z
0.8;open;2021-11-09T11:19:00Z;544;136;0;680;680;18495[Am Gericht];2021-11-09T11:22:00.022Z
0.70189273;open;2021-11-09T11:19:00Z;445;189;0;634;634;18494[Konrad-Adenauer-Straße];2021-11-09T11:22:00.022Z
0.94;open;2021-11-09T11:24:00Z;141;9;200;350;150;24276[Turmcenter];2021-11-09T11:27:00.126Z
0.7567568;open;2021-11-09T11:24:00Z;308;99;0;407;407;18944[Alte Oper];2021-11-09T11:27:00.126Z
0.42857143;open;2021-11-09T11:24:00Z;156;208;0;364;364;24281[Hauptbahnhof Süd];2021-11-09T11:27:00.126Z
0.74660075;open;2021-11-09T11:24:00Z;604;205;0;809;809;24279[Konstabler];2021-11-09T11:27:00.126Z
0.9882629;open;2021-11-09T11:24:00Z;421;5;0;426;426;18497[Hauptwache];2021-11-09T11:27:00.126Z
0.79558825;open;2021-11-09T11:24:00Z;541;139;0;680;680;18495[Am Gericht];2021-11-09T11:27:00.126Z
0.30357143;open;2021-11-09T11:24:00Z;272;624;70;966;896;109240[MyZeil];2021-11-09T11:27:00.126Z
0.68927443;open;2021-11-09T11:24:00Z;437;197;0;634;634;18494[Konrad-Adenauer-Straße];2021-11-09T11:27:00.126Z
0.93333334;open;2021-11-09T11:39:00Z;140;10;200;350;150;24276[Turmcenter];2021-11-09T11:42:02.269Z
0.7911548;open;2021-11-09T11:39:00Z;322;85;0;407;407;18944[Alte Oper];2021-11-09T11:42:02.269Z
0.40934065;open;2021-11-09T11:39:00Z;149;215;0;364;364;24281[Hauptbahnhof Süd];2021-11-09T11:42:02.269Z
0.73794806;open;2021-11-09T11:39:00Z;597;212;0;809;809;24279[Konstabler];2021-11-09T11:42:02.269Z
1;open;2021-11-09T11:39:00Z;426;0;0;426;426;18497[Hauptwache];2021-11-09T11:42:02.269Z
0.7852941;open;2021-11-09T11:39:00Z;534;146;0;680;680;18495[Am Gericht];2021-11-09T11:42:02.269Z
0.67823344;open;2021-11-09T11:39:00Z;430;204;0;634;634;18494[Konrad-Adenauer-Straße];2021-11-09T11:42:02.269Z
0.93333334;open;2021-11-09T11:49:00Z;140;10;200;350;150;24276[Turmcenter];2021-11-09T11:52:01.090Z
0.8034398;open;2021-11-09T11:49:00Z;327;80;0;407;407;18944[Alte Oper];2021-11-09T11:52:01.090Z
0.4065934;open;2021-11-09T11:49:00Z;148;216;0;364;364;24281[Hauptbahnhof Süd];2021-11-09T11:52:01.090Z
0.7577256;open;2021-11-09T11:49:00Z;613;196;0;809;809;24279[Konstabler];2021-11-09T11:52:01.090Z
1;open;2021-11-09T11:49:00Z;426;0;0;426;426;18497[Hauptwache];2021-11-09T11:52:01.090Z
0.7764706;open;2021-11-09T11:49:00Z;528;152;0;680;680;18495[Am Gericht];2021-11-09T11:52:01.090Z
0.3169643;open;2021-11-09T11:49:00Z;284;612;70;966;896;109240[MyZeil];2021-11-09T11:52:01.090Z
0.6845426;open;2021-11-09T11:49:00Z;434;200;0;634;634;18494[Konrad-Adenauer-Straße];2021-11-09T11:52:01.090Z
0.93333334;open;2021-11-09T12:24:00Z;140;10;200;350;150;24276[Turmcenter];2021-11-09T12:27:01.743Z
0.82800984;open;2021-11-09T12:24:00Z;337;70;0;407;407;18944[Alte Oper];2021-11-09T12:27:01.743Z
0.39835164;open;2021-11-09T12:24:00Z;145;219;0;364;364;24281[Hauptbahnhof Süd];2021-11-09T12:27:01.743Z
0.789864;open;2021-11-09T12:24:00Z;639;170;0;809;809;24279[Konstabler];2021-11-09T12:27:01.743Z
1;open;2021-11-09T12:24:00Z;426;0;0;426;426;18497[Hauptwache];2021-11-09T12:27:01.743Z
0.7676471;open;2021-11-09T12:24:00Z;522;158;0;680;680;18495[Am Gericht];2021-11-09T12:27:01.743Z
0.68611985;open;2021-11-09T12:24:00Z;435;199;0;634;634;18494[Konrad-Adenauer-Straße];2021-11-09T12:27:01.743Z
0.9533333;open;2021-11-09T13:05:00Z;143;7;200;350;150;24276[Turmcenter];2021-11-09T13:07:00.184Z
0.8058968;open;2021-11-09T13:05:00Z;328;79;0;407;407;18944[Alte Oper];2021-11-09T13:07:00.184Z
0.3846154;open;2021-11-09T13:05:00Z;140;224;0;364;364;24281[Hauptbahnhof Süd];2021-11-09T13:07:00.184Z
0.789864;open;2021-11-09T13:05:00Z;639;170;0;809;809;24279[Konstabler];2021-11-09T13:07:00.184Z
1;open;2021-11-09T13:05:00Z;426;0;0;426;426;18497[Hauptwache];2021-11-09T13:07:00.184Z
0.74558824;open;2021-11-09T13:05:00Z;507;173;0;680;680;18495[Am Gericht];2021-11-09T13:07:00.184Z
0.67823344;open;2021-11-09T13:05:00Z;430;204;0;634;634;18494[Konrad-Adenauer-Straße];2021-11-09T13:07:00.184Z
0.92;open;2021-11-09T13:35:00Z;138;12;200;350;150;24276[Turmcenter];2021-11-09T13:37:00.491Z
0.7493858;open;2021-11-09T13:35:00Z;305;102;0;407;407;18944[Alte Oper];2021-11-09T13:37:00.491Z
0.3708791;open;2021-11-09T13:35:00Z;135;229;0;364;364;24281[Hauptbahnhof Süd];2021-11-09T13:37:00.491Z
0.7342398;open;2021-11-09T13:35:00Z;594;215;0;809;809;24279[Konstabler];2021-11-09T13:37:00.491Z
1;open;2021-11-09T13:35:00Z;426;0;0;426;426;18497[Hauptwache];2021-11-09T13:37:00.491Z
0.73970586;open;2021-11-09T13:35:00Z;503;177;0;680;680;18495[Am Gericht];2021-11-09T13:37:00.491Z
0.3002232;open;2021-11-09T13:35:00Z;269;627;70;966;896;109240[MyZeil];2021-11-09T13:37:00.491Z
0.670347;open;2021-11-09T13:35:00Z;425;209;0;634;634;18494[Konrad-Adenauer-Straße];2021-11-09T13:37:00.491Z
0.92;open;2021-11-09T13:45:00Z;138;12;200;350;150;24276[Turmcenter];2021-11-09T13:47:02.367Z
0.7223587;open;2021-11-09T13:45:00Z;294;113;0;407;407;18944[Alte Oper];2021-11-09T13:47:02.367Z
0.3653846;open;2021-11-09T13:45:00Z;133;231;0;364;364;24281[Hauptbahnhof Süd];2021-11-09T13:47:02.367Z
0.72929543;open;2021-11-09T13:45:00Z;590;219;0;809;809;24279[Konstabler];2021-11-09T13:47:02.367Z
1;open;2021-11-09T13:45:00Z;426;0;0;426;426;18497[Hauptwache];2021-11-09T13:47:02.367Z
0.72205883;open;2021-11-09T13:45:00Z;491;189;0;680;680;18495[Am Gericht];2021-11-09T13:47:02.367Z
0.6640379;open;2021-11-09T13:45:00Z;421;213;0;634;634;18494[Konrad-Adenauer-Straße];2021-11-09T13:47:02.367Z
0.94666666;open;2021-11-09T14:00:00Z;142;8;200;350;150;24276[Turmcenter];2021-11-09T14:02:01.442Z
0.6977887;open;2021-11-09T14:00:00Z;284;123;0;407;407;18944[Alte Oper];2021-11-09T14:02:01.442Z
0.34065935;open;2021-11-09T14:00:00Z;124;240;0;364;364;24281[Hauptbahnhof Süd];2021-11-09T14:02:01.442Z
0.7218789;open;2021-11-09T14:00:00Z;584;225;0;809;809;24279[Konstabler];2021-11-09T14:02:01.442Z
1;open;2021-11-09T14:00:00Z;426;0;0;426;426;18497[Hauptwache];2021-11-09T14:02:01.442Z
0.70441175;open;2021-11-09T14:00:00Z;479;201;0;680;680;18495[Am Gericht];2021-11-09T14:02:01.442Z
0.6514196;open;2021-11-09T14:00:00Z;413;221;0;634;634;18494[Konrad-Adenauer-Straße];2021-11-09T14:02:01.442Z
0.92;open;2021-11-09T14:20:00Z;138;12;200;350;150;24276[Turmcenter];2021-11-09T14:22:02.797Z
0.6756757;open;2021-11-09T14:20:00Z;275;132;0;407;407;18944[Alte Oper];2021-11-09T14:22:02.797Z
0.31868133;open;2021-11-09T14:20:00Z;116;248;0;364;364;24281[Hauptbahnhof Süd];2021-11-09T14:22:02.797Z
0.70580965;open;2021-11-09T14:20:00Z;571;238;0;809;809;24279[Konstabler];2021-11-09T14:22:02.797Z
0.98122066;open;2021-11-09T14:20:00Z;418;8;0;426;426;18497[Hauptwache];2021-11-09T14:22:02.797Z
0.6735294;open;2021-11-09T14:20:00Z;458;222;0;680;680;18495[Am Gericht];2021-11-09T14:22:02.797Z
0.6340694;open;2021-11-09T14:20:00Z;402;232;0;634;634;18494[Konrad-Adenauer-Straße];2021-11-09T14:22:02.797Z
0.91333336;open;2021-11-09T14:35:00Z;137;13;200;350;150;24276[Turmcenter];2021-11-09T14:37:02.203Z
0.66339064;open;2021-11-09T14:35:00Z;270;137;0;407;407;18944[Alte Oper];2021-11-09T14:37:02.203Z
0.28846154;open;2021-11-09T14:35:00Z;105;259;0;364;364;24281[Hauptbahnhof Süd];2021-11-09T14:37:02.203Z
0.73794806;open;2021-11-09T14:35:00Z;597;212;0;809;809;24279[Konstabler];2021-11-09T14:37:02.203Z
0.9976526;open;2021-11-09T14:35:00Z;425;1;0;426;426;18497[Hauptwache];2021-11-09T14:37:02.203Z
0.6647059;open;2021-11-09T14:35:00Z;452;228;0;680;680;18495[Am Gericht];2021-11-09T14:37:02.203Z
0.62460566;open;2021-11-09T14:35:00Z;396;238;0;634;634;18494[Konrad-Adenauer-Straße];2021-11-09T14:37:02.203Z
0.8666667;open;2021-11-09T14:50:00Z;130;20;200;350;150;24276[Turmcenter];2021-11-09T14:52:00.592Z
0.6412777;open;2021-11-09T14:50:00Z;261;146;0;407;407;18944[Alte Oper];2021-11-09T14:52:00.592Z
0.26923078;open;2021-11-09T14:50:00Z;98;266;0;364;364;24281[Hauptbahnhof Süd];2021-11-09T14:52:00.592Z
0.7268232;open;2021-11-09T14:50:00Z;588;221;0;809;809;24279[Konstabler];2021-11-09T14:52:00.592Z
0.9906103;open;2021-11-09T14:50:00Z;422;4;0;426;426;18497[Hauptwache];2021-11-09T14:52:00.592Z
0.64411765;open;2021-11-09T14:50:00Z;438;242;0;680;680;18495[Am Gericht];2021-11-09T14:52:00.592Z
0.6324921;open;2021-11-09T14:50:00Z;401;233;0;634;634;18494[Konrad-Adenauer-Straße];2021-11-09T14:52:00.592Z
0.87333333;open;2021-11-09T15:01:00Z;131;19;200;350;150;24276[Turmcenter];2021-11-09T15:02:02.880Z
0.6142506;open;2021-11-09T15:01:00Z;250;157;0;407;407;18944[Alte Oper];2021-11-09T15:02:02.880Z
0.24725275;open;2021-11-09T15:01:00Z;90;274;0;364;364;24281[Hauptbahnhof Süd];2021-11-09T15:02:02.880Z
0.7132262;open;2021-11-09T15:01:00Z;577;232;0;809;809;24279[Konstabler];2021-11-09T15:02:02.880Z
0.98122066;open;2021-11-09T15:01:00Z;418;8;0;426;426;18497[Hauptwache];2021-11-09T15:02:02.880Z
0.62941176;open;2021-11-09T15:01:00Z;428;252;0;680;680;18495[Am Gericht];2021-11-09T15:02:02.880Z
0.2700893;open;2021-11-09T15:01:00Z;242;654;70;966;896;109240[MyZeil];2021-11-09T15:02:02.880Z
0.62776023;open;2021-11-09T15:01:00Z;398;236;0;634;634;18494[Konrad-Adenauer-Straße];2021-11-09T15:02:02.880Z
0.82666665;open;2021-11-09T15:26:00Z;124;26;200;350;150;24276[Turmcenter];2021-11-09T15:27:02.891Z
0.5749386;open;2021-11-09T15:26:00Z;234;173;0;407;407;18944[Alte Oper];2021-11-09T15:27:02.891Z
0.21153846;open;2021-11-09T15:26:00Z;77;287;0;364;364;24281[Hauptbahnhof Süd];2021-11-09T15:27:02.891Z
0.6946848;open;2021-11-09T15:26:00Z;562;247;0;809;809;24279[Konstabler];2021-11-09T15:27:02.891Z
0.9835681;open;2021-11-09T15:26:00Z;419;7;0;426;426;18497[Hauptwache];2021-11-09T15:27:02.891Z
0.60588235;open;2021-11-09T15:26:00Z;412;268;0;680;680;18495[Am Gericht];2021-11-09T15:27:02.891Z
0.61198735;open;2021-11-09T15:26:00Z;388;246;0;634;634;18494[Konrad-Adenauer-Straße];2021-11-09T15:27:02.891Z
0.81333333;open;2021-11-09T15:52:00Z;122;28;200;350;150;24276[Turmcenter];2021-11-09T15:57:01.318Z
0.5405405;open;2021-11-09T15:52:00Z;220;187;0;407;407;18944[Alte Oper];2021-11-09T15:57:01.318Z
0.18681319;open;2021-11-09T15:52:00Z;68;296;0;364;364;24281[Hauptbahnhof Süd];2021-11-09T15:57:01.318Z
0.67985165;open;2021-11-09T15:52:00Z;550;259;0;809;809;24279[Konstabler];2021-11-09T15:57:01.318Z
0.9835681;open;2021-11-09T15:52:00Z;419;7;0;426;426;18497[Hauptwache];2021-11-09T15:57:01.318Z
0.59411764;open;2021-11-09T15:52:00Z;404;276;0;680;680;18495[Am Gericht];2021-11-09T15:57:01.318Z
0.58044165;open;2021-11-09T15:52:00Z;368;266;0;634;634;18494[Konrad-Adenauer-Straße];2021-11-09T15:57:01.318Z
0.68666667;open;2021-11-09T16:27:00Z;103;47;200;350;150;24276[Turmcenter];2021-11-09T16:32:00.245Z
0.52334154;open;2021-11-09T16:27:00Z;213;194;0;407;407;18944[Alte Oper];2021-11-09T16:32:00.245Z
0.1456044;open;2021-11-09T16:27:00Z;53;311;0;364;364;24281[Hauptbahnhof Süd];2021-11-09T16:32:00.245Z
0.66131026;open;2021-11-09T16:27:00Z;535;274;0;809;809;24279[Konstabler];2021-11-09T16:32:00.245Z
0.95539904;open;2021-11-09T16:27:00Z;407;19;0;426;426;18497[Hauptwache];2021-11-09T16:32:00.245Z
0.58235294;open;2021-11-09T16:27:00Z;396;284;0;680;680;18495[Am Gericht];2021-11-09T16:32:00.245Z
0.5567823;open;2021-11-09T16:27:00Z;353;281;0;634;634;18494[Konrad-Adenauer-Straße];2021-11-09T16:32:00.245Z
0.58666664;open;2021-11-09T17:03:00Z;88;62;200;350;150;24276[Turmcenter];2021-11-09T17:07:00.226Z
0.5135135;open;2021-11-09T17:03:00Z;209;198;0;407;407;18944[Alte Oper];2021-11-09T17:07:00.226Z
0.104395606;open;2021-11-09T17:03:00Z;38;326;0;364;364;24281[Hauptbahnhof Süd];2021-11-09T17:07:00.226Z
0.6600742;open;2021-11-09T17:03:00Z;534;275;0;809;809;24279[Konstabler];2021-11-09T17:07:00.226Z
0.91314554;open;2021-11-09T17:03:00Z;389;37;0;426;426;18497[Hauptwache];2021-11-09T17:07:00.226Z
0.53382355;open;2021-11-09T17:03:00Z;363;317;0;680;680;18495[Am Gericht];2021-11-09T17:07:00.226Z
0.5694006;open;2021-11-09T17:03:00Z;361;273;0;634;634;18494[Konrad-Adenauer-Straße];2021-11-09T17:07:00.226Z
0.42;open;2021-11-09T17:33:00Z;84;116;150;350;200;24276[Turmcenter];2021-11-09T17:37:00.902Z
0.56265354;open;2021-11-09T17:33:00Z;229;178;0;407;407;18944[Alte Oper];2021-11-09T17:37:00.902Z
0.07692308;open;2021-11-09T17:33:00Z;28;336;0;364;364;24281[Hauptbahnhof Süd];2021-11-09T17:37:00.902Z
0.6291718;open;2021-11-09T17:33:00Z;509;300;0;809;809;24279[Konstabler];2021-11-09T17:37:00.902Z
0.84741783;open;2021-11-09T17:33:00Z;361;65;0;426;426;18497[Hauptwache];2021-11-09T17:37:00.902Z
0.5117647;open;2021-11-09T17:33:00Z;348;332;0;680;680;18495[Am Gericht];2021-11-09T17:37:00.902Z
0.5615142;open;2021-11-09T17:33:00Z;356;278;0;634;634;18494[Konrad-Adenauer-Straße];2021-11-09T17:37:00.902Z
0.41;open;2021-11-09T17:48:00Z;82;118;150;350;200;24276[Turmcenter];2021-11-09T17:52:00.076Z
0.61179364;open;2021-11-09T17:48:00Z;249;158;0;407;407;18944[Alte Oper];2021-11-09T17:52:00.076Z
0.057692308;open;2021-11-09T17:48:00Z;21;343;0;364;364;24281[Hauptbahnhof Süd];2021-11-09T17:52:00.076Z
0.6341162;open;2021-11-09T17:48:00Z;513;296;0;809;809;24279[Konstabler];2021-11-09T17:52:00.076Z
0.8403756;open;2021-11-09T17:48:00Z;358;68;0;426;426;18497[Hauptwache];2021-11-09T17:52:00.076Z
0.50441176;open;2021-11-09T17:48:00Z;343;337;0;680;680;18495[Am Gericht];2021-11-09T17:52:00.076Z
0.5694006;open;2021-11-09T17:48:00Z;361;273;0;634;634;18494[Konrad-Adenauer-Straße];2021-11-09T17:52:00.076Z
0.43;open;2021-11-09T17:58:00Z;86;114;150;350;200;24276[Turmcenter];2021-11-09T18:02:02.128Z
0.66339064;open;2021-11-09T17:58:00Z;270;137;0;407;407;18944[Alte Oper];2021-11-09T18:02:02.128Z
0.046703298;open;2021-11-09T17:58:00Z;17;347;0;364;364;24281[Hauptbahnhof Süd];2021-11-09T18:02:02.128Z
0.6304079;open;2021-11-09T17:58:00Z;510;299;0;809;809;24279[Konstabler];2021-11-09T18:02:02.128Z
0.81924886;open;2021-11-09T17:58:00Z;349;77;0;426;426;18497[Hauptwache];2021-11-09T18:02:02.128Z
0.50147057;open;2021-11-09T17:58:00Z;341;339;0;680;680;18495[Am Gericht];2021-11-09T18:02:02.128Z
0.23325893;open;2021-11-09T17:58:00Z;209;687;70;966;896;109240[MyZeil];2021-11-09T18:02:02.128Z
0.56309146;open;2021-11-09T17:58:00Z;357;277;0;634;634;18494[Konrad-Adenauer-Straße];2021-11-09T18:02:02.128Z
0.45;open;2021-11-09T18:29:00Z;90;110;150;350;200;24276[Turmcenter];2021-11-09T18:32:00.426Z
0.8009828;open;2021-11-09T18:29:00Z;326;81;0;407;407;18944[Alte Oper];2021-11-09T18:32:00.426Z
0.041208792;open;2021-11-09T18:29:00Z;15;349;0;364;364;24281[Hauptbahnhof Süd];2021-11-09T18:32:00.426Z
0.60815823;open;2021-11-09T18:29:00Z;492;317;0;809;809;24279[Konstabler];2021-11-09T18:32:00.426Z
0.81220657;open;2021-11-09T18:29:00Z;346;80;0;426;426;18497[Hauptwache];2021-11-09T18:32:00.426Z
0.46911764;open;2021-11-09T18:29:00Z;319;361;0;680;680;18495[Am Gericht];2021-11-09T18:32:00.426Z
0.5362776;open;2021-11-09T18:29:00Z;340;294;0;634;634;18494[Konrad-Adenauer-Straße];2021-11-09T18:32:00.426Z
0.47;open;2021-11-09T18:49:00Z;94;106;150;350;200;24276[Turmcenter];2021-11-09T18:52:00.792Z
0.84766585;open;2021-11-09T18:49:00Z;345;62;0;407;407;18944[Alte Oper];2021-11-09T18:52:00.792Z
0.03021978;open;2021-11-09T18:49:00Z;11;353;0;364;364;24281[Hauptbahnhof Süd];2021-11-09T18:52:00.792Z
0.55995053;open;2021-11-09T18:49:00Z;453;356;0;809;809;24279[Konstabler];2021-11-09T18:52:00.792Z
0.7887324;open;2021-11-09T18:49:00Z;336;90;0;426;426;18497[Hauptwache];2021-11-09T18:52:00.792Z
0.47205883;open;2021-11-09T18:49:00Z;321;359;0;680;680;18495[Am Gericht];2021-11-09T18:52:00.792Z
0.53470033;open;2021-11-09T18:49:00Z;339;295;0;634;634;18494[Konrad-Adenauer-Straße];2021-11-09T18:52:00.792Z
0.465;open;2021-11-09T18:59:00Z;93;107;150;350;200;24276[Turmcenter];2021-11-09T19:02:03.004Z
0.84275186;open;2021-11-09T18:59:00Z;343;64;0;407;407;18944[Alte Oper];2021-11-09T19:02:03.004Z
0.03021978;open;2021-11-09T18:59:00Z;11;353;0;364;364;24281[Hauptbahnhof Süd];2021-11-09T19:02:03.004Z
0.5339926;open;2021-11-09T18:59:00Z;432;377;0;809;809;24279[Konstabler];2021-11-09T19:02:03.004Z
0.7746479;open;2021-11-09T18:59:00Z;330;96;0;426;426;18497[Hauptwache];2021-11-09T19:02:03.004Z
0.45735294;open;2021-11-09T18:59:00Z;311;369;0;680;680;18495[Am Gericht];2021-11-09T19:02:03.004Z
0.21763393;open;2021-11-09T18:59:00Z;195;701;70;966;896;109240[MyZeil];2021-11-09T19:02:03.004Z
0.52996844;open;2021-11-09T18:59:00Z;336;298;0;634;634;18494[Konrad-Adenauer-Straße];2021-11-09T19:02:03.004Z
0.44;open;2021-11-09T19:20:00Z;88;112;150;350;200;24276[Turmcenter];2021-11-09T19:22:02.759Z
0.82800984;open;2021-11-09T19:20:00Z;337;70;0;407;407;18944[Alte Oper];2021-11-09T19:22:02.759Z
0.027472528;open;2021-11-09T19:20:00Z;10;354;0;364;364;24281[Hauptbahnhof Süd];2021-11-09T19:22:02.759Z
0.49938196;open;2021-11-09T19:20:00Z;404;405;0;809;809;24279[Konstabler];2021-11-09T19:22:02.759Z
0.73239434;open;2021-11-09T19:20:00Z;312;114;0;426;426;18497[Hauptwache];2021-11-09T19:22:02.759Z
0.44852942;open;2021-11-09T19:20:00Z;305;375;0;680;680;18495[Am Gericht];2021-11-09T19:22:02.759Z
0.5126183;open;2021-11-09T19:20:00Z;325;309;0;634;634;18494[Konrad-Adenauer-Straße];2021-11-09T19:22:02.759Z
0.425;open;2021-11-09T19:30:00Z;85;115;150;350;200;24276[Turmcenter];2021-11-09T19:32:01.891Z
0.8255528;open;2021-11-09T19:30:00Z;336;71;0;407;407;18944[Alte Oper];2021-11-09T19:32:01.891Z
0.024725275;open;2021-11-09T19:30:00Z;9;355;0;364;364;24281[Hauptbahnhof Süd];2021-11-09T19:32:01.891Z
0.47836834;open;2021-11-09T19:30:00Z;387;422;0;809;809;24279[Konstabler];2021-11-09T19:32:01.891Z
0.6971831;open;2021-11-09T19:30:00Z;297;129;0;426;426;18497[Hauptwache];2021-11-09T19:32:01.891Z
0.43970588;open;2021-11-09T19:30:00Z;299;381;0;680;680;18495[Am Gericht];2021-11-09T19:32:01.891Z
0.18638393;open;2021-11-09T19:30:00Z;167;729;70;966;896;109240[MyZeil];2021-11-09T19:32:01.891Z
0.5031546;open;2021-11-09T19:30:00Z;319;315;0;634;634;18494[Konrad-Adenauer-Straße];2021-11-09T19:32:01.891Z
0.42;open;2021-11-09T19:40:00Z;84;116;150;350;200;24276[Turmcenter];2021-11-09T19:42:00.119Z
0.8230958;open;2021-11-09T19:40:00Z;335;72;0;407;407;18944[Alte Oper];2021-11-09T19:42:00.119Z
0.01923077;open;2021-11-09T19:40:00Z;7;357;0;364;364;24281[Hauptbahnhof Süd];2021-11-09T19:42:00.119Z
0.46477133;open;2021-11-09T19:40:00Z;376;433;0;809;809;24279[Konstabler];2021-11-09T19:42:00.119Z
0.6830986;open;2021-11-09T19:40:00Z;291;135;0;426;426;18497[Hauptwache];2021-11-09T19:42:00.119Z
0.43823528;open;2021-11-09T19:40:00Z;298;382;0;680;680;18495[Am Gericht];2021-11-09T19:42:00.119Z
0.49053627;open;2021-11-09T19:40:00Z;311;323;0;634;634;18494[Konrad-Adenauer-Straße];2021-11-09T19:42:00.119Z
0.41;open;2021-11-09T20:00:00Z;82;118;150;350;200;24276[Turmcenter];2021-11-09T20:02:00.548Z
0.8009828;open;2021-11-09T20:00:00Z;326;81;0;407;407;18944[Alte Oper];2021-11-09T20:02:00.548Z
0.008241759;open;2021-11-09T20:00:00Z;3;361;0;364;364;24281[Hauptbahnhof Süd];2021-11-09T20:02:00.548Z
0.4326329;open;2021-11-09T20:00:00Z;350;459;0;809;809;24279[Konstabler];2021-11-09T20:02:00.548Z
0.6619718;open;2021-11-09T20:00:00Z;282;144;0;426;426;18497[Hauptwache];2021-11-09T20:02:00.548Z
0.425;open;2021-11-09T20:00:00Z;289;391;0;680;680;18495[Am Gericht];2021-11-09T20:02:00.548Z
0.48107255;open;2021-11-09T20:00:00Z;305;329;0;634;634;18494[Konrad-Adenauer-Straße];2021-11-09T20:02:00.548Z
0.4;open;2021-11-09T20:20:00Z;80;120;150;350;200;24276[Turmcenter];2021-11-09T20:22:00.863Z
0.78624076;open;2021-11-09T20:20:00Z;320;87;0;407;407;18944[Alte Oper];2021-11-09T20:22:00.863Z
0.010989011;open;2021-11-09T20:20:00Z;4;360;0;364;364;24281[Hauptbahnhof Süd];2021-11-09T20:22:00.863Z
0.407911;open;2021-11-09T20:20:00Z;330;479;0;809;809;24279[Konstabler];2021-11-09T20:22:00.863Z
0.63380283;open;2021-11-09T20:20:00Z;270;156;0;426;426;18497[Hauptwache];2021-11-09T20:22:00.863Z
0.42647058;open;2021-11-09T20:20:00Z;290;390;0;680;680;18495[Am Gericht];2021-11-09T20:22:00.863Z
0.16517857;open;2021-11-09T20:20:00Z;148;748;70;966;896;109240[MyZeil];2021-11-09T20:22:00.863Z
0.46214512;open;2021-11-09T20:20:00Z;293;341;0;634;634;18494[Konrad-Adenauer-Straße];2021-11-09T20:22:00.863Z
0.37;open;2021-11-09T20:40:00Z;74;126;150;350;200;24276[Turmcenter];2021-11-09T20:42:00.142Z
0.7444717;open;2021-11-09T20:40:00Z;303;104;0;407;407;18944[Alte Oper];2021-11-09T20:42:00.142Z
0.008241759;open;2021-11-09T20:40:00Z;3;361;0;364;364;24281[Hauptbahnhof Süd];2021-11-09T20:42:00.142Z
0.39307788;open;2021-11-09T20:40:00Z;318;491;0;809;809;24279[Konstabler];2021-11-09T20:42:00.142Z
0.6032864;open;2021-11-09T20:40:00Z;257;169;0;426;426;18497[Hauptwache];2021-11-09T20:42:00.142Z
0.41911766;open;2021-11-09T20:40:00Z;285;395;0;680;680;18495[Am Gericht];2021-11-09T20:42:00.142Z
0.44637224;open;2021-11-09T20:40:00Z;283;351;0;634;634;18494[Konrad-Adenauer-Straße];2021-11-09T20:42:00.142Z
0.36;open;2021-11-09T20:51:00Z;72;128;150;350;200;24276[Turmcenter];2021-11-09T20:52:02.355Z
0.73464376;open;2021-11-09T20:51:00Z;299;108;0;407;407;18944[Alte Oper];2021-11-09T20:52:02.355Z
0.008241759;open;2021-11-09T20:51:00Z;3;361;0;364;364;24281[Hauptbahnhof Süd];2021-11-09T20:52:02.355Z
0.38195303;open;2021-11-09T20:51:00Z;309;500;0;809;809;24279[Konstabler];2021-11-09T20:52:02.355Z
0.6032864;open;2021-11-09T20:51:00Z;257;169;0;426;426;18497[Hauptwache];2021-11-09T20:52:02.355Z
0.42058823;open;2021-11-09T20:51:00Z;286;394;0;680;680;18495[Am Gericht];2021-11-09T20:52:02.355Z
0.15290178;open;2021-11-09T20:51:00Z;137;759;70;966;896;109240[MyZeil];2021-11-09T20:52:02.355Z
0.44952682;open;2021-11-09T20:51:00Z;285;349;0;634;634;18494[Konrad-Adenauer-Straße];2021-11-09T20:52:02.355Z
0.28;open;2021-11-09T21:16:00Z;56;144;150;350;200;24276[Turmcenter];2021-11-09T21:17:01.531Z
0.5823096;open;2021-11-09T21:16:00Z;237;170;0;407;407;18944[Alte Oper];2021-11-09T21:17:01.531Z
0.008241759;open;2021-11-09T21:16:00Z;3;361;0;364;364;24281[Hauptbahnhof Süd];2021-11-09T21:17:01.531Z
0.35105067;open;2021-11-09T21:16:00Z;284;525;0;809;809;24279[Konstabler];2021-11-09T21:17:01.531Z
0.5657277;open;2021-11-09T21:16:00Z;241;185;0;426;426;18497[Hauptwache];2021-11-09T21:17:01.531Z
0.40882352;open;2021-11-09T21:16:00Z;278;402;0;680;680;18495[Am Gericht];2021-11-09T21:17:01.531Z
0.14508928;open;2021-11-09T21:16:00Z;130;766;70;966;896;109240[MyZeil];2021-11-09T21:17:01.531Z
0.4369085;open;2021-11-09T21:16:00Z;277;357;0;634;634;18494[Konrad-Adenauer-Straße];2021-11-09T21:17:01.531Z
0.23;open;2021-11-09T21:26:00Z;46;154;150;350;200;24276[Turmcenter];2021-11-09T21:32:01.910Z
0.4004914;open;2021-11-09T21:26:00Z;163;244;0;407;407;18944[Alte Oper];2021-11-09T21:32:01.910Z
0.0054945056;open;2021-11-09T21:26:00Z;2;362;0;364;364;24281[Hauptbahnhof Süd];2021-11-09T21:32:01.910Z
0.34363413;open;2021-11-09T21:26:00Z;278;531;0;809;809;24279[Konstabler];2021-11-09T21:32:01.910Z
0.556338;open;2021-11-09T21:26:00Z;237;189;0;426;426;18497[Hauptwache];2021-11-09T21:32:01.910Z
0.40882352;open;2021-11-09T21:26:00Z;278;402;0;680;680;18495[Am Gericht];2021-11-09T21:32:01.910Z
0.4258675;open;2021-11-09T21:26:00Z;270;364;0;634;634;18494[Konrad-Adenauer-Straße];2021-11-09T21:32:01.910Z
0.17;open;2021-11-09T21:42:00Z;34;166;150;350;200;24276[Turmcenter];2021-11-09T21:47:00.406Z
0.32678133;open;2021-11-09T21:42:00Z;133;274;0;407;407;18944[Alte Oper];2021-11-09T21:47:00.406Z
0.0027472528;open;2021-11-09T21:42:00Z;1;363;0;364;364;24281[Hauptbahnhof Süd];2021-11-09T21:47:00.406Z
0.3250927;open;2021-11-09T21:42:00Z;263;546;0;809;809;24279[Konstabler];2021-11-09T21:47:00.406Z
0.53521127;open;2021-11-09T21:42:00Z;228;198;0;426;426;18497[Hauptwache];2021-11-09T21:47:00.406Z
0.40588236;open;2021-11-09T21:42:00Z;276;404;0;680;680;18495[Am Gericht];2021-11-09T21:47:00.406Z
0.42271292;open;2021-11-09T21:42:00Z;268;366;0;634;634;18494[Konrad-Adenauer-Straße];2021-11-09T21:47:00.406Z
0.115;open;2021-11-09T21:57:00Z;23;177;150;350;200;24276[Turmcenter];2021-11-09T22:02:01.594Z
0.2874693;open;2021-11-09T21:57:00Z;117;290;0;407;407;18944[Alte Oper];2021-11-09T22:02:01.594Z
0.0027472528;open;2021-11-09T21:57:00Z;1;363;0;364;364;24281[Hauptbahnhof Süd];2021-11-09T22:02:01.594Z
0.31644005;open;2021-11-09T21:57:00Z;256;553;0;809;809;24279[Konstabler];2021-11-09T22:02:01.594Z
0.52582157;open;2021-11-09T21:57:00Z;224;202;0;426;426;18497[Hauptwache];2021-11-09T22:02:01.594Z
0.41029412;open;2021-11-09T21:57:00Z;279;401;0;680;680;18495[Am Gericht];2021-11-09T22:02:01.594Z
0.41324922;open;2021-11-09T21:57:00Z;262;372;0;634;634;18494[Konrad-Adenauer-Straße];2021-11-09T22:02:01.594Z
0.055;open;2021-11-09T22:17:00Z;11;189;150;350;200;24276[Turmcenter];2021-11-09T22:22:00.266Z
0.23832923;open;2021-11-09T22:17:00Z;97;310;0;407;407;18944[Alte Oper];2021-11-09T22:22:00.266Z
0.008241759;open;2021-11-09T22:17:00Z;3;361;0;364;364;24281[Hauptbahnhof Süd];2021-11-09T22:22:00.266Z
0.3053152;open;2021-11-09T22:17:00Z;247;562;0;809;809;24279[Konstabler];2021-11-09T22:22:00.266Z
0.5117371;open;2021-11-09T22:17:00Z;218;208;0;426;426;18497[Hauptwache];2021-11-09T22:22:00.266Z
0.40588236;open;2021-11-09T22:17:00Z;276;404;0;680;680;18495[Am Gericht];2021-11-09T22:22:00.266Z
0.40694007;open;2021-11-09T22:17:00Z;258;376;0;634;634;18494[Konrad-Adenauer-Straße];2021-11-09T22:22:00.266Z
0.055;open;2021-11-09T22:38:00Z;11;189;150;350;200;24276[Turmcenter];2021-11-09T22:42:01.476Z
0.20884521;open;2021-11-09T22:38:00Z;85;322;0;407;407;18944[Alte Oper];2021-11-09T22:42:01.476Z
0.0054945056;open;2021-11-09T22:38:00Z;2;362;0;364;364;24281[Hauptbahnhof Süd];2021-11-09T22:42:01.476Z
0.30037084;open;2021-11-09T22:38:00Z;243;566;0;809;809;24279[Konstabler];2021-11-09T22:42:01.476Z
0.5117371;open;2021-11-09T22:38:00Z;218;208;0;426;426;18497[Hauptwache];2021-11-09T22:42:01.476Z
0.40441176;open;2021-11-09T22:38:00Z;275;405;0;680;680;18495[Am Gericht];2021-11-09T22:42:01.476Z
0.40063092;open;2021-11-09T22:38:00Z;254;380;0;634;634;18494[Konrad-Adenauer-Straße];2021-11-09T22:42:01.476Z
0.055;open;2021-11-09T22:48:00Z;11;189;150;350;200;24276[Turmcenter];2021-11-09T22:52:00.712Z
0.1941032;open;2021-11-09T22:48:00Z;79;328;0;407;407;18944[Alte Oper];2021-11-09T22:52:00.712Z
0.0054945056;open;2021-11-09T22:48:00Z;2;362;0;364;364;24281[Hauptbahnhof Süd];2021-11-09T22:52:00.712Z
0.29666254;open;2021-11-09T22:48:00Z;240;569;0;809;809;24279[Konstabler];2021-11-09T22:52:00.712Z
0.5117371;open;2021-11-09T22:48:00Z;218;208;0;426;426;18497[Hauptwache];2021-11-09T22:52:00.712Z
0.40735295;open;2021-11-09T22:48:00Z;277;403;0;680;680;18495[Am Gericht];2021-11-09T22:52:00.712Z
0.12611607;open;2021-11-09T22:48:00Z;113;783;70;966;896;109240[MyZeil];2021-11-09T22:52:00.712Z
0.4022082;open;2021-11-09T22:48:00Z;255;379;0;634;634;18494[Konrad-Adenauer-Straße];2021-11-09T22:52:00.712Z
0.03;open;2021-11-09T23:19:00Z;6;194;150;350;200;24276[Turmcenter];2021-11-09T23:22:02.962Z
0.15724815;open;2021-11-09T23:19:00Z;64;343;0;407;407;18944[Alte Oper];2021-11-09T23:22:02.962Z
0.0054945056;open;2021-11-09T23:19:00Z;2;362;0;364;364;24281[Hauptbahnhof Süd];2021-11-09T23:22:02.962Z
0.29048207;open;2021-11-09T23:19:00Z;235;574;0;809;809;24279[Konstabler];2021-11-09T23:22:02.962Z
0.5;open;2021-11-09T23:19:00Z;213;213;0;426;426;18497[Hauptwache];2021-11-09T23:22:02.962Z
0;closed;2021-11-09T23:19:00Z;;403;0;0;0;18495[Am Gericht];2021-11-09T23:22:02.962Z
0.4022082;open;2021-11-09T23:19:00Z;255;379;0;634;634;18494[Konrad-Adenauer-Straße];2021-11-09T23:22:02.962Z
0.03;open;2021-11-09T23:34:00Z;6;194;150;350;200;24276[Turmcenter];2021-11-09T23:37:01.574Z
0.15233415;open;2021-11-09T23:34:00Z;62;345;0;407;407;18944[Alte Oper];2021-11-09T23:37:01.574Z
0.0054945056;open;2021-11-09T23:34:00Z;2;362;0;364;364;24281[Hauptbahnhof Süd];2021-11-09T23:37:01.574Z
0.289246;open;2021-11-09T23:34:00Z;234;575;0;809;809;24279[Konstabler];2021-11-09T23:37:01.574Z
0.5;open;2021-11-09T23:34:00Z;213;213;0;426;426;18497[Hauptwache];2021-11-09T23:37:01.574Z
0;closed;2021-11-09T23:34:00Z;;403;0;0;0;18495[Am Gericht];2021-11-09T23:37:01.574Z
0.4022082;open;2021-11-09T23:34:00Z;255;379;0;634;634;18494[Konrad-Adenauer-Straße];2021-11-09T23:37:01.574Z
0.02;open;2021-11-09T23:45:00Z;4;196;150;350;200;24276[Turmcenter];2021-11-09T23:47:01.408Z
0.14742015;open;2021-11-09T23:45:00Z;60;347;0;407;407;18944[Alte Oper];2021-11-09T23:47:01.408Z
0.0054945056;open;2021-11-09T23:45:00Z;2;362;0;364;364;24281[Hauptbahnhof Süd];2021-11-09T23:47:01.408Z
0.29048207;open;2021-11-09T23:45:00Z;235;574;0;809;809;24279[Konstabler];2021-11-09T23:47:01.408Z
0.4976526;open;2021-11-09T23:45:00Z;212;214;0;426;426;18497[Hauptwache];2021-11-09T23:47:01.408Z
0;closed;2021-11-09T23:45:00Z;;403;0;0;0;18495[Am Gericht];2021-11-09T23:47:01.408Z
0.4022082;open;2021-11-09T23:45:00Z;255;379;0;634;634;18494[Konrad-Adenauer-Straße];2021-11-09T23:47:01.408Z
0.02;open;2021-11-10T00:00:00Z;4;196;150;350;200;24276[Turmcenter];2021-11-10T00:02:01.450Z
0.14250614;open;2021-11-10T00:00:00Z;58;349;0;407;407;18944[Alte Oper];2021-11-10T00:02:01.450Z
0.0054945056;open;2021-11-10T00:00:00Z;2;362;0;364;364;24281[Hauptbahnhof Süd];2021-11-10T00:02:01.450Z
0.2867738;open;2021-11-10T00:00:00Z;232;577;0;809;809;24279[Konstabler];2021-11-10T00:02:01.450Z
0.4976526;open;2021-11-10T00:00:00Z;212;214;0;426;426;18497[Hauptwache];2021-11-10T00:02:01.450Z
0;closed;2021-11-10T00:00:00Z;;403;0;0;0;18495[Am Gericht];2021-11-10T00:02:01.450Z
0.39905363;open;2021-11-10T00:00:00Z;253;381;0;634;634;18494[Konrad-Adenauer-Straße];2021-11-10T00:02:01.450Z
0.02;open;2021-11-10T01:11:00Z;4;196;150;350;200;24276[Turmcenter];2021-11-10T01:12:00.184Z
0.13513513;open;2021-11-10T01:11:00Z;55;352;0;407;407;18944[Alte Oper];2021-11-10T01:12:00.184Z
0.0054945056;open;2021-11-10T01:11:00Z;2;362;0;364;364;24281[Hauptbahnhof Süd];2021-11-10T01:12:00.184Z
0.2843016;open;2021-11-10T01:11:00Z;230;579;0;809;809;24279[Konstabler];2021-11-10T01:12:00.184Z
0.4976526;open;2021-11-10T01:11:00Z;212;214;0;426;426;18497[Hauptwache];2021-11-10T01:12:00.184Z
0;closed;2021-11-10T01:11:00Z;;403;0;0;0;18495[Am Gericht];2021-11-10T01:12:00.184Z
0.11495536;open;2021-11-10T01:11:00Z;103;793;70;966;896;109240[MyZeil];2021-11-10T01:12:00.184Z
0.39747635;open;2021-11-10T01:11:00Z;252;382;0;634;634;18494[Konrad-Adenauer-Straße];2021-11-10T01:12:00.184Z
0.02;open;2021-11-10T02:07:00Z;4;196;150;350;200;24276[Turmcenter];2021-11-10T02:12:02.104Z
0.13513513;open;2021-11-10T02:07:00Z;55;352;0;407;407;18944[Alte Oper];2021-11-10T02:12:02.104Z
0.0027472528;open;2021-11-10T02:07:00Z;1;363;0;364;364;24281[Hauptbahnhof Süd];2021-11-10T02:12:02.104Z
0.2843016;open;2021-11-10T02:07:00Z;230;579;0;809;809;24279[Konstabler];2021-11-10T02:12:02.104Z
0.4976526;open;2021-11-10T02:07:00Z;212;214;0;426;426;18497[Hauptwache];2021-11-10T02:12:02.104Z
0;closed;2021-11-10T02:07:00Z;;403;0;0;0;18495[Am Gericht];2021-11-10T02:12:02.104Z
0.39747635;open;2021-11-10T02:07:00Z;252;382;0;634;634;18494[Konrad-Adenauer-Straße];2021-11-10T02:12:02.104Z
0.02;open;2021-11-10T02:37:00Z;4;196;150;350;200;24276[Turmcenter];2021-11-10T02:42:01.880Z
0.13513513;open;2021-11-10T02:37:00Z;55;352;0;407;407;18944[Alte Oper];2021-11-10T02:42:01.880Z
0.0027472528;open;2021-11-10T02:37:00Z;1;363;0;364;364;24281[Hauptbahnhof Süd];2021-11-10T02:42:01.880Z
0.2843016;open;2021-11-10T02:37:00Z;230;579;0;809;809;24279[Konstabler];2021-11-10T02:42:01.880Z
0.4976526;open;2021-11-10T02:37:00Z;212;214;0;426;426;18497[Hauptwache];2021-11-10T02:42:01.880Z
0;closed;2021-11-10T02:37:00Z;;403;0;0;0;18495[Am Gericht];2021-11-10T02:42:01.880Z
0.11495536;open;2021-11-10T02:37:00Z;103;793;70;966;896;109240[MyZeil];2021-11-10T02:42:01.880Z
0.39747635;open;2021-11-10T02:37:00Z;252;382;0;634;634;18494[Konrad-Adenauer-Straße];2021-11-10T02:42:01.880Z
0.015;open;2021-11-10T02:53:00Z;3;197;150;350;200;24276[Turmcenter];2021-11-10T02:57:00.646Z
0.13513513;open;2021-11-10T02:53:00Z;55;352;0;407;407;18944[Alte Oper];2021-11-10T02:57:00.646Z
0.0027472528;open;2021-11-10T02:53:00Z;1;363;0;364;364;24281[Hauptbahnhof Süd];2021-11-10T02:57:00.646Z
0.2843016;open;2021-11-10T02:53:00Z;230;579;0;809;809;24279[Konstabler];2021-11-10T02:57:00.646Z
0.4976526;open;2021-11-10T02:53:00Z;212;214;0;426;426;18497[Hauptwache];2021-11-10T02:57:00.646Z
0;closed;2021-11-10T02:53:00Z;;403;0;0;0;18495[Am Gericht];2021-11-10T02:57:00.646Z
0.39589906;open;2021-11-10T02:53:00Z;251;383;0;634;634;18494[Konrad-Adenauer-Straße];2021-11-10T02:57:00.646Z
0.015;open;2021-11-10T03:13:00Z;3;197;150;350;200;24276[Turmcenter];2021-11-10T03:17:02.957Z
0.13513513;open;2021-11-10T03:13:00Z;55;352;0;407;407;18944[Alte Oper];2021-11-10T03:17:02.957Z
0.0027472528;open;2021-11-10T03:13:00Z;1;363;0;364;364;24281[Hauptbahnhof Süd];2021-11-10T03:17:02.957Z
0.2843016;open;2021-11-10T03:13:00Z;230;579;0;809;809;24279[Konstabler];2021-11-10T03:17:02.957Z
0.4976526;open;2021-11-10T03:13:00Z;212;214;0;426;426;18497[Hauptwache];2021-11-10T03:17:02.957Z
0;closed;2021-11-10T03:13:00Z;;;0;0;0;18495[Am Gericht];2021-11-10T03:17:02.957Z
0.39747635;open;2021-11-10T03:13:00Z;252;382;0;634;634;18494[Konrad-Adenauer-Straße];2021-11-10T03:17:02.957Z
0.015;open;2021-11-10T03:38:00Z;3;197;150;350;200;24276[Turmcenter];2021-11-10T03:42:00.727Z
0.13759214;open;2021-11-10T03:38:00Z;56;351;0;407;407;18944[Alte Oper];2021-11-10T03:42:00.727Z
0.0027472528;open;2021-11-10T03:38:00Z;1;363;0;364;364;24281[Hauptbahnhof Süd];2021-11-10T03:42:00.727Z
0.28306553;open;2021-11-10T03:38:00Z;229;580;0;809;809;24279[Konstabler];2021-11-10T03:42:00.727Z
0.4976526;open;2021-11-10T03:38:00Z;212;214;0;426;426;18497[Hauptwache];2021-11-10T03:42:00.727Z
0;closed;2021-11-10T03:38:00Z;;;0;0;0;18495[Am Gericht];2021-11-10T03:42:00.727Z
0.11495536;open;2021-11-10T03:38:00Z;103;793;70;966;896;109240[MyZeil];2021-11-10T03:42:00.727Z
0.39747635;open;2021-11-10T03:38:00Z;252;382;0;634;634;18494[Konrad-Adenauer-Straße];2021-11-10T03:42:00.727Z
0.015;open;2021-11-10T03:43:00Z;3;197;150;350;200;24276[Turmcenter];2021-11-10T03:47:00.218Z
0.13759214;open;2021-11-10T03:43:00Z;56;351;0;407;407;18944[Alte Oper];2021-11-10T03:47:00.218Z
0.0027472528;open;2021-11-10T03:43:00Z;1;363;0;364;364;24281[Hauptbahnhof Süd];2021-11-10T03:47:00.218Z
0.28182942;open;2021-11-10T03:43:00Z;228;581;0;809;809;24279[Konstabler];2021-11-10T03:47:00.218Z
0.4976526;open;2021-11-10T03:43:00Z;212;214;0;426;426;18497[Hauptwache];2021-11-10T03:47:00.218Z
0;closed;2021-11-10T03:43:00Z;;;0;0;0;18495[Am Gericht];2021-11-10T03:47:00.218Z
0.39589906;open;2021-11-10T03:43:00Z;251;383;0;634;634;18494[Konrad-Adenauer-Straße];2021-11-10T03:47:00.218Z
0.015;open;2021-11-10T03:53:00Z;3;197;150;350;200;24276[Turmcenter];2021-11-10T03:57:02.387Z
0.13759214;open;2021-11-10T03:53:00Z;56;351;0;407;407;18944[Alte Oper];2021-11-10T03:57:02.387Z
0.0027472528;open;2021-11-10T03:53:00Z;1;363;0;364;364;24281[Hauptbahnhof Süd];2021-11-10T03:57:02.387Z
0.28182942;open;2021-11-10T03:53:00Z;228;581;0;809;809;24279[Konstabler];2021-11-10T03:57:02.387Z
0.4976526;open;2021-11-10T03:53:00Z;212;214;0;426;426;18497[Hauptwache];2021-11-10T03:57:02.387Z
0;closed;2021-11-10T03:53:00Z;;;0;0;0;18495[Am Gericht];2021-11-10T03:57:02.387Z
0.11495536;open;2021-11-10T03:53:00Z;103;793;70;966;896;109240[MyZeil];2021-11-10T03:57:02.387Z
0.39432177;open;2021-11-10T03:53:00Z;250;384;0;634;634;18494[Konrad-Adenauer-Straße];2021-11-10T03:57:02.387Z
0.015;open;2021-11-10T04:28:00Z;3;197;150;350;200;24276[Turmcenter];2021-11-10T04:32:02.288Z
0.14496315;open;2021-11-10T04:28:00Z;59;348;0;407;407;18944[Alte Oper];2021-11-10T04:32:02.288Z
0.0027472528;open;2021-11-10T04:28:00Z;1;363;0;364;364;24281[Hauptbahnhof Süd];2021-11-10T04:32:02.288Z
0.2843016;open;2021-11-10T04:28:00Z;230;579;0;809;809;24279[Konstabler];2021-11-10T04:32:02.288Z
0.4976526;open;2021-11-10T04:28:00Z;212;214;0;426;426;18497[Hauptwache];2021-11-10T04:32:02.288Z
0;closed;2021-11-10T04:28:00Z;;;0;0;0;18495[Am Gericht];2021-11-10T04:32:02.288Z
0.39589906;open;2021-11-10T04:28:00Z;251;383;0;634;634;18494[Konrad-Adenauer-Straße];2021-11-10T04:32:02.288Z
0.02;open;2021-11-10T04:53:00Z;4;196;150;350;200;24276[Turmcenter];2021-11-10T04:57:01.973Z
0.14742015;open;2021-11-10T04:53:00Z;60;347;0;407;407;18944[Alte Oper];2021-11-10T04:57:01.973Z
0.016483517;open;2021-11-10T04:53:00Z;6;358;0;364;364;24281[Hauptbahnhof Süd];2021-11-10T04:57:01.973Z
0.28306553;open;2021-11-10T04:53:00Z;229;580;0;809;809;24279[Konstabler];2021-11-10T04:57:01.973Z
0.4976526;open;2021-11-10T04:53:00Z;212;214;0;426;426;18497[Hauptwache];2021-11-10T04:57:01.973Z
0;closed;2021-11-10T04:53:00Z;;;0;0;0;18495[Am Gericht];2021-11-10T04:57:01.973Z
0.4022082;open;2021-11-10T04:53:00Z;255;379;0;634;634;18494[Konrad-Adenauer-Straße];2021-11-10T04:57:01.973Z
0.033333335;open;2021-11-10T05:13:00Z;5;145;200;350;150;24276[Turmcenter];2021-11-10T05:17:01.245Z
0.14742015;open;2021-11-10T05:13:00Z;60;347;0;407;407;18944[Alte Oper];2021-11-10T05:17:01.245Z
0.054945055;open;2021-11-10T05:13:00Z;20;344;0;364;364;24281[Hauptbahnhof Süd];2021-11-10T05:17:01.245Z
0.2843016;open;2021-11-10T05:13:00Z;230;579;0;809;809;24279[Konstabler];2021-11-10T05:17:01.245Z
0.4976526;open;2021-11-10T05:13:00Z;212;214;0;426;426;18497[Hauptwache];2021-11-10T05:17:01.245Z
0.42794117;open;2021-11-10T05:13:00Z;291;389;0;680;680;18495[Am Gericht];2021-11-10T05:17:01.245Z
0.41009465;open;2021-11-10T05:13:00Z;260;374;0;634;634;18494[Konrad-Adenauer-Straße];2021-11-10T05:17:01.245Z
0.046666667;open;2021-11-10T05:28:00Z;7;143;200;350;150;24276[Turmcenter];2021-11-10T05:32:01.652Z
0.14742015;open;2021-11-10T05:28:00Z;60;347;0;407;407;18944[Alte Oper];2021-11-10T05:32:01.652Z
0.093406595;open;2021-11-10T05:28:00Z;34;330;0;364;364;24281[Hauptbahnhof Süd];2021-11-10T05:32:01.652Z
0.2855377;open;2021-11-10T05:28:00Z;231;578;0;809;809;24279[Konstabler];2021-11-10T05:32:01.652Z
0.5;open;2021-11-10T05:28:00Z;213;213;0;426;426;18497[Hauptwache];2021-11-10T05:32:01.652Z
0.43970588;open;2021-11-10T05:28:00Z;299;381;0;680;680;18495[Am Gericht];2021-11-10T05:32:01.652Z
0.4148265;open;2021-11-10T05:28:00Z;263;371;0;634;634;18494[Konrad-Adenauer-Straße];2021-11-10T05:32:01.652Z
0.046666667;open;2021-11-10T05:38:00Z;7;143;200;350;150;24276[Turmcenter];2021-11-10T05:42:00.253Z
0.14987715;open;2021-11-10T05:38:00Z;61;346;0;407;407;18944[Alte Oper];2021-11-10T05:42:00.253Z
0.10164835;open;2021-11-10T05:38:00Z;37;327;0;364;364;24281[Hauptbahnhof Süd];2021-11-10T05:42:00.253Z
0.2867738;open;2021-11-10T05:38:00Z;232;577;0;809;809;24279[Konstabler];2021-11-10T05:42:00.253Z
0.5;open;2021-11-10T05:38:00Z;213;213;0;426;426;18497[Hauptwache];2021-11-10T05:42:00.253Z
0.44117647;open;2021-11-10T05:38:00Z;300;380;0;680;680;18495[Am Gericht];2021-11-10T05:42:00.253Z
0.116071425;open;2021-11-10T05:38:00Z;104;792;70;966;896;109240[MyZeil];2021-11-10T05:42:00.253Z
0.4148265;open;2021-11-10T05:38:00Z;263;371;0;634;634;18494[Konrad-Adenauer-Straße];2021-11-10T05:42:00.253Z
0.053333335;open;2021-11-10T05:48:00Z;8;142;200;350;150;24276[Turmcenter];2021-11-10T05:52:02.084Z
0.15233415;open;2021-11-10T05:48:00Z;62;345;0;407;407;18944[Alte Oper];2021-11-10T05:52:02.084Z
0.12362637;open;2021-11-10T05:48:00Z;45;319;0;364;364;24281[Hauptbahnhof Süd];2021-11-10T05:52:02.084Z
0.28800988;open;2021-11-10T05:48:00Z;233;576;0;809;809;24279[Konstabler];2021-11-10T05:52:02.084Z
0.5023474;open;2021-11-10T05:48:00Z;214;212;0;426;426;18497[Hauptwache];2021-11-10T05:52:02.084Z
0.44264707;open;2021-11-10T05:48:00Z;301;379;0;680;680;18495[Am Gericht];2021-11-10T05:52:02.084Z
0.4148265;open;2021-11-10T05:48:00Z;263;371;0;634;634;18494[Konrad-Adenauer-Straße];2021-11-10T05:52:02.084Z
0.093333334;open;2021-11-10T06:19:00Z;14;136;200;350;150;24276[Turmcenter];2021-11-10T06:22:01.030Z
0.16707617;open;2021-11-10T06:19:00Z;68;339;0;407;407;18944[Alte Oper];2021-11-10T06:22:01.030Z
0.16208792;open;2021-11-10T06:19:00Z;59;305;0;364;364;24281[Hauptbahnhof Süd];2021-11-10T06:22:01.030Z
0.29171818;open;2021-11-10T06:19:00Z;236;573;0;809;809;24279[Konstabler];2021-11-10T06:22:01.030Z
0.5140845;open;2021-11-10T06:19:00Z;219;207;0;426;426;18497[Hauptwache];2021-11-10T06:22:01.030Z
0.45735294;open;2021-11-10T06:19:00Z;311;369;0;680;680;18495[Am Gericht];2021-11-10T06:22:01.030Z
0.12276786;open;2021-11-10T06:19:00Z;110;786;70;966;896;109240[MyZeil];2021-11-10T06:22:01.030Z
0.41798106;open;2021-11-10T06:19:00Z;265;369;0;634;634;18494[Konrad-Adenauer-Straße];2021-11-10T06:22:01.030Z
0.18666667;open;2021-11-10T06:49:00Z;28;122;200;350;150;24276[Turmcenter];2021-11-10T06:52:01.916Z
0.2014742;open;2021-11-10T06:49:00Z;82;325;0;407;407;18944[Alte Oper];2021-11-10T06:52:01.916Z
0.22252747;open;2021-11-10T06:49:00Z;81;283;0;364;364;24281[Hauptbahnhof Süd];2021-11-10T06:52:01.916Z
0.29171818;open;2021-11-10T06:49:00Z;236;573;0;809;809;24279[Konstabler];2021-11-10T06:52:01.916Z
0.5375587;open;2021-11-10T06:49:00Z;229;197;0;426;426;18497[Hauptwache];2021-11-10T06:52:01.916Z
0.49264705;open;2021-11-10T06:49:00Z;335;345;0;680;680;18495[Am Gericht];2021-11-10T06:52:01.916Z
0.4164038;open;2021-11-10T06:49:00Z;264;370;0;634;634;18494[Konrad-Adenauer-Straße];2021-11-10T06:52:01.916Z
0.22;open;2021-11-10T06:54:00Z;33;117;200;350;150;24276[Turmcenter];2021-11-10T06:57:02.786Z
0.2039312;open;2021-11-10T06:54:00Z;83;324;0;407;407;18944[Alte Oper];2021-11-10T06:57:02.786Z
0.24175824;open;2021-11-10T06:54:00Z;88;276;0;364;364;24281[Hauptbahnhof Süd];2021-11-10T06:57:02.786Z
0.29295427;open;2021-11-10T06:54:00Z;237;572;0;809;809;24279[Konstabler];2021-11-10T06:57:02.786Z
0.5422535;open;2021-11-10T06:54:00Z;231;195;0;426;426;18497[Hauptwache];2021-11-10T06:57:02.786Z
0.50441176;open;2021-11-10T06:54:00Z;343;337;0;680;680;18495[Am Gericht];2021-11-10T06:57:02.786Z
0.1328125;open;2021-11-10T06:54:00Z;119;777;70;966;896;109240[MyZeil];2021-11-10T06:57:02.786Z
0.4164038;open;2021-11-10T06:54:00Z;264;370;0;634;634;18494[Konrad-Adenauer-Straße];2021-11-10T06:57:02.786Z
0.36;open;2021-11-10T07:19:00Z;54;96;200;350;150;24276[Turmcenter];2021-11-10T07:22:00.840Z
0.23341523;open;2021-11-10T07:19:00Z;95;312;0;407;407;18944[Alte Oper];2021-11-10T07:22:00.840Z
0.2857143;open;2021-11-10T07:19:00Z;104;260;0;364;364;24281[Hauptbahnhof Süd];2021-11-10T07:22:00.840Z
0.29171818;open;2021-11-10T07:19:00Z;236;573;0;809;809;24279[Konstabler];2021-11-10T07:22:00.840Z
0.5633803;open;2021-11-10T07:19:00Z;240;186;0;426;426;18497[Hauptwache];2021-11-10T07:22:00.840Z
0.5632353;open;2021-11-10T07:19:00Z;383;297;0;680;680;18495[Am Gericht];2021-11-10T07:22:00.840Z
0.14508928;open;2021-11-10T07:19:00Z;130;766;70;966;896;109240[MyZeil];2021-11-10T07:22:00.840Z
0.44794953;open;2021-11-10T07:19:00Z;284;350;0;634;634;18494[Konrad-Adenauer-Straße];2021-11-10T07:22:00.840Z
0.50666666;open;2021-11-10T07:40:00Z;76;74;200;350;150;24276[Turmcenter];2021-11-10T07:42:00.304Z
0.3046683;open;2021-11-10T07:40:00Z;124;283;0;407;407;18944[Alte Oper];2021-11-10T07:42:00.304Z
0.31868133;open;2021-11-10T07:40:00Z;116;248;0;364;364;24281[Hauptbahnhof Süd];2021-11-10T07:42:00.304Z
0.3077874;open;2021-11-10T07:40:00Z;249;560;0;809;809;24279[Konstabler];2021-11-10T07:42:00.304Z
0.5798122;open;2021-11-10T07:40:00Z;247;179;0;426;426;18497[Hauptwache];2021-11-10T07:42:00.304Z
0.6014706;open;2021-11-10T07:40:00Z;409;271;0;680;680;18495[Am Gericht];2021-11-10T07:42:00.304Z
0.15178572;open;2021-11-10T07:40:00Z;136;760;70;966;896;109240[MyZeil];2021-11-10T07:42:00.304Z
0.4747634;open;2021-11-10T07:40:00Z;301;333;0;634;634;18494[Konrad-Adenauer-Straße];2021-11-10T07:42:00.304Z
0.55333334;open;2021-11-10T07:49:00Z;83;67;200;350;150;24276[Turmcenter];2021-11-10T07:52:01.277Z
0.32923833;open;2021-11-10T07:49:00Z;134;273;0;407;407;18944[Alte Oper];2021-11-10T07:52:01.277Z
0.35164836;open;2021-11-10T07:49:00Z;128;236;0;364;364;24281[Hauptbahnhof Süd];2021-11-10T07:52:01.277Z
0.31396785;open;2021-11-10T07:49:00Z;254;555;0;809;809;24279[Konstabler];2021-11-10T07:52:01.277Z
0.5938967;open;2021-11-10T07:49:00Z;253;173;0;426;426;18497[Hauptwache];2021-11-10T07:52:01.277Z
0.6117647;open;2021-11-10T07:49:00Z;416;264;0;680;680;18495[Am Gericht];2021-11-10T07:52:01.277Z
0.47949526;open;2021-11-10T07:49:00Z;304;330;0;634;634;18494[Konrad-Adenauer-Straße];2021-11-10T07:52:01.277Z
0.58666664;open;2021-11-10T08:00:00Z;88;62;200;350;150;24276[Turmcenter];2021-11-10T08:02:00.402Z
0.37346438;open;2021-11-10T08:00:00Z;152;255;0;407;407;18944[Alte Oper];2021-11-10T08:02:00.402Z
0.3598901;open;2021-11-10T08:00:00Z;131;233;0;364;364;24281[Hauptbahnhof Süd];2021-11-10T08:02:00.402Z
0.32014832;open;2021-11-10T08:00:00Z;259;550;0;809;809;24279[Konstabler];2021-11-10T08:02:00.402Z
0.6056338;open;2021-11-10T08:00:00Z;258;168;0;426;426;18497[Hauptwache];2021-11-10T08:02:00.402Z
0.6308824;open;2021-11-10T08:00:00Z;429;251;0;680;680;18495[Am Gericht];2021-11-10T08:02:00.402Z
0.15513393;open;2021-11-10T08:00:00Z;139;757;70;966;896;109240[MyZeil];2021-11-10T08:02:00.402Z
0.4873817;open;2021-11-10T08:00:00Z;309;325;0;634;634;18494[Konrad-Adenauer-Straße];2021-11-10T08:02:00.402Z
0.8;open;2021-11-10T08:30:00Z;120;30;200;350;150;24276[Turmcenter];2021-11-10T08:32:02.710Z
0.46928746;open;2021-11-10T08:30:00Z;191;216;0;407;407;18944[Alte Oper];2021-11-10T08:32:02.710Z
0.40384614;open;2021-11-10T08:30:00Z;147;217;0;364;364;24281[Hauptbahnhof Süd];2021-11-10T08:32:02.710Z
0.3695921;open;2021-11-10T08:30:00Z;299;510;0;809;809;24279[Konstabler];2021-11-10T08:32:02.710Z
0.6737089;open;2021-11-10T08:30:00Z;287;139;0;426;426;18497[Hauptwache];2021-11-10T08:32:02.710Z
0.7117647;open;2021-11-10T08:30:00Z;484;196;0;680;680;18495[Am Gericht];2021-11-10T08:32:02.710Z
0.17299107;open;2021-11-10T08:30:00Z;155;741;70;966;896;109240[MyZeil];2021-11-10T08:32:02.710Z
0.51735014;open;2021-11-10T08:30:00Z;328;306;0;634;634;18494[Konrad-Adenauer-Straße];2021-11-10T08:32:02.710Z
0.8933333;open;2021-11-10T08:45:00Z;134;16;200;350;150;24276[Turmcenter];2021-11-10T08:47:02.266Z
0.5257985;open;2021-11-10T08:45:00Z;214;193;0;407;407;18944[Alte Oper];2021-11-10T08:47:02.266Z
0.42582417;open;2021-11-10T08:45:00Z;155;209;0;364;364;24281[Hauptbahnhof Süd];2021-11-10T08:47:02.266Z
0.40420273;open;2021-11-10T08:45:00Z;327;482;0;809;809;24279[Konstabler];2021-11-10T08:47:02.266Z
0.7206573;open;2021-11-10T08:45:00Z;307;119;0;426;426;18497[Hauptwache];2021-11-10T08:47:02.266Z
0.75147057;open;2021-11-10T08:45:00Z;511;169;0;680;680;18495[Am Gericht];2021-11-10T08:47:02.266Z
0.53154576;open;2021-11-10T08:45:00Z;337;297;0;634;634;18494[Konrad-Adenauer-Straße];2021-11-10T08:47:02.266Z
0.96666664;open;2021-11-10T09:00:00Z;145;5;200;350;150;24276[Turmcenter];2021-11-10T09:02:00.190Z
0.5724816;open;2021-11-10T09:00:00Z;233;174;0;407;407;18944[Alte Oper];2021-11-10T09:02:00.190Z
0.44230768;open;2021-11-10T09:00:00Z;161;203;0;364;364;24281[Hauptbahnhof Süd];2021-11-10T09:02:00.190Z
0.4264524;open;2021-11-10T09:00:00Z;345;464;0;809;809;24279[Konstabler];2021-11-10T09:02:00.190Z
0.78403753;open;2021-11-10T09:00:00Z;334;92;0;426;426;18497[Hauptwache];2021-11-10T09:02:00.190Z
0.78088236;open;2021-11-10T09:00:00Z;531;149;0;680;680;18495[Am Gericht];2021-11-10T09:02:00.190Z
0.5536278;open;2021-11-10T09:00:00Z;351;283;0;634;634;18494[Konrad-Adenauer-Straße];2021-11-10T09:02:00.190Z
0.96;open;2021-11-10T09:20:00Z;144;6;200;350;150;24276[Turmcenter];2021-11-10T09:22:02.712Z
0.63882065;open;2021-11-10T09:20:00Z;260;147;0;407;407;18944[Alte Oper];2021-11-10T09:22:02.712Z
0.4532967;open;2021-11-10T09:20:00Z;165;199;0;364;364;24281[Hauptbahnhof Süd];2021-11-10T09:22:02.712Z
0.47836834;open;2021-11-10T09:20:00Z;387;422;0;809;809;24279[Konstabler];2021-11-10T09:22:02.712Z
0.84976524;open;2021-11-10T09:20:00Z;362;64;0;426;426;18497[Hauptwache];2021-11-10T09:22:02.712Z
0.80735296;open;2021-11-10T09:20:00Z;549;131;0;680;680;18495[Am Gericht];2021-11-10T09:22:02.712Z
0.5820189;open;2021-11-10T09:20:00Z;369;265;0;634;634;18494[Konrad-Adenauer-Straße];2021-11-10T09:22:02.712Z
0.96;open;2021-11-10T09:36:00Z;144;6;200;350;150;24276[Turmcenter];2021-11-10T09:37:01.179Z
0.6830467;open;2021-11-10T09:36:00Z;278;129;0;407;407;18944[Alte Oper];2021-11-10T09:37:01.179Z
0.4642857;open;2021-11-10T09:36:00Z;169;195;0;364;364;24281[Hauptbahnhof Süd];2021-11-10T09:37:01.179Z
0.52657604;open;2021-11-10T09:36:00Z;426;383;0;809;809;24279[Konstabler];2021-11-10T09:37:01.179Z
0.899061;open;2021-11-10T09:36:00Z;383;43;0;426;426;18497[Hauptwache];2021-11-10T09:37:01.179Z
0.8117647;open;2021-11-10T09:36:00Z;552;128;0;680;680;18495[Am Gericht];2021-11-10T09:37:01.179Z
0.21763393;open;2021-11-10T09:36:00Z;195;701;70;966;896;109240[MyZeil];2021-11-10T09:37:01.179Z
0.59148264;open;2021-11-10T09:36:00Z;375;259;0;634;634;18494[Konrad-Adenauer-Straße];2021-11-10T09:37:01.179Z
1;open;2021-11-10T09:46:00Z;150;0;200;350;150;24276[Turmcenter];2021-11-10T09:47:01.467Z
0.69287467;open;2021-11-10T09:46:00Z;282;125;0;407;407;18944[Alte Oper];2021-11-10T09:47:01.467Z
0.48076922;open;2021-11-10T09:46:00Z;175;189;0;364;364;24281[Hauptbahnhof Süd];2021-11-10T09:47:01.467Z
0.5500618;open;2021-11-10T09:46:00Z;445;364;0;809;809;24279[Konstabler];2021-11-10T09:47:01.467Z
0.92253524;open;2021-11-10T09:46:00Z;393;33;0;426;426;18497[Hauptwache];2021-11-10T09:47:01.467Z
0.81764704;open;2021-11-10T09:46:00Z;556;124;0;680;680;18495[Am Gericht];2021-11-10T09:47:01.467Z
0.60567826;open;2021-11-10T09:46:00Z;384;250;0;634;634;18494[Konrad-Adenauer-Straße];2021-11-10T09:47:01.467Z
0.9866667;open;2021-11-10T10:01:00Z;148;2;200;350;150;24276[Turmcenter];2021-11-10T10:02:01.552Z
0.72727275;open;2021-11-10T10:01:00Z;296;111;0;407;407;18944[Alte Oper];2021-11-10T10:02:01.552Z
0.4697802;open;2021-11-10T10:01:00Z;171;193;0;364;364;24281[Hauptbahnhof Süd];2021-11-10T10:02:01.552Z
0.592089;open;2021-11-10T10:01:00Z;479;330;0;809;809;24279[Konstabler];2021-11-10T10:02:01.552Z
0.9530516;open;2021-11-10T10:01:00Z;406;20;0;426;426;18497[Hauptwache];2021-11-10T10:02:01.552Z
0.8367647;open;2021-11-10T10:01:00Z;569;111;0;680;680;18495[Am Gericht];2021-11-10T10:02:01.552Z
0.6182965;open;2021-11-10T10:01:00Z;392;242;0;634;634;18494[Konrad-Adenauer-Straße];2021-11-10T10:02:01.552Z
0.9866667;open;2021-11-10T10:31:00Z;148;2;200;350;150;24276[Turmcenter];2021-11-10T10:32:00.093Z
0.76658475;open;2021-11-10T10:31:00Z;312;95;0;407;407;18944[Alte Oper];2021-11-10T10:32:00.093Z
0.4642857;open;2021-11-10T10:31:00Z;169;195;0;364;364;24281[Hauptbahnhof Süd];2021-11-10T10:32:00.093Z
0.6551298;open;2021-11-10T10:31:00Z;530;279;0;809;809;24279[Konstabler];2021-11-10T10:32:00.093Z
0.9929578;open;2021-11-10T10:31:00Z;423;3;0;426;426;18497[Hauptwache];2021-11-10T10:32:00.093Z
0.8544118;open;2021-11-10T10:31:00Z;581;99;0;680;680;18495[Am Gericht];2021-11-10T10:32:00.093Z
0.6230284;open;2021-11-10T10:31:00Z;395;239;0;634;634;18494[Konrad-Adenauer-Straße];2021-11-10T10:32:00.093Z
1;open;2021-11-10T10:46:00Z;150;0;200;350;150;24276[Turmcenter];2021-11-10T10:47:01.431Z
0.7960688;open;2021-11-10T10:46:00Z;324;83;0;407;407;18944[Alte Oper];2021-11-10T10:47:01.431Z
0.45604396;open;2021-11-10T10:46:00Z;166;198;0;364;364;24281[Hauptbahnhof Süd];2021-11-10T10:47:01.431Z
0.6674907;open;2021-11-10T10:46:00Z;540;269;0;809;809;24279[Konstabler];2021-11-10T10:47:01.431Z
1;open;2021-11-10T10:46:00Z;426;0;0;426;426;18497[Hauptwache];2021-11-10T10:47:01.431Z
0.8602941;open;2021-11-10T10:46:00Z;585;95;0;680;680;18495[Am Gericht];2021-11-10T10:47:01.431Z
0.62460566;open;2021-11-10T10:46:00Z;396;238;0;634;634;18494[Konrad-Adenauer-Straße];2021-11-10T10:47:01.431Z
1;open;2021-11-10T11:01:00Z;150;0;200;350;150;24276[Turmcenter];2021-11-10T11:02:01.564Z
0.8329238;open;2021-11-10T11:01:00Z;339;68;0;407;407;18944[Alte Oper];2021-11-10T11:02:01.564Z
0.47252747;open;2021-11-10T11:01:00Z;172;192;0;364;364;24281[Hauptbahnhof Süd];2021-11-10T11:02:01.564Z
0.66996294;open;2021-11-10T11:01:00Z;542;267;0;809;809;24279[Konstabler];2021-11-10T11:02:01.564Z
0.9976526;open;2021-11-10T11:01:00Z;425;1;0;426;426;18497[Hauptwache];2021-11-10T11:02:01.564Z
0.8632353;open;2021-11-10T11:01:00Z;587;93;0;680;680;18495[Am Gericht];2021-11-10T11:02:01.564Z
0.2700893;open;2021-11-10T11:01:00Z;242;654;70;966;896;109240[MyZeil];2021-11-10T11:02:01.564Z
0.65299684;open;2021-11-10T11:01:00Z;414;220;0;634;634;18494[Konrad-Adenauer-Straße];2021-11-10T11:02:01.564Z
0.86;open;2021-11-10T11:11:00Z;129;21;200;350;150;24276[Turmcenter];2021-11-10T11:17:00.356Z
0.8452088;open;2021-11-10T11:11:00Z;344;63;0;407;407;18944[Alte Oper];2021-11-10T11:17:00.356Z
0.48076922;open;2021-11-10T11:11:00Z;175;189;0;364;364;24281[Hauptbahnhof Süd];2021-11-10T11:17:00.356Z
0.6897404;open;2021-11-10T11:11:00Z;558;251;0;809;809;24279[Konstabler];2021-11-10T11:17:00.356Z
1;open;2021-11-10T11:11:00Z;426;0;0;426;426;18497[Hauptwache];2021-11-10T11:17:00.356Z
0.8617647;open;2021-11-10T11:11:00Z;586;94;0;680;680;18495[Am Gericht];2021-11-10T11:17:00.356Z
0.6451104;open;2021-11-10T11:11:00Z;409;225;0;634;634;18494[Konrad-Adenauer-Straße];2021-11-10T11:17:00.356Z
0.7733333;open;2021-11-10T11:32:00Z;116;34;200;350;150;24276[Turmcenter];2021-11-10T11:37:01.420Z
0.85995084;open;2021-11-10T11:32:00Z;350;57;0;407;407;18944[Alte Oper];2021-11-10T11:37:01.420Z
0.4587912;open;2021-11-10T11:32:00Z;167;197;0;364;364;24281[Hauptbahnhof Süd];2021-11-10T11:37:01.420Z
0.7095179;open;2021-11-10T11:32:00Z;574;235;0;809;809;24279[Konstabler];2021-11-10T11:37:01.420Z
1;open;2021-11-10T11:32:00Z;426;0;0;426;426;18497[Hauptwache];2021-11-10T11:37:01.420Z
0.8602941;open;2021-11-10T11:32:00Z;585;95;0;680;680;18495[Am Gericht];2021-11-10T11:37:01.420Z
0.6514196;open;2021-11-10T11:32:00Z;413;221;0;634;634;18494[Konrad-Adenauer-Straße];2021-11-10T11:37:01.420Z
0.7733333;open;2021-11-10T11:37:00Z;116;34;200;350;150;24276[Turmcenter];2021-11-10T11:42:01.640Z
0.8574939;open;2021-11-10T11:37:00Z;349;58;0;407;407;18944[Alte Oper];2021-11-10T11:42:01.640Z
0.45604396;open;2021-11-10T11:37:00Z;166;198;0;364;364;24281[Hauptbahnhof Süd];2021-11-10T11:42:01.640Z
0.7156984;open;2021-11-10T11:37:00Z;579;230;0;809;809;24279[Konstabler];2021-11-10T11:42:01.640Z
0.9976526;open;2021-11-10T11:37:00Z;425;1;0;426;426;18497[Hauptwache];2021-11-10T11:42:01.640Z
0.85588235;open;2021-11-10T11:37:00Z;582;98;0;680;680;18495[Am Gericht];2021-11-10T11:42:01.640Z
0.64984226;open;2021-11-10T11:37:00Z;412;222;0;634;634;18494[Konrad-Adenauer-Straße];2021-11-10T11:42:01.640Z
0.75333333;open;2021-11-10T11:57:00Z;113;37;200;350;150;24276[Turmcenter];2021-11-10T12:02:02.672Z
0.8771499;open;2021-11-10T11:57:00Z;357;50;0;407;407;18944[Alte Oper];2021-11-10T12:02:02.672Z
0.43956044;open;2021-11-10T11:57:00Z;160;204;0;364;364;24281[Hauptbahnhof Süd];2021-11-10T12:02:02.672Z
0.7268232;open;2021-11-10T11:57:00Z;588;221;0;809;809;24279[Konstabler];2021-11-10T12:02:02.672Z
1;open;2021-11-10T11:57:00Z;426;0;0;426;426;18497[Hauptwache];2021-11-10T12:02:02.672Z
0.84411764;open;2021-11-10T11:57:00Z;574;106;0;680;680;18495[Am Gericht];2021-11-10T12:02:02.672Z
0.6466877;open;2021-11-10T11:57:00Z;410;224;0;634;634;18494[Konrad-Adenauer-Straße];2021-11-10T12:02:02.672Z
0.76;open;2021-11-10T12:32:00Z;114;36;200;350;150;24276[Turmcenter];2021-11-10T12:37:01.455Z
0.9140049;open;2021-11-10T12:32:00Z;372;35;0;407;407;18944[Alte Oper];2021-11-10T12:37:01.455Z
0.42307693;open;2021-11-10T12:32:00Z;154;210;0;364;364;24281[Hauptbahnhof Süd];2021-11-10T12:37:01.455Z
0.7305315;open;2021-11-10T12:32:00Z;591;218;0;809;809;24279[Konstabler];2021-11-10T12:37:01.455Z
0.9906103;open;2021-11-10T12:32:00Z;422;4;0;426;426;18497[Hauptwache];2021-11-10T12:37:01.455Z
0.8;open;2021-11-10T12:32:00Z;544;136;0;680;680;18495[Am Gericht];2021-11-10T12:37:01.455Z
0.296875;open;2021-11-10T12:32:00Z;266;630;70;966;896;109240[MyZeil];2021-11-10T12:37:01.455Z
0.63722396;open;2021-11-10T12:32:00Z;404;230;0;634;634;18494[Konrad-Adenauer-Straße];2021-11-10T12:37:01.455Z
0.76;open;2021-11-10T13:03:00Z;114;36;200;350;150;24276[Turmcenter];2021-11-10T13:07:00.042Z
0.91646194;open;2021-11-10T13:03:00Z;373;34;0;407;407;18944[Alte Oper];2021-11-10T13:07:00.042Z
0.41483516;open;2021-11-10T13:03:00Z;151;213;0;364;364;24281[Hauptbahnhof Süd];2021-11-10T13:07:00.042Z
0.7255871;open;2021-11-10T13:03:00Z;587;222;0;809;809;24279[Konstabler];2021-11-10T13:07:00.042Z
1;open;2021-11-10T13:03:00Z;426;0;0;426;426;18497[Hauptwache];2021-11-10T13:07:00.042Z
0.7705882;open;2021-11-10T13:03:00Z;524;156;0;680;680;18495[Am Gericht];2021-11-10T13:07:00.042Z
0.29017857;open;2021-11-10T13:03:00Z;260;636;70;966;896;109240[MyZeil];2021-11-10T13:07:00.042Z
0.6435331;open;2021-11-10T13:03:00Z;408;226;0;634;634;18494[Konrad-Adenauer-Straße];2021-11-10T13:07:00.042Z
0.74666667;open;2021-11-10T13:28:00Z;112;38;200;350;150;24276[Turmcenter];2021-11-10T13:32:02.850Z
0.8648649;open;2021-11-10T13:28:00Z;352;55;0;407;407;18944[Alte Oper];2021-11-10T13:32:02.850Z
0.39835164;open;2021-11-10T13:28:00Z;145;219;0;364;364;24281[Hauptbahnhof Süd];2021-11-10T13:32:02.850Z
0.73794806;open;2021-11-10T13:28:00Z;597;212;0;809;809;24279[Konstabler];2021-11-10T13:32:02.850Z
1;open;2021-11-10T13:28:00Z;426;0;0;426;426;18497[Hauptwache];2021-11-10T13:32:02.850Z
0.725;open;2021-11-10T13:28:00Z;493;187;0;680;680;18495[Am Gericht];2021-11-10T13:32:02.850Z
0.28683037;open;2021-11-10T13:28:00Z;257;639;70;966;896;109240[MyZeil];2021-11-10T13:32:02.850Z
0.6324921;open;2021-11-10T13:28:00Z;401;233;0;634;634;18494[Konrad-Adenauer-Straße];2021-11-10T13:32:02.850Z
0.74666667;open;2021-11-10T13:48:00Z;112;38;200;350;150;24276[Turmcenter];2021-11-10T13:52:02.978Z
0.8230958;open;2021-11-10T13:48:00Z;335;72;0;407;407;18944[Alte Oper];2021-11-10T13:52:02.978Z
0.36263737;open;2021-11-10T13:48:00Z;132;232;0;364;364;24281[Hauptbahnhof Süd];2021-11-10T13:52:02.978Z
0.7404203;open;2021-11-10T13:48:00Z;599;210;0;809;809;24279[Konstabler];2021-11-10T13:52:02.978Z
1;open;2021-11-10T13:48:00Z;426;0;0;426;426;18497[Hauptwache];2021-11-10T13:52:02.978Z
0.7117647;open;2021-11-10T13:48:00Z;484;196;0;680;680;18495[Am Gericht];2021-11-10T13:52:02.978Z
0.2935268;open;2021-11-10T13:48:00Z;263;633;70;966;896;109240[MyZeil];2021-11-10T13:52:02.978Z
0.6214511;open;2021-11-10T13:48:00Z;394;240;0;634;634;18494[Konrad-Adenauer-Straße];2021-11-10T13:52:02.978Z
0.73333335;open;2021-11-10T13:58:00Z;110;40;200;350;150;24276[Turmcenter];2021-11-10T14:02:00.070Z
0.8108108;open;2021-11-10T13:58:00Z;330;77;0;407;407;18944[Alte Oper];2021-11-10T14:02:00.070Z
0.35714287;open;2021-11-10T13:58:00Z;130;234;0;364;364;24281[Hauptbahnhof Süd];2021-11-10T14:02:00.070Z
0.75030905;open;2021-11-10T13:58:00Z;607;202;0;809;809;24279[Konstabler];2021-11-10T14:02:00.070Z
0.9929578;open;2021-11-10T13:58:00Z;423;3;0;426;426;18497[Hauptwache];2021-11-10T14:02:00.070Z
0.6970588;open;2021-11-10T13:58:00Z;474;206;0;680;680;18495[Am Gericht];2021-11-10T14:02:00.070Z
0.2924107;open;2021-11-10T13:58:00Z;262;634;70;966;896;109240[MyZeil];2021-11-10T14:02:00.070Z
0.6388013;open;2021-11-10T13:58:00Z;405;229;0;634;634;18494[Konrad-Adenauer-Straße];2021-11-10T14:02:00.070Z
0.67333335;open;2021-11-10T14:18:00Z;101;49;200;350;150;24276[Turmcenter];2021-11-10T14:22:01.441Z
0.75921375;open;2021-11-10T14:18:00Z;309;98;0;407;407;18944[Alte Oper];2021-11-10T14:22:01.441Z
0.30769232;open;2021-11-10T14:18:00Z;112;252;0;364;364;24281[Hauptbahnhof Süd];2021-11-10T14:22:01.441Z
0.72929543;open;2021-11-10T14:18:00Z;590;219;0;809;809;24279[Konstabler];2021-11-10T14:22:01.441Z
1;open;2021-11-10T14:18:00Z;426;0;0;426;426;18497[Hauptwache];2021-11-10T14:22:01.441Z
0.6720588;open;2021-11-10T14:18:00Z;457;223;0;680;680;18495[Am Gericht];2021-11-10T14:22:01.441Z
0.28348213;open;2021-11-10T14:18:00Z;254;642;70;966;896;109240[MyZeil];2021-11-10T14:22:01.441Z
0.6230284;open;2021-11-10T14:18:00Z;395;239;0;634;634;18494[Konrad-Adenauer-Straße];2021-11-10T14:22:01.441Z
0.64666665;open;2021-11-10T14:39:00Z;97;53;200;350;150;24276[Turmcenter];2021-11-10T14:42:00.642Z
0.73955774;open;2021-11-10T14:39:00Z;301;106;0;407;407;18944[Alte Oper];2021-11-10T14:42:00.642Z
0.2802198;open;2021-11-10T14:39:00Z;102;262;0;364;364;24281[Hauptbahnhof Süd];2021-11-10T14:42:00.642Z
0.74660075;open;2021-11-10T14:39:00Z;604;205;0;809;809;24279[Konstabler];2021-11-10T14:42:00.642Z
1;open;2021-11-10T14:39:00Z;426;0;0;426;426;18497[Hauptwache];2021-11-10T14:42:00.642Z
0.6367647;open;2021-11-10T14:39:00Z;433;247;0;680;680;18495[Am Gericht];2021-11-10T14:42:00.642Z
0.29464287;open;2021-11-10T14:39:00Z;264;632;70;966;896;109240[MyZeil];2021-11-10T14:42:00.642Z
0.60567826;open;2021-11-10T14:39:00Z;384;250;0;634;634;18494[Konrad-Adenauer-Straße];2021-11-10T14:42:00.642Z
0.67333335;open;2021-11-10T14:49:00Z;101;49;200;350;150;24276[Turmcenter];2021-11-10T14:52:00.418Z
0.72727275;open;2021-11-10T14:49:00Z;296;111;0;407;407;18944[Alte Oper];2021-11-10T14:52:00.418Z
0.25824177;open;2021-11-10T14:49:00Z;94;270;0;364;364;24281[Hauptbahnhof Süd];2021-11-10T14:52:00.418Z
0.7478368;open;2021-11-10T14:49:00Z;605;204;0;809;809;24279[Konstabler];2021-11-10T14:52:00.418Z
0.9953052;open;2021-11-10T14:49:00Z;424;2;0;426;426;18497[Hauptwache];2021-11-10T14:52:00.418Z
0.64117646;open;2021-11-10T14:49:00Z;436;244;0;680;680;18495[Am Gericht];2021-11-10T14:52:00.418Z
0.296875;open;2021-11-10T14:49:00Z;266;630;70;966;896;109240[MyZeil];2021-11-10T14:52:00.418Z
0.6025237;open;2021-11-10T14:49:00Z;382;252;0;634;634;18494[Konrad-Adenauer-Straße];2021-11-10T14:52:00.418Z
0.66;open;2021-11-10T14:59:00Z;99;51;200;350;150;24276[Turmcenter];2021-11-10T15:02:02.847Z
0.69287467;open;2021-11-10T14:59:00Z;282;125;0;407;407;18944[Alte Oper];2021-11-10T15:02:02.847Z
0.25;open;2021-11-10T14:59:00Z;91;273;0;364;364;24281[Hauptbahnhof Süd];2021-11-10T15:02:02.847Z
0.74289244;open;2021-11-10T14:59:00Z;601;208;0;809;809;24279[Konstabler];2021-11-10T15:02:02.847Z
1;open;2021-11-10T14:59:00Z;426;0;0;426;426;18497[Hauptwache];2021-11-10T15:02:02.847Z
0.6308824;open;2021-11-10T14:59:00Z;429;251;0;680;680;18495[Am Gericht];2021-11-10T15:02:02.847Z
0.29129463;open;2021-11-10T14:59:00Z;261;635;70;966;896;109240[MyZeil];2021-11-10T15:02:02.847Z
0.5835962;open;2021-11-10T14:59:00Z;370;264;0;634;634;18494[Konrad-Adenauer-Straße];2021-11-10T15:02:02.847Z
0.6533333;open;2021-11-10T15:24:00Z;98;52;200;350;150;24276[Turmcenter];2021-11-10T15:27:02.018Z
0.63390666;open;2021-11-10T15:24:00Z;258;149;0;407;407;18944[Alte Oper];2021-11-10T15:27:02.018Z
0.21428572;open;2021-11-10T15:24:00Z;78;286;0;364;364;24281[Hauptbahnhof Süd];2021-11-10T15:27:02.018Z
0.72929543;open;2021-11-10T15:24:00Z;590;219;0;809;809;24279[Konstabler];2021-11-10T15:27:02.018Z
0.96478873;open;2021-11-10T15:24:00Z;411;15;0;426;426;18497[Hauptwache];2021-11-10T15:27:02.018Z
0.5955882;open;2021-11-10T15:24:00Z;405;275;0;680;680;18495[Am Gericht];2021-11-10T15:27:02.018Z
0.2924107;open;2021-11-10T15:24:00Z;262;634;70;966;896;109240[MyZeil];2021-11-10T15:27:02.018Z
0.56309146;open;2021-11-10T15:24:00Z;357;277;0;634;634;18494[Konrad-Adenauer-Straße];2021-11-10T15:27:02.018Z
0.6333333;open;2021-11-10T15:40:00Z;95;55;200;350;150;24276[Turmcenter];2021-11-10T15:42:01.369Z
0.62407863;open;2021-11-10T15:40:00Z;254;153;0;407;407;18944[Alte Oper];2021-11-10T15:42:01.369Z
0.1923077;open;2021-11-10T15:40:00Z;70;294;0;364;364;24281[Hauptbahnhof Süd];2021-11-10T15:42:01.369Z
0.7255871;open;2021-11-10T15:40:00Z;587;222;0;809;809;24279[Konstabler];2021-11-10T15:42:01.369Z
0.9530516;open;2021-11-10T15:40:00Z;406;20;0;426;426;18497[Hauptwache];2021-11-10T15:42:01.369Z
0.575;open;2021-11-10T15:40:00Z;391;289;0;680;680;18495[Am Gericht];2021-11-10T15:42:01.369Z
0.29129463;open;2021-11-10T15:40:00Z;261;635;70;966;896;109240[MyZeil];2021-11-10T15:42:01.369Z
0.56309146;open;2021-11-10T15:40:00Z;357;277;0;634;634;18494[Konrad-Adenauer-Straße];2021-11-10T15:42:01.369Z
0.58666664;open;2021-11-10T15:55:00Z;88;62;200;350;150;24276[Turmcenter];2021-11-10T15:57:02.295Z
0.6216216;open;2021-11-10T15:55:00Z;253;154;0;407;407;18944[Alte Oper];2021-11-10T15:57:02.295Z
0.17032968;open;2021-11-10T15:55:00Z;62;302;0;364;364;24281[Hauptbahnhof Süd];2021-11-10T15:57:02.295Z
0.6983931;open;2021-11-10T15:55:00Z;565;244;0;809;809;24279[Konstabler];2021-11-10T15:57:02.295Z
0.9319249;open;2021-11-10T15:55:00Z;397;29;0;426;426;18497[Hauptwache];2021-11-10T15:57:02.295Z
0.5588235;open;2021-11-10T15:55:00Z;380;300;0;680;680;18495[Am Gericht];2021-11-10T15:57:02.295Z
0.28683037;open;2021-11-10T15:55:00Z;257;639;70;966;896;109240[MyZeil];2021-11-10T15:57:02.295Z
0.56782335;open;2021-11-10T15:55:00Z;360;274;0;634;634;18494[Konrad-Adenauer-Straße];2021-11-10T15:57:02.295Z
0.37333333;open;2021-11-10T16:41:00Z;56;94;200;350;150;24276[Turmcenter];2021-11-10T16:42:01.841Z
0.61916465;open;2021-11-10T16:41:00Z;252;155;0;407;407;18944[Alte Oper];2021-11-10T16:42:01.841Z
0.11813187;open;2021-11-10T16:41:00Z;43;321;0;364;364;24281[Hauptbahnhof Süd];2021-11-10T16:42:01.841Z
0.6588381;open;2021-11-10T16:41:00Z;533;276;0;809;809;24279[Konstabler];2021-11-10T16:42:01.841Z
0.8403756;open;2021-11-10T16:41:00Z;358;68;0;426;426;18497[Hauptwache];2021-11-10T16:42:01.841Z
0.53382355;open;2021-11-10T16:41:00Z;363;317;0;680;680;18495[Am Gericht];2021-11-10T16:42:01.841Z
0.26674107;open;2021-11-10T16:41:00Z;239;657;70;966;896;109240[MyZeil];2021-11-10T16:42:01.841Z
0.5504732;open;2021-11-10T16:41:00Z;349;285;0;634;634;18494[Konrad-Adenauer-Straße];2021-11-10T16:42:01.841Z
0.36666667;open;2021-11-10T17:01:00Z;55;95;200;350;150;24276[Turmcenter];2021-11-10T17:02:01.535Z
0.6142506;open;2021-11-10T17:01:00Z;250;157;0;407;407;18944[Alte Oper];2021-11-10T17:02:01.535Z
0.093406595;open;2021-11-10T17:01:00Z;34;330;0;364;364;24281[Hauptbahnhof Süd];2021-11-10T17:02:01.535Z
0.6489493;open;2021-11-10T17:01:00Z;525;284;0;809;809;24279[Konstabler];2021-11-10T17:02:01.535Z
0.8239437;open;2021-11-10T17:01:00Z;351;75;0;426;426;18497[Hauptwache];2021-11-10T17:02:01.535Z
0.5411765;open;2021-11-10T17:01:00Z;368;312;0;680;680;18495[Am Gericht];2021-11-10T17:02:01.535Z
0.2544643;open;2021-11-10T17:01:00Z;228;668;70;966;896;109240[MyZeil];2021-11-10T17:02:01.535Z
0.5362776;open;2021-11-10T17:01:00Z;340;294;0;634;634;18494[Konrad-Adenauer-Straße];2021-11-10T17:02:01.535Z
0.29333332;open;2021-11-10T17:21:00Z;44;106;200;350;150;24276[Turmcenter];2021-11-10T17:22:01.619Z
0.6044226;open;2021-11-10T17:21:00Z;246;161;0;407;407;18944[Alte Oper];2021-11-10T17:22:01.619Z
0.08516484;open;2021-11-10T17:21:00Z;31;333;0;364;364;24281[Hauptbahnhof Süd];2021-11-10T17:22:01.619Z
0.6229913;open;2021-11-10T17:21:00Z;504;305;0;809;809;24279[Konstabler];2021-11-10T17:22:01.619Z
0.8169014;open;2021-11-10T17:21:00Z;348;78;0;426;426;18497[Hauptwache];2021-11-10T17:22:01.619Z
0.54264706;open;2021-11-10T17:21:00Z;369;311;0;680;680;18495[Am Gericht];2021-11-10T17:22:01.619Z
0.25223213;open;2021-11-10T17:21:00Z;226;670;70;966;896;109240[MyZeil];2021-11-10T17:22:01.619Z
0.5362776;open;2021-11-10T17:21:00Z;340;294;0;634;634;18494[Konrad-Adenauer-Straße];2021-11-10T17:22:01.619Z
0.21;open;2021-11-10T17:31:00Z;42;158;150;350;200;24276[Turmcenter];2021-11-10T17:37:01.197Z
0.5970516;open;2021-11-10T17:31:00Z;243;164;0;407;407;18944[Alte Oper];2021-11-10T17:37:01.197Z
0.07967033;open;2021-11-10T17:31:00Z;29;335;0;364;364;24281[Hauptbahnhof Süd];2021-11-10T17:37:01.197Z
0.62422746;open;2021-11-10T17:31:00Z;505;304;0;809;809;24279[Konstabler];2021-11-10T17:37:01.197Z
0.8239437;open;2021-11-10T17:31:00Z;351;75;0;426;426;18497[Hauptwache];2021-11-10T17:37:01.197Z
0.52794117;open;2021-11-10T17:31:00Z;359;321;0;680;680;18495[Am Gericht];2021-11-10T17:37:01.197Z
0.23883928;open;2021-11-10T17:31:00Z;214;682;70;966;896;109240[MyZeil];2021-11-10T17:37:01.197Z
0.5362776;open;2021-11-10T17:31:00Z;340;294;0;634;634;18494[Konrad-Adenauer-Straße];2021-11-10T17:37:01.197Z
0.21;open;2021-11-10T17:47:00Z;42;158;150;350;200;24276[Turmcenter];2021-11-10T17:52:00.903Z
0.5970516;open;2021-11-10T17:47:00Z;243;164;0;407;407;18944[Alte Oper];2021-11-10T17:52:00.903Z
0.07417583;open;2021-11-10T17:47:00Z;27;337;0;364;364;24281[Hauptbahnhof Süd];2021-11-10T17:52:00.903Z
0.6341162;open;2021-11-10T17:47:00Z;513;296;0;809;809;24279[Konstabler];2021-11-10T17:52:00.903Z
0.82159626;open;2021-11-10T17:47:00Z;350;76;0;426;426;18497[Hauptwache];2021-11-10T17:52:00.903Z
0.5235294;open;2021-11-10T17:47:00Z;356;324;0;680;680;18495[Am Gericht];2021-11-10T17:52:00.903Z
0.234375;open;2021-11-10T17:47:00Z;210;686;70;966;896;109240[MyZeil];2021-11-10T17:52:00.903Z
0.55520505;open;2021-11-10T17:47:00Z;352;282;0;634;634;18494[Konrad-Adenauer-Straße];2021-11-10T17:52:00.903Z
0.225;open;2021-11-10T17:57:00Z;45;155;150;350;200;24276[Turmcenter];2021-11-10T18:02:01.161Z
0.61179364;open;2021-11-10T17:57:00Z;249;158;0;407;407;18944[Alte Oper];2021-11-10T18:02:01.161Z
0.06043956;open;2021-11-10T17:57:00Z;22;342;0;364;364;24281[Hauptbahnhof Süd];2021-11-10T18:02:01.161Z
0.645241;open;2021-11-10T17:57:00Z;522;287;0;809;809;24279[Konstabler];2021-11-10T18:02:01.161Z
0.81924886;open;2021-11-10T17:57:00Z;349;77;0;426;426;18497[Hauptwache];2021-11-10T18:02:01.161Z
0.5132353;open;2021-11-10T17:57:00Z;349;331;0;680;680;18495[Am Gericht];2021-11-10T18:02:01.161Z
0.23549107;open;2021-11-10T17:57:00Z;211;685;70;966;896;109240[MyZeil];2021-11-10T18:02:01.161Z
0.56309146;open;2021-11-10T17:57:00Z;357;277;0;634;634;18494[Konrad-Adenauer-Straße];2021-11-10T18:02:01.161Z
0.28;open;2021-11-10T18:22:00Z;56;144;150;350;200;24276[Turmcenter];2021-11-10T18:27:02.808Z
0.5675676;open;2021-11-10T18:22:00Z;231;176;0;407;407;18944[Alte Oper];2021-11-10T18:27:02.808Z
0.032967035;open;2021-11-10T18:22:00Z;12;352;0;364;364;24281[Hauptbahnhof Süd];2021-11-10T18:27:02.808Z
0.6131026;open;2021-11-10T18:22:00Z;496;313;0;809;809;24279[Konstabler];2021-11-10T18:27:02.808Z
0.8028169;open;2021-11-10T18:22:00Z;342;84;0;426;426;18497[Hauptwache];2021-11-10T18:27:02.808Z
0.49558824;open;2021-11-10T18:22:00Z;337;343;0;680;680;18495[Am Gericht];2021-11-10T18:27:02.808Z
0.24441965;open;2021-11-10T18:22:00Z;219;677;70;966;896;109240[MyZeil];2021-11-10T18:27:02.808Z
0.5615142;open;2021-11-10T18:22:00Z;356;278;0;634;634;18494[Konrad-Adenauer-Straße];2021-11-10T18:27:02.808Z
0.345;open;2021-11-10T18:42:00Z;69;131;150;350;200;24276[Turmcenter];2021-11-10T18:47:02.907Z
0.57739556;open;2021-11-10T18:42:00Z;235;172;0;407;407;18944[Alte Oper];2021-11-10T18:47:02.907Z
0.027472528;open;2021-11-10T18:42:00Z;10;354;0;364;364;24281[Hauptbahnhof Süd];2021-11-10T18:47:02.907Z
0.5970334;open;2021-11-10T18:42:00Z;483;326;0;809;809;24279[Konstabler];2021-11-10T18:47:02.907Z
0.7887324;open;2021-11-10T18:42:00Z;336;90;0;426;426;18497[Hauptwache];2021-11-10T18:47:02.907Z
0.48088235;open;2021-11-10T18:42:00Z;327;353;0;680;680;18495[Am Gericht];2021-11-10T18:47:02.907Z
0.22991072;open;2021-11-10T18:42:00Z;206;690;70;966;896;109240[MyZeil];2021-11-10T18:47:02.907Z
0.5536278;open;2021-11-10T18:42:00Z;351;283;0;634;634;18494[Konrad-Adenauer-Straße];2021-11-10T18:47:02.907Z
0.365;open;2021-11-10T18:53:00Z;73;127;150;350;200;24276[Turmcenter];2021-11-10T18:57:02.952Z
0.5896806;open;2021-11-10T18:53:00Z;240;167;0;407;407;18944[Alte Oper];2021-11-10T18:57:02.952Z
0.021978023;open;2021-11-10T18:53:00Z;8;356;0;364;364;24281[Hauptbahnhof Süd];2021-11-10T18:57:02.952Z
0.5822002;open;2021-11-10T18:53:00Z;471;338;0;809;809;24279[Konstabler];2021-11-10T18:57:02.952Z
0.7699531;open;2021-11-10T18:53:00Z;328;98;0;426;426;18497[Hauptwache];2021-11-10T18:57:02.952Z
0.4632353;open;2021-11-10T18:53:00Z;315;365;0;680;680;18495[Am Gericht];2021-11-10T18:57:02.952Z
0.21986607;open;2021-11-10T18:53:00Z;197;699;70;966;896;109240[MyZeil];2021-11-10T18:57:02.952Z
0.5583596;open;2021-11-10T18:53:00Z;354;280;0;634;634;18494[Konrad-Adenauer-Straße];2021-11-10T18:57:02.952Z
0.36;open;2021-11-10T19:18:00Z;72;128;150;350;200;24276[Turmcenter];2021-11-10T19:22:02.545Z
0.54545456;open;2021-11-10T19:18:00Z;222;185;0;407;407;18944[Alte Oper];2021-11-10T19:22:02.545Z
0.01923077;open;2021-11-10T19:18:00Z;7;357;0;364;364;24281[Hauptbahnhof Süd];2021-11-10T19:22:02.545Z
0.5426452;open;2021-11-10T19:18:00Z;439;370;0;809;809;24279[Konstabler];2021-11-10T19:22:02.545Z
0.713615;open;2021-11-10T19:18:00Z;304;122;0;426;426;18497[Hauptwache];2021-11-10T19:22:02.545Z
0.45588234;open;2021-11-10T19:18:00Z;310;370;0;680;680;18495[Am Gericht];2021-11-10T19:22:02.545Z
0.21316965;open;2021-11-10T19:18:00Z;191;705;70;966;896;109240[MyZeil];2021-11-10T19:22:02.545Z
0.53943217;open;2021-11-10T19:18:00Z;342;292;0;634;634;18494[Konrad-Adenauer-Straße];2021-11-10T19:22:02.545Z
0.34;open;2021-11-10T19:28:00Z;68;132;150;350;200;24276[Turmcenter];2021-11-10T19:32:02.302Z
0.5331695;open;2021-11-10T19:28:00Z;217;190;0;407;407;18944[Alte Oper];2021-11-10T19:32:02.302Z
0.021978023;open;2021-11-10T19:28:00Z;8;356;0;364;364;24281[Hauptbahnhof Süd];2021-11-10T19:32:02.302Z
0.52163166;open;2021-11-10T19:28:00Z;422;387;0;809;809;24279[Konstabler];2021-11-10T19:32:02.302Z
0.69953054;open;2021-11-10T19:28:00Z;298;128;0;426;426;18497[Hauptwache];2021-11-10T19:32:02.302Z
0.45441177;open;2021-11-10T19:28:00Z;309;371;0;680;680;18495[Am Gericht];2021-11-10T19:32:02.302Z
0.20200893;open;2021-11-10T19:28:00Z;181;715;70;966;896;109240[MyZeil];2021-11-10T19:32:02.302Z
0.53154576;open;2021-11-10T19:28:00Z;337;297;0;634;634;18494[Konrad-Adenauer-Straße];2021-11-10T19:32:02.302Z
0.35;open;2021-11-10T19:38:00Z;70;130;150;350;200;24276[Turmcenter];2021-11-10T19:42:00.953Z
0.5257985;open;2021-11-10T19:38:00Z;214;193;0;407;407;18944[Alte Oper];2021-11-10T19:42:00.953Z
0.01923077;open;2021-11-10T19:38:00Z;7;357;0;364;364;24281[Hauptbahnhof Süd];2021-11-10T19:42:00.953Z
0.5092707;open;2021-11-10T19:38:00Z;412;397;0;809;809;24279[Konstabler];2021-11-10T19:42:00.953Z
0.6971831;open;2021-11-10T19:38:00Z;297;129;0;426;426;18497[Hauptwache];2021-11-10T19:42:00.953Z
0.44558823;open;2021-11-10T19:38:00Z;303;377;0;680;680;18495[Am Gericht];2021-11-10T19:42:00.953Z
0.1953125;open;2021-11-10T19:38:00Z;175;721;70;966;896;109240[MyZeil];2021-11-10T19:42:00.953Z
0.5283912;open;2021-11-10T19:38:00Z;335;299;0;634;634;18494[Konrad-Adenauer-Straße];2021-11-10T19:42:00.953Z
0.35;open;2021-11-10T19:49:00Z;70;130;150;350;200;24276[Turmcenter];2021-11-10T19:52:02.110Z
0.5036855;open;2021-11-10T19:49:00Z;205;202;0;407;407;18944[Alte Oper];2021-11-10T19:52:02.110Z
0.024725275;open;2021-11-10T19:49:00Z;9;355;0;364;364;24281[Hauptbahnhof Süd];2021-11-10T19:52:02.110Z
0.5067985;open;2021-11-10T19:49:00Z;410;399;0;809;809;24279[Konstabler];2021-11-10T19:52:02.110Z
0.685446;open;2021-11-10T19:49:00Z;292;134;0;426;426;18497[Hauptwache];2021-11-10T19:52:02.110Z
0.44264707;open;2021-11-10T19:49:00Z;301;379;0;680;680;18495[Am Gericht];2021-11-10T19:52:02.110Z
0.19196428;open;2021-11-10T19:49:00Z;172;724;70;966;896;109240[MyZeil];2021-11-10T19:52:02.110Z
0.51892745;open;2021-11-10T19:49:00Z;329;305;0;634;634;18494[Konrad-Adenauer-Straße];2021-11-10T19:52:02.110Z
0.355;open;2021-11-10T20:04:00Z;71;129;150;350;200;24276[Turmcenter];2021-11-10T20:07:00.562Z
0.4987715;open;2021-11-10T20:04:00Z;203;204;0;407;407;18944[Alte Oper];2021-11-10T20:07:00.562Z
0.021978023;open;2021-11-10T20:04:00Z;8;356;0;364;364;24281[Hauptbahnhof Süd];2021-11-10T20:07:00.562Z
0.4932015;open;2021-11-10T20:04:00Z;399;410;0;809;809;24279[Konstabler];2021-11-10T20:07:00.562Z
0.6713615;open;2021-11-10T20:04:00Z;286;140;0;426;426;18497[Hauptwache];2021-11-10T20:07:00.562Z
0.43235293;open;2021-11-10T20:04:00Z;294;386;0;680;680;18495[Am Gericht];2021-11-10T20:07:00.562Z
0.18526785;open;2021-11-10T20:04:00Z;166;730;70;966;896;109240[MyZeil];2021-11-10T20:07:00.562Z
0.4984227;open;2021-11-10T20:04:00Z;316;318;0;634;634;18494[Konrad-Adenauer-Straße];2021-11-10T20:07:00.562Z
0.33;open;2021-11-10T20:29:00Z;66;134;150;350;200;24276[Turmcenter];2021-11-10T20:32:00.848Z
0.44963145;open;2021-11-10T20:29:00Z;183;224;0;407;407;18944[Alte Oper];2021-11-10T20:32:00.848Z
0.013736264;open;2021-11-10T20:29:00Z;5;359;0;364;364;24281[Hauptbahnhof Süd];2021-11-10T20:32:00.848Z
0.4487021;open;2021-11-10T20:29:00Z;363;446;0;809;809;24279[Konstabler];2021-11-10T20:32:00.848Z
0.6455399;open;2021-11-10T20:29:00Z;275;151;0;426;426;18497[Hauptwache];2021-11-10T20:32:00.848Z
0.42647058;open;2021-11-10T20:29:00Z;290;390;0;680;680;18495[Am Gericht];2021-11-10T20:32:00.848Z
0.17299107;open;2021-11-10T20:29:00Z;155;741;70;966;896;109240[MyZeil];2021-11-10T20:32:00.848Z
0.48107255;open;2021-11-10T20:29:00Z;305;329;0;634;634;18494[Konrad-Adenauer-Straße];2021-11-10T20:32:00.848Z
0.29;open;2021-11-10T20:40:00Z;58;142;150;350;200;24276[Turmcenter];2021-11-10T20:42:01.566Z
0.41031942;open;2021-11-10T20:40:00Z;167;240;0;407;407;18944[Alte Oper];2021-11-10T20:42:01.566Z
0.016483517;open;2021-11-10T20:40:00Z;6;358;0;364;364;24281[Hauptbahnhof Süd];2021-11-10T20:42:01.566Z
0.43139678;open;2021-11-10T20:40:00Z;349;460;0;809;809;24279[Konstabler];2021-11-10T20:42:01.566Z
0.63380283;open;2021-11-10T20:40:00Z;270;156;0;426;426;18497[Hauptwache];2021-11-10T20:42:01.566Z
0.42352942;open;2021-11-10T20:40:00Z;288;392;0;680;680;18495[Am Gericht];2021-11-10T20:42:01.566Z
0.16852678;open;2021-11-10T20:40:00Z;151;745;70;966;896;109240[MyZeil];2021-11-10T20:42:01.566Z
0.4731861;open;2021-11-10T20:40:00Z;300;334;0;634;634;18494[Konrad-Adenauer-Straße];2021-11-10T20:42:01.566Z
0.265;open;2021-11-10T20:50:00Z;53;147;150;350;200;24276[Turmcenter];2021-11-10T20:52:02.493Z
0.3955774;open;2021-11-10T20:50:00Z;161;246;0;407;407;18944[Alte Oper];2021-11-10T20:52:02.493Z
0.010989011;open;2021-11-10T20:50:00Z;4;360;0;364;364;24281[Hauptbahnhof Süd];2021-11-10T20:52:02.493Z
0.4103832;open;2021-11-10T20:50:00Z;332;477;0;809;809;24279[Konstabler];2021-11-10T20:52:02.493Z
0.6220657;open;2021-11-10T20:50:00Z;265;161;0;426;426;18497[Hauptwache];2021-11-10T20:52:02.493Z
0.41764706;open;2021-11-10T20:50:00Z;284;396;0;680;680;18495[Am Gericht];2021-11-10T20:52:02.493Z
0.16852678;open;2021-11-10T20:50:00Z;151;745;70;966;896;109240[MyZeil];2021-11-10T20:52:02.493Z
0.46214512;open;2021-11-10T20:50:00Z;293;341;0;634;634;18494[Konrad-Adenauer-Straße];2021-11-10T20:52:02.493Z
0.205;open;2021-11-10T21:10:00Z;41;159;150;350;200;24276[Turmcenter];2021-11-10T21:12:00.116Z
0.33906633;open;2021-11-10T21:10:00Z;138;269;0;407;407;18944[Alte Oper];2021-11-10T21:12:00.116Z
0.008241759;open;2021-11-10T21:10:00Z;3;361;0;364;364;24281[Hauptbahnhof Süd];2021-11-10T21:12:00.116Z
0.37824476;open;2021-11-10T21:10:00Z;306;503;0;809;809;24279[Konstabler];2021-11-10T21:12:00.116Z
0.600939;open;2021-11-10T21:10:00Z;256;170;0;426;426;18497[Hauptwache];2021-11-10T21:12:00.116Z
0.4132353;open;2021-11-10T21:10:00Z;281;399;0;680;680;18495[Am Gericht];2021-11-10T21:12:00.116Z
0.1640625;open;2021-11-10T21:10:00Z;147;749;70;966;896;109240[MyZeil];2021-11-10T21:12:00.116Z
0.4526814;open;2021-11-10T21:10:00Z;287;347;0;634;634;18494[Konrad-Adenauer-Straße];2021-11-10T21:12:00.116Z
0.15;open;2021-11-10T21:30:00Z;30;170;150;350;200;24276[Turmcenter];2021-11-10T21:32:02.056Z
0.2972973;open;2021-11-10T21:30:00Z;121;286;0;407;407;18944[Alte Oper];2021-11-10T21:32:02.056Z
0.008241759;open;2021-11-10T21:30:00Z;3;361;0;364;364;24281[Hauptbahnhof Süd];2021-11-10T21:32:02.056Z
0.35723114;open;2021-11-10T21:30:00Z;289;520;0;809;809;24279[Konstabler];2021-11-10T21:32:02.056Z
0.57746476;open;2021-11-10T21:30:00Z;246;180;0;426;426;18497[Hauptwache];2021-11-10T21:32:02.056Z
0.40882352;open;2021-11-10T21:30:00Z;278;402;0;680;680;18495[Am Gericht];2021-11-10T21:32:02.056Z
0.15290178;open;2021-11-10T21:30:00Z;137;759;70;966;896;109240[MyZeil];2021-11-10T21:32:02.056Z
0.44479495;open;2021-11-10T21:30:00Z;282;352;0;634;634;18494[Konrad-Adenauer-Straße];2021-11-10T21:32:02.056Z
0.08;open;2021-11-10T21:46:00Z;16;184;150;350;200;24276[Turmcenter];2021-11-10T21:47:01.590Z
0.26289925;open;2021-11-10T21:46:00Z;107;300;0;407;407;18944[Alte Oper];2021-11-10T21:47:01.590Z
0.008241759;open;2021-11-10T21:46:00Z;3;361;0;364;364;24281[Hauptbahnhof Süd];2021-11-10T21:47:01.590Z
0.33250928;open;2021-11-10T21:46:00Z;269;540;0;809;809;24279[Konstabler];2021-11-10T21:47:01.590Z
0.57042253;open;2021-11-10T21:46:00Z;243;183;0;426;426;18497[Hauptwache];2021-11-10T21:47:01.590Z
0.40882352;open;2021-11-10T21:46:00Z;278;402;0;680;680;18495[Am Gericht];2021-11-10T21:47:01.590Z
0.14732143;open;2021-11-10T21:46:00Z;132;764;70;966;896;109240[MyZeil];2021-11-10T21:47:01.590Z
0.43533123;open;2021-11-10T21:46:00Z;276;358;0;634;634;18494[Konrad-Adenauer-Straße];2021-11-10T21:47:01.590Z
0;open;2021-11-10T22:17:00Z;0;200;150;350;200;24276[Turmcenter];2021-11-10T22:22:00.810Z
0.24078624;open;2021-11-10T22:17:00Z;98;309;0;407;407;18944[Alte Oper];2021-11-10T22:22:00.810Z
0.0054945056;open;2021-11-10T22:17:00Z;2;362;0;364;364;24281[Hauptbahnhof Süd];2021-11-10T22:22:00.810Z
0.30160692;open;2021-11-10T22:17:00Z;244;565;0;809;809;24279[Konstabler];2021-11-10T22:22:00.810Z
0.53521127;open;2021-11-10T22:17:00Z;228;198;0;426;426;18497[Hauptwache];2021-11-10T22:22:00.810Z
0.40735295;open;2021-11-10T22:17:00Z;277;403;0;680;680;18495[Am Gericht];2021-11-10T22:22:00.810Z
0.14397322;open;2021-11-10T22:17:00Z;129;767;70;966;896;109240[MyZeil];2021-11-10T22:22:00.810Z
0.41955835;open;2021-11-10T22:17:00Z;266;368;0;634;634;18494[Konrad-Adenauer-Straße];2021-11-10T22:22:00.810Z
0;open;2021-11-10T22:32:00Z;0;200;150;350;200;24276[Turmcenter];2021-11-10T22:37:02.339Z
0.23341523;open;2021-11-10T22:32:00Z;95;312;0;407;407;18944[Alte Oper];2021-11-10T22:37:02.339Z
0;open;2021-11-10T22:32:00Z;0;364;0;364;364;24281[Hauptbahnhof Süd];2021-11-10T22:37:02.339Z
0.29171818;open;2021-11-10T22:32:00Z;236;573;0;809;809;24279[Konstabler];2021-11-10T22:37:02.339Z
0.52816904;open;2021-11-10T22:32:00Z;225;201;0;426;426;18497[Hauptwache];2021-11-10T22:37:02.339Z
0.40588236;open;2021-11-10T22:32:00Z;276;404;0;680;680;18495[Am Gericht];2021-11-10T22:37:02.339Z
0.140625;open;2021-11-10T22:32:00Z;126;770;70;966;896;109240[MyZeil];2021-11-10T22:37:02.339Z
0.4164038;open;2021-11-10T22:32:00Z;264;370;0;634;634;18494[Konrad-Adenauer-Straße];2021-11-10T22:37:02.339Z
0;open;2021-11-10T22:47:00Z;0;200;150;350;200;24276[Turmcenter];2021-11-10T22:52:01.863Z
0.20884521;open;2021-11-10T22:47:00Z;85;322;0;407;407;18944[Alte Oper];2021-11-10T22:52:01.863Z
0;open;2021-11-10T22:47:00Z;0;364;0;364;364;24281[Hauptbahnhof Süd];2021-11-10T22:52:01.863Z
0.2843016;open;2021-11-10T22:47:00Z;230;579;0;809;809;24279[Konstabler];2021-11-10T22:52:01.863Z
0.52347416;open;2021-11-10T22:47:00Z;223;203;0;426;426;18497[Hauptwache];2021-11-10T22:52:01.863Z
0.40588236;open;2021-11-10T22:47:00Z;276;404;0;680;680;18495[Am Gericht];2021-11-10T22:52:01.863Z
0.13839285;open;2021-11-10T22:47:00Z;124;772;70;966;896;109240[MyZeil];2021-11-10T22:52:01.863Z
0.41798106;open;2021-11-10T22:47:00Z;265;369;0;634;634;18494[Konrad-Adenauer-Straße];2021-11-10T22:52:01.863Z
0;open;2021-11-10T22:53:00Z;0;200;150;350;200;24276[Turmcenter];2021-11-10T22:57:01.669Z
0.2063882;open;2021-11-10T22:53:00Z;84;323;0;407;407;18944[Alte Oper];2021-11-10T22:57:01.669Z
0;open;2021-11-10T22:53:00Z;0;364;0;364;364;24281[Hauptbahnhof Süd];2021-11-10T22:57:01.669Z
0.28182942;open;2021-11-10T22:53:00Z;228;581;0;809;809;24279[Konstabler];2021-11-10T22:57:01.669Z
0.52112675;open;2021-11-10T22:53:00Z;222;204;0;426;426;18497[Hauptwache];2021-11-10T22:57:01.669Z
0.40441176;open;2021-11-10T22:53:00Z;275;405;0;680;680;18495[Am Gericht];2021-11-10T22:57:01.669Z
0.13839285;open;2021-11-10T22:53:00Z;124;772;70;966;896;109240[MyZeil];2021-11-10T22:57:01.669Z
0.4164038;open;2021-11-10T22:53:00Z;264;370;0;634;634;18494[Konrad-Adenauer-Straße];2021-11-10T22:57:01.669Z
0;open;2021-11-10T23:24:00Z;0;200;150;350;200;24276[Turmcenter];2021-11-10T23:27:01.531Z
0.17690417;open;2021-11-10T23:24:00Z;72;335;0;407;407;18944[Alte Oper];2021-11-10T23:27:01.531Z
0;open;2021-11-10T23:24:00Z;0;364;0;364;364;24281[Hauptbahnhof Süd];2021-11-10T23:27:01.531Z
0.27812114;open;2021-11-10T23:24:00Z;225;584;0;809;809;24279[Konstabler];2021-11-10T23:27:01.531Z
0.5117371;open;2021-11-10T23:24:00Z;218;208;0;426;426;18497[Hauptwache];2021-11-10T23:27:01.531Z
0;closed;2021-11-10T23:24:00Z;;405;0;0;0;18495[Am Gericht];2021-11-10T23:27:01.531Z
0.1328125;open;2021-11-10T23:24:00Z;119;777;70;966;896;109240[MyZeil];2021-11-10T23:27:01.531Z
0.4148265;open;2021-11-10T23:24:00Z;263;371;0;634;634;18494[Konrad-Adenauer-Straße];2021-11-10T23:27:01.531Z
0;open;2021-11-10T23:39:00Z;0;200;150;350;200;24276[Turmcenter];2021-11-10T23:42:00.610Z
0.17199017;open;2021-11-10T23:39:00Z;70;337;0;407;407;18944[Alte Oper];2021-11-10T23:42:00.610Z
0;open;2021-11-10T23:39:00Z;0;364;0;364;364;24281[Hauptbahnhof Süd];2021-11-10T23:42:00.610Z
0.27688503;open;2021-11-10T23:39:00Z;224;585;0;809;809;24279[Konstabler];2021-11-10T23:42:00.610Z
0.5093897;open;2021-11-10T23:39:00Z;217;209;0;426;426;18497[Hauptwache];2021-11-10T23:42:00.610Z
0;closed;2021-11-10T23:39:00Z;;405;0;0;0;18495[Am Gericht];2021-11-10T23:42:00.610Z
0.12946428;open;2021-11-10T23:39:00Z;116;780;70;966;896;109240[MyZeil];2021-11-10T23:42:00.610Z
0.41167194;open;2021-11-10T23:39:00Z;261;373;0;634;634;18494[Konrad-Adenauer-Straße];2021-11-10T23:42:00.610Z
0;open;2021-11-10T23:49:00Z;0;200;150;350;200;24276[Turmcenter];2021-11-10T23:52:02.073Z
0.16707617;open;2021-11-10T23:49:00Z;68;339;0;407;407;18944[Alte Oper];2021-11-10T23:52:02.073Z
0;open;2021-11-10T23:49:00Z;0;364;0;364;364;24281[Hauptbahnhof Süd];2021-11-10T23:52:02.073Z
0.27564895;open;2021-11-10T23:49:00Z;223;586;0;809;809;24279[Konstabler];2021-11-10T23:52:02.073Z
0.5093897;open;2021-11-10T23:49:00Z;217;209;0;426;426;18497[Hauptwache];2021-11-10T23:52:02.073Z
0;closed;2021-11-10T23:49:00Z;;405;0;0;0;18495[Am Gericht];2021-11-10T23:52:02.073Z
0.12946428;open;2021-11-10T23:49:00Z;116;780;70;966;896;109240[MyZeil];2021-11-10T23:52:02.073Z
0.41167194;open;2021-11-10T23:49:00Z;261;373;0;634;634;18494[Konrad-Adenauer-Straße];2021-11-10T23:52:02.073Z
0;open;2021-11-11T00:59:00Z;0;200;150;350;200;24276[Turmcenter];2021-11-11T01:02:00.386Z
0.14496315;open;2021-11-11T00:59:00Z;59;348;0;407;407;18944[Alte Oper];2021-11-11T01:02:00.386Z
0;open;2021-11-11T00:59:00Z;0;364;0;364;364;24281[Hauptbahnhof Süd];2021-11-11T01:02:00.386Z
0.27564895;open;2021-11-11T00:59:00Z;223;586;0;809;809;24279[Konstabler];2021-11-11T01:02:00.386Z
0.5070422;open;2021-11-11T00:59:00Z;216;210;0;426;426;18497[Hauptwache];2021-11-11T01:02:00.386Z
0;closed;2021-11-11T00:59:00Z;;405;0;0;0;18495[Am Gericht];2021-11-11T01:02:00.386Z
0.12946428;open;2021-11-11T00:59:00Z;116;780;70;966;896;109240[MyZeil];2021-11-11T01:02:00.386Z
0.41324922;open;2021-11-11T00:59:00Z;262;372;0;634;634;18494[Konrad-Adenauer-Straße];2021-11-11T01:02:00.386Z
0;open;2021-11-11T02:05:00Z;0;200;150;350;200;24276[Turmcenter];2021-11-11T02:07:02.387Z
0.13759214;open;2021-11-11T02:05:00Z;56;351;0;407;407;18944[Alte Oper];2021-11-11T02:07:02.387Z
0;open;2021-11-11T02:05:00Z;0;364;0;364;364;24281[Hauptbahnhof Süd];2021-11-11T02:07:02.387Z
0.27688503;open;2021-11-11T02:05:00Z;224;585;0;809;809;24279[Konstabler];2021-11-11T02:07:02.387Z
0.5046948;open;2021-11-11T02:05:00Z;215;211;0;426;426;18497[Hauptwache];2021-11-11T02:07:02.387Z
0;closed;2021-11-11T02:05:00Z;;405;0;0;0;18495[Am Gericht];2021-11-11T02:07:02.387Z
0.12946428;open;2021-11-11T02:05:00Z;116;780;70;966;896;109240[MyZeil];2021-11-11T02:07:02.387Z
0.41167194;open;2021-11-11T02:05:00Z;261;373;0;634;634;18494[Konrad-Adenauer-Straße];2021-11-11T02:07:02.387Z
0;open;2021-11-11T02:36:00Z;0;200;150;350;200;24276[Turmcenter];2021-11-11T02:42:02.514Z
0.13759214;open;2021-11-11T02:36:00Z;56;351;0;407;407;18944[Alte Oper];2021-11-11T02:42:02.514Z
0;open;2021-11-11T02:36:00Z;0;364;0;364;364;24281[Hauptbahnhof Süd];2021-11-11T02:42:02.514Z
0.27688503;open;2021-11-11T02:36:00Z;224;585;0;809;809;24279[Konstabler];2021-11-11T02:42:02.514Z
0.5046948;open;2021-11-11T02:36:00Z;215;211;0;426;426;18497[Hauptwache];2021-11-11T02:42:02.514Z
0;closed;2021-11-11T02:36:00Z;;405;0;0;0;18495[Am Gericht];2021-11-11T02:42:02.514Z
0.12946428;open;2021-11-11T02:36:00Z;116;780;70;966;896;109240[MyZeil];2021-11-11T02:42:02.514Z
0.41009465;open;2021-11-11T02:36:00Z;260;374;0;634;634;18494[Konrad-Adenauer-Straße];2021-11-11T02:42:02.514Z
0;open;2021-11-11T02:51:00Z;0;200;150;350;200;24276[Turmcenter];2021-11-11T02:57:00.482Z
0.13759214;open;2021-11-11T02:51:00Z;56;351;0;407;407;18944[Alte Oper];2021-11-11T02:57:00.482Z
0;open;2021-11-11T02:51:00Z;0;364;0;364;364;24281[Hauptbahnhof Süd];2021-11-11T02:57:00.482Z
0.27688503;open;2021-11-11T02:51:00Z;224;585;0;809;809;24279[Konstabler];2021-11-11T02:57:00.482Z
0.5046948;open;2021-11-11T02:51:00Z;215;211;0;426;426;18497[Hauptwache];2021-11-11T02:57:00.482Z
0;closed;2021-11-11T02:51:00Z;;405;0;0;0;18495[Am Gericht];2021-11-11T02:57:00.482Z
0.12946428;open;2021-11-11T02:51:00Z;116;780;70;966;896;109240[MyZeil];2021-11-11T02:57:00.482Z
0.41009465;open;2021-11-11T02:51:00Z;260;374;0;634;634;18494[Konrad-Adenauer-Straße];2021-11-11T02:57:00.482Z
0;open;2021-11-11T03:17:00Z;0;200;150;350;200;24276[Turmcenter];2021-11-11T03:22:01.722Z
0.13759214;open;2021-11-11T03:17:00Z;56;351;0;407;407;18944[Alte Oper];2021-11-11T03:22:01.722Z
0;open;2021-11-11T03:17:00Z;0;364;0;364;364;24281[Hauptbahnhof Süd];2021-11-11T03:22:01.722Z
0.27812114;open;2021-11-11T03:17:00Z;225;584;0;809;809;24279[Konstabler];2021-11-11T03:22:01.722Z
0.5046948;open;2021-11-11T03:17:00Z;215;211;0;426;426;18497[Hauptwache];2021-11-11T03:22:01.722Z
0;closed;2021-11-11T03:17:00Z;;;0;0;0;18495[Am Gericht];2021-11-11T03:22:01.722Z
0.12946428;open;2021-11-11T03:17:00Z;116;780;70;966;896;109240[MyZeil];2021-11-11T03:22:01.722Z
0.41009465;open;2021-11-11T03:17:00Z;260;374;0;634;634;18494[Konrad-Adenauer-Straße];2021-11-11T03:22:01.722Z
0;open;2021-11-11T03:32:00Z;0;200;150;350;200;24276[Turmcenter];2021-11-11T03:37:01.290Z
0.13759214;open;2021-11-11T03:32:00Z;56;351;0;407;407;18944[Alte Oper];2021-11-11T03:37:01.290Z
0;open;2021-11-11T03:32:00Z;0;364;0;364;364;24281[Hauptbahnhof Süd];2021-11-11T03:37:01.290Z
0.27564895;open;2021-11-11T03:32:00Z;223;586;0;809;809;24279[Konstabler];2021-11-11T03:37:01.290Z
0.5046948;open;2021-11-11T03:32:00Z;215;211;0;426;426;18497[Hauptwache];2021-11-11T03:37:01.290Z
0;closed;2021-11-11T03:32:00Z;;;0;0;0;18495[Am Gericht];2021-11-11T03:37:01.290Z
0.12946428;open;2021-11-11T03:32:00Z;116;780;70;966;896;109240[MyZeil];2021-11-11T03:37:01.290Z
0.41167194;open;2021-11-11T03:32:00Z;261;373;0;634;634;18494[Konrad-Adenauer-Straße];2021-11-11T03:37:01.290Z
0;open;2021-11-11T03:47:00Z;0;200;150;350;200;24276[Turmcenter];2021-11-11T03:52:01.258Z
0.13759214;open;2021-11-11T03:47:00Z;56;351;0;407;407;18944[Alte Oper];2021-11-11T03:52:01.258Z
0.0027472528;open;2021-11-11T03:47:00Z;1;363;0;364;364;24281[Hauptbahnhof Süd];2021-11-11T03:52:01.258Z
0.27564895;open;2021-11-11T03:47:00Z;223;586;0;809;809;24279[Konstabler];2021-11-11T03:52:01.258Z
0.5046948;open;2021-11-11T03:47:00Z;215;211;0;426;426;18497[Hauptwache];2021-11-11T03:52:01.258Z
0;closed;2021-11-11T03:47:00Z;;;0;0;0;18495[Am Gericht];2021-11-11T03:52:01.258Z
0.12946428;open;2021-11-11T03:47:00Z;116;780;70;966;896;109240[MyZeil];2021-11-11T03:52:01.258Z
0.41167194;open;2021-11-11T03:47:00Z;261;373;0;634;634;18494[Konrad-Adenauer-Straße];2021-11-11T03:52:01.258Z
0;open;2021-11-11T03:57:00Z;0;200;150;350;200;24276[Turmcenter];2021-11-11T04:02:00.591Z
0.13759214;open;2021-11-11T03:57:00Z;56;351;0;407;407;18944[Alte Oper];2021-11-11T04:02:00.591Z
0.0027472528;open;2021-11-11T03:57:00Z;1;363;0;364;364;24281[Hauptbahnhof Süd];2021-11-11T04:02:00.591Z
0.27564895;open;2021-11-11T03:57:00Z;223;586;0;809;809;24279[Konstabler];2021-11-11T04:02:00.591Z
0.5046948;open;2021-11-11T03:57:00Z;215;211;0;426;426;18497[Hauptwache];2021-11-11T04:02:00.591Z
0;closed;2021-11-11T03:57:00Z;;;0;0;0;18495[Am Gericht];2021-11-11T04:02:00.591Z
0.12946428;open;2021-11-11T03:57:00Z;116;780;70;966;896;109240[MyZeil];2021-11-11T04:02:00.591Z
0.40851736;open;2021-11-11T03:57:00Z;259;375;0;634;634;18494[Konrad-Adenauer-Straße];2021-11-11T04:02:00.591Z
0;open;2021-11-11T04:32:00Z;0;200;150;350;200;24276[Turmcenter];2021-11-11T04:37:00.768Z
0.13759214;open;2021-11-11T04:32:00Z;56;351;0;407;407;18944[Alte Oper];2021-11-11T04:37:00.768Z
0.0054945056;open;2021-11-11T04:32:00Z;2;362;0;364;364;24281[Hauptbahnhof Süd];2021-11-11T04:37:00.768Z
0.27688503;open;2021-11-11T04:32:00Z;224;585;0;809;809;24279[Konstabler];2021-11-11T04:37:00.768Z
0.5046948;open;2021-11-11T04:32:00Z;215;211;0;426;426;18497[Hauptwache];2021-11-11T04:37:00.768Z
0;closed;2021-11-11T04:32:00Z;;;0;0;0;18495[Am Gericht];2021-11-11T04:37:00.768Z
0.12946428;open;2021-11-11T04:32:00Z;116;780;70;966;896;109240[MyZeil];2021-11-11T04:37:00.768Z
0.41009465;open;2021-11-11T04:32:00Z;260;374;0;634;634;18494[Konrad-Adenauer-Straße];2021-11-11T04:37:00.768Z
0.005;open;2021-11-11T04:52:00Z;1;199;150;350;200;24276[Turmcenter];2021-11-11T04:57:00.283Z
0.13759214;open;2021-11-11T04:52:00Z;56;351;0;407;407;18944[Alte Oper];2021-11-11T04:57:00.283Z
0.016483517;open;2021-11-11T04:52:00Z;6;358;0;364;364;24281[Hauptbahnhof Süd];2021-11-11T04:57:00.283Z
0.27564895;open;2021-11-11T04:52:00Z;223;586;0;809;809;24279[Konstabler];2021-11-11T04:57:00.283Z
0.5046948;open;2021-11-11T04:52:00Z;215;211;0;426;426;18497[Hauptwache];2021-11-11T04:57:00.283Z
0;closed;2021-11-11T04:52:00Z;;;0;0;0;18495[Am Gericht];2021-11-11T04:57:00.283Z
0.13169643;open;2021-11-11T04:52:00Z;118;778;70;966;896;109240[MyZeil];2021-11-11T04:57:00.283Z
0.4148265;open;2021-11-11T04:52:00Z;263;371;0;634;634;18494[Konrad-Adenauer-Straße];2021-11-11T04:57:00.283Z
0.006666667;open;2021-11-11T05:12:00Z;1;149;200;350;150;24276[Turmcenter];2021-11-11T05:17:02.648Z
0.14250614;open;2021-11-11T05:12:00Z;58;349;0;407;407;18944[Alte Oper];2021-11-11T05:17:02.648Z
0.03846154;open;2021-11-11T05:12:00Z;14;350;0;364;364;24281[Hauptbahnhof Süd];2021-11-11T05:17:02.648Z
0.28059334;open;2021-11-11T05:12:00Z;227;582;0;809;809;24279[Konstabler];2021-11-11T05:17:02.648Z
0.5046948;open;2021-11-11T05:12:00Z;215;211;0;426;426;18497[Hauptwache];2021-11-11T05:17:02.648Z
0.42647058;open;2021-11-11T05:12:00Z;290;390;0;680;680;18495[Am Gericht];2021-11-11T05:17:02.648Z
0.1328125;open;2021-11-11T05:12:00Z;119;777;70;966;896;109240[MyZeil];2021-11-11T05:17:02.648Z
0.42113563;open;2021-11-11T05:12:00Z;267;367;0;634;634;18494[Konrad-Adenauer-Straße];2021-11-11T05:17:02.648Z
0.033333335;open;2021-11-11T05:27:00Z;5;145;200;350;150;24276[Turmcenter];2021-11-11T05:32:02.673Z
0.14496315;open;2021-11-11T05:27:00Z;59;348;0;407;407;18944[Alte Oper];2021-11-11T05:32:02.673Z
0.04945055;open;2021-11-11T05:27:00Z;18;346;0;364;364;24281[Hauptbahnhof Süd];2021-11-11T05:32:02.673Z
0.2843016;open;2021-11-11T05:27:00Z;230;579;0;809;809;24279[Konstabler];2021-11-11T05:32:02.673Z
0.5070422;open;2021-11-11T05:27:00Z;216;210;0;426;426;18497[Hauptwache];2021-11-11T05:32:02.673Z
0.43529412;open;2021-11-11T05:27:00Z;296;384;0;680;680;18495[Am Gericht];2021-11-11T05:32:02.673Z
0.1328125;open;2021-11-11T05:27:00Z;119;777;70;966;896;109240[MyZeil];2021-11-11T05:32:02.673Z
0.4242902;open;2021-11-11T05:27:00Z;269;365;0;634;634;18494[Konrad-Adenauer-Straße];2021-11-11T05:32:02.673Z
0.026666667;open;2021-11-11T05:42:00Z;4;146;200;350;150;24276[Turmcenter];2021-11-11T05:47:02.884Z
0.14987715;open;2021-11-11T05:42:00Z;61;346;0;407;407;18944[Alte Oper];2021-11-11T05:47:02.884Z
0.06593407;open;2021-11-11T05:42:00Z;24;340;0;364;364;24281[Hauptbahnhof Süd];2021-11-11T05:47:02.884Z
0.28182942;open;2021-11-11T05:42:00Z;228;581;0;809;809;24279[Konstabler];2021-11-11T05:47:02.884Z
0.5093897;open;2021-11-11T05:42:00Z;217;209;0;426;426;18497[Hauptwache];2021-11-11T05:47:02.884Z
0.43970588;open;2021-11-11T05:42:00Z;299;381;0;680;680;18495[Am Gericht];2021-11-11T05:47:02.884Z
0.1328125;open;2021-11-11T05:42:00Z;119;777;70;966;896;109240[MyZeil];2021-11-11T05:47:02.884Z
0.4242902;open;2021-11-11T05:42:00Z;269;365;0;634;634;18494[Konrad-Adenauer-Straße];2021-11-11T05:47:02.884Z
0.026666667;open;2021-11-11T05:57:00Z;4;146;200;350;150;24276[Turmcenter];2021-11-11T06:02:02.194Z
0.15233415;open;2021-11-11T05:57:00Z;62;345;0;407;407;18944[Alte Oper];2021-11-11T06:02:02.194Z
0.093406595;open;2021-11-11T05:57:00Z;34;330;0;364;364;24281[Hauptbahnhof Süd];2021-11-11T06:02:02.194Z
0.28182942;open;2021-11-11T05:57:00Z;228;581;0;809;809;24279[Konstabler];2021-11-11T06:02:02.194Z
0.5093897;open;2021-11-11T05:57:00Z;217;209;0;426;426;18497[Hauptwache];2021-11-11T06:02:02.194Z
0.44117647;open;2021-11-11T05:57:00Z;300;380;0;680;680;18495[Am Gericht];2021-11-11T06:02:02.194Z
0.13392857;open;2021-11-11T05:57:00Z;120;776;70;966;896;109240[MyZeil];2021-11-11T06:02:02.194Z
0.42271292;open;2021-11-11T05:57:00Z;268;366;0;634;634;18494[Konrad-Adenauer-Straße];2021-11-11T06:02:02.194Z
0.053333335;open;2021-11-11T06:22:00Z;8;142;200;350;150;24276[Turmcenter];2021-11-11T06:27:01.234Z
0.15724815;open;2021-11-11T06:22:00Z;64;343;0;407;407;18944[Alte Oper];2021-11-11T06:27:01.234Z
0.13461539;open;2021-11-11T06:22:00Z;49;315;0;364;364;24281[Hauptbahnhof Süd];2021-11-11T06:27:01.234Z
0.28800988;open;2021-11-11T06:22:00Z;233;576;0;809;809;24279[Konstabler];2021-11-11T06:27:01.234Z
0.53051645;open;2021-11-11T06:22:00Z;226;200;0;426;426;18497[Hauptwache];2021-11-11T06:27:01.234Z
0.45588234;open;2021-11-11T06:22:00Z;310;370;0;680;680;18495[Am Gericht];2021-11-11T06:27:01.234Z
0.13727678;open;2021-11-11T06:22:00Z;123;773;70;966;896;109240[MyZeil];2021-11-11T06:27:01.234Z
0.4258675;open;2021-11-11T06:22:00Z;270;364;0;634;634;18494[Konrad-Adenauer-Straße];2021-11-11T06:27:01.234Z
0.10666667;open;2021-11-11T06:42:00Z;16;134;200;350;150;24276[Turmcenter];2021-11-11T06:47:00.977Z
0.16707617;open;2021-11-11T06:42:00Z;68;339;0;407;407;18944[Alte Oper];2021-11-11T06:47:00.977Z
0.15659341;open;2021-11-11T06:42:00Z;57;307;0;364;364;24281[Hauptbahnhof Süd];2021-11-11T06:47:00.977Z
0.29171818;open;2021-11-11T06:42:00Z;236;573;0;809;809;24279[Konstabler];2021-11-11T06:47:00.977Z
0.53286386;open;2021-11-11T06:42:00Z;227;199;0;426;426;18497[Hauptwache];2021-11-11T06:47:00.977Z
0.4852941;open;2021-11-11T06:42:00Z;330;350;0;680;680;18495[Am Gericht];2021-11-11T06:47:00.977Z
0.13839285;open;2021-11-11T06:42:00Z;124;772;70;966;896;109240[MyZeil];2021-11-11T06:47:00.977Z
0.43375394;open;2021-11-11T06:42:00Z;275;359;0;634;634;18494[Konrad-Adenauer-Straße];2021-11-11T06:47:00.977Z
0.16;open;2021-11-11T07:03:00Z;24;126;200;350;150;24276[Turmcenter];2021-11-11T07:07:00.429Z
0.17690417;open;2021-11-11T07:03:00Z;72;335;0;407;407;18944[Alte Oper];2021-11-11T07:07:00.429Z
0.1978022;open;2021-11-11T07:03:00Z;72;292;0;364;364;24281[Hauptbahnhof Süd];2021-11-11T07:07:00.429Z
0.31644005;open;2021-11-11T07:03:00Z;256;553;0;809;809;24279[Konstabler];2021-11-11T07:07:00.429Z
0.5610329;open;2021-11-11T07:03:00Z;239;187;0;426;426;18497[Hauptwache];2021-11-11T07:07:00.429Z
0.5382353;open;2021-11-11T07:03:00Z;366;314;0;680;680;18495[Am Gericht];2021-11-11T07:07:00.429Z
0.14285715;open;2021-11-11T07:03:00Z;128;768;70;966;896;109240[MyZeil];2021-11-11T07:07:00.429Z
0.45425868;open;2021-11-11T07:03:00Z;288;346;0;634;634;18494[Konrad-Adenauer-Straße];2021-11-11T07:07:00.429Z
0.28;open;2021-11-11T07:23:00Z;42;108;200;350;150;24276[Turmcenter];2021-11-11T07:27:01.845Z
0.2039312;open;2021-11-11T07:23:00Z;83;324;0;407;407;18944[Alte Oper];2021-11-11T07:27:01.845Z
0.21428572;open;2021-11-11T07:23:00Z;78;286;0;364;364;24281[Hauptbahnhof Süd];2021-11-11T07:27:01.845Z
0.3300371;open;2021-11-11T07:23:00Z;267;542;0;809;809;24279[Konstabler];2021-11-11T07:27:01.845Z
0.57746476;open;2021-11-11T07:23:00Z;246;180;0;426;426;18497[Hauptwache];2021-11-11T07:27:01.845Z
0.58235294;open;2021-11-11T07:23:00Z;396;284;0;680;680;18495[Am Gericht];2021-11-11T07:27:01.845Z
0.15178572;open;2021-11-11T07:23:00Z;136;760;70;966;896;109240[MyZeil];2021-11-11T07:27:01.845Z
0.47003156;open;2021-11-11T07:23:00Z;298;336;0;634;634;18494[Konrad-Adenauer-Straße];2021-11-11T07:27:01.845Z
0.42666668;open;2021-11-11T07:38:00Z;64;86;200;350;150;24276[Turmcenter];2021-11-11T07:42:02.373Z
0.23587224;open;2021-11-11T07:38:00Z;96;311;0;407;407;18944[Alte Oper];2021-11-11T07:42:02.373Z
0.25824177;open;2021-11-11T07:38:00Z;94;270;0;364;364;24281[Hauptbahnhof Süd];2021-11-11T07:42:02.373Z
0.3498146;open;2021-11-11T07:38:00Z;283;526;0;809;809;24279[Konstabler];2021-11-11T07:42:02.373Z
0.59859157;open;2021-11-11T07:38:00Z;255;171;0;426;426;18497[Hauptwache];2021-11-11T07:42:02.373Z
0.5985294;open;2021-11-11T07:38:00Z;407;273;0;680;680;18495[Am Gericht];2021-11-11T07:42:02.373Z
0.16071428;open;2021-11-11T07:38:00Z;144;752;70;966;896;109240[MyZeil];2021-11-11T07:42:02.373Z
0.49053627;open;2021-11-11T07:38:00Z;311;323;0;634;634;18494[Konrad-Adenauer-Straße];2021-11-11T07:42:02.373Z
0.49333334;open;2021-11-11T07:48:00Z;74;76;200;350;150;24276[Turmcenter];2021-11-11T07:52:00.333Z
0.25552824;open;2021-11-11T07:48:00Z;104;303;0;407;407;18944[Alte Oper];2021-11-11T07:52:00.333Z
0.2747253;open;2021-11-11T07:48:00Z;100;264;0;364;364;24281[Hauptbahnhof Süd];2021-11-11T07:52:00.333Z
0.35846725;open;2021-11-11T07:48:00Z;290;519;0;809;809;24279[Konstabler];2021-11-11T07:52:00.333Z
0.6032864;open;2021-11-11T07:48:00Z;257;169;0;426;426;18497[Hauptwache];2021-11-11T07:52:00.333Z
0.6191176;open;2021-11-11T07:48:00Z;421;259;0;680;680;18495[Am Gericht];2021-11-11T07:52:00.333Z
0.16964285;open;2021-11-11T07:48:00Z;152;744;70;966;896;109240[MyZeil];2021-11-11T07:52:00.333Z
0.4984227;open;2021-11-11T07:48:00Z;316;318;0;634;634;18494[Konrad-Adenauer-Straße];2021-11-11T07:52:00.333Z
0.5733333;open;2021-11-11T07:58:00Z;86;64;200;350;150;24276[Turmcenter];2021-11-11T08:02:00.608Z
0.27518427;open;2021-11-11T07:58:00Z;112;295;0;407;407;18944[Alte Oper];2021-11-11T08:02:00.608Z
0.3021978;open;2021-11-11T07:58:00Z;110;254;0;364;364;24281[Hauptbahnhof Süd];2021-11-11T08:02:00.608Z
0.38195303;open;2021-11-11T07:58:00Z;309;500;0;809;809;24279[Konstabler];2021-11-11T08:02:00.608Z
0.62676054;open;2021-11-11T07:58:00Z;267;159;0;426;426;18497[Hauptwache];2021-11-11T08:02:00.608Z
0.6397059;open;2021-11-11T07:58:00Z;435;245;0;680;680;18495[Am Gericht];2021-11-11T08:02:00.608Z
0.18415178;open;2021-11-11T07:58:00Z;165;731;70;966;896;109240[MyZeil];2021-11-11T08:02:00.608Z
0.511041;open;2021-11-11T07:58:00Z;324;310;0;634;634;18494[Konrad-Adenauer-Straße];2021-11-11T08:02:00.608Z
0.76666665;open;2021-11-11T08:28:00Z;115;35;200;350;150;24276[Turmcenter];2021-11-11T08:32:02.342Z
0.33415234;open;2021-11-11T08:28:00Z;136;271;0;407;407;18944[Alte Oper];2021-11-11T08:32:02.342Z
0.3489011;open;2021-11-11T08:28:00Z;127;237;0;364;364;24281[Hauptbahnhof Süd];2021-11-11T08:32:02.342Z
0.42398024;open;2021-11-11T08:28:00Z;343;466;0;809;809;24279[Konstabler];2021-11-11T08:32:02.342Z
0.6690141;open;2021-11-11T08:28:00Z;285;141;0;426;426;18497[Hauptwache];2021-11-11T08:32:02.342Z
0.72205883;open;2021-11-11T08:28:00Z;491;189;0;680;680;18495[Am Gericht];2021-11-11T08:32:02.342Z
0.20647322;open;2021-11-11T08:28:00Z;185;711;70;966;896;109240[MyZeil];2021-11-11T08:32:02.342Z
0.5362776;open;2021-11-11T08:28:00Z;340;294;0;634;634;18494[Konrad-Adenauer-Straße];2021-11-11T08:32:02.342Z
0.8933333;open;2021-11-11T08:49:00Z;134;16;200;350;150;24276[Turmcenter];2021-11-11T08:52:01.901Z
0.4078624;open;2021-11-11T08:49:00Z;166;241;0;407;407;18944[Alte Oper];2021-11-11T08:52:01.901Z
0.37637362;open;2021-11-11T08:49:00Z;137;227;0;364;364;24281[Hauptbahnhof Süd];2021-11-11T08:52:01.901Z
0.46353522;open;2021-11-11T08:49:00Z;375;434;0;809;809;24279[Konstabler];2021-11-11T08:52:01.901Z
0.7230047;open;2021-11-11T08:49:00Z;308;118;0;426;426;18497[Hauptwache];2021-11-11T08:52:01.901Z
0.7632353;open;2021-11-11T08:49:00Z;519;161;0;680;680;18495[Am Gericht];2021-11-11T08:52:01.901Z
0.22321428;open;2021-11-11T08:49:00Z;200;696;70;966;896;109240[MyZeil];2021-11-11T08:52:01.901Z
0.58832806;open;2021-11-11T08:49:00Z;373;261;0;634;634;18494[Konrad-Adenauer-Straße];2021-11-11T08:52:01.901Z
0.93333334;open;2021-11-11T08:59:00Z;140;10;200;350;150;24276[Turmcenter];2021-11-11T09:02:01.539Z
0.43980345;open;2021-11-11T08:59:00Z;179;228;0;407;407;18944[Alte Oper];2021-11-11T09:02:01.539Z
0.38186812;open;2021-11-11T08:59:00Z;139;225;0;364;364;24281[Hauptbahnhof Süd];2021-11-11T09:02:01.539Z
0.48331273;open;2021-11-11T08:59:00Z;391;418;0;809;809;24279[Konstabler];2021-11-11T09:02:01.539Z
0.7629108;open;2021-11-11T08:59:00Z;325;101;0;426;426;18497[Hauptwache];2021-11-11T09:02:01.539Z
0.77205884;open;2021-11-11T08:59:00Z;525;155;0;680;680;18495[Am Gericht];2021-11-11T09:02:01.539Z
0.22991072;open;2021-11-11T08:59:00Z;206;690;70;966;896;109240[MyZeil];2021-11-11T09:02:01.539Z
0.5977918;open;2021-11-11T08:59:00Z;379;255;0;634;634;18494[Konrad-Adenauer-Straße];2021-11-11T09:02:01.539Z
0.96;open;2021-11-11T09:24:00Z;144;6;200;350;150;24276[Turmcenter];2021-11-11T09:27:00.945Z
0.4987715;open;2021-11-11T09:24:00Z;203;204;0;407;407;18944[Alte Oper];2021-11-11T09:27:00.945Z
0.4065934;open;2021-11-11T09:24:00Z;148;216;0;364;364;24281[Hauptbahnhof Süd];2021-11-11T09:27:00.945Z
0.5512979;open;2021-11-11T09:24:00Z;446;363;0;809;809;24279[Konstabler];2021-11-11T09:27:00.945Z
0.84741783;open;2021-11-11T09:24:00Z;361;65;0;426;426;18497[Hauptwache];2021-11-11T09:27:00.945Z
0.79264706;open;2021-11-11T09:24:00Z;539;141;0;680;680;18495[Am Gericht];2021-11-11T09:27:00.945Z
0.25;open;2021-11-11T09:24:00Z;224;672;70;966;896;109240[MyZeil];2021-11-11T09:27:00.945Z
0.61671925;open;2021-11-11T09:24:00Z;391;243;0;634;634;18494[Konrad-Adenauer-Straße];2021-11-11T09:27:00.945Z
1;open;2021-11-11T09:34:00Z;150;0;200;350;150;24276[Turmcenter];2021-11-11T09:37:00.834Z
0.53808355;open;2021-11-11T09:34:00Z;219;188;0;407;407;18944[Alte Oper];2021-11-11T09:37:00.834Z
0.41483516;open;2021-11-11T09:34:00Z;151;213;0;364;364;24281[Hauptbahnhof Süd];2021-11-11T09:37:00.834Z
0.5686032;open;2021-11-11T09:34:00Z;460;349;0;809;809;24279[Konstabler];2021-11-11T09:37:00.834Z
0.87089205;open;2021-11-11T09:34:00Z;371;55;0;426;426;18497[Hauptwache];2021-11-11T09:37:00.834Z
0.81764704;open;2021-11-11T09:34:00Z;556;124;0;680;680;18495[Am Gericht];2021-11-11T09:37:00.834Z
0.25669643;open;2021-11-11T09:34:00Z;230;666;70;966;896;109240[MyZeil];2021-11-11T09:37:00.834Z
0.6324921;open;2021-11-11T09:34:00Z;401;233;0;634;634;18494[Konrad-Adenauer-Straße];2021-11-11T09:37:00.834Z
0.9866667;open;2021-11-11T09:44:00Z;148;2;200;350;150;24276[Turmcenter];2021-11-11T09:47:00.563Z
0.56265354;open;2021-11-11T09:44:00Z;229;178;0;407;407;18944[Alte Oper];2021-11-11T09:47:00.563Z
0.43406594;open;2021-11-11T09:44:00Z;158;206;0;364;364;24281[Hauptbahnhof Süd];2021-11-11T09:47:00.563Z
0.5933251;open;2021-11-11T09:44:00Z;480;329;0;809;809;24279[Konstabler];2021-11-11T09:47:00.563Z
0.899061;open;2021-11-11T09:44:00Z;383;43;0;426;426;18497[Hauptwache];2021-11-11T09:47:00.563Z
0.82058823;open;2021-11-11T09:44:00Z;558;122;0;680;680;18495[Am Gericht];2021-11-11T09:47:00.563Z
0.27120537;open;2021-11-11T09:44:00Z;243;653;70;966;896;109240[MyZeil];2021-11-11T09:47:00.563Z
0.6435331;open;2021-11-11T09:44:00Z;408;226;0;634;634;18494[Konrad-Adenauer-Straße];2021-11-11T09:47:00.563Z
1;open;2021-11-11T09:59:00Z;150;0;200;350;150;24276[Turmcenter];2021-11-11T10:02:02.604Z
0.58476657;open;2021-11-11T09:59:00Z;238;169;0;407;407;18944[Alte Oper];2021-11-11T10:02:02.604Z
0.44230768;open;2021-11-11T09:59:00Z;161;203;0;364;364;24281[Hauptbahnhof Süd];2021-11-11T10:02:02.604Z
0.6192831;open;2021-11-11T09:59:00Z;501;308;0;809;809;24279[Konstabler];2021-11-11T10:02:02.604Z
0.91549295;open;2021-11-11T09:59:00Z;390;36;0;426;426;18497[Hauptwache];2021-11-11T10:02:02.604Z
0.8397059;open;2021-11-11T09:59:00Z;571;109;0;680;680;18495[Am Gericht];2021-11-11T10:02:02.604Z
0.29575893;open;2021-11-11T09:59:00Z;265;631;70;966;896;109240[MyZeil];2021-11-11T10:02:02.604Z
0.6671924;open;2021-11-11T09:59:00Z;423;211;0;634;634;18494[Konrad-Adenauer-Straße];2021-11-11T10:02:02.604Z
0.9066667;open;2021-11-11T10:29:00Z;136;14;200;350;150;24276[Turmcenter];2021-11-11T10:32:00.647Z
0.63144964;open;2021-11-11T10:29:00Z;257;150;0;407;407;18944[Alte Oper];2021-11-11T10:32:00.647Z
0.4010989;open;2021-11-11T10:29:00Z;146;218;0;364;364;24281[Hauptbahnhof Süd];2021-11-11T10:32:00.647Z
0.67861557;open;2021-11-11T10:29:00Z;549;260;0;809;809;24279[Konstabler];2021-11-11T10:32:00.647Z
0.96713614;open;2021-11-11T10:29:00Z;412;14;0;426;426;18497[Hauptwache];2021-11-11T10:32:00.647Z
0.8338235;open;2021-11-11T10:29:00Z;567;113;0;680;680;18495[Am Gericht];2021-11-11T10:32:00.647Z
0.31361607;open;2021-11-11T10:29:00Z;281;615;70;966;896;109240[MyZeil];2021-11-11T10:32:00.647Z
0.68611985;open;2021-11-11T10:29:00Z;435;199;0;634;634;18494[Konrad-Adenauer-Straße];2021-11-11T10:32:00.647Z
0.85333335;open;2021-11-11T10:39:00Z;128;22;200;350;150;24276[Turmcenter];2021-11-11T10:42:00.026Z
0.6486486;open;2021-11-11T10:39:00Z;264;143;0;407;407;18944[Alte Oper];2021-11-11T10:42:00.026Z
0.3901099;open;2021-11-11T10:39:00Z;142;222;0;364;364;24281[Hauptbahnhof Süd];2021-11-11T10:42:00.026Z
0.6860321;open;2021-11-11T10:39:00Z;555;254;0;809;809;24279[Konstabler];2021-11-11T10:42:00.026Z
0.9600939;open;2021-11-11T10:39:00Z;409;17;0;426;426;18497[Hauptwache];2021-11-11T10:42:00.026Z
0.82941175;open;2021-11-11T10:39:00Z;564;116;0;680;680;18495[Am Gericht];2021-11-11T10:42:00.026Z
0.3247768;open;2021-11-11T10:39:00Z;291;605;70;966;896;109240[MyZeil];2021-11-11T10:42:00.026Z
0.6876972;open;2021-11-11T10:39:00Z;436;198;0;634;634;18494[Konrad-Adenauer-Straße];2021-11-11T10:42:00.026Z
0.84;open;2021-11-11T10:59:00Z;126;24;200;350;150;24276[Turmcenter];2021-11-11T11:02:01.217Z
0.67076164;open;2021-11-11T10:59:00Z;273;134;0;407;407;18944[Alte Oper];2021-11-11T11:02:01.217Z
0.4065934;open;2021-11-11T10:59:00Z;148;216;0;364;364;24281[Hauptbahnhof Süd];2021-11-11T11:02:01.217Z
0.70704573;open;2021-11-11T10:59:00Z;572;237;0;809;809;24279[Konstabler];2021-11-11T11:02:01.217Z
0.9859155;open;2021-11-11T10:59:00Z;420;6;0;426;426;18497[Hauptwache];2021-11-11T11:02:01.217Z
0.825;open;2021-11-11T10:59:00Z;561;119;0;680;680;18495[Am Gericht];2021-11-11T11:02:01.217Z
0.33705357;open;2021-11-11T10:59:00Z;302;594;70;966;896;109240[MyZeil];2021-11-11T11:02:01.217Z
0.6940063;open;2021-11-11T10:59:00Z;440;194;0;634;634;18494[Konrad-Adenauer-Straße];2021-11-11T11:02:01.217Z
0.8466667;open;2021-11-11T11:14:00Z;127;23;200;350;150;24276[Turmcenter];2021-11-11T11:17:01.259Z
0.6805897;open;2021-11-11T11:14:00Z;277;130;0;407;407;18944[Alte Oper];2021-11-11T11:17:01.259Z
0.42307693;open;2021-11-11T11:14:00Z;154;210;0;364;364;24281[Hauptbahnhof Süd];2021-11-11T11:17:01.259Z
0.7119901;open;2021-11-11T11:14:00Z;576;233;0;809;809;24279[Konstabler];2021-11-11T11:17:01.259Z
0.9929578;open;2021-11-11T11:14:00Z;423;3;0;426;426;18497[Hauptwache];2021-11-11T11:17:01.259Z
0.8029412;open;2021-11-11T11:14:00Z;546;134;0;680;680;18495[Am Gericht];2021-11-11T11:17:01.259Z
0.3404018;open;2021-11-11T11:14:00Z;305;591;70;966;896;109240[MyZeil];2021-11-11T11:17:01.259Z
0.69873816;open;2021-11-11T11:14:00Z;443;191;0;634;634;18494[Konrad-Adenauer-Straße];2021-11-11T11:17:01.259Z
0.8466667;open;2021-11-11T11:30:00Z;127;23;200;350;150;24276[Turmcenter];2021-11-11T11:32:00.413Z
0.7051597;open;2021-11-11T11:30:00Z;287;120;0;407;407;18944[Alte Oper];2021-11-11T11:32:00.413Z
0.42032966;open;2021-11-11T11:30:00Z;153;211;0;364;364;24281[Hauptbahnhof Süd];2021-11-11T11:32:00.413Z
0.7181706;open;2021-11-11T11:30:00Z;581;228;0;809;809;24279[Konstabler];2021-11-11T11:32:00.413Z
0.9953052;open;2021-11-11T11:30:00Z;424;2;0;426;426;18497[Hauptwache];2021-11-11T11:32:00.413Z
0.7867647;open;2021-11-11T11:30:00Z;535;145;0;680;680;18495[Am Gericht];2021-11-11T11:32:00.413Z
0.3392857;open;2021-11-11T11:30:00Z;304;592;70;966;896;109240[MyZeil];2021-11-11T11:32:00.413Z
0.7050473;open;2021-11-11T11:30:00Z;447;187;0;634;634;18494[Konrad-Adenauer-Straße];2021-11-11T11:32:00.413Z
0.79333335;open;2021-11-11T11:45:00Z;119;31;200;350;150;24276[Turmcenter];2021-11-11T11:47:02.988Z
0.7297297;open;2021-11-11T11:45:00Z;297;110;0;407;407;18944[Alte Oper];2021-11-11T11:47:02.988Z
0.41758242;open;2021-11-11T11:45:00Z;152;212;0;364;364;24281[Hauptbahnhof Süd];2021-11-11T11:47:02.988Z
0.7144623;open;2021-11-11T11:45:00Z;578;231;0;809;809;24279[Konstabler];2021-11-11T11:47:02.988Z
1;open;2021-11-11T11:45:00Z;426;0;0;426;426;18497[Hauptwache];2021-11-11T11:47:02.988Z
0.7735294;open;2021-11-11T11:45:00Z;526;154;0;680;680;18495[Am Gericht];2021-11-11T11:47:02.988Z
0.33370537;open;2021-11-11T11:45:00Z;299;597;70;966;896;109240[MyZeil];2021-11-11T11:47:02.988Z
0.71451104;open;2021-11-11T11:45:00Z;453;181;0;634;634;18494[Konrad-Adenauer-Straße];2021-11-11T11:47:02.988Z
0.7866667;open;2021-11-11T11:50:00Z;118;32;200;350;150;24276[Turmcenter];2021-11-11T11:52:00.065Z
0.7248157;open;2021-11-11T11:50:00Z;295;112;0;407;407;18944[Alte Oper];2021-11-11T11:52:00.065Z
0.4010989;open;2021-11-11T11:50:00Z;146;218;0;364;364;24281[Hauptbahnhof Süd];2021-11-11T11:52:00.065Z
0.7132262;open;2021-11-11T11:50:00Z;577;232;0;809;809;24279[Konstabler];2021-11-11T11:52:00.065Z
1;open;2021-11-11T11:50:00Z;426;0;0;426;426;18497[Hauptwache];2021-11-11T11:52:00.065Z
0.76911765;open;2021-11-11T11:50:00Z;523;157;0;680;680;18495[Am Gericht];2021-11-11T11:52:00.065Z
0.3325893;open;2021-11-11T11:50:00Z;298;598;70;966;896;109240[MyZeil];2021-11-11T11:52:00.065Z
0.71924293;open;2021-11-11T11:50:00Z;456;178;0;634;634;18494[Konrad-Adenauer-Straße];2021-11-11T11:52:00.065Z
0.8666667;open;2021-11-11T12:30:00Z;130;20;200;350;150;24276[Turmcenter];2021-11-11T12:32:00.975Z
0.7493858;open;2021-11-11T12:30:00Z;305;102;0;407;407;18944[Alte Oper];2021-11-11T12:32:00.975Z
0.37637362;open;2021-11-11T12:30:00Z;137;227;0;364;364;24281[Hauptbahnhof Süd];2021-11-11T12:32:00.975Z
0.7169345;open;2021-11-11T12:30:00Z;580;229;0;809;809;24279[Konstabler];2021-11-11T12:32:00.975Z
1;open;2021-11-11T12:30:00Z;426;0;0;426;426;18497[Hauptwache];2021-11-11T12:32:00.975Z
0.7705882;open;2021-11-11T12:30:00Z;524;156;0;680;680;18495[Am Gericht];2021-11-11T12:32:00.975Z
0.3359375;open;2021-11-11T12:30:00Z;301;595;70;966;896;109240[MyZeil];2021-11-11T12:32:00.975Z
0.72397476;open;2021-11-11T12:30:00Z;459;175;0;634;634;18494[Konrad-Adenauer-Straße];2021-11-11T12:32:00.975Z
0.87333333;open;2021-11-11T13:00:00Z;131;19;200;350;150;24276[Turmcenter];2021-11-11T13:02:00.774Z
0.74201477;open;2021-11-11T13:00:00Z;302;105;0;407;407;18944[Alte Oper];2021-11-11T13:02:00.774Z
0.30769232;open;2021-11-11T13:00:00Z;112;252;0;364;364;24281[Hauptbahnhof Süd];2021-11-11T13:02:00.774Z
0.736712;open;2021-11-11T13:00:00Z;596;213;0;809;809;24279[Konstabler];2021-11-11T13:02:00.774Z
1;open;2021-11-11T13:00:00Z;426;0;0;426;426;18497[Hauptwache];2021-11-11T13:02:00.774Z
0.7705882;open;2021-11-11T13:00:00Z;524;156;0;680;680;18495[Am Gericht];2021-11-11T13:02:00.774Z
0.32589287;open;2021-11-11T13:00:00Z;292;604;70;966;896;109240[MyZeil];2021-11-11T13:02:00.774Z
0.73974764;open;2021-11-11T13:00:00Z;469;165;0;634;634;18494[Konrad-Adenauer-Straße];2021-11-11T13:02:00.774Z
0.81333333;open;2021-11-11T13:31:00Z;122;28;200;350;150;24276[Turmcenter];2021-11-11T13:32:00.346Z
0.6977887;open;2021-11-11T13:31:00Z;284;123;0;407;407;18944[Alte Oper];2021-11-11T13:32:00.346Z
0.2747253;open;2021-11-11T13:31:00Z;100;264;0;364;364;24281[Hauptbahnhof Süd];2021-11-11T13:32:00.346Z
0.72064275;open;2021-11-11T13:31:00Z;583;226;0;809;809;24279[Konstabler];2021-11-11T13:32:00.346Z
1;open;2021-11-11T13:31:00Z;426;0;0;426;426;18497[Hauptwache];2021-11-11T13:32:00.346Z
0.75441176;open;2021-11-11T13:31:00Z;513;167;0;680;680;18495[Am Gericht];2021-11-11T13:32:00.346Z
0.31473213;open;2021-11-11T13:31:00Z;282;614;70;966;896;109240[MyZeil];2021-11-11T13:32:00.346Z
0.7444795;open;2021-11-11T13:31:00Z;472;162;0;634;634;18494[Konrad-Adenauer-Straße];2021-11-11T13:32:00.346Z
0.78;open;2021-11-11T13:41:00Z;117;33;200;350;150;24276[Turmcenter];2021-11-11T13:42:00.174Z
0.6756757;open;2021-11-11T13:41:00Z;275;132;0;407;407;18944[Alte Oper];2021-11-11T13:42:00.174Z
0.25824177;open;2021-11-11T13:41:00Z;94;270;0;364;364;24281[Hauptbahnhof Süd];2021-11-11T13:42:00.174Z
0.7045736;open;2021-11-11T13:41:00Z;570;239;0;809;809;24279[Konstabler];2021-11-11T13:42:00.174Z
0.9835681;open;2021-11-11T13:41:00Z;419;7;0;426;426;18497[Hauptwache];2021-11-11T13:42:00.174Z
0.7529412;open;2021-11-11T13:41:00Z;512;168;0;680;680;18495[Am Gericht];2021-11-11T13:42:00.174Z
0.31026787;open;2021-11-11T13:41:00Z;278;618;70;966;896;109240[MyZeil];2021-11-11T13:42:00.174Z
0.74763405;open;2021-11-11T13:41:00Z;474;160;0;634;634;18494[Konrad-Adenauer-Straße];2021-11-11T13:42:00.174Z
0.76;open;2021-11-11T13:51:00Z;114;36;200;350;150;24276[Turmcenter];2021-11-11T13:52:02.400Z
0.6805897;open;2021-11-11T13:51:00Z;277;130;0;407;407;18944[Alte Oper];2021-11-11T13:52:02.400Z
0.25274727;open;2021-11-11T13:51:00Z;92;272;0;364;364;24281[Hauptbahnhof Süd];2021-11-11T13:52:02.400Z
0.70210135;open;2021-11-11T13:51:00Z;568;241;0;809;809;24279[Konstabler];2021-11-11T13:52:02.400Z
0.98122066;open;2021-11-11T13:51:00Z;418;8;0;426;426;18497[Hauptwache];2021-11-11T13:52:02.400Z
0.75;open;2021-11-11T13:51:00Z;510;170;0;680;680;18495[Am Gericht];2021-11-11T13:52:02.400Z
0.3002232;open;2021-11-11T13:51:00Z;269;627;70;966;896;109240[MyZeil];2021-11-11T13:52:02.400Z
0.7429022;open;2021-11-11T13:51:00Z;471;163;0;634;634;18494[Konrad-Adenauer-Straße];2021-11-11T13:52:02.400Z
0.74;open;2021-11-11T14:16:00Z;111;39;200;350;150;24276[Turmcenter];2021-11-11T14:17:00.258Z
0.66584766;open;2021-11-11T14:16:00Z;271;136;0;407;407;18944[Alte Oper];2021-11-11T14:17:00.258Z
0.23901099;open;2021-11-11T14:16:00Z;87;277;0;364;364;24281[Hauptbahnhof Süd];2021-11-11T14:17:00.258Z
0.71940666;open;2021-11-11T14:16:00Z;582;227;0;809;809;24279[Konstabler];2021-11-11T14:17:00.258Z
0.9835681;open;2021-11-11T14:16:00Z;419;7;0;426;426;18497[Hauptwache];2021-11-11T14:17:00.258Z
0.6985294;open;2021-11-11T14:16:00Z;475;205;0;680;680;18495[Am Gericht];2021-11-11T14:17:00.258Z
0.2779018;open;2021-11-11T14:16:00Z;249;647;70;966;896;109240[MyZeil];2021-11-11T14:17:00.258Z
0.7302839;open;2021-11-11T14:16:00Z;463;171;0;634;634;18494[Konrad-Adenauer-Straße];2021-11-11T14:17:00.258Z
0.7266667;open;2021-11-11T14:36:00Z;109;41;200;350;150;24276[Turmcenter];2021-11-11T14:37:01.267Z
0.65847665;open;2021-11-11T14:36:00Z;268;139;0;407;407;18944[Alte Oper];2021-11-11T14:37:01.267Z
0.1978022;open;2021-11-11T14:36:00Z;72;292;0;364;364;24281[Hauptbahnhof Süd];2021-11-11T14:37:01.267Z
0.7144623;open;2021-11-11T14:36:00Z;578;231;0;809;809;24279[Konstabler];2021-11-11T14:37:01.267Z
0.9600939;open;2021-11-11T14:36:00Z;409;17;0;426;426;18497[Hauptwache];2021-11-11T14:37:01.267Z
0.6602941;open;2021-11-11T14:36:00Z;449;231;0;680;680;18495[Am Gericht];2021-11-11T14:37:01.267Z
0.26004463;open;2021-11-11T14:36:00Z;233;663;70;966;896;109240[MyZeil];2021-11-11T14:37:01.267Z
0.7082019;open;2021-11-11T14:36:00Z;449;185;0;634;634;18494[Konrad-Adenauer-Straße];2021-11-11T14:37:01.267Z
0.7133333;open;2021-11-11T14:46:00Z;107;43;200;350;150;24276[Turmcenter];2021-11-11T14:47:01.627Z
0.65356266;open;2021-11-11T14:46:00Z;266;141;0;407;407;18944[Alte Oper];2021-11-11T14:47:01.627Z
0.18681319;open;2021-11-11T14:46:00Z;68;296;0;364;364;24281[Hauptbahnhof Süd];2021-11-11T14:47:01.627Z
0.71075404;open;2021-11-11T14:46:00Z;575;234;0;809;809;24279[Konstabler];2021-11-11T14:47:01.627Z
0.98122066;open;2021-11-11T14:46:00Z;418;8;0;426;426;18497[Hauptwache];2021-11-11T14:47:01.627Z
0.6485294;open;2021-11-11T14:46:00Z;441;239;0;680;680;18495[Am Gericht];2021-11-11T14:47:01.627Z
0.25223213;open;2021-11-11T14:46:00Z;226;670;70;966;896;109240[MyZeil];2021-11-11T14:47:01.627Z
0.68927443;open;2021-11-11T14:46:00Z;437;197;0;634;634;18494[Konrad-Adenauer-Straße];2021-11-11T14:47:01.627Z
0.7133333;open;2021-11-11T14:57:00Z;107;43;200;350;150;24276[Turmcenter];2021-11-11T15:02:00.973Z
0.6683047;open;2021-11-11T14:57:00Z;272;135;0;407;407;18944[Alte Oper];2021-11-11T15:02:00.973Z
0.16483517;open;2021-11-11T14:57:00Z;60;304;0;364;364;24281[Hauptbahnhof Süd];2021-11-11T15:02:00.973Z
0.70580965;open;2021-11-11T14:57:00Z;571;238;0;809;809;24279[Konstabler];2021-11-11T15:02:00.973Z
0.97417843;open;2021-11-11T14:57:00Z;415;11;0;426;426;18497[Hauptwache];2021-11-11T15:02:00.973Z
0.65588236;open;2021-11-11T14:57:00Z;446;234;0;680;680;18495[Am Gericht];2021-11-11T15:02:00.973Z
0.25223213;open;2021-11-11T14:57:00Z;226;670;70;966;896;109240[MyZeil];2021-11-11T15:02:00.973Z
0.67350155;open;2021-11-11T14:57:00Z;427;207;0;634;634;18494[Konrad-Adenauer-Straße];2021-11-11T15:02:00.973Z
0.6666667;open;2021-11-11T15:22:00Z;100;50;200;350;150;24276[Turmcenter];2021-11-11T15:27:01.869Z
0.6289926;open;2021-11-11T15:22:00Z;256;151;0;407;407;18944[Alte Oper];2021-11-11T15:27:01.869Z
0.12637363;open;2021-11-11T15:22:00Z;46;318;0;364;364;24281[Hauptbahnhof Süd];2021-11-11T15:27:01.869Z
0.7119901;open;2021-11-11T15:22:00Z;576;233;0;809;809;24279[Konstabler];2021-11-11T15:27:01.869Z
0.9906103;open;2021-11-11T15:22:00Z;422;4;0;426;426;18497[Hauptwache];2021-11-11T15:27:01.869Z
0.61764705;open;2021-11-11T15:22:00Z;420;260;0;680;680;18495[Am Gericht];2021-11-11T15:27:01.869Z
0.2700893;open;2021-11-11T15:22:00Z;242;654;70;966;896;109240[MyZeil];2021-11-11T15:27:01.869Z
0.65457416;open;2021-11-11T15:22:00Z;415;219;0;634;634;18494[Konrad-Adenauer-Straße];2021-11-11T15:27:01.869Z
0.58;open;2021-11-11T15:42:00Z;87;63;200;350;150;24276[Turmcenter];2021-11-11T15:47:00.806Z
0.6142506;open;2021-11-11T15:42:00Z;250;157;0;407;407;18944[Alte Oper];2021-11-11T15:47:00.806Z
0.10714286;open;2021-11-11T15:42:00Z;39;325;0;364;364;24281[Hauptbahnhof Süd];2021-11-11T15:47:00.806Z
0.69715697;open;2021-11-11T15:42:00Z;564;245;0;809;809;24279[Konstabler];2021-11-11T15:47:00.806Z
0.96948355;open;2021-11-11T15:42:00Z;413;13;0;426;426;18497[Hauptwache];2021-11-11T15:47:00.806Z
0.61470586;open;2021-11-11T15:42:00Z;418;262;0;680;680;18495[Am Gericht];2021-11-11T15:47:00.806Z
0.26004463;open;2021-11-11T15:42:00Z;233;663;70;966;896;109240[MyZeil];2021-11-11T15:47:00.806Z
0.6388013;open;2021-11-11T15:42:00Z;405;229;0;634;634;18494[Konrad-Adenauer-Straße];2021-11-11T15:47:00.806Z
0.56;open;2021-11-11T15:57:00Z;84;66;200;350;150;24276[Turmcenter];2021-11-11T16:02:00.879Z
0.5945946;open;2021-11-11T15:57:00Z;242;165;0;407;407;18944[Alte Oper];2021-11-11T16:02:00.879Z
0.09615385;open;2021-11-11T15:57:00Z;35;329;0;364;364;24281[Hauptbahnhof Süd];2021-11-11T16:02:00.879Z
0.67985165;open;2021-11-11T15:57:00Z;550;259;0;809;809;24279[Konstabler];2021-11-11T16:02:00.879Z
0.9577465;open;2021-11-11T15:57:00Z;408;18;0;426;426;18497[Hauptwache];2021-11-11T16:02:00.879Z
0.625;open;2021-11-11T15:57:00Z;425;255;0;680;680;18495[Am Gericht];2021-11-11T16:02:00.879Z
0.25669643;open;2021-11-11T15:57:00Z;230;666;70;966;896;109240[MyZeil];2021-11-11T16:02:00.879Z
0.6466877;open;2021-11-11T15:57:00Z;410;224;0;634;634;18494[Konrad-Adenauer-Straße];2021-11-11T16:02:00.879Z
0.35333332;open;2021-11-11T16:28:00Z;53;97;200;350;150;24276[Turmcenter];2021-11-11T16:32:00.120Z
0.57002455;open;2021-11-11T16:28:00Z;232;175;0;407;407;18944[Alte Oper];2021-11-11T16:32:00.120Z
0.06318682;open;2021-11-11T16:28:00Z;23;341;0;364;364;24281[Hauptbahnhof Süd];2021-11-11T16:32:00.120Z
0.6378245;open;2021-11-11T16:28:00Z;516;293;0;809;809;24279[Konstabler];2021-11-11T16:32:00.120Z
0.9389671;open;2021-11-11T16:28:00Z;400;26;0;426;426;18497[Hauptwache];2021-11-11T16:32:00.120Z
0.6132353;open;2021-11-11T16:28:00Z;417;263;0;680;680;18495[Am Gericht];2021-11-11T16:32:00.120Z
0.25558037;open;2021-11-11T16:28:00Z;229;667;70;966;896;109240[MyZeil];2021-11-11T16:32:00.120Z
0.6435331;open;2021-11-11T16:28:00Z;408;226;0;634;634;18494[Konrad-Adenauer-Straße];2021-11-11T16:32:00.120Z
0.20666666;open;2021-11-11T17:03:00Z;31;119;200;350;150;24276[Turmcenter];2021-11-11T17:07:02.411Z
0.5479115;open;2021-11-11T17:03:00Z;223;184;0;407;407;18944[Alte Oper];2021-11-11T17:07:02.411Z
0.043956045;open;2021-11-11T17:03:00Z;16;348;0;364;364;24281[Hauptbahnhof Süd];2021-11-11T17:07:02.411Z
0.6415328;open;2021-11-11T17:03:00Z;519;290;0;809;809;24279[Konstabler];2021-11-11T17:07:02.411Z
0.8849765;open;2021-11-11T17:03:00Z;377;49;0;426;426;18497[Hauptwache];2021-11-11T17:07:02.411Z
0.5808824;open;2021-11-11T17:03:00Z;395;285;0;680;680;18495[Am Gericht];2021-11-11T17:07:02.411Z
0.25669643;open;2021-11-11T17:03:00Z;230;666;70;966;896;109240[MyZeil];2021-11-11T17:07:02.411Z
0.61671925;open;2021-11-11T17:03:00Z;391;243;0;634;634;18494[Konrad-Adenauer-Straße];2021-11-11T17:07:02.411Z
0.03;open;2021-11-11T17:34:00Z;6;194;150;350;200;24276[Turmcenter];2021-11-11T17:37:01.245Z
0.5405405;open;2021-11-11T17:34:00Z;220;187;0;407;407;18944[Alte Oper];2021-11-11T17:37:01.245Z
0;open;2021-11-11T17:34:00Z;0;364;0;364;364;24281[Hauptbahnhof Süd];2021-11-11T17:37:01.245Z
0.63906056;open;2021-11-11T17:34:00Z;517;292;0;809;809;24279[Konstabler];2021-11-11T17:37:01.245Z
0.86150235;open;2021-11-11T17:34:00Z;367;59;0;426;426;18497[Hauptwache];2021-11-11T17:37:01.245Z
0.56764704;open;2021-11-11T17:34:00Z;386;294;0;680;680;18495[Am Gericht];2021-11-11T17:37:01.245Z
0.24888393;open;2021-11-11T17:34:00Z;223;673;70;966;896;109240[MyZeil];2021-11-11T17:37:01.245Z
0.5899054;open;2021-11-11T17:34:00Z;374;260;0;634;634;18494[Konrad-Adenauer-Straße];2021-11-11T17:37:01.245Z
0.02;open;2021-11-11T17:49:00Z;4;196;150;350;200;24276[Turmcenter];2021-11-11T17:52:01.592Z
0.55528253;open;2021-11-11T17:49:00Z;226;181;0;407;407;18944[Alte Oper];2021-11-11T17:52:01.592Z
0.0054945056;open;2021-11-11T17:49:00Z;2;362;0;364;364;24281[Hauptbahnhof Süd];2021-11-11T17:52:01.592Z
0.6514215;open;2021-11-11T17:49:00Z;527;282;0;809;809;24279[Konstabler];2021-11-11T17:52:01.592Z
0.8544601;open;2021-11-11T17:49:00Z;364;62;0;426;426;18497[Hauptwache];2021-11-11T17:52:01.592Z
0.55588233;open;2021-11-11T17:49:00Z;378;302;0;680;680;18495[Am Gericht];2021-11-11T17:52:01.592Z
0.23772322;open;2021-11-11T17:49:00Z;213;683;70;966;896;109240[MyZeil];2021-11-11T17:52:01.592Z
0.59621453;open;2021-11-11T17:49:00Z;378;256;0;634;634;18494[Konrad-Adenauer-Straße];2021-11-11T17:52:01.592Z
0.02;open;2021-11-11T17:59:00Z;4;196;150;350;200;24276[Turmcenter];2021-11-11T18:02:02.483Z
0.5724816;open;2021-11-11T17:59:00Z;233;174;0;407;407;18944[Alte Oper];2021-11-11T18:02:02.483Z
0;open;2021-11-11T17:59:00Z;0;364;0;364;364;24281[Hauptbahnhof Süd];2021-11-11T18:02:02.483Z
0.64029664;open;2021-11-11T17:59:00Z;518;291;0;809;809;24279[Konstabler];2021-11-11T18:02:02.483Z
0.8920188;open;2021-11-11T17:59:00Z;380;46;0;426;426;18497[Hauptwache];2021-11-11T18:02:02.483Z
0.55;open;2021-11-11T17:59:00Z;374;306;0;680;680;18495[Am Gericht];2021-11-11T18:02:02.483Z
0.23772322;open;2021-11-11T17:59:00Z;213;683;70;966;896;109240[MyZeil];2021-11-11T18:02:02.483Z
0.5977918;open;2021-11-11T17:59:00Z;379;255;0;634;634;18494[Konrad-Adenauer-Straße];2021-11-11T18:02:02.483Z
0.005;open;2021-11-11T18:30:00Z;1;199;150;350;200;24276[Turmcenter];2021-11-11T18:32:02.007Z
0.65847665;open;2021-11-11T18:30:00Z;268;139;0;407;407;18944[Alte Oper];2021-11-11T18:32:02.007Z
0.0027472528;open;2021-11-11T18:30:00Z;1;363;0;364;364;24281[Hauptbahnhof Süd];2021-11-11T18:32:02.007Z
0.60692215;open;2021-11-11T18:30:00Z;491;318;0;809;809;24279[Konstabler];2021-11-11T18:32:02.007Z
0.86384976;open;2021-11-11T18:30:00Z;368;58;0;426;426;18497[Hauptwache];2021-11-11T18:32:02.007Z
0.55735296;open;2021-11-11T18:30:00Z;379;301;0;680;680;18495[Am Gericht];2021-11-11T18:32:02.007Z
0.21986607;open;2021-11-11T18:30:00Z;197;699;70;966;896;109240[MyZeil];2021-11-11T18:32:02.007Z
0.59148264;open;2021-11-11T18:30:00Z;375;259;0;634;634;18494[Konrad-Adenauer-Straße];2021-11-11T18:32:02.007Z
0.06;open;2021-11-11T18:50:00Z;12;188;150;350;200;24276[Turmcenter];2021-11-11T18:52:02.120Z
0.7567568;open;2021-11-11T18:50:00Z;308;99;0;407;407;18944[Alte Oper];2021-11-11T18:52:02.120Z
0.0027472528;open;2021-11-11T18:50:00Z;1;363;0;364;364;24281[Hauptbahnhof Süd];2021-11-11T18:52:02.120Z
0.59950554;open;2021-11-11T18:50:00Z;485;324;0;809;809;24279[Konstabler];2021-11-11T18:52:02.120Z
0.8450704;open;2021-11-11T18:50:00Z;360;66;0;426;426;18497[Hauptwache];2021-11-11T18:52:02.120Z
0.55441177;open;2021-11-11T18:50:00Z;377;303;0;680;680;18495[Am Gericht];2021-11-11T18:52:02.120Z
0.21540178;open;2021-11-11T18:50:00Z;193;703;70;966;896;109240[MyZeil];2021-11-11T18:52:02.120Z
0.5725552;open;2021-11-11T18:50:00Z;363;271;0;634;634;18494[Konrad-Adenauer-Straße];2021-11-11T18:52:02.120Z
0.045;open;2021-11-11T19:00:00Z;9;191;150;350;200;24276[Turmcenter];2021-11-11T19:02:03.002Z
0.75921375;open;2021-11-11T19:00:00Z;309;98;0;407;407;18944[Alte Oper];2021-11-11T19:02:03.002Z
0;open;2021-11-11T19:00:00Z;0;364;0;364;364;24281[Hauptbahnhof Süd];2021-11-11T19:02:03.002Z
0.57972807;open;2021-11-11T19:00:00Z;469;340;0;809;809;24279[Konstabler];2021-11-11T19:02:03.002Z
0.82159626;open;2021-11-11T19:00:00Z;350;76;0;426;426;18497[Hauptwache];2021-11-11T19:02:03.002Z
0.55441177;open;2021-11-11T19:00:00Z;377;303;0;680;680;18495[Am Gericht];2021-11-11T19:02:03.002Z
0.21540178;open;2021-11-11T19:00:00Z;193;703;70;966;896;109240[MyZeil];2021-11-11T19:02:03.002Z
0.56624603;open;2021-11-11T19:00:00Z;359;275;0;634;634;18494[Konrad-Adenauer-Straße];2021-11-11T19:02:03.002Z
0.07;open;2021-11-11T19:20:00Z;14;186;150;350;200;24276[Turmcenter];2021-11-11T19:22:01.631Z
0.73218673;open;2021-11-11T19:20:00Z;298;109;0;407;407;18944[Alte Oper];2021-11-11T19:22:01.631Z
0.0027472528;open;2021-11-11T19:20:00Z;1;363;0;364;364;24281[Hauptbahnhof Süd];2021-11-11T19:22:01.631Z
0.5488257;open;2021-11-11T19:20:00Z;444;365;0;809;809;24279[Konstabler];2021-11-11T19:22:01.631Z
0.78403753;open;2021-11-11T19:20:00Z;334;92;0;426;426;18497[Hauptwache];2021-11-11T19:22:01.631Z
0.5397059;open;2021-11-11T19:20:00Z;367;313;0;680;680;18495[Am Gericht];2021-11-11T19:22:01.631Z
0.20200893;open;2021-11-11T19:20:00Z;181;715;70;966;896;109240[MyZeil];2021-11-11T19:22:01.631Z
0.5410095;open;2021-11-11T19:20:00Z;343;291;0;634;634;18494[Konrad-Adenauer-Straße];2021-11-11T19:22:01.631Z
0.075;open;2021-11-11T19:36:00Z;15;185;150;350;200;24276[Turmcenter];2021-11-11T19:37:01.182Z
0.71253073;open;2021-11-11T19:36:00Z;290;117;0;407;407;18944[Alte Oper];2021-11-11T19:37:01.182Z
0;open;2021-11-11T19:36:00Z;0;364;0;364;364;24281[Hauptbahnhof Süd];2021-11-11T19:37:01.182Z
0.5339926;open;2021-11-11T19:36:00Z;432;377;0;809;809;24279[Konstabler];2021-11-11T19:37:01.182Z
0.7629108;open;2021-11-11T19:36:00Z;325;101;0;426;426;18497[Hauptwache];2021-11-11T19:37:01.182Z
0.53382355;open;2021-11-11T19:36:00Z;363;317;0;680;680;18495[Am Gericht];2021-11-11T19:37:01.182Z
0.19196428;open;2021-11-11T19:36:00Z;172;724;70;966;896;109240[MyZeil];2021-11-11T19:37:01.182Z
0.52996844;open;2021-11-11T19:36:00Z;336;298;0;634;634;18494[Konrad-Adenauer-Straße];2021-11-11T19:37:01.182Z
0.06;open;2021-11-11T19:41:00Z;12;188;150;350;200;24276[Turmcenter];2021-11-11T19:42:00.917Z
0.7174447;open;2021-11-11T19:41:00Z;292;115;0;407;407;18944[Alte Oper];2021-11-11T19:42:00.917Z
0.0054945056;open;2021-11-11T19:41:00Z;2;362;0;364;364;24281[Hauptbahnhof Süd];2021-11-11T19:42:00.917Z
0.52657604;open;2021-11-11T19:41:00Z;426;383;0;809;809;24279[Konstabler];2021-11-11T19:42:00.917Z
0.7629108;open;2021-11-11T19:41:00Z;325;101;0;426;426;18497[Hauptwache];2021-11-11T19:42:00.917Z
0.5323529;open;2021-11-11T19:41:00Z;362;318;0;680;680;18495[Am Gericht];2021-11-11T19:42:00.917Z
0.1875;open;2021-11-11T19:41:00Z;168;728;70;966;896;109240[MyZeil];2021-11-11T19:42:00.917Z
0.53154576;open;2021-11-11T19:41:00Z;337;297;0;634;634;18494[Konrad-Adenauer-Straße];2021-11-11T19:42:00.917Z
0.065;open;2021-11-11T19:56:00Z;13;187;150;350;200;24276[Turmcenter];2021-11-11T19:57:00.555Z
0.7076167;open;2021-11-11T19:56:00Z;288;119;0;407;407;18944[Alte Oper];2021-11-11T19:57:00.555Z
0.0054945056;open;2021-11-11T19:56:00Z;2;362;0;364;364;24281[Hauptbahnhof Süd];2021-11-11T19:57:00.555Z
0.5092707;open;2021-11-11T19:56:00Z;412;397;0;809;809;24279[Konstabler];2021-11-11T19:57:00.555Z
0.75821596;open;2021-11-11T19:56:00Z;323;103;0;426;426;18497[Hauptwache];2021-11-11T19:57:00.555Z
0.52205884;open;2021-11-11T19:56:00Z;355;325;0;680;680;18495[Am Gericht];2021-11-11T19:57:00.555Z
0.18526785;open;2021-11-11T19:56:00Z;166;730;70;966;896;109240[MyZeil];2021-11-11T19:57:00.555Z
0.5157729;open;2021-11-11T19:56:00Z;327;307;0;634;634;18494[Konrad-Adenauer-Straße];2021-11-11T19:57:00.555Z
0.005;open;2021-11-11T20:21:00Z;1;199;150;350;200;24276[Turmcenter];2021-11-11T20:22:01.327Z
0.6879607;open;2021-11-11T20:21:00Z;280;127;0;407;407;18944[Alte Oper];2021-11-11T20:22:01.327Z
0;open;2021-11-11T20:21:00Z;0;364;0;364;364;24281[Hauptbahnhof Süd];2021-11-11T20:22:01.327Z
0.48084053;open;2021-11-11T20:21:00Z;389;420;0;809;809;24279[Konstabler];2021-11-11T20:22:01.327Z
0.71596247;open;2021-11-11T20:21:00Z;305;121;0;426;426;18497[Hauptwache];2021-11-11T20:22:01.327Z
0.4852941;open;2021-11-11T20:21:00Z;330;350;0;680;680;18495[Am Gericht];2021-11-11T20:22:01.327Z
0.17745535;open;2021-11-11T20:21:00Z;159;737;70;966;896;109240[MyZeil];2021-11-11T20:22:01.327Z
0.5;open;2021-11-11T20:21:00Z;317;317;0;634;634;18494[Konrad-Adenauer-Straße];2021-11-11T20:22:01.327Z
0.01;open;2021-11-11T20:47:00Z;2;198;150;350;200;24276[Turmcenter];2021-11-11T20:52:00.364Z
0.65847665;open;2021-11-11T20:47:00Z;268;139;0;407;407;18944[Alte Oper];2021-11-11T20:52:00.364Z
0;open;2021-11-11T20:47:00Z;0;364;0;364;364;24281[Hauptbahnhof Süd];2021-11-11T20:52:00.364Z
0.4462299;open;2021-11-11T20:47:00Z;361;448;0;809;809;24279[Konstabler];2021-11-11T20:52:00.364Z
0.6737089;open;2021-11-11T20:47:00Z;287;139;0;426;426;18497[Hauptwache];2021-11-11T20:52:00.364Z
0.4779412;open;2021-11-11T20:47:00Z;325;355;0;680;680;18495[Am Gericht];2021-11-11T20:52:00.364Z
0.16852678;open;2021-11-11T20:47:00Z;151;745;70;966;896;109240[MyZeil];2021-11-11T20:52:00.364Z
0.48107255;open;2021-11-11T20:47:00Z;305;329;0;634;634;18494[Konrad-Adenauer-Straße];2021-11-11T20:52:00.364Z
0;open;2021-11-11T20:57:00Z;0;200;150;350;200;24276[Turmcenter];2021-11-11T21:02:02.945Z
0.58476657;open;2021-11-11T20:57:00Z;238;169;0;407;407;18944[Alte Oper];2021-11-11T21:02:02.945Z
0;open;2021-11-11T20:57:00Z;0;364;0;364;364;24281[Hauptbahnhof Süd];2021-11-11T21:02:02.945Z
0.43510506;open;2021-11-11T20:57:00Z;352;457;0;809;809;24279[Konstabler];2021-11-11T21:02:02.945Z
0.6455399;open;2021-11-11T20:57:00Z;275;151;0;426;426;18497[Hauptwache];2021-11-11T21:02:02.945Z
0.4735294;open;2021-11-11T20:57:00Z;322;358;0;680;680;18495[Am Gericht];2021-11-11T21:02:02.945Z
0.16517857;open;2021-11-11T20:57:00Z;148;748;70;966;896;109240[MyZeil];2021-11-11T21:02:02.945Z
0.46214512;open;2021-11-11T20:57:00Z;293;341;0;634;634;18494[Konrad-Adenauer-Straße];2021-11-11T21:02:02.945Z
0;open;2021-11-11T21:17:00Z;0;200;150;350;200;24276[Turmcenter];2021-11-11T21:22:02.071Z
0.31941032;open;2021-11-11T21:17:00Z;130;277;0;407;407;18944[Alte Oper];2021-11-11T21:22:02.071Z
0;open;2021-11-11T21:17:00Z;0;364;0;364;364;24281[Hauptbahnhof Süd];2021-11-11T21:22:02.071Z
0.4103832;open;2021-11-11T21:17:00Z;332;477;0;809;809;24279[Konstabler];2021-11-11T21:22:02.071Z
0.6220657;open;2021-11-11T21:17:00Z;265;161;0;426;426;18497[Hauptwache];2021-11-11T21:22:02.071Z
0.46470588;open;2021-11-11T21:17:00Z;316;364;0;680;680;18495[Am Gericht];2021-11-11T21:22:02.071Z
0.15625;open;2021-11-11T21:17:00Z;140;756;70;966;896;109240[MyZeil];2021-11-11T21:22:02.071Z
0.44794953;open;2021-11-11T21:17:00Z;284;350;0;634;634;18494[Konrad-Adenauer-Straße];2021-11-11T21:22:02.071Z
0;open;2021-11-11T21:32:00Z;0;200;150;350;200;24276[Turmcenter];2021-11-11T21:37:01.276Z
0.25552824;open;2021-11-11T21:32:00Z;104;303;0;407;407;18944[Alte Oper];2021-11-11T21:37:01.276Z
0;open;2021-11-11T21:32:00Z;0;364;0;364;364;24281[Hauptbahnhof Süd];2021-11-11T21:37:01.276Z
0.39307788;open;2021-11-11T21:32:00Z;318;491;0;809;809;24279[Konstabler];2021-11-11T21:37:01.276Z
0.6079812;open;2021-11-11T21:32:00Z;259;167;0;426;426;18497[Hauptwache];2021-11-11T21:37:01.276Z
0.46029413;open;2021-11-11T21:32:00Z;313;367;0;680;680;18495[Am Gericht];2021-11-11T21:37:01.276Z
0.15290178;open;2021-11-11T21:32:00Z;137;759;70;966;896;109240[MyZeil];2021-11-11T21:37:01.276Z
0.43533123;open;2021-11-11T21:32:00Z;276;358;0;634;634;18494[Konrad-Adenauer-Straße];2021-11-11T21:37:01.276Z
0;open;2021-11-11T21:43:00Z;0;200;150;350;200;24276[Turmcenter];2021-11-11T21:47:02.301Z
0.24570024;open;2021-11-11T21:43:00Z;100;307;0;407;407;18944[Alte Oper];2021-11-11T21:47:02.301Z
0;open;2021-11-11T21:43:00Z;0;364;0;364;364;24281[Hauptbahnhof Süd];2021-11-11T21:47:02.301Z
0.38442522;open;2021-11-11T21:43:00Z;311;498;0;809;809;24279[Konstabler];2021-11-11T21:47:02.301Z
0.5915493;open;2021-11-11T21:43:00Z;252;174;0;426;426;18497[Hauptwache];2021-11-11T21:47:02.301Z
0.45735294;open;2021-11-11T21:43:00Z;311;369;0;680;680;18495[Am Gericht];2021-11-11T21:47:02.301Z
0.15290178;open;2021-11-11T21:43:00Z;137;759;70;966;896;109240[MyZeil];2021-11-11T21:47:02.301Z
0.43375394;open;2021-11-11T21:43:00Z;275;359;0;634;634;18494[Konrad-Adenauer-Straße];2021-11-11T21:47:02.301Z
0;open;2021-11-11T21:58:00Z;0;200;150;350;200;24276[Turmcenter];2021-11-11T22:02:00.762Z
0.22358723;open;2021-11-11T21:58:00Z;91;316;0;407;407;18944[Alte Oper];2021-11-11T22:02:00.762Z
0;open;2021-11-11T21:58:00Z;0;364;0;364;364;24281[Hauptbahnhof Süd];2021-11-11T22:02:00.762Z
0.37330037;open;2021-11-11T21:58:00Z;302;507;0;809;809;24279[Konstabler];2021-11-11T22:02:00.762Z
0.5680751;open;2021-11-11T21:58:00Z;242;184;0;426;426;18497[Hauptwache];2021-11-11T22:02:00.762Z
0.45441177;open;2021-11-11T21:58:00Z;309;371;0;680;680;18495[Am Gericht];2021-11-11T22:02:00.762Z
0.15290178;open;2021-11-11T21:58:00Z;137;759;70;966;896;109240[MyZeil];2021-11-11T22:02:00.762Z
0.4258675;open;2021-11-11T21:58:00Z;270;364;0;634;634;18494[Konrad-Adenauer-Straße];2021-11-11T22:02:00.762Z
0;open;2021-11-11T22:29:00Z;0;200;150;350;200;24276[Turmcenter];2021-11-11T22:32:00.041Z
0.19164619;open;2021-11-11T22:29:00Z;78;329;0;407;407;18944[Alte Oper];2021-11-11T22:32:00.041Z
0.0027472528;open;2021-11-11T22:29:00Z;1;363;0;364;364;24281[Hauptbahnhof Süd];2021-11-11T22:32:00.041Z
0.35105067;open;2021-11-11T22:29:00Z;284;525;0;809;809;24279[Konstabler];2021-11-11T22:32:00.041Z
0.53286386;open;2021-11-11T22:29:00Z;227;199;0;426;426;18497[Hauptwache];2021-11-11T22:32:00.041Z
0.45147058;open;2021-11-11T22:29:00Z;307;373;0;680;680;18495[Am Gericht];2021-11-11T22:32:00.041Z
0.14508928;open;2021-11-11T22:29:00Z;130;766;70;966;896;109240[MyZeil];2021-11-11T22:32:00.041Z
0.4148265;open;2021-11-11T22:29:00Z;263;371;0;634;634;18494[Konrad-Adenauer-Straße];2021-11-11T22:32:00.041Z
0;open;2021-11-11T22:39:00Z;0;200;150;350;200;24276[Turmcenter];2021-11-11T22:42:02.723Z
0.18181819;open;2021-11-11T22:39:00Z;74;333;0;407;407;18944[Alte Oper];2021-11-11T22:42:02.723Z
0.0027472528;open;2021-11-11T22:39:00Z;1;363;0;364;364;24281[Hauptbahnhof Süd];2021-11-11T22:42:02.723Z
0.3461063;open;2021-11-11T22:39:00Z;280;529;0;809;809;24279[Konstabler];2021-11-11T22:42:02.723Z
0.52112675;open;2021-11-11T22:39:00Z;222;204;0;426;426;18497[Hauptwache];2021-11-11T22:42:02.723Z
0.44705883;open;2021-11-11T22:39:00Z;304;376;0;680;680;18495[Am Gericht];2021-11-11T22:42:02.723Z
0.14285715;open;2021-11-11T22:39:00Z;128;768;70;966;896;109240[MyZeil];2021-11-11T22:42:02.723Z
0.41009465;open;2021-11-11T22:39:00Z;260;374;0;634;634;18494[Konrad-Adenauer-Straße];2021-11-11T22:42:02.723Z
0;open;2021-11-11T22:50:00Z;0;200;150;350;200;24276[Turmcenter];2021-11-11T22:52:01.715Z
0.17199017;open;2021-11-11T22:50:00Z;70;337;0;407;407;18944[Alte Oper];2021-11-11T22:52:01.715Z
0.0027472528;open;2021-11-11T22:50:00Z;1;363;0;364;364;24281[Hauptbahnhof Süd];2021-11-11T22:52:01.715Z
0.33621755;open;2021-11-11T22:50:00Z;272;537;0;809;809;24279[Konstabler];2021-11-11T22:52:01.715Z
0.5164319;open;2021-11-11T22:50:00Z;220;206;0;426;426;18497[Hauptwache];2021-11-11T22:52:01.715Z
0.44705883;open;2021-11-11T22:50:00Z;304;376;0;680;680;18495[Am Gericht];2021-11-11T22:52:01.715Z
0.13950893;open;2021-11-11T22:50:00Z;125;771;70;966;896;109240[MyZeil];2021-11-11T22:52:01.715Z
0.40536278;open;2021-11-11T22:50:00Z;257;377;0;634;634;18494[Konrad-Adenauer-Straße];2021-11-11T22:52:01.715Z
0;open;2021-11-11T23:21:00Z;0;200;150;350;200;24276[Turmcenter];2021-11-11T23:22:01.508Z
0.16461916;open;2021-11-11T23:21:00Z;67;340;0;407;407;18944[Alte Oper];2021-11-11T23:22:01.508Z
0;open;2021-11-11T23:21:00Z;0;364;0;364;364;24281[Hauptbahnhof Süd];2021-11-11T23:22:01.508Z
0.3250927;open;2021-11-11T23:21:00Z;263;546;0;809;809;24279[Konstabler];2021-11-11T23:22:01.508Z
0.5093897;open;2021-11-11T23:21:00Z;217;209;0;426;426;18497[Hauptwache];2021-11-11T23:22:01.508Z
0;closed;2021-11-11T23:21:00Z;;379;0;0;0;18495[Am Gericht];2021-11-11T23:22:01.508Z
0.1328125;open;2021-11-11T23:21:00Z;119;777;70;966;896;109240[MyZeil];2021-11-11T23:22:01.508Z
0.4022082;open;2021-11-11T23:21:00Z;255;379;0;634;634;18494[Konrad-Adenauer-Straße];2021-11-11T23:22:01.508Z
0;open;2021-11-11T23:36:00Z;0;200;150;350;200;24276[Turmcenter];2021-11-11T23:37:00.253Z
0.16216215;open;2021-11-11T23:36:00Z;66;341;0;407;407;18944[Alte Oper];2021-11-11T23:37:00.253Z
0;open;2021-11-11T23:36:00Z;0;364;0;364;364;24281[Hauptbahnhof Süd];2021-11-11T23:37:00.253Z
0.3226205;open;2021-11-11T23:36:00Z;261;548;0;809;809;24279[Konstabler];2021-11-11T23:37:00.253Z
0.5070422;open;2021-11-11T23:36:00Z;216;210;0;426;426;18497[Hauptwache];2021-11-11T23:37:00.253Z
0;closed;2021-11-11T23:36:00Z;;379;0;0;0;18495[Am Gericht];2021-11-11T23:37:00.253Z
0.13058035;open;2021-11-11T23:36:00Z;117;779;70;966;896;109240[MyZeil];2021-11-11T23:37:00.253Z
0.4022082;open;2021-11-11T23:36:00Z;255;379;0;634;634;18494[Konrad-Adenauer-Straße];2021-11-11T23:37:00.253Z
0;open;2021-11-11T23:51:00Z;0;200;150;350;200;24276[Turmcenter];2021-11-11T23:52:02.704Z
0.15233415;open;2021-11-11T23:51:00Z;62;345;0;407;407;18944[Alte Oper];2021-11-11T23:52:02.704Z
0;open;2021-11-11T23:51:00Z;0;364;0;364;364;24281[Hauptbahnhof Süd];2021-11-11T23:52:02.704Z
0.32138443;open;2021-11-11T23:51:00Z;260;549;0;809;809;24279[Konstabler];2021-11-11T23:52:02.704Z
0.5;open;2021-11-11T23:51:00Z;213;213;0;426;426;18497[Hauptwache];2021-11-11T23:52:02.704Z
0;closed;2021-11-11T23:51:00Z;;379;0;0;0;18495[Am Gericht];2021-11-11T23:52:02.704Z
0.12834822;open;2021-11-11T23:51:00Z;115;781;70;966;896;109240[MyZeil];2021-11-11T23:52:02.704Z
0.4022082;open;2021-11-11T23:51:00Z;255;379;0;634;634;18494[Konrad-Adenauer-Straße];2021-11-11T23:52:02.704Z
0;open;2021-11-12T00:01:00Z;0;200;150;350;200;24276[Turmcenter];2021-11-12T00:02:00.178Z
0.14987715;open;2021-11-12T00:01:00Z;61;346;0;407;407;18944[Alte Oper];2021-11-12T00:02:00.178Z
0;open;2021-11-12T00:01:00Z;0;364;0;364;364;24281[Hauptbahnhof Süd];2021-11-12T00:02:00.178Z
0.31644005;open;2021-11-12T00:01:00Z;256;553;0;809;809;24279[Konstabler];2021-11-12T00:02:00.178Z
0.5;open;2021-11-12T00:01:00Z;213;213;0;426;426;18497[Hauptwache];2021-11-12T00:02:00.178Z
0;closed;2021-11-12T00:01:00Z;;379;0;0;0;18495[Am Gericht];2021-11-12T00:02:00.178Z
0.12834822;open;2021-11-12T00:01:00Z;115;781;70;966;896;109240[MyZeil];2021-11-12T00:02:00.178Z
0.40063092;open;2021-11-12T00:01:00Z;254;380;0;634;634;18494[Konrad-Adenauer-Straße];2021-11-12T00:02:00.178Z
0;open;2021-11-12T01:12:00Z;0;200;150;350;200;24276[Turmcenter];2021-11-12T01:17:02.043Z
0.13513513;open;2021-11-12T01:12:00Z;55;352;0;407;407;18944[Alte Oper];2021-11-12T01:17:02.043Z
0;open;2021-11-12T01:12:00Z;0;364;0;364;364;24281[Hauptbahnhof Süd];2021-11-12T01:17:02.043Z
0.3053152;open;2021-11-12T01:12:00Z;247;562;0;809;809;24279[Konstabler];2021-11-12T01:17:02.043Z
0.49061033;open;2021-11-12T01:12:00Z;209;217;0;426;426;18497[Hauptwache];2021-11-12T01:17:02.043Z
0;closed;2021-11-12T01:12:00Z;;379;0;0;0;18495[Am Gericht];2021-11-12T01:17:02.043Z
0.12834822;open;2021-11-12T01:12:00Z;115;781;70;966;896;109240[MyZeil];2021-11-12T01:17:02.043Z
0.40063092;open;2021-11-12T01:12:00Z;254;380;0;634;634;18494[Konrad-Adenauer-Straße];2021-11-12T01:17:02.043Z
0;open;2021-11-12T02:08:00Z;0;200;150;350;200;24276[Turmcenter];2021-11-12T02:12:01.213Z
0.12776412;open;2021-11-12T02:08:00Z;52;355;0;407;407;18944[Alte Oper];2021-11-12T02:12:01.213Z
0;open;2021-11-12T02:08:00Z;0;364;0;364;364;24281[Hauptbahnhof Süd];2021-11-12T02:12:01.213Z
0.30160692;open;2021-11-12T02:08:00Z;244;565;0;809;809;24279[Konstabler];2021-11-12T02:12:01.213Z
0.49061033;open;2021-11-12T02:08:00Z;209;217;0;426;426;18497[Hauptwache];2021-11-12T02:12:01.213Z
0;closed;2021-11-12T02:08:00Z;;379;0;0;0;18495[Am Gericht];2021-11-12T02:12:01.213Z
0.12834822;open;2021-11-12T02:08:00Z;115;781;70;966;896;109240[MyZeil];2021-11-12T02:12:01.213Z
0.40063092;open;2021-11-12T02:08:00Z;254;380;0;634;634;18494[Konrad-Adenauer-Straße];2021-11-12T02:12:01.213Z
0;open;2021-11-12T02:38:00Z;0;200;150;350;200;24276[Turmcenter];2021-11-12T02:42:00.614Z
0.12776412;open;2021-11-12T02:38:00Z;52;355;0;407;407;18944[Alte Oper];2021-11-12T02:42:00.614Z
0;open;2021-11-12T02:38:00Z;0;364;0;364;364;24281[Hauptbahnhof Süd];2021-11-12T02:42:00.614Z
0.29913473;open;2021-11-12T02:38:00Z;242;567;0;809;809;24279[Konstabler];2021-11-12T02:42:00.614Z
0.49061033;open;2021-11-12T02:38:00Z;209;217;0;426;426;18497[Hauptwache];2021-11-12T02:42:00.614Z
0;closed;2021-11-12T02:38:00Z;;379;0;0;0;18495[Am Gericht];2021-11-12T02:42:00.614Z
0.12834822;open;2021-11-12T02:38:00Z;115;781;70;966;896;109240[MyZeil];2021-11-12T02:42:00.614Z
0.39747635;open;2021-11-12T02:38:00Z;252;382;0;634;634;18494[Konrad-Adenauer-Straße];2021-11-12T02:42:00.614Z
0;open;2021-11-12T02:53:00Z;0;200;150;350;200;24276[Turmcenter];2021-11-12T02:57:02.511Z
0.12776412;open;2021-11-12T02:53:00Z;52;355;0;407;407;18944[Alte Oper];2021-11-12T02:57:02.511Z
0;open;2021-11-12T02:53:00Z;0;364;0;364;364;24281[Hauptbahnhof Süd];2021-11-12T02:57:02.511Z
0.29789865;open;2021-11-12T02:53:00Z;241;568;0;809;809;24279[Konstabler];2021-11-12T02:57:02.511Z
0.49295774;open;2021-11-12T02:53:00Z;210;216;0;426;426;18497[Hauptwache];2021-11-12T02:57:02.511Z
0;closed;2021-11-12T02:53:00Z;;379;0;0;0;18495[Am Gericht];2021-11-12T02:57:02.511Z
0.12834822;open;2021-11-12T02:53:00Z;115;781;70;966;896;109240[MyZeil];2021-11-12T02:57:02.511Z
0.39589906;open;2021-11-12T02:53:00Z;251;383;0;634;634;18494[Konrad-Adenauer-Straße];2021-11-12T02:57:02.511Z
0;open;2021-11-12T03:19:00Z;0;200;150;350;200;24276[Turmcenter];2021-11-12T03:22:00.896Z
0.12776412;open;2021-11-12T03:19:00Z;52;355;0;407;407;18944[Alte Oper];2021-11-12T03:22:00.896Z
0;open;2021-11-12T03:19:00Z;0;364;0;364;364;24281[Hauptbahnhof Süd];2021-11-12T03:22:00.896Z
0.29913473;open;2021-11-12T03:19:00Z;242;567;0;809;809;24279[Konstabler];2021-11-12T03:22:00.896Z
0.49295774;open;2021-11-12T03:19:00Z;210;216;0;426;426;18497[Hauptwache];2021-11-12T03:22:00.896Z
0;closed;2021-11-12T03:19:00Z;;;0;0;0;18495[Am Gericht];2021-11-12T03:22:00.896Z
0.12834822;open;2021-11-12T03:19:00Z;115;781;70;966;896;109240[MyZeil];2021-11-12T03:22:00.896Z
0.39905363;open;2021-11-12T03:19:00Z;253;381;0;634;634;18494[Konrad-Adenauer-Straße];2021-11-12T03:22:00.896Z
0;open;2021-11-12T03:34:00Z;0;200;150;350;200;24276[Turmcenter];2021-11-12T03:37:01.516Z
0.12776412;open;2021-11-12T03:34:00Z;52;355;0;407;407;18944[Alte Oper];2021-11-12T03:37:01.516Z
0.0054945056;open;2021-11-12T03:34:00Z;2;362;0;364;364;24281[Hauptbahnhof Süd];2021-11-12T03:37:01.516Z
0.29666254;open;2021-11-12T03:34:00Z;240;569;0;809;809;24279[Konstabler];2021-11-12T03:37:01.516Z
0.48826292;open;2021-11-12T03:34:00Z;208;218;0;426;426;18497[Hauptwache];2021-11-12T03:37:01.516Z
0;closed;2021-11-12T03:34:00Z;;;0;0;0;18495[Am Gericht];2021-11-12T03:37:01.516Z
0.12834822;open;2021-11-12T03:34:00Z;115;781;70;966;896;109240[MyZeil];2021-11-12T03:37:01.516Z
0.4022082;open;2021-11-12T03:34:00Z;255;379;0;634;634;18494[Konrad-Adenauer-Straße];2021-11-12T03:37:01.516Z
0;open;2021-11-12T03:49:00Z;0;200;150;350;200;24276[Turmcenter];2021-11-12T03:52:00.507Z
0.12776412;open;2021-11-12T03:49:00Z;52;355;0;407;407;18944[Alte Oper];2021-11-12T03:52:00.507Z
0.0054945056;open;2021-11-12T03:49:00Z;2;362;0;364;364;24281[Hauptbahnhof Süd];2021-11-12T03:52:00.507Z
0.29171818;open;2021-11-12T03:49:00Z;236;573;0;809;809;24279[Konstabler];2021-11-12T03:52:00.507Z
0.48826292;open;2021-11-12T03:49:00Z;208;218;0;426;426;18497[Hauptwache];2021-11-12T03:52:00.507Z
0;closed;2021-11-12T03:49:00Z;;;0;0;0;18495[Am Gericht];2021-11-12T03:52:00.507Z
0.12946428;open;2021-11-12T03:49:00Z;116;780;70;966;896;109240[MyZeil];2021-11-12T03:52:00.507Z
0.4022082;open;2021-11-12T03:49:00Z;255;379;0;634;634;18494[Konrad-Adenauer-Straße];2021-11-12T03:52:00.507Z
0;open;2021-11-12T03:59:00Z;0;200;150;350;200;24276[Turmcenter];2021-11-12T04:02:01.854Z
0.12776412;open;2021-11-12T03:59:00Z;52;355;0;407;407;18944[Alte Oper];2021-11-12T04:02:01.854Z
0.008241759;open;2021-11-12T03:59:00Z;3;361;0;364;364;24281[Hauptbahnhof Süd];2021-11-12T04:02:01.854Z
0.29048207;open;2021-11-12T03:59:00Z;235;574;0;809;809;24279[Konstabler];2021-11-12T04:02:01.854Z
0.48826292;open;2021-11-12T03:59:00Z;208;218;0;426;426;18497[Hauptwache];2021-11-12T04:02:01.854Z
0;closed;2021-11-12T03:59:00Z;;;0;0;0;18495[Am Gericht];2021-11-12T04:02:01.854Z
0.12946428;open;2021-11-12T03:59:00Z;116;780;70;966;896;109240[MyZeil];2021-11-12T04:02:01.854Z
0.39905363;open;2021-11-12T03:59:00Z;253;381;0;634;634;18494[Konrad-Adenauer-Straße];2021-11-12T04:02:01.854Z
0;open;2021-11-12T04:29:00Z;0;200;150;350;200;24276[Turmcenter];2021-11-12T04:32:00.488Z
0.12776412;open;2021-11-12T04:29:00Z;52;355;0;407;407;18944[Alte Oper];2021-11-12T04:32:00.488Z
0.010989011;open;2021-11-12T04:29:00Z;4;360;0;364;364;24281[Hauptbahnhof Süd];2021-11-12T04:32:00.488Z
0.29048207;open;2021-11-12T04:29:00Z;235;574;0;809;809;24279[Konstabler];2021-11-12T04:32:00.488Z
0.48826292;open;2021-11-12T04:29:00Z;208;218;0;426;426;18497[Hauptwache];2021-11-12T04:32:00.488Z
0;closed;2021-11-12T04:29:00Z;;;0;0;0;18495[Am Gericht];2021-11-12T04:32:00.488Z
0.12946428;open;2021-11-12T04:29:00Z;116;780;70;966;896;109240[MyZeil];2021-11-12T04:32:00.488Z
0.40063092;open;2021-11-12T04:29:00Z;254;380;0;634;634;18494[Konrad-Adenauer-Straße];2021-11-12T04:32:00.488Z
0.006666667;open;2021-11-12T04:59:00Z;1;149;200;350;150;24276[Turmcenter];2021-11-12T05:02:00.192Z
0.13267814;open;2021-11-12T04:59:00Z;54;353;0;407;407;18944[Alte Oper];2021-11-12T05:02:00.192Z
0.03021978;open;2021-11-12T04:59:00Z;11;353;0;364;364;24281[Hauptbahnhof Süd];2021-11-12T05:02:00.192Z
0.28800988;open;2021-11-12T04:59:00Z;233;576;0;809;809;24279[Konstabler];2021-11-12T05:02:00.192Z
0.48826292;open;2021-11-12T04:59:00Z;208;218;0;426;426;18497[Hauptwache];2021-11-12T05:02:00.192Z
0;closed;2021-11-12T04:59:00Z;;;0;0;0;18495[Am Gericht];2021-11-12T05:02:00.192Z
0.12946428;open;2021-11-12T04:59:00Z;116;780;70;966;896;109240[MyZeil];2021-11-12T05:02:00.192Z
0.40536278;open;2021-11-12T04:59:00Z;257;377;0;634;634;18494[Konrad-Adenauer-Straße];2021-11-12T05:02:00.192Z
0.006666667;open;2021-11-12T05:14:00Z;1;149;200;350;150;24276[Turmcenter];2021-11-12T05:17:00.082Z
0.13267814;open;2021-11-12T05:14:00Z;54;353;0;407;407;18944[Alte Oper];2021-11-12T05:17:00.082Z
0.057692308;open;2021-11-12T05:14:00Z;21;343;0;364;364;24281[Hauptbahnhof Süd];2021-11-12T05:17:00.082Z
0.28800988;open;2021-11-12T05:14:00Z;233;576;0;809;809;24279[Konstabler];2021-11-12T05:17:00.082Z
0.48591548;open;2021-11-12T05:14:00Z;207;219;0;426;426;18497[Hauptwache];2021-11-12T05:17:00.082Z
0.42058823;open;2021-11-12T05:14:00Z;286;394;0;680;680;18495[Am Gericht];2021-11-12T05:17:00.082Z
0.12946428;open;2021-11-12T05:14:00Z;116;780;70;966;896;109240[MyZeil];2021-11-12T05:17:00.082Z
0.40851736;open;2021-11-12T05:14:00Z;259;375;0;634;634;18494[Konrad-Adenauer-Straße];2021-11-12T05:17:00.082Z
0.006666667;open;2021-11-12T05:29:00Z;1;149;200;350;150;24276[Turmcenter];2021-11-12T05:32:02.931Z
0.13267814;open;2021-11-12T05:29:00Z;54;353;0;407;407;18944[Alte Oper];2021-11-12T05:32:02.931Z
0.07692308;open;2021-11-12T05:29:00Z;28;336;0;364;364;24281[Hauptbahnhof Süd];2021-11-12T05:32:02.931Z
0.28800988;open;2021-11-12T05:29:00Z;233;576;0;809;809;24279[Konstabler];2021-11-12T05:32:02.931Z
0.48591548;open;2021-11-12T05:29:00Z;207;219;0;426;426;18497[Hauptwache];2021-11-12T05:32:02.931Z
0.43235293;open;2021-11-12T05:29:00Z;294;386;0;680;680;18495[Am Gericht];2021-11-12T05:32:02.931Z
0.12946428;open;2021-11-12T05:29:00Z;116;780;70;966;896;109240[MyZeil];2021-11-12T05:32:02.931Z
0.40851736;open;2021-11-12T05:29:00Z;259;375;0;634;634;18494[Konrad-Adenauer-Straße];2021-11-12T05:32:02.931Z
0;open;2021-11-12T05:39:00Z;0;150;200;350;150;24276[Turmcenter];2021-11-12T05:42:00.600Z
0.13267814;open;2021-11-12T05:39:00Z;54;353;0;407;407;18944[Alte Oper];2021-11-12T05:42:00.600Z
0.07692308;open;2021-11-12T05:39:00Z;28;336;0;364;364;24281[Hauptbahnhof Süd];2021-11-12T05:42:00.600Z
0.28800988;open;2021-11-12T05:39:00Z;233;576;0;809;809;24279[Konstabler];2021-11-12T05:42:00.600Z
0.49061033;open;2021-11-12T05:39:00Z;209;217;0;426;426;18497[Hauptwache];2021-11-12T05:42:00.600Z
0.43529412;open;2021-11-12T05:39:00Z;296;384;0;680;680;18495[Am Gericht];2021-11-12T05:42:00.600Z
0.12946428;open;2021-11-12T05:39:00Z;116;780;70;966;896;109240[MyZeil];2021-11-12T05:42:00.600Z
0.40851736;open;2021-11-12T05:39:00Z;259;375;0;634;634;18494[Konrad-Adenauer-Straße];2021-11-12T05:42:00.600Z
0.006666667;open;2021-11-12T05:54:00Z;1;149;200;350;150;24276[Turmcenter];2021-11-12T05:57:00.339Z
0.13759214;open;2021-11-12T05:54:00Z;56;351;0;407;407;18944[Alte Oper];2021-11-12T05:57:00.339Z
0.08516484;open;2021-11-12T05:54:00Z;31;333;0;364;364;24281[Hauptbahnhof Süd];2021-11-12T05:57:00.339Z
0.29171818;open;2021-11-12T05:54:00Z;236;573;0;809;809;24279[Konstabler];2021-11-12T05:57:00.339Z
0.49061033;open;2021-11-12T05:54:00Z;209;217;0;426;426;18497[Hauptwache];2021-11-12T05:57:00.339Z
0.44117647;open;2021-11-12T05:54:00Z;300;380;0;680;680;18495[Am Gericht];2021-11-12T05:57:00.339Z
0.13058035;open;2021-11-12T05:54:00Z;117;779;70;966;896;109240[MyZeil];2021-11-12T05:57:00.339Z
0.40694007;open;2021-11-12T05:54:00Z;258;376;0;634;634;18494[Konrad-Adenauer-Straße];2021-11-12T05:57:00.339Z
0.033333335;open;2021-11-12T06:25:00Z;5;145;200;350;150;24276[Turmcenter];2021-11-12T06:27:00.585Z
0.14004914;open;2021-11-12T06:25:00Z;57;350;0;407;407;18944[Alte Oper];2021-11-12T06:27:00.585Z
0.10714286;open;2021-11-12T06:25:00Z;39;325;0;364;364;24281[Hauptbahnhof Süd];2021-11-12T06:27:00.585Z
0.28800988;open;2021-11-12T06:25:00Z;233;576;0;809;809;24279[Konstabler];2021-11-12T06:27:00.585Z
0.5023474;open;2021-11-12T06:25:00Z;214;212;0;426;426;18497[Hauptwache];2021-11-12T06:27:00.585Z
0.45294118;open;2021-11-12T06:25:00Z;308;372;0;680;680;18495[Am Gericht];2021-11-12T06:27:00.585Z
0.1328125;open;2021-11-12T06:25:00Z;119;777;70;966;896;109240[MyZeil];2021-11-12T06:27:00.585Z
0.40694007;open;2021-11-12T06:25:00Z;258;376;0;634;634;18494[Konrad-Adenauer-Straße];2021-11-12T06:27:00.585Z
0.1;open;2021-11-12T06:50:00Z;15;135;200;350;150;24276[Turmcenter];2021-11-12T06:52:01.312Z
0.15970516;open;2021-11-12T06:50:00Z;65;342;0;407;407;18944[Alte Oper];2021-11-12T06:52:01.312Z
0.12912089;open;2021-11-12T06:50:00Z;47;317;0;364;364;24281[Hauptbahnhof Süd];2021-11-12T06:52:01.312Z
0.30037084;open;2021-11-12T06:50:00Z;243;566;0;809;809;24279[Konstabler];2021-11-12T06:52:01.312Z
0.5164319;open;2021-11-12T06:50:00Z;220;206;0;426;426;18497[Hauptwache];2021-11-12T06:52:01.312Z
0.4882353;open;2021-11-12T06:50:00Z;332;348;0;680;680;18495[Am Gericht];2021-11-12T06:52:01.312Z
0.13950893;open;2021-11-12T06:50:00Z;125;771;70;966;896;109240[MyZeil];2021-11-12T06:52:01.312Z
0.4164038;open;2021-11-12T06:50:00Z;264;370;0;634;634;18494[Konrad-Adenauer-Straße];2021-11-12T06:52:01.312Z
0.14;open;2021-11-12T07:00:00Z;21;129;200;350;150;24276[Turmcenter];2021-11-12T07:02:00.870Z
0.17936118;open;2021-11-12T07:00:00Z;73;334;0;407;407;18944[Alte Oper];2021-11-12T07:02:00.870Z
0.13736264;open;2021-11-12T07:00:00Z;50;314;0;364;364;24281[Hauptbahnhof Süd];2021-11-12T07:02:00.870Z
0.30160692;open;2021-11-12T07:00:00Z;244;565;0;809;809;24279[Konstabler];2021-11-12T07:02:00.870Z
0.52582157;open;2021-11-12T07:00:00Z;224;202;0;426;426;18497[Hauptwache];2021-11-12T07:02:00.870Z
0.51029414;open;2021-11-12T07:00:00Z;347;333;0;680;680;18495[Am Gericht];2021-11-12T07:02:00.870Z
0.14285715;open;2021-11-12T07:00:00Z;128;768;70;966;896;109240[MyZeil];2021-11-12T07:02:00.870Z
0.4242902;open;2021-11-12T07:00:00Z;269;365;0;634;634;18494[Konrad-Adenauer-Straße];2021-11-12T07:02:00.870Z
0.28;open;2021-11-12T07:25:00Z;42;108;200;350;150;24276[Turmcenter];2021-11-12T07:27:00.440Z
0.21867321;open;2021-11-12T07:25:00Z;89;318;0;407;407;18944[Alte Oper];2021-11-12T07:27:00.440Z
0.16208792;open;2021-11-12T07:25:00Z;59;305;0;364;364;24281[Hauptbahnhof Süd];2021-11-12T07:27:00.440Z
0.3275649;open;2021-11-12T07:25:00Z;265;544;0;809;809;24279[Konstabler];2021-11-12T07:27:00.440Z
0.5680751;open;2021-11-12T07:25:00Z;242;184;0;426;426;18497[Hauptwache];2021-11-12T07:27:00.440Z
0.57941175;open;2021-11-12T07:25:00Z;394;286;0;680;680;18495[Am Gericht];2021-11-12T07:27:00.440Z
0.15290178;open;2021-11-12T07:25:00Z;137;759;70;966;896;109240[MyZeil];2021-11-12T07:27:00.440Z
0.46214512;open;2021-11-12T07:25:00Z;293;341;0;634;634;18494[Konrad-Adenauer-Straße];2021-11-12T07:27:00.440Z
0.33333334;open;2021-11-12T07:35:00Z;50;100;200;350;150;24276[Turmcenter];2021-11-12T07:37:02.315Z
0.24324325;open;2021-11-12T07:35:00Z;99;308;0;407;407;18944[Alte Oper];2021-11-12T07:37:02.315Z
0.17582418;open;2021-11-12T07:35:00Z;64;300;0;364;364;24281[Hauptbahnhof Süd];2021-11-12T07:37:02.315Z
0.33621755;open;2021-11-12T07:35:00Z;272;537;0;809;809;24279[Konstabler];2021-11-12T07:37:02.315Z
0.59624416;open;2021-11-12T07:35:00Z;254;172;0;426;426;18497[Hauptwache];2021-11-12T07:37:02.315Z
0.5882353;open;2021-11-12T07:35:00Z;400;280;0;680;680;18495[Am Gericht];2021-11-12T07:37:02.315Z
0.15736607;open;2021-11-12T07:35:00Z;141;755;70;966;896;109240[MyZeil];2021-11-12T07:37:02.315Z
0.47160885;open;2021-11-12T07:35:00Z;299;335;0;634;634;18494[Konrad-Adenauer-Straße];2021-11-12T07:37:02.315Z
0.46666667;open;2021-11-12T07:50:00Z;70;80;200;350;150;24276[Turmcenter];2021-11-12T07:52:00.168Z
0.26289925;open;2021-11-12T07:50:00Z;107;300;0;407;407;18944[Alte Oper];2021-11-12T07:52:00.168Z
0.20604396;open;2021-11-12T07:50:00Z;75;289;0;364;364;24281[Hauptbahnhof Süd];2021-11-12T07:52:00.168Z
0.3498146;open;2021-11-12T07:50:00Z;283;526;0;809;809;24279[Konstabler];2021-11-12T07:52:00.168Z
0.6197183;open;2021-11-12T07:50:00Z;264;162;0;426;426;18497[Hauptwache];2021-11-12T07:52:00.168Z
0.63235295;open;2021-11-12T07:50:00Z;430;250;0;680;680;18495[Am Gericht];2021-11-12T07:52:00.168Z
0.15848215;open;2021-11-12T07:50:00Z;142;754;70;966;896;109240[MyZeil];2021-11-12T07:52:00.168Z
0.47949526;open;2021-11-12T07:50:00Z;304;330;0;634;634;18494[Konrad-Adenauer-Straße];2021-11-12T07:52:00.168Z
0.50666666;open;2021-11-12T08:00:00Z;76;74;200;350;150;24276[Turmcenter];2021-11-12T08:02:01.856Z
0.27272728;open;2021-11-12T08:00:00Z;111;296;0;407;407;18944[Alte Oper];2021-11-12T08:02:01.856Z
0.22527473;open;2021-11-12T08:00:00Z;82;282;0;364;364;24281[Hauptbahnhof Süd];2021-11-12T08:02:01.856Z
0.3522868;open;2021-11-12T08:00:00Z;285;524;0;809;809;24279[Konstabler];2021-11-12T08:02:01.856Z
0.64788735;open;2021-11-12T08:00:00Z;276;150;0;426;426;18497[Hauptwache];2021-11-12T08:02:01.856Z
0.6617647;open;2021-11-12T08:00:00Z;450;230;0;680;680;18495[Am Gericht];2021-11-12T08:02:01.856Z
0.16183035;open;2021-11-12T08:00:00Z;145;751;70;966;896;109240[MyZeil];2021-11-12T08:02:01.856Z
0.45583597;open;2021-11-12T08:00:00Z;289;345;0;634;634;18494[Konrad-Adenauer-Straße];2021-11-12T08:02:01.856Z
0.7;open;2021-11-12T08:31:00Z;105;45;200;350;150;24276[Turmcenter];2021-11-12T08:32:02.714Z
0.32186732;open;2021-11-12T08:31:00Z;131;276;0;407;407;18944[Alte Oper];2021-11-12T08:32:02.714Z
0.25824177;open;2021-11-12T08:31:00Z;94;270;0;364;364;24281[Hauptbahnhof Süd];2021-11-12T08:32:02.714Z
0.39307788;open;2021-11-12T08:31:00Z;318;491;0;809;809;24279[Konstabler];2021-11-12T08:32:02.714Z
0.69248825;open;2021-11-12T08:31:00Z;295;131;0;426;426;18497[Hauptwache];2021-11-12T08:32:02.714Z
0.7117647;open;2021-11-12T08:31:00Z;484;196;0;680;680;18495[Am Gericht];2021-11-12T08:32:02.714Z
0.17857143;open;2021-11-12T08:31:00Z;160;736;70;966;896;109240[MyZeil];2021-11-12T08:32:02.714Z
0.47160885;open;2021-11-12T08:31:00Z;299;335;0;634;634;18494[Konrad-Adenauer-Straße];2021-11-12T08:32:02.714Z
0.73333335;open;2021-11-12T08:46:00Z;110;40;200;350;150;24276[Turmcenter];2021-11-12T08:47:00.596Z
0.35380834;open;2021-11-12T08:46:00Z;144;263;0;407;407;18944[Alte Oper];2021-11-12T08:47:00.596Z
0.26373628;open;2021-11-12T08:46:00Z;96;268;0;364;364;24281[Hauptbahnhof Süd];2021-11-12T08:47:00.596Z
0.41532758;open;2021-11-12T08:46:00Z;336;473;0;809;809;24279[Konstabler];2021-11-12T08:47:00.596Z
0.75117373;open;2021-11-12T08:46:00Z;320;106;0;426;426;18497[Hauptwache];2021-11-12T08:47:00.596Z
0.7352941;open;2021-11-12T08:46:00Z;500;180;0;680;680;18495[Am Gericht];2021-11-12T08:47:00.596Z
0.18973215;open;2021-11-12T08:46:00Z;170;726;70;966;896;109240[MyZeil];2021-11-12T08:47:00.596Z
0.48422712;open;2021-11-12T08:46:00Z;307;327;0;634;634;18494[Konrad-Adenauer-Straße];2021-11-12T08:47:00.596Z
0.8466667;open;2021-11-12T08:56:00Z;127;23;200;350;150;24276[Turmcenter];2021-11-12T08:57:00.209Z
0.3882064;open;2021-11-12T08:56:00Z;158;249;0;407;407;18944[Alte Oper];2021-11-12T08:57:00.209Z
0.27197802;open;2021-11-12T08:56:00Z;99;265;0;364;364;24281[Hauptbahnhof Süd];2021-11-12T08:57:00.209Z
0.43881336;open;2021-11-12T08:56:00Z;355;454;0;809;809;24279[Konstabler];2021-11-12T08:57:00.209Z
0.7793427;open;2021-11-12T08:56:00Z;332;94;0;426;426;18497[Hauptwache];2021-11-12T08:57:00.209Z
0.7529412;open;2021-11-12T08:56:00Z;512;168;0;680;680;18495[Am Gericht];2021-11-12T08:57:00.209Z
0.19866072;open;2021-11-12T08:56:00Z;178;718;70;966;896;109240[MyZeil];2021-11-12T08:57:00.209Z
0.50630915;open;2021-11-12T08:56:00Z;321;313;0;634;634;18494[Konrad-Adenauer-Straße];2021-11-12T08:57:00.209Z
0.9066667;open;2021-11-12T09:21:00Z;136;14;200;350;150;24276[Turmcenter];2021-11-12T09:22:02.917Z
0.43243244;open;2021-11-12T09:21:00Z;176;231;0;407;407;18944[Alte Oper];2021-11-12T09:22:02.917Z
0.27747253;open;2021-11-12T09:21:00Z;101;263;0;364;364;24281[Hauptbahnhof Süd];2021-11-12T09:22:02.917Z
0.5117429;open;2021-11-12T09:21:00Z;414;395;0;809;809;24279[Konstabler];2021-11-12T09:22:02.917Z
0.8802817;open;2021-11-12T09:21:00Z;375;51;0;426;426;18497[Hauptwache];2021-11-12T09:22:02.917Z
0.7764706;open;2021-11-12T09:21:00Z;528;152;0;680;680;18495[Am Gericht];2021-11-12T09:22:02.917Z
0.21651785;open;2021-11-12T09:21:00Z;194;702;70;966;896;109240[MyZeil];2021-11-12T09:22:02.917Z
0.53470033;open;2021-11-12T09:21:00Z;339;295;0;634;634;18494[Konrad-Adenauer-Straße];2021-11-12T09:22:02.917Z
0.9;open;2021-11-12T09:36:00Z;135;15;200;350;150;24276[Turmcenter];2021-11-12T09:37:00.204Z
0.46928746;open;2021-11-12T09:36:00Z;191;216;0;407;407;18944[Alte Oper];2021-11-12T09:37:00.204Z
0.2857143;open;2021-11-12T09:36:00Z;104;260;0;364;364;24281[Hauptbahnhof Süd];2021-11-12T09:37:00.204Z
0.54140913;open;2021-11-12T09:36:00Z;438;371;0;809;809;24279[Konstabler];2021-11-12T09:37:00.204Z
0.92723006;open;2021-11-12T09:36:00Z;395;31;0;426;426;18497[Hauptwache];2021-11-12T09:37:00.204Z
0.79558825;open;2021-11-12T09:36:00Z;541;139;0;680;680;18495[Am Gericht];2021-11-12T09:37:00.204Z
0.23660715;open;2021-11-12T09:36:00Z;212;684;70;966;896;109240[MyZeil];2021-11-12T09:37:00.204Z
0.5583596;open;2021-11-12T09:36:00Z;354;280;0;634;634;18494[Konrad-Adenauer-Straße];2021-11-12T09:37:00.204Z
0.94;open;2021-11-12T09:46:00Z;141;9;200;350;150;24276[Turmcenter];2021-11-12T09:47:01.724Z
0.5061425;open;2021-11-12T09:46:00Z;206;201;0;407;407;18944[Alte Oper];2021-11-12T09:47:01.724Z
0.27747253;open;2021-11-12T09:46:00Z;101;263;0;364;364;24281[Hauptbahnhof Süd];2021-11-12T09:47:01.724Z
0.55995053;open;2021-11-12T09:46:00Z;453;356;0;809;809;24279[Konstabler];2021-11-12T09:47:01.724Z
0.96478873;open;2021-11-12T09:46:00Z;411;15;0;426;426;18497[Hauptwache];2021-11-12T09:47:01.724Z
0.8102941;open;2021-11-12T09:46:00Z;551;129;0;680;680;18495[Am Gericht];2021-11-12T09:47:01.724Z
0.25892857;open;2021-11-12T09:46:00Z;232;664;70;966;896;109240[MyZeil];2021-11-12T09:47:01.724Z
0.56624603;open;2021-11-12T09:46:00Z;359;275;0;634;634;18494[Konrad-Adenauer-Straße];2021-11-12T09:47:01.724Z
0.8666667;open;2021-11-12T10:01:00Z;130;20;200;350;150;24276[Turmcenter];2021-11-12T10:02:01.675Z
0.5331695;open;2021-11-12T10:01:00Z;217;190;0;407;407;18944[Alte Oper];2021-11-12T10:02:01.675Z
0.2912088;open;2021-11-12T10:01:00Z;106;258;0;364;364;24281[Hauptbahnhof Süd];2021-11-12T10:02:01.675Z
0.57972807;open;2021-11-12T10:01:00Z;469;340;0;809;809;24279[Konstabler];2021-11-12T10:02:01.675Z
1;open;2021-11-12T10:01:00Z;426;0;0;426;426;18497[Hauptwache];2021-11-12T10:02:01.675Z
0.825;open;2021-11-12T10:01:00Z;561;119;0;680;680;18495[Am Gericht];2021-11-12T10:02:01.675Z
0.2767857;open;2021-11-12T10:01:00Z;248;648;70;966;896;109240[MyZeil];2021-11-12T10:02:01.675Z
0.57886434;open;2021-11-12T10:01:00Z;367;267;0;634;634;18494[Konrad-Adenauer-Straße];2021-11-12T10:02:01.675Z
0.8066667;open;2021-11-12T10:26:00Z;121;29;200;350;150;24276[Turmcenter];2021-11-12T10:27:02.367Z
0.56265354;open;2021-11-12T10:26:00Z;229;178;0;407;407;18944[Alte Oper];2021-11-12T10:27:02.367Z
0.2747253;open;2021-11-12T10:26:00Z;100;264;0;364;364;24281[Hauptbahnhof Süd];2021-11-12T10:27:02.367Z
0.6118665;open;2021-11-12T10:26:00Z;495;314;0;809;809;24279[Konstabler];2021-11-12T10:27:02.367Z
0.9976526;open;2021-11-12T10:26:00Z;425;1;0;426;426;18497[Hauptwache];2021-11-12T10:27:02.367Z
0.8132353;open;2021-11-12T10:26:00Z;553;127;0;680;680;18495[Am Gericht];2021-11-12T10:27:02.367Z
0.2857143;open;2021-11-12T10:26:00Z;256;640;70;966;896;109240[MyZeil];2021-11-12T10:27:02.367Z
0.60094637;open;2021-11-12T10:26:00Z;381;253;0;634;634;18494[Konrad-Adenauer-Straße];2021-11-12T10:27:02.367Z
0.81333333;open;2021-11-12T10:41:00Z;122;28;200;350;150;24276[Turmcenter];2021-11-12T10:47:00.667Z
0.6068796;open;2021-11-12T10:41:00Z;247;160;0;407;407;18944[Alte Oper];2021-11-12T10:47:00.667Z
0.28846154;open;2021-11-12T10:41:00Z;105;259;0;364;364;24281[Hauptbahnhof Süd];2021-11-12T10:47:00.667Z
0.6304079;open;2021-11-12T10:41:00Z;510;299;0;809;809;24279[Konstabler];2021-11-12T10:47:00.667Z
0.9976526;open;2021-11-12T10:41:00Z;425;1;0;426;426;18497[Hauptwache];2021-11-12T10:47:00.667Z
0.7897059;open;2021-11-12T10:41:00Z;537;143;0;680;680;18495[Am Gericht];2021-11-12T10:47:00.667Z
0.28794643;open;2021-11-12T10:41:00Z;258;638;70;966;896;109240[MyZeil];2021-11-12T10:47:00.667Z
0.61671925;open;2021-11-12T10:41:00Z;391;243;0;634;634;18494[Konrad-Adenauer-Straße];2021-11-12T10:47:00.667Z
0.76666665;open;2021-11-12T10:57:00Z;115;35;200;350;150;24276[Turmcenter];2021-11-12T11:02:00.262Z
0.6216216;open;2021-11-12T10:57:00Z;253;154;0;407;407;18944[Alte Oper];2021-11-12T11:02:00.262Z
0.28296703;open;2021-11-12T10:57:00Z;103;261;0;364;364;24281[Hauptbahnhof Süd];2021-11-12T11:02:00.262Z
0.6501854;open;2021-11-12T10:57:00Z;526;283;0;809;809;24279[Konstabler];2021-11-12T11:02:00.262Z
1;open;2021-11-12T10:57:00Z;426;0;0;426;426;18497[Hauptwache];2021-11-12T11:02:00.262Z
0.7897059;open;2021-11-12T10:57:00Z;537;143;0;680;680;18495[Am Gericht];2021-11-12T11:02:00.262Z
0.2890625;open;2021-11-12T10:57:00Z;259;637;70;966;896;109240[MyZeil];2021-11-12T11:02:00.262Z
0.62776023;open;2021-11-12T10:57:00Z;398;236;0;634;634;18494[Konrad-Adenauer-Straße];2021-11-12T11:02:00.262Z
0.72;open;2021-11-12T11:12:00Z;108;42;200;350;150;24276[Turmcenter];2021-11-12T11:17:01.327Z
0.64619166;open;2021-11-12T11:12:00Z;263;144;0;407;407;18944[Alte Oper];2021-11-12T11:17:01.327Z
0.26373628;open;2021-11-12T11:12:00Z;96;268;0;364;364;24281[Hauptbahnhof Süd];2021-11-12T11:17:01.327Z
0.6724351;open;2021-11-12T11:12:00Z;544;265;0;809;809;24279[Konstabler];2021-11-12T11:17:01.327Z
1;open;2021-11-12T11:12:00Z;426;0;0;426;426;18497[Hauptwache];2021-11-12T11:17:01.327Z
0.7882353;open;2021-11-12T11:12:00Z;536;144;0;680;680;18495[Am Gericht];2021-11-12T11:17:01.327Z
0.3002232;open;2021-11-12T11:12:00Z;269;627;70;966;896;109240[MyZeil];2021-11-12T11:17:01.327Z
0.6388013;open;2021-11-12T11:12:00Z;405;229;0;634;634;18494[Konrad-Adenauer-Straße];2021-11-12T11:17:01.327Z
0.73333335;open;2021-11-12T11:27:00Z;110;40;200;350;150;24276[Turmcenter];2021-11-12T11:32:02.597Z
0.67076164;open;2021-11-12T11:27:00Z;273;134;0;407;407;18944[Alte Oper];2021-11-12T11:32:02.597Z
0.25;open;2021-11-12T11:27:00Z;91;273;0;364;364;24281[Hauptbahnhof Süd];2021-11-12T11:32:02.597Z
0.69715697;open;2021-11-12T11:27:00Z;564;245;0;809;809;24279[Konstabler];2021-11-12T11:32:02.597Z
0.9953052;open;2021-11-12T11:27:00Z;424;2;0;426;426;18497[Hauptwache];2021-11-12T11:32:02.597Z
0.7735294;open;2021-11-12T11:27:00Z;526;154;0;680;680;18495[Am Gericht];2021-11-12T11:32:02.597Z
0.30580357;open;2021-11-12T11:27:00Z;274;622;70;966;896;109240[MyZeil];2021-11-12T11:32:02.597Z
0.6435331;open;2021-11-12T11:27:00Z;408;226;0;634;634;18494[Konrad-Adenauer-Straße];2021-11-12T11:32:02.597Z
0.6933333;open;2021-11-12T11:42:00Z;104;46;200;350;150;24276[Turmcenter];2021-11-12T11:47:02.254Z
0.6830467;open;2021-11-12T11:42:00Z;278;129;0;407;407;18944[Alte Oper];2021-11-12T11:47:02.254Z
0.21978022;open;2021-11-12T11:42:00Z;80;284;0;364;364;24281[Hauptbahnhof Süd];2021-11-12T11:47:02.254Z
0.7144623;open;2021-11-12T11:42:00Z;578;231;0;809;809;24279[Konstabler];2021-11-12T11:47:02.254Z
1;open;2021-11-12T11:42:00Z;426;0;0;426;426;18497[Hauptwache];2021-11-12T11:47:02.254Z
0.7617647;open;2021-11-12T11:42:00Z;518;162;0;680;680;18495[Am Gericht];2021-11-12T11:47:02.254Z
0.3002232;open;2021-11-12T11:42:00Z;269;627;70;966;896;109240[MyZeil];2021-11-12T11:47:02.254Z
0.64195585;open;2021-11-12T11:42:00Z;407;227;0;634;634;18494[Konrad-Adenauer-Straße];2021-11-12T11:47:02.254Z
0.70666665;open;2021-11-12T11:52:00Z;106;44;200;350;150;24276[Turmcenter];2021-11-12T11:57:01.486Z
0.6830467;open;2021-11-12T11:52:00Z;278;129;0;407;407;18944[Alte Oper];2021-11-12T11:57:01.486Z
0.20879121;open;2021-11-12T11:52:00Z;76;288;0;364;364;24281[Hauptbahnhof Süd];2021-11-12T11:57:01.486Z
0.7156984;open;2021-11-12T11:52:00Z;579;230;0;809;809;24279[Konstabler];2021-11-12T11:57:01.486Z
1;open;2021-11-12T11:52:00Z;426;0;0;426;426;18497[Hauptwache];2021-11-12T11:57:01.486Z
0.7632353;open;2021-11-12T11:52:00Z;519;161;0;680;680;18495[Am Gericht];2021-11-12T11:57:01.486Z
0.30245537;open;2021-11-12T11:52:00Z;271;625;70;966;896;109240[MyZeil];2021-11-12T11:57:01.486Z
0.65457416;open;2021-11-12T11:52:00Z;415;219;0;634;634;18494[Konrad-Adenauer-Straße];2021-11-12T11:57:01.486Z
0.64;open;2021-11-12T12:32:00Z;96;54;200;350;150;24276[Turmcenter];2021-11-12T12:37:01.450Z
0.6904177;open;2021-11-12T12:32:00Z;281;126;0;407;407;18944[Alte Oper];2021-11-12T12:37:01.450Z
0.16758242;open;2021-11-12T12:32:00Z;61;303;0;364;364;24281[Hauptbahnhof Süd];2021-11-12T12:37:01.450Z
0.71940666;open;2021-11-12T12:32:00Z;582;227;0;809;809;24279[Konstabler];2021-11-12T12:37:01.450Z
0.9953052;open;2021-11-12T12:32:00Z;424;2;0;426;426;18497[Hauptwache];2021-11-12T12:37:01.450Z
0.7647059;open;2021-11-12T12:32:00Z;520;160;0;680;680;18495[Am Gericht];2021-11-12T12:37:01.450Z
0.31361607;open;2021-11-12T12:32:00Z;281;615;70;966;896;109240[MyZeil];2021-11-12T12:37:01.450Z
0.64984226;open;2021-11-12T12:32:00Z;412;222;0;634;634;18494[Konrad-Adenauer-Straße];2021-11-12T12:37:01.450Z
0.64666665;open;2021-11-12T13:02:00Z;97;53;200;350;150;24276[Turmcenter];2021-11-12T13:07:00.043Z
0.6560196;open;2021-11-12T13:02:00Z;267;140;0;407;407;18944[Alte Oper];2021-11-12T13:07:00.043Z
0.16758242;open;2021-11-12T13:02:00Z;61;303;0;364;364;24281[Hauptbahnhof Süd];2021-11-12T13:07:00.043Z
0.736712;open;2021-11-12T13:02:00Z;596;213;0;809;809;24279[Konstabler];2021-11-12T13:07:00.043Z
0.9976526;open;2021-11-12T13:02:00Z;425;1;0;426;426;18497[Hauptwache];2021-11-12T13:07:00.043Z
0.75;open;2021-11-12T13:02:00Z;510;170;0;680;680;18495[Am Gericht];2021-11-12T13:07:00.043Z
0.30691963;open;2021-11-12T13:02:00Z;275;621;70;966;896;109240[MyZeil];2021-11-12T13:07:00.043Z
0.6324921;open;2021-11-12T13:02:00Z;401;233;0;634;634;18494[Konrad-Adenauer-Straße];2021-11-12T13:07:00.043Z
0.64;open;2021-11-12T13:33:00Z;96;54;200;350;150;24276[Turmcenter];2021-11-12T13:37:01.047Z
0.6142506;open;2021-11-12T13:33:00Z;250;157;0;407;407;18944[Alte Oper];2021-11-12T13:37:01.047Z
0.13461539;open;2021-11-12T13:33:00Z;49;315;0;364;364;24281[Hauptbahnhof Süd];2021-11-12T13:37:01.047Z
0.72311497;open;2021-11-12T13:33:00Z;585;224;0;809;809;24279[Konstabler];2021-11-12T13:37:01.047Z
0.97887325;open;2021-11-12T13:33:00Z;417;9;0;426;426;18497[Hauptwache];2021-11-12T13:37:01.047Z
0.725;open;2021-11-12T13:33:00Z;493;187;0;680;680;18495[Am Gericht];2021-11-12T13:37:01.047Z
0.3236607;open;2021-11-12T13:33:00Z;290;606;70;966;896;109240[MyZeil];2021-11-12T13:37:01.047Z
0.6435331;open;2021-11-12T13:33:00Z;408;226;0;634;634;18494[Konrad-Adenauer-Straße];2021-11-12T13:37:01.047Z
0.5733333;open;2021-11-12T13:43:00Z;86;64;200;350;150;24276[Turmcenter];2021-11-12T13:47:00.071Z
0.6142506;open;2021-11-12T13:43:00Z;250;157;0;407;407;18944[Alte Oper];2021-11-12T13:47:00.071Z
0.13186814;open;2021-11-12T13:43:00Z;48;316;0;364;364;24281[Hauptbahnhof Süd];2021-11-12T13:47:00.071Z
0.7354759;open;2021-11-12T13:43:00Z;595;214;0;809;809;24279[Konstabler];2021-11-12T13:47:00.071Z
0.9835681;open;2021-11-12T13:43:00Z;419;7;0;426;426;18497[Hauptwache];2021-11-12T13:47:00.071Z
0.71617645;open;2021-11-12T13:43:00Z;487;193;0;680;680;18495[Am Gericht];2021-11-12T13:47:00.071Z
0.328125;open;2021-11-12T13:43:00Z;294;602;70;966;896;109240[MyZeil];2021-11-12T13:47:00.071Z
0.6356467;open;2021-11-12T13:43:00Z;403;231;0;634;634;18494[Konrad-Adenauer-Straße];2021-11-12T13:47:00.071Z
0.56666666;open;2021-11-12T13:53:00Z;85;65;200;350;150;24276[Turmcenter];2021-11-12T13:57:02.240Z
0.5896806;open;2021-11-12T13:53:00Z;240;167;0;407;407;18944[Alte Oper];2021-11-12T13:57:02.240Z
0.12087912;open;2021-11-12T13:53:00Z;44;320;0;364;364;24281[Hauptbahnhof Süd];2021-11-12T13:57:02.240Z
0.7404203;open;2021-11-12T13:53:00Z;599;210;0;809;809;24279[Konstabler];2021-11-12T13:57:02.240Z
0.9882629;open;2021-11-12T13:53:00Z;421;5;0;426;426;18497[Hauptwache];2021-11-12T13:57:02.240Z
0.7088235;open;2021-11-12T13:53:00Z;482;198;0;680;680;18495[Am Gericht];2021-11-12T13:57:02.240Z
0.3325893;open;2021-11-12T13:53:00Z;298;598;70;966;896;109240[MyZeil];2021-11-12T13:57:02.240Z
0.63722396;open;2021-11-12T13:53:00Z;404;230;0;634;634;18494[Konrad-Adenauer-Straße];2021-11-12T13:57:02.240Z
0.52666664;open;2021-11-12T14:18:00Z;79;71;200;350;150;24276[Turmcenter];2021-11-12T14:22:00.619Z
0.5896806;open;2021-11-12T14:18:00Z;240;167;0;407;407;18944[Alte Oper];2021-11-12T14:22:00.619Z
0.10714286;open;2021-11-12T14:18:00Z;39;325;0;364;364;24281[Hauptbahnhof Süd];2021-11-12T14:22:00.619Z
0.7156984;open;2021-11-12T14:18:00Z;579;230;0;809;809;24279[Konstabler];2021-11-12T14:22:00.619Z
0.97652584;open;2021-11-12T14:18:00Z;416;10;0;426;426;18497[Hauptwache];2021-11-12T14:22:00.619Z
0.6867647;open;2021-11-12T14:18:00Z;467;213;0;680;680;18495[Am Gericht];2021-11-12T14:22:00.619Z
0.3359375;open;2021-11-12T14:18:00Z;301;595;70;966;896;109240[MyZeil];2021-11-12T14:22:00.619Z
0.6324921;open;2021-11-12T14:18:00Z;401;233;0;634;634;18494[Konrad-Adenauer-Straße];2021-11-12T14:22:00.619Z
0.54;open;2021-11-12T14:29:00Z;81;69;200;350;150;24276[Turmcenter];2021-11-12T14:32:01.924Z
0.5823096;open;2021-11-12T14:29:00Z;237;170;0;407;407;18944[Alte Oper];2021-11-12T14:32:01.924Z
0.09615385;open;2021-11-12T14:29:00Z;35;329;0;364;364;24281[Hauptbahnhof Süd];2021-11-12T14:32:01.924Z
0.7132262;open;2021-11-12T14:29:00Z;577;232;0;809;809;24279[Konstabler];2021-11-12T14:32:01.924Z
0.97417843;open;2021-11-12T14:29:00Z;415;11;0;426;426;18497[Hauptwache];2021-11-12T14:32:01.924Z
0.6838235;open;2021-11-12T14:29:00Z;465;215;0;680;680;18495[Am Gericht];2021-11-12T14:32:01.924Z
0.32700893;open;2021-11-12T14:29:00Z;293;603;70;966;896;109240[MyZeil];2021-11-12T14:32:01.924Z
0.6356467;open;2021-11-12T14:29:00Z;403;231;0;634;634;18494[Konrad-Adenauer-Straße];2021-11-12T14:32:01.924Z
0.53333336;open;2021-11-12T14:49:00Z;80;70;200;350;150;24276[Turmcenter];2021-11-12T14:52:00.247Z
0.55773956;open;2021-11-12T14:49:00Z;227;180;0;407;407;18944[Alte Oper];2021-11-12T14:52:00.247Z
0.08791209;open;2021-11-12T14:49:00Z;32;332;0;364;364;24281[Hauptbahnhof Süd];2021-11-12T14:52:00.247Z
0.71940666;open;2021-11-12T14:49:00Z;582;227;0;809;809;24279[Konstabler];2021-11-12T14:52:00.247Z
0.9600939;open;2021-11-12T14:49:00Z;409;17;0;426;426;18497[Hauptwache];2021-11-12T14:52:00.247Z
0.65;open;2021-11-12T14:49:00Z;442;238;0;680;680;18495[Am Gericht];2021-11-12T14:52:00.247Z
0.32142857;open;2021-11-12T14:49:00Z;288;608;70;966;896;109240[MyZeil];2021-11-12T14:52:00.247Z
0.6356467;open;2021-11-12T14:49:00Z;403;231;0;634;634;18494[Konrad-Adenauer-Straße];2021-11-12T14:52:00.247Z
0.5133333;open;2021-11-12T14:59:00Z;77;73;200;350;150;24276[Turmcenter];2021-11-12T15:02:02.970Z
0.5331695;open;2021-11-12T14:59:00Z;217;190;0;407;407;18944[Alte Oper];2021-11-12T15:02:02.970Z
0.082417585;open;2021-11-12T14:59:00Z;30;334;0;364;364;24281[Hauptbahnhof Süd];2021-11-12T15:02:02.970Z
0.71940666;open;2021-11-12T14:59:00Z;582;227;0;809;809;24279[Konstabler];2021-11-12T15:02:02.970Z
0.9600939;open;2021-11-12T14:59:00Z;409;17;0;426;426;18497[Hauptwache];2021-11-12T15:02:02.970Z
0.65588236;open;2021-11-12T14:59:00Z;446;234;0;680;680;18495[Am Gericht];2021-11-12T15:02:02.970Z
0.3236607;open;2021-11-12T14:59:00Z;290;606;70;966;896;109240[MyZeil];2021-11-12T15:02:02.970Z
0.6356467;open;2021-11-12T14:59:00Z;403;231;0;634;634;18494[Konrad-Adenauer-Straße];2021-11-12T15:02:02.970Z
0.5133333;open;2021-11-12T15:24:00Z;77;73;200;350;150;24276[Turmcenter];2021-11-12T15:27:01.263Z
0.5135135;open;2021-11-12T15:24:00Z;209;198;0;407;407;18944[Alte Oper];2021-11-12T15:27:01.263Z
0.06593407;open;2021-11-12T15:24:00Z;24;340;0;364;364;24281[Hauptbahnhof Süd];2021-11-12T15:27:01.263Z
0.72311497;open;2021-11-12T15:24:00Z;585;224;0;809;809;24279[Konstabler];2021-11-12T15:27:01.263Z
0.9530516;open;2021-11-12T15:24:00Z;406;20;0;426;426;18497[Hauptwache];2021-11-12T15:27:01.263Z
0.65;open;2021-11-12T15:24:00Z;442;238;0;680;680;18495[Am Gericht];2021-11-12T15:27:01.263Z
0.3169643;open;2021-11-12T15:24:00Z;284;612;70;966;896;109240[MyZeil];2021-11-12T15:27:01.263Z
0.6072555;open;2021-11-12T15:24:00Z;385;249;0;634;634;18494[Konrad-Adenauer-Straße];2021-11-12T15:27:01.263Z
0.50666666;open;2021-11-12T15:44:00Z;76;74;200;350;150;24276[Turmcenter];2021-11-12T15:47:02.874Z
0.47665846;open;2021-11-12T15:44:00Z;194;213;0;407;407;18944[Alte Oper];2021-11-12T15:47:02.874Z
0.06318682;open;2021-11-12T15:44:00Z;23;341;0;364;364;24281[Hauptbahnhof Süd];2021-11-12T15:47:02.874Z
0.72435105;open;2021-11-12T15:44:00Z;586;223;0;809;809;24279[Konstabler];2021-11-12T15:47:02.874Z
0.97183096;open;2021-11-12T15:44:00Z;414;12;0;426;426;18497[Hauptwache];2021-11-12T15:47:02.874Z
0.6573529;open;2021-11-12T15:44:00Z;447;233;0;680;680;18495[Am Gericht];2021-11-12T15:47:02.874Z
0.31026787;open;2021-11-12T15:44:00Z;278;618;70;966;896;109240[MyZeil];2021-11-12T15:47:02.874Z
0.6025237;open;2021-11-12T15:44:00Z;382;252;0;634;634;18494[Konrad-Adenauer-Straße];2021-11-12T15:47:02.874Z
0.5466667;open;2021-11-12T15:59:00Z;82;68;200;350;150;24276[Turmcenter];2021-11-12T16:02:01.592Z
0.46191648;open;2021-11-12T15:59:00Z;188;219;0;407;407;18944[Alte Oper];2021-11-12T16:02:01.592Z
0.057692308;open;2021-11-12T15:59:00Z;21;343;0;364;364;24281[Hauptbahnhof Süd];2021-11-12T16:02:01.592Z
0.7181706;open;2021-11-12T15:59:00Z;581;228;0;809;809;24279[Konstabler];2021-11-12T16:02:01.592Z
0.9953052;open;2021-11-12T15:59:00Z;424;2;0;426;426;18497[Hauptwache];2021-11-12T16:02:01.592Z
0.65294117;open;2021-11-12T15:59:00Z;444;236;0;680;680;18495[Am Gericht];2021-11-12T16:02:01.592Z
0.3247768;open;2021-11-12T15:59:00Z;291;605;70;966;896;109240[MyZeil];2021-11-12T16:02:01.592Z
0.5946372;open;2021-11-12T15:59:00Z;377;257;0;634;634;18494[Konrad-Adenauer-Straße];2021-11-12T16:02:01.592Z
0.56666666;open;2021-11-12T16:30:00Z;85;65;200;350;150;24276[Turmcenter];2021-11-12T16:32:02.268Z
0.44717446;open;2021-11-12T16:30:00Z;182;225;0;407;407;18944[Alte Oper];2021-11-12T16:32:02.268Z
0.043956045;open;2021-11-12T16:30:00Z;16;348;0;364;364;24281[Hauptbahnhof Süd];2021-11-12T16:32:02.268Z
0.71075404;open;2021-11-12T16:30:00Z;575;234;0;809;809;24279[Konstabler];2021-11-12T16:32:02.268Z
0.96478873;open;2021-11-12T16:30:00Z;411;15;0;426;426;18497[Hauptwache];2021-11-12T16:32:02.268Z
0.6338235;open;2021-11-12T16:30:00Z;431;249;0;680;680;18495[Am Gericht];2021-11-12T16:32:02.268Z
0.5536278;open;2021-11-12T16:30:00Z;351;283;0;634;634;18494[Konrad-Adenauer-Straße];2021-11-12T16:32:02.268Z
0.56;open;2021-11-12T17:05:00Z;84;66;200;350;150;24276[Turmcenter];2021-11-12T17:07:02.860Z
0.44963145;open;2021-11-12T17:05:00Z;183;224;0;407;407;18944[Alte Oper];2021-11-12T17:07:02.860Z
0.021978023;open;2021-11-12T17:05:00Z;8;356;0;364;364;24281[Hauptbahnhof Süd];2021-11-12T17:07:02.860Z
0.68355995;open;2021-11-12T17:05:00Z;553;256;0;809;809;24279[Konstabler];2021-11-12T17:07:02.860Z
0.8873239;open;2021-11-12T17:05:00Z;378;48;0;426;426;18497[Hauptwache];2021-11-12T17:07:02.860Z
0.6308824;open;2021-11-12T17:05:00Z;429;251;0;680;680;18495[Am Gericht];2021-11-12T17:07:02.860Z
0.30357143;open;2021-11-12T17:05:00Z;272;624;70;966;896;109240[MyZeil];2021-11-12T17:07:02.860Z
0.5488959;open;2021-11-12T17:05:00Z;348;286;0;634;634;18494[Konrad-Adenauer-Straße];2021-11-12T17:07:02.860Z
0.515;open;2021-11-12T17:51:00Z;103;97;150;350;200;24276[Turmcenter];2021-11-12T17:52:01.202Z
0.4864865;open;2021-11-12T17:51:00Z;198;209;0;407;407;18944[Alte Oper];2021-11-12T17:52:01.202Z
0.0054945056;open;2021-11-12T17:51:00Z;2;362;0;364;364;24281[Hauptbahnhof Süd];2021-11-12T17:52:01.202Z
0.6674907;open;2021-11-12T17:51:00Z;540;269;0;809;809;24279[Konstabler];2021-11-12T17:52:01.202Z
0.91079813;open;2021-11-12T17:51:00Z;388;38;0;426;426;18497[Hauptwache];2021-11-12T17:52:01.202Z
0.61764705;open;2021-11-12T17:51:00Z;420;260;0;680;680;18495[Am Gericht];2021-11-12T17:52:01.202Z
0.28348213;open;2021-11-12T17:51:00Z;254;642;70;966;896;109240[MyZeil];2021-11-12T17:52:01.202Z
0.59305996;open;2021-11-12T17:51:00Z;376;258;0;634;634;18494[Konrad-Adenauer-Straße];2021-11-12T17:52:01.202Z
0.455;open;2021-11-12T18:01:00Z;91;109;150;350;200;24276[Turmcenter];2021-11-12T18:02:00.435Z
0.4889435;open;2021-11-12T18:01:00Z;199;208;0;407;407;18944[Alte Oper];2021-11-12T18:02:00.435Z
0.0054945056;open;2021-11-12T18:01:00Z;2;362;0;364;364;24281[Hauptbahnhof Süd];2021-11-12T18:02:00.435Z
0.67985165;open;2021-11-12T18:01:00Z;550;259;0;809;809;24279[Konstabler];2021-11-12T18:02:00.435Z
0.8896714;open;2021-11-12T18:01:00Z;379;47;0;426;426;18497[Hauptwache];2021-11-12T18:02:00.435Z
0.6279412;open;2021-11-12T18:01:00Z;427;253;0;680;680;18495[Am Gericht];2021-11-12T18:02:00.435Z
0.28794643;open;2021-11-12T18:01:00Z;258;638;70;966;896;109240[MyZeil];2021-11-12T18:02:00.435Z
0.60094637;open;2021-11-12T18:01:00Z;381;253;0;634;634;18494[Konrad-Adenauer-Straße];2021-11-12T18:02:00.435Z
0.575;open;2021-11-12T18:42:00Z;115;85;150;350;200;24276[Turmcenter];2021-11-12T18:47:00.619Z
0.53071254;open;2021-11-12T18:42:00Z;216;191;0;407;407;18944[Alte Oper];2021-11-12T18:47:00.619Z
0.0027472528;open;2021-11-12T18:42:00Z;1;363;0;364;364;24281[Hauptbahnhof Süd];2021-11-12T18:47:00.619Z
0.72929543;open;2021-11-12T18:42:00Z;590;219;0;809;809;24279[Konstabler];2021-11-12T18:47:00.619Z
0.87558687;open;2021-11-12T18:42:00Z;373;53;0;426;426;18497[Hauptwache];2021-11-12T18:47:00.619Z
0.6073529;open;2021-11-12T18:42:00Z;413;267;0;680;680;18495[Am Gericht];2021-11-12T18:47:00.619Z
0.27232143;open;2021-11-12T18:42:00Z;244;652;70;966;896;109240[MyZeil];2021-11-12T18:47:00.619Z
0.5867508;open;2021-11-12T18:42:00Z;372;262;0;634;634;18494[Konrad-Adenauer-Straße];2021-11-12T18:47:00.619Z
0.625;open;2021-11-12T18:52:00Z;125;75;150;350;200;24276[Turmcenter];2021-11-12T18:57:01.743Z
0.52334154;open;2021-11-12T18:52:00Z;213;194;0;407;407;18944[Alte Oper];2021-11-12T18:57:01.743Z
0.0027472528;open;2021-11-12T18:52:00Z;1;363;0;364;364;24281[Hauptbahnhof Süd];2021-11-12T18:57:01.743Z
0.7218789;open;2021-11-12T18:52:00Z;584;225;0;809;809;24279[Konstabler];2021-11-12T18:57:01.743Z
0.8920188;open;2021-11-12T18:52:00Z;380;46;0;426;426;18497[Hauptwache];2021-11-12T18:57:01.743Z
0.61470586;open;2021-11-12T18:52:00Z;418;262;0;680;680;18495[Am Gericht];2021-11-12T18:57:01.743Z
0.25892857;open;2021-11-12T18:52:00Z;232;664;70;966;896;109240[MyZeil];2021-11-12T18:57:01.743Z
0.59305996;open;2021-11-12T18:52:00Z;376;258;0;634;634;18494[Konrad-Adenauer-Straße];2021-11-12T18:57:01.743Z
0.62;open;2021-11-12T19:12:00Z;124;76;150;350;200;24276[Turmcenter];2021-11-12T19:17:00.900Z
0.5110565;open;2021-11-12T19:12:00Z;208;199;0;407;407;18944[Alte Oper];2021-11-12T19:17:00.900Z
0.010989011;open;2021-11-12T19:12:00Z;4;360;0;364;364;24281[Hauptbahnhof Süd];2021-11-12T19:17:00.900Z
0.72435105;open;2021-11-12T19:12:00Z;586;223;0;809;809;24279[Konstabler];2021-11-12T19:17:00.900Z
0.8896714;open;2021-11-12T19:12:00Z;379;47;0;426;426;18497[Hauptwache];2021-11-12T19:17:00.900Z
0.6044118;open;2021-11-12T19:12:00Z;411;269;0;680;680;18495[Am Gericht];2021-11-12T19:17:00.900Z
0.25;open;2021-11-12T19:12:00Z;224;672;70;966;896;109240[MyZeil];2021-11-12T19:17:00.900Z
0.59305996;open;2021-11-12T19:12:00Z;376;258;0;634;634;18494[Konrad-Adenauer-Straße];2021-11-12T19:17:00.900Z
0.605;open;2021-11-12T19:27:00Z;121;79;150;350;200;24276[Turmcenter];2021-11-12T19:32:02.203Z
0.5061425;open;2021-11-12T19:27:00Z;206;201;0;407;407;18944[Alte Oper];2021-11-12T19:32:02.203Z
0.010989011;open;2021-11-12T19:27:00Z;4;360;0;364;364;24281[Hauptbahnhof Süd];2021-11-12T19:32:02.203Z
0.7317676;open;2021-11-12T19:27:00Z;592;217;0;809;809;24279[Konstabler];2021-11-12T19:32:02.203Z
0.8873239;open;2021-11-12T19:27:00Z;378;48;0;426;426;18497[Hauptwache];2021-11-12T19:32:02.203Z
0.6044118;open;2021-11-12T19:27:00Z;411;269;0;680;680;18495[Am Gericht];2021-11-12T19:32:02.203Z
0.23995535;open;2021-11-12T19:27:00Z;215;681;70;966;896;109240[MyZeil];2021-11-12T19:32:02.203Z
0.59621453;open;2021-11-12T19:27:00Z;378;256;0;634;634;18494[Konrad-Adenauer-Straße];2021-11-12T19:32:02.203Z
0.6;open;2021-11-12T19:37:00Z;120;80;150;350;200;24276[Turmcenter];2021-11-12T19:42:00.203Z
0.4963145;open;2021-11-12T19:37:00Z;202;205;0;407;407;18944[Alte Oper];2021-11-12T19:42:00.203Z
0.013736264;open;2021-11-12T19:37:00Z;5;359;0;364;364;24281[Hauptbahnhof Süd];2021-11-12T19:42:00.203Z
0.7391842;open;2021-11-12T19:37:00Z;598;211;0;809;809;24279[Konstabler];2021-11-12T19:42:00.203Z
0.85680753;open;2021-11-12T19:37:00Z;365;61;0;426;426;18497[Hauptwache];2021-11-12T19:42:00.203Z
0.60294116;open;2021-11-12T19:37:00Z;410;270;0;680;680;18495[Am Gericht];2021-11-12T19:42:00.203Z
0.23660715;open;2021-11-12T19:37:00Z;212;684;70;966;896;109240[MyZeil];2021-11-12T19:42:00.203Z
0.5899054;open;2021-11-12T19:37:00Z;374;260;0;634;634;18494[Konrad-Adenauer-Straße];2021-11-12T19:42:00.203Z
0.585;open;2021-11-12T19:47:00Z;117;83;150;350;200;24276[Turmcenter];2021-11-12T19:52:00.866Z
0.4864865;open;2021-11-12T19:47:00Z;198;209;0;407;407;18944[Alte Oper];2021-11-12T19:52:00.866Z
0.010989011;open;2021-11-12T19:47:00Z;4;360;0;364;364;24281[Hauptbahnhof Süd];2021-11-12T19:52:00.866Z
0.73300374;open;2021-11-12T19:47:00Z;593;216;0;809;809;24279[Konstabler];2021-11-12T19:52:00.866Z
0.86619717;open;2021-11-12T19:47:00Z;369;57;0;426;426;18497[Hauptwache];2021-11-12T19:52:00.866Z
0.6044118;open;2021-11-12T19:47:00Z;411;269;0;680;680;18495[Am Gericht];2021-11-12T19:52:00.866Z
0.234375;open;2021-11-12T19:47:00Z;210;686;70;966;896;109240[MyZeil];2021-11-12T19:52:00.866Z
0.58832806;open;2021-11-12T19:47:00Z;373;261;0;634;634;18494[Konrad-Adenauer-Straße];2021-11-12T19:52:00.866Z
0.545;open;2021-11-12T20:18:00Z;109;91;150;350;200;24276[Turmcenter];2021-11-12T20:22:02.033Z
0.46437347;open;2021-11-12T20:18:00Z;189;218;0;407;407;18944[Alte Oper];2021-11-12T20:22:02.033Z
0.008241759;open;2021-11-12T20:18:00Z;3;361;0;364;364;24281[Hauptbahnhof Süd];2021-11-12T20:22:02.033Z
0.7119901;open;2021-11-12T20:18:00Z;576;233;0;809;809;24279[Konstabler];2021-11-12T20:22:02.033Z
0.81924886;open;2021-11-12T20:18:00Z;349;77;0;426;426;18497[Hauptwache];2021-11-12T20:22:02.033Z
0.57941175;open;2021-11-12T20:18:00Z;394;286;0;680;680;18495[Am Gericht];2021-11-12T20:22:02.033Z
0.22433035;open;2021-11-12T20:18:00Z;201;695;70;966;896;109240[MyZeil];2021-11-12T20:22:02.033Z
0.5867508;open;2021-11-12T20:18:00Z;372;262;0;634;634;18494[Konrad-Adenauer-Straße];2021-11-12T20:22:02.033Z
0.535;open;2021-11-12T20:33:00Z;107;93;150;350;200;24276[Turmcenter];2021-11-12T20:37:02.346Z
0.45208845;open;2021-11-12T20:33:00Z;184;223;0;407;407;18944[Alte Oper];2021-11-12T20:37:02.346Z
0.010989011;open;2021-11-12T20:33:00Z;4;360;0;364;364;24281[Hauptbahnhof Süd];2021-11-12T20:37:02.346Z
0.6773795;open;2021-11-12T20:33:00Z;548;261;0;809;809;24279[Konstabler];2021-11-12T20:37:02.346Z
0.814554;open;2021-11-12T20:33:00Z;347;79;0;426;426;18497[Hauptwache];2021-11-12T20:37:02.346Z
0.55;open;2021-11-12T20:33:00Z;374;306;0;680;680;18495[Am Gericht];2021-11-12T20:37:02.346Z
0.22209822;open;2021-11-12T20:33:00Z;199;697;70;966;896;109240[MyZeil];2021-11-12T20:37:02.346Z
0.58044165;open;2021-11-12T20:33:00Z;368;266;0;634;634;18494[Konrad-Adenauer-Straße];2021-11-12T20:37:02.346Z
0.5;open;2021-11-12T20:48:00Z;100;100;150;350;200;24276[Turmcenter];2021-11-12T20:52:00.782Z
0.44226044;open;2021-11-12T20:48:00Z;180;227;0;407;407;18944[Alte Oper];2021-11-12T20:52:00.782Z
0.008241759;open;2021-11-12T20:48:00Z;3;361;0;364;364;24281[Hauptbahnhof Süd];2021-11-12T20:52:00.782Z
0.6563659;open;2021-11-12T20:48:00Z;531;278;0;809;809;24279[Konstabler];2021-11-12T20:52:00.782Z
0.80985916;open;2021-11-12T20:48:00Z;345;81;0;426;426;18497[Hauptwache];2021-11-12T20:52:00.782Z
0.5382353;open;2021-11-12T20:48:00Z;366;314;0;680;680;18495[Am Gericht];2021-11-12T20:52:00.782Z
0.21986607;open;2021-11-12T20:48:00Z;197;699;70;966;896;109240[MyZeil];2021-11-12T20:52:00.782Z
0.56782335;open;2021-11-12T20:48:00Z;360;274;0;634;634;18494[Konrad-Adenauer-Straße];2021-11-12T20:52:00.782Z
0.495;open;2021-11-12T20:59:00Z;99;101;150;350;200;24276[Turmcenter];2021-11-12T21:02:01.356Z
0.43243244;open;2021-11-12T20:59:00Z;176;231;0;407;407;18944[Alte Oper];2021-11-12T21:02:01.356Z
0.008241759;open;2021-11-12T20:59:00Z;3;361;0;364;364;24281[Hauptbahnhof Süd];2021-11-12T21:02:01.356Z
0.6415328;open;2021-11-12T20:59:00Z;519;290;0;809;809;24279[Konstabler];2021-11-12T21:02:01.356Z
0.7934272;open;2021-11-12T20:59:00Z;338;88;0;426;426;18497[Hauptwache];2021-11-12T21:02:01.356Z
0.5367647;open;2021-11-12T20:59:00Z;365;315;0;680;680;18495[Am Gericht];2021-11-12T21:02:01.356Z
0.21651785;open;2021-11-12T20:59:00Z;194;702;70;966;896;109240[MyZeil];2021-11-12T21:02:01.356Z
0.5536278;open;2021-11-12T20:59:00Z;351;283;0;634;634;18494[Konrad-Adenauer-Straße];2021-11-12T21:02:01.356Z
0.46;open;2021-11-12T21:19:00Z;92;108;150;350;200;24276[Turmcenter];2021-11-12T21:22:02.751Z
0.4004914;open;2021-11-12T21:19:00Z;163;244;0;407;407;18944[Alte Oper];2021-11-12T21:22:02.751Z
0.0027472528;open;2021-11-12T21:19:00Z;1;363;0;364;364;24281[Hauptbahnhof Süd];2021-11-12T21:22:02.751Z
0.62422746;open;2021-11-12T21:19:00Z;505;304;0;809;809;24279[Konstabler];2021-11-12T21:22:02.751Z
0.7629108;open;2021-11-12T21:19:00Z;325;101;0;426;426;18497[Hauptwache];2021-11-12T21:22:02.751Z
0.5294118;open;2021-11-12T21:19:00Z;360;320;0;680;680;18495[Am Gericht];2021-11-12T21:22:02.751Z
0.21651785;open;2021-11-12T21:19:00Z;194;702;70;966;896;109240[MyZeil];2021-11-12T21:22:02.751Z
0.5488959;open;2021-11-12T21:19:00Z;348;286;0;634;634;18494[Konrad-Adenauer-Straße];2021-11-12T21:22:02.751Z
0.46;open;2021-11-12T21:29:00Z;92;108;150;350;200;24276[Turmcenter];2021-11-12T21:32:00.167Z
0.3906634;open;2021-11-12T21:29:00Z;159;248;0;407;407;18944[Alte Oper];2021-11-12T21:32:00.167Z
0;open;2021-11-12T21:29:00Z;0;364;0;364;364;24281[Hauptbahnhof Süd];2021-11-12T21:32:00.167Z
0.60321385;open;2021-11-12T21:29:00Z;488;321;0;809;809;24279[Konstabler];2021-11-12T21:32:00.167Z
0.76760566;open;2021-11-12T21:29:00Z;327;99;0;426;426;18497[Hauptwache];2021-11-12T21:32:00.167Z
0.5176471;open;2021-11-12T21:29:00Z;352;328;0;680;680;18495[Am Gericht];2021-11-12T21:32:00.167Z
0.21316965;open;2021-11-12T21:29:00Z;191;705;70;966;896;109240[MyZeil];2021-11-12T21:32:00.167Z
0.54416406;open;2021-11-12T21:29:00Z;345;289;0;634;634;18494[Konrad-Adenauer-Straße];2021-11-12T21:32:00.167Z
0.385;open;2021-11-12T21:44:00Z;77;123;150;350;200;24276[Turmcenter];2021-11-12T21:47:00.037Z
0.37346438;open;2021-11-12T21:44:00Z;152;255;0;407;407;18944[Alte Oper];2021-11-12T21:47:00.037Z
0;open;2021-11-12T21:44:00Z;0;364;0;364;364;24281[Hauptbahnhof Süd];2021-11-12T21:47:00.037Z
0.5723115;open;2021-11-12T21:44:00Z;463;346;0;809;809;24279[Konstabler];2021-11-12T21:47:00.037Z
0.7652582;open;2021-11-12T21:44:00Z;326;100;0;426;426;18497[Hauptwache];2021-11-12T21:47:00.037Z
0.50735295;open;2021-11-12T21:44:00Z;345;335;0;680;680;18495[Am Gericht];2021-11-12T21:47:00.037Z
0.20535715;open;2021-11-12T21:44:00Z;184;712;70;966;896;109240[MyZeil];2021-11-12T21:47:00.037Z
0.53470033;open;2021-11-12T21:44:00Z;339;295;0;634;634;18494[Konrad-Adenauer-Straße];2021-11-12T21:47:00.037Z
0.315;open;2021-11-12T22:00:00Z;63;137;150;350;200;24276[Turmcenter];2021-11-12T22:02:00.257Z
0.33906633;open;2021-11-12T22:00:00Z;138;269;0;407;407;18944[Alte Oper];2021-11-12T22:02:00.257Z
0;open;2021-11-12T22:00:00Z;0;364;0;364;364;24281[Hauptbahnhof Süd];2021-11-12T22:02:00.257Z
0.53522867;open;2021-11-12T22:00:00Z;433;376;0;809;809;24279[Konstabler];2021-11-12T22:02:00.257Z
0.75586855;open;2021-11-12T22:00:00Z;322;104;0;426;426;18497[Hauptwache];2021-11-12T22:02:00.257Z
0.5029412;open;2021-11-12T22:00:00Z;342;338;0;680;680;18495[Am Gericht];2021-11-12T22:02:00.257Z
0.19642857;open;2021-11-12T22:00:00Z;176;720;70;966;896;109240[MyZeil];2021-11-12T22:02:00.257Z
0.53154576;open;2021-11-12T22:00:00Z;337;297;0;634;634;18494[Konrad-Adenauer-Straße];2021-11-12T22:02:00.257Z
0.16;open;2021-11-12T22:25:00Z;32;168;150;350;200;24276[Turmcenter];2021-11-12T22:27:01.340Z
0.3243243;open;2021-11-12T22:25:00Z;132;275;0;407;407;18944[Alte Oper];2021-11-12T22:27:01.340Z
0.0027472528;open;2021-11-12T22:25:00Z;1;363;0;364;364;24281[Hauptbahnhof Süd];2021-11-12T22:27:01.340Z
0.5018541;open;2021-11-12T22:25:00Z;406;403;0;809;809;24279[Konstabler];2021-11-12T22:27:01.340Z
0.73239434;open;2021-11-12T22:25:00Z;312;114;0;426;426;18497[Hauptwache];2021-11-12T22:27:01.340Z
0.49411765;open;2021-11-12T22:25:00Z;336;344;0;680;680;18495[Am Gericht];2021-11-12T22:27:01.340Z
0.18303572;open;2021-11-12T22:25:00Z;164;732;70;966;896;109240[MyZeil];2021-11-12T22:27:01.340Z
0.52681386;open;2021-11-12T22:25:00Z;334;300;0;634;634;18494[Konrad-Adenauer-Straße];2021-11-12T22:27:01.340Z
0.14;open;2021-11-12T22:41:00Z;28;172;150;350;200;24276[Turmcenter];2021-11-12T22:42:02.414Z
0.30958232;open;2021-11-12T22:41:00Z;126;281;0;407;407;18944[Alte Oper];2021-11-12T22:42:02.414Z
0;open;2021-11-12T22:41:00Z;0;364;0;364;364;24281[Hauptbahnhof Süd];2021-11-12T22:42:02.414Z
0.4932015;open;2021-11-12T22:41:00Z;399;410;0;809;809;24279[Konstabler];2021-11-12T22:42:02.414Z
0.7112676;open;2021-11-12T22:41:00Z;303;123;0;426;426;18497[Hauptwache];2021-11-12T22:42:02.414Z
0.4867647;open;2021-11-12T22:41:00Z;331;349;0;680;680;18495[Am Gericht];2021-11-12T22:42:02.414Z
0.18191965;open;2021-11-12T22:41:00Z;163;733;70;966;896;109240[MyZeil];2021-11-12T22:42:02.414Z
0.52996844;open;2021-11-12T22:41:00Z;336;298;0;634;634;18494[Konrad-Adenauer-Straße];2021-11-12T22:42:02.414Z
0.125;open;2021-11-12T22:46:00Z;25;175;150;350;200;24276[Turmcenter];2021-11-12T22:47:01.039Z
0.2972973;open;2021-11-12T22:46:00Z;121;286;0;407;407;18944[Alte Oper];2021-11-12T22:47:01.039Z
0;open;2021-11-12T22:46:00Z;0;364;0;364;364;24281[Hauptbahnhof Süd];2021-11-12T22:47:01.039Z
0.487021;open;2021-11-12T22:46:00Z;394;415;0;809;809;24279[Konstabler];2021-11-12T22:47:01.039Z
0.713615;open;2021-11-12T22:46:00Z;304;122;0;426;426;18497[Hauptwache];2021-11-12T22:47:01.039Z
0.4867647;open;2021-11-12T22:46:00Z;331;349;0;680;680;18495[Am Gericht];2021-11-12T22:47:01.039Z
0.18191965;open;2021-11-12T22:46:00Z;163;733;70;966;896;109240[MyZeil];2021-11-12T22:47:01.039Z
0.5252366;open;2021-11-12T22:46:00Z;333;301;0;634;634;18494[Konrad-Adenauer-Straße];2021-11-12T22:47:01.039Z
0.12;open;2021-11-12T22:56:00Z;24;176;150;350;200;24276[Turmcenter];2021-11-12T23:02:01.096Z
0.2800983;open;2021-11-12T22:56:00Z;114;293;0;407;407;18944[Alte Oper];2021-11-12T23:02:01.096Z
0;open;2021-11-12T22:56:00Z;0;364;0;364;364;24281[Hauptbahnhof Süd];2021-11-12T23:02:01.096Z
0.48331273;open;2021-11-12T22:56:00Z;391;418;0;809;809;24279[Konstabler];2021-11-12T23:02:01.096Z
0.7112676;open;2021-11-12T22:56:00Z;303;123;0;426;426;18497[Hauptwache];2021-11-12T23:02:01.096Z
0.48088235;open;2021-11-12T22:56:00Z;327;353;0;680;680;18495[Am Gericht];2021-11-12T23:02:01.096Z
0.17633928;open;2021-11-12T22:56:00Z;158;738;70;966;896;109240[MyZeil];2021-11-12T23:02:01.096Z
0.51892745;open;2021-11-12T22:56:00Z;329;305;0;634;634;18494[Konrad-Adenauer-Straße];2021-11-12T23:02:01.096Z
0.06;open;2021-11-12T23:22:00Z;12;188;150;350;200;24276[Turmcenter];2021-11-12T23:27:02.585Z
0.23832923;open;2021-11-12T23:22:00Z;97;310;0;407;407;18944[Alte Oper];2021-11-12T23:27:02.585Z
0;open;2021-11-12T23:22:00Z;0;364;0;364;364;24281[Hauptbahnhof Süd];2021-11-12T23:27:02.585Z
0.4684796;open;2021-11-12T23:22:00Z;379;430;0;809;809;24279[Konstabler];2021-11-12T23:27:02.585Z
0.68075114;open;2021-11-12T23:22:00Z;290;136;0;426;426;18497[Hauptwache];2021-11-12T23:27:02.585Z
0;closed;2021-11-12T23:22:00Z;;353;0;0;0;18495[Am Gericht];2021-11-12T23:27:02.585Z
0.15848215;open;2021-11-12T23:22:00Z;142;754;70;966;896;109240[MyZeil];2021-11-12T23:27:02.585Z
0.4984227;open;2021-11-12T23:22:00Z;316;318;0;634;634;18494[Konrad-Adenauer-Straße];2021-11-12T23:27:02.585Z
0.05;open;2021-11-12T23:37:00Z;10;190;150;350;200;24276[Turmcenter];2021-11-12T23:42:01.985Z
0.21621622;open;2021-11-12T23:37:00Z;88;319;0;407;407;18944[Alte Oper];2021-11-12T23:42:01.985Z
0;open;2021-11-12T23:37:00Z;0;364;0;364;364;24281[Hauptbahnhof Süd];2021-11-12T23:42:01.985Z
0.45364648;open;2021-11-12T23:37:00Z;367;442;0;809;809;24279[Konstabler];2021-11-12T23:42:01.985Z
0.67840374;open;2021-11-12T23:37:00Z;289;137;0;426;426;18497[Hauptwache];2021-11-12T23:42:01.985Z
0;closed;2021-11-12T23:37:00Z;;353;0;0;0;18495[Am Gericht];2021-11-12T23:42:01.985Z
0.14732143;open;2021-11-12T23:37:00Z;132;764;70;966;896;109240[MyZeil];2021-11-12T23:42:01.985Z
0.4873817;open;2021-11-12T23:37:00Z;309;325;0;634;634;18494[Konrad-Adenauer-Straße];2021-11-12T23:42:01.985Z
0.05;open;2021-11-12T23:47:00Z;10;190;150;350;200;24276[Turmcenter];2021-11-12T23:52:02.272Z
0.20884521;open;2021-11-12T23:47:00Z;85;322;0;407;407;18944[Alte Oper];2021-11-12T23:52:02.272Z
0;open;2021-11-12T23:47:00Z;0;364;0;364;364;24281[Hauptbahnhof Süd];2021-11-12T23:52:02.272Z
0.4437577;open;2021-11-12T23:47:00Z;359;450;0;809;809;24279[Konstabler];2021-11-12T23:52:02.272Z
0.67840374;open;2021-11-12T23:47:00Z;289;137;0;426;426;18497[Hauptwache];2021-11-12T23:52:02.272Z
0;closed;2021-11-12T23:47:00Z;;353;0;0;0;18495[Am Gericht];2021-11-12T23:52:02.272Z
0.14174107;open;2021-11-12T23:47:00Z;127;769;70;966;896;109240[MyZeil];2021-11-12T23:52:02.272Z
0.48264983;open;2021-11-12T23:47:00Z;306;328;0;634;634;18494[Konrad-Adenauer-Straße];2021-11-12T23:52:02.272Z
0.045;open;2021-11-13T00:07:00Z;9;191;150;350;200;24276[Turmcenter];2021-11-13T00:12:02.972Z
0.1990172;open;2021-11-13T00:07:00Z;81;326;0;407;407;18944[Alte Oper];2021-11-13T00:12:02.972Z
0;open;2021-11-13T00:07:00Z;0;364;0;364;364;24281[Hauptbahnhof Süd];2021-11-13T00:12:02.972Z
0.4301607;open;2021-11-13T00:07:00Z;348;461;0;809;809;24279[Konstabler];2021-11-13T00:12:02.972Z
0.6549296;open;2021-11-13T00:07:00Z;279;147;0;426;426;18497[Hauptwache];2021-11-13T00:12:02.972Z
0;closed;2021-11-13T00:07:00Z;;353;0;0;0;18495[Am Gericht];2021-11-13T00:12:02.972Z
0.14285715;open;2021-11-13T00:07:00Z;128;768;70;966;896;109240[MyZeil];2021-11-13T00:12:02.972Z
0.47949526;open;2021-11-13T00:07:00Z;304;330;0;634;634;18494[Konrad-Adenauer-Straße];2021-11-13T00:12:02.972Z
0.015;open;2021-11-13T01:28:00Z;3;197;150;350;200;24276[Turmcenter];2021-11-13T01:32:01.267Z
0.17444718;open;2021-11-13T01:28:00Z;71;336;0;407;407;18944[Alte Oper];2021-11-13T01:32:01.267Z
0;open;2021-11-13T01:28:00Z;0;364;0;364;364;24281[Hauptbahnhof Süd];2021-11-13T01:32:01.267Z
0.39307788;open;2021-11-13T01:28:00Z;318;491;0;809;809;24279[Konstabler];2021-11-13T01:32:01.267Z
0.59624416;open;2021-11-13T01:28:00Z;254;172;0;426;426;18497[Hauptwache];2021-11-13T01:32:01.267Z
0;closed;2021-11-13T01:28:00Z;;353;0;0;0;18495[Am Gericht];2021-11-13T01:32:01.267Z
0.13950893;open;2021-11-13T01:28:00Z;125;771;70;966;896;109240[MyZeil];2021-11-13T01:32:01.267Z
0.45583597;open;2021-11-13T01:28:00Z;289;345;0;634;634;18494[Konrad-Adenauer-Straße];2021-11-13T01:32:01.267Z
0.005;open;2021-11-13T02:09:00Z;1;199;150;350;200;24276[Turmcenter];2021-11-13T02:12:01.254Z
0.16707617;open;2021-11-13T02:09:00Z;68;339;0;407;407;18944[Alte Oper];2021-11-13T02:12:01.254Z
0;open;2021-11-13T02:09:00Z;0;364;0;364;364;24281[Hauptbahnhof Süd];2021-11-13T02:12:01.254Z
0.37330037;open;2021-11-13T02:09:00Z;302;507;0;809;809;24279[Konstabler];2021-11-13T02:12:01.254Z
0.57042253;open;2021-11-13T02:09:00Z;243;183;0;426;426;18497[Hauptwache];2021-11-13T02:12:01.254Z
0;closed;2021-11-13T02:09:00Z;;353;0;0;0;18495[Am Gericht];2021-11-13T02:12:01.254Z
0.140625;open;2021-11-13T02:09:00Z;126;770;70;966;896;109240[MyZeil];2021-11-13T02:12:01.254Z
0.45583597;open;2021-11-13T02:09:00Z;289;345;0;634;634;18494[Konrad-Adenauer-Straße];2021-11-13T02:12:01.254Z
0.005;open;2021-11-13T02:45:00Z;1;199;150;350;200;24276[Turmcenter];2021-11-13T02:47:00.969Z
0.16216215;open;2021-11-13T02:45:00Z;66;341;0;407;407;18944[Alte Oper];2021-11-13T02:47:00.969Z
0;open;2021-11-13T02:45:00Z;0;364;0;364;364;24281[Hauptbahnhof Süd];2021-11-13T02:47:00.969Z
0.35723114;open;2021-11-13T02:45:00Z;289;520;0;809;809;24279[Konstabler];2021-11-13T02:47:00.969Z
0.5422535;open;2021-11-13T02:45:00Z;231;195;0;426;426;18497[Hauptwache];2021-11-13T02:47:00.969Z
0;closed;2021-11-13T02:45:00Z;;353;0;0;0;18495[Am Gericht];2021-11-13T02:47:00.969Z
0.140625;open;2021-11-13T02:45:00Z;126;770;70;966;896;109240[MyZeil];2021-11-13T02:47:00.969Z
0.44479495;open;2021-11-13T02:45:00Z;282;352;0;634;634;18494[Konrad-Adenauer-Straße];2021-11-13T02:47:00.969Z
0.005;open;2021-11-13T02:55:00Z;1;199;150;350;200;24276[Turmcenter];2021-11-13T02:57:01.526Z
0.16216215;open;2021-11-13T02:55:00Z;66;341;0;407;407;18944[Alte Oper];2021-11-13T02:57:01.526Z
0;open;2021-11-13T02:55:00Z;0;364;0;364;364;24281[Hauptbahnhof Süd];2021-11-13T02:57:01.526Z
0.35599506;open;2021-11-13T02:55:00Z;288;521;0;809;809;24279[Konstabler];2021-11-13T02:57:01.526Z
0.52816904;open;2021-11-13T02:55:00Z;225;201;0;426;426;18497[Hauptwache];2021-11-13T02:57:01.526Z
0;closed;2021-11-13T02:55:00Z;;353;0;0;0;18495[Am Gericht];2021-11-13T02:57:01.526Z
0.140625;open;2021-11-13T02:55:00Z;126;770;70;966;896;109240[MyZeil];2021-11-13T02:57:01.526Z
0.44321766;open;2021-11-13T02:55:00Z;281;353;0;634;634;18494[Konrad-Adenauer-Straße];2021-11-13T02:57:01.526Z
0.005;open;2021-11-13T03:20:00Z;1;199;150;350;200;24276[Turmcenter];2021-11-13T03:22:01.298Z
0.16216215;open;2021-11-13T03:20:00Z;66;341;0;407;407;18944[Alte Oper];2021-11-13T03:22:01.298Z
0;open;2021-11-13T03:20:00Z;0;364;0;364;364;24281[Hauptbahnhof Süd];2021-11-13T03:22:01.298Z
0.34239802;open;2021-11-13T03:20:00Z;277;532;0;809;809;24279[Konstabler];2021-11-13T03:22:01.298Z
0.5164319;open;2021-11-13T03:20:00Z;220;206;0;426;426;18497[Hauptwache];2021-11-13T03:22:01.298Z
0;closed;2021-11-13T03:20:00Z;;;0;0;0;18495[Am Gericht];2021-11-13T03:22:01.298Z
0.4400631;open;2021-11-13T03:20:00Z;279;355;0;634;634;18494[Konrad-Adenauer-Straße];2021-11-13T03:22:01.298Z
0.005;open;2021-11-13T03:40:00Z;1;199;150;350;200;24276[Turmcenter];2021-11-13T03:42:01.239Z
0.15970516;open;2021-11-13T03:40:00Z;65;342;0;407;407;18944[Alte Oper];2021-11-13T03:42:01.239Z
0;open;2021-11-13T03:40:00Z;0;364;0;364;364;24281[Hauptbahnhof Süd];2021-11-13T03:42:01.239Z
0.33868974;open;2021-11-13T03:40:00Z;274;535;0;809;809;24279[Konstabler];2021-11-13T03:42:01.239Z
0.5046948;open;2021-11-13T03:40:00Z;215;211;0;426;426;18497[Hauptwache];2021-11-13T03:42:01.239Z
0;closed;2021-11-13T03:40:00Z;;;0;0;0;18495[Am Gericht];2021-11-13T03:42:01.239Z
0.13839285;open;2021-11-13T03:40:00Z;124;772;70;966;896;109240[MyZeil];2021-11-13T03:42:01.239Z
0.4369085;open;2021-11-13T03:40:00Z;277;357;0;634;634;18494[Konrad-Adenauer-Straße];2021-11-13T03:42:01.239Z
0.01;open;2021-11-13T03:55:00Z;2;198;150;350;200;24276[Turmcenter];2021-11-13T03:57:01.627Z
0.15970516;open;2021-11-13T03:55:00Z;65;342;0;407;407;18944[Alte Oper];2021-11-13T03:57:01.627Z
0;open;2021-11-13T03:55:00Z;0;364;0;364;364;24281[Hauptbahnhof Süd];2021-11-13T03:57:01.627Z
0.33621755;open;2021-11-13T03:55:00Z;272;537;0;809;809;24279[Konstabler];2021-11-13T03:57:01.627Z
0.5023474;open;2021-11-13T03:55:00Z;214;212;0;426;426;18497[Hauptwache];2021-11-13T03:57:01.627Z
0;closed;2021-11-13T03:55:00Z;;;0;0;0;18495[Am Gericht];2021-11-13T03:57:01.627Z
0.43533123;open;2021-11-13T03:55:00Z;276;358;0;634;634;18494[Konrad-Adenauer-Straße];2021-11-13T03:57:01.627Z
0.01;open;2021-11-13T04:30:00Z;2;198;150;350;200;24276[Turmcenter];2021-11-13T04:32:02.850Z
0.15724815;open;2021-11-13T04:30:00Z;64;343;0;407;407;18944[Alte Oper];2021-11-13T04:32:02.850Z
0.0027472528;open;2021-11-13T04:30:00Z;1;363;0;364;364;24281[Hauptbahnhof Süd];2021-11-13T04:32:02.850Z
0.32385662;open;2021-11-13T04:30:00Z;262;547;0;809;809;24279[Konstabler];2021-11-13T04:32:02.850Z
0.5;open;2021-11-13T04:30:00Z;213;213;0;426;426;18497[Hauptwache];2021-11-13T04:32:02.850Z
0;closed;2021-11-13T04:30:00Z;;;0;0;0;18495[Am Gericht];2021-11-13T04:32:02.850Z
0.12866108;open;2021-11-13T04:30:00Z;123;833;70;1026;956;109240[MyZeil];2021-11-13T04:32:02.850Z
0.42902207;open;2021-11-13T04:30:00Z;272;362;0;634;634;18494[Konrad-Adenauer-Straße];2021-11-13T04:32:02.850Z
0.01;open;2021-11-13T04:50:00Z;2;198;150;350;200;24276[Turmcenter];2021-11-13T04:52:02.423Z
0.15479116;open;2021-11-13T04:50:00Z;63;344;0;407;407;18944[Alte Oper];2021-11-13T04:52:02.423Z
0.0027472528;open;2021-11-13T04:50:00Z;1;363;0;364;364;24281[Hauptbahnhof Süd];2021-11-13T04:52:02.423Z
0.31396785;open;2021-11-13T04:50:00Z;254;555;0;809;809;24279[Konstabler];2021-11-13T04:52:02.423Z
0.4976526;open;2021-11-13T04:50:00Z;212;214;0;426;426;18497[Hauptwache];2021-11-13T04:52:02.423Z
0;closed;2021-11-13T04:50:00Z;;;0;0;0;18495[Am Gericht];2021-11-13T04:52:02.423Z
0.43217665;open;2021-11-13T04:50:00Z;274;360;0;634;634;18494[Konrad-Adenauer-Straße];2021-11-13T04:52:02.423Z
0.01;open;2021-11-13T05:16:00Z;2;198;150;350;200;24276[Turmcenter];2021-11-13T05:17:02.624Z
0.15724815;open;2021-11-13T05:16:00Z;64;343;0;407;407;18944[Alte Oper];2021-11-13T05:17:02.624Z
0.0027472528;open;2021-11-13T05:16:00Z;1;363;0;364;364;24281[Hauptbahnhof Süd];2021-11-13T05:17:02.624Z
0.31273177;open;2021-11-13T05:16:00Z;253;556;0;809;809;24279[Konstabler];2021-11-13T05:17:02.624Z
0.4976526;open;2021-11-13T05:16:00Z;212;214;0;426;426;18497[Hauptwache];2021-11-13T05:17:02.624Z
0.4117647;open;2021-11-13T05:16:00Z;280;400;0;680;680;18495[Am Gericht];2021-11-13T05:17:02.624Z
0.43217665;open;2021-11-13T05:16:00Z;274;360;0;634;634;18494[Konrad-Adenauer-Straße];2021-11-13T05:17:02.624Z
0.01;open;2021-11-13T05:31:00Z;2;198;150;350;200;24276[Turmcenter];2021-11-13T05:32:00.462Z
0.15724815;open;2021-11-13T05:31:00Z;64;343;0;407;407;18944[Alte Oper];2021-11-13T05:32:00.462Z
0.0054945056;open;2021-11-13T05:31:00Z;2;362;0;364;364;24281[Hauptbahnhof Süd];2021-11-13T05:32:00.462Z
0.31025958;open;2021-11-13T05:31:00Z;251;558;0;809;809;24279[Konstabler];2021-11-13T05:32:00.462Z
0.4976526;open;2021-11-13T05:31:00Z;212;214;0;426;426;18497[Hauptwache];2021-11-13T05:32:00.462Z
0.41029412;open;2021-11-13T05:31:00Z;279;401;0;680;680;18495[Am Gericht];2021-11-13T05:32:00.462Z
0.12866108;open;2021-11-13T05:31:00Z;123;833;70;1026;956;109240[MyZeil];2021-11-13T05:32:00.462Z
0.43059936;open;2021-11-13T05:31:00Z;273;361;0;634;634;18494[Konrad-Adenauer-Straße];2021-11-13T05:32:00.462Z
0.01;open;2021-11-13T05:41:00Z;2;198;150;350;200;24276[Turmcenter];2021-11-13T05:42:02.136Z
0.15724815;open;2021-11-13T05:41:00Z;64;343;0;407;407;18944[Alte Oper];2021-11-13T05:42:02.136Z
0.0054945056;open;2021-11-13T05:41:00Z;2;362;0;364;364;24281[Hauptbahnhof Süd];2021-11-13T05:42:02.136Z
0.31025958;open;2021-11-13T05:41:00Z;251;558;0;809;809;24279[Konstabler];2021-11-13T05:42:02.136Z
0.49530515;open;2021-11-13T05:41:00Z;211;215;0;426;426;18497[Hauptwache];2021-11-13T05:42:02.136Z
0.41029412;open;2021-11-13T05:41:00Z;279;401;0;680;680;18495[Am Gericht];2021-11-13T05:42:02.136Z
0.13075314;open;2021-11-13T05:41:00Z;125;831;70;1026;956;109240[MyZeil];2021-11-13T05:42:02.136Z
0.43059936;open;2021-11-13T05:41:00Z;273;361;0;634;634;18494[Konrad-Adenauer-Straße];2021-11-13T05:42:02.136Z
0.01;open;2021-11-13T05:51:00Z;2;198;150;350;200;24276[Turmcenter];2021-11-13T05:52:01.169Z
0.15724815;open;2021-11-13T05:51:00Z;64;343;0;407;407;18944[Alte Oper];2021-11-13T05:52:01.169Z
0.008241759;open;2021-11-13T05:51:00Z;3;361;0;364;364;24281[Hauptbahnhof Süd];2021-11-13T05:52:01.169Z
0.3077874;open;2021-11-13T05:51:00Z;249;560;0;809;809;24279[Konstabler];2021-11-13T05:52:01.169Z
0.49530515;open;2021-11-13T05:51:00Z;211;215;0;426;426;18497[Hauptwache];2021-11-13T05:52:01.169Z
0.41029412;open;2021-11-13T05:51:00Z;279;401;0;680;680;18495[Am Gericht];2021-11-13T05:52:01.169Z
0.43059936;open;2021-11-13T05:51:00Z;273;361;0;634;634;18494[Konrad-Adenauer-Straße];2021-11-13T05:52:01.169Z
0.01;open;2021-11-13T06:21:00Z;2;198;150;350;200;24276[Turmcenter];2021-11-13T06:22:02.474Z
0.15724815;open;2021-11-13T06:21:00Z;64;343;0;407;407;18944[Alte Oper];2021-11-13T06:22:02.474Z
0.008241759;open;2021-11-13T06:21:00Z;3;361;0;364;364;24281[Hauptbahnhof Süd];2021-11-13T06:22:02.474Z
0.3065513;open;2021-11-13T06:21:00Z;248;561;0;809;809;24279[Konstabler];2021-11-13T06:22:02.474Z
0.49530515;open;2021-11-13T06:21:00Z;211;215;0;426;426;18497[Hauptwache];2021-11-13T06:22:02.474Z
0.41029412;open;2021-11-13T06:21:00Z;279;401;0;680;680;18495[Am Gericht];2021-11-13T06:22:02.474Z
0.13075314;open;2021-11-13T06:21:00Z;125;831;70;1026;956;109240[MyZeil];2021-11-13T06:22:02.474Z
0.4274448;open;2021-11-13T06:21:00Z;271;363;0;634;634;18494[Konrad-Adenauer-Straße];2021-11-13T06:22:02.474Z
0.015;open;2021-11-13T06:41:00Z;3;197;150;350;200;24276[Turmcenter];2021-11-13T06:42:02.845Z
0.15970516;open;2021-11-13T06:41:00Z;65;342;0;407;407;18944[Alte Oper];2021-11-13T06:42:02.845Z
0.008241759;open;2021-11-13T06:41:00Z;3;361;0;364;364;24281[Hauptbahnhof Süd];2021-11-13T06:42:02.845Z
0.30407912;open;2021-11-13T06:41:00Z;246;563;0;809;809;24279[Konstabler];2021-11-13T06:42:02.845Z
0.5;open;2021-11-13T06:41:00Z;213;213;0;426;426;18497[Hauptwache];2021-11-13T06:42:02.845Z
0.40735295;open;2021-11-13T06:41:00Z;277;403;0;680;680;18495[Am Gericht];2021-11-13T06:42:02.845Z
0.4274448;open;2021-11-13T06:41:00Z;271;363;0;634;634;18494[Konrad-Adenauer-Straße];2021-11-13T06:42:02.845Z
0.015;open;2021-11-13T06:56:00Z;3;197;150;350;200;24276[Turmcenter];2021-11-13T06:57:01.270Z
0.16216215;open;2021-11-13T06:56:00Z;66;341;0;407;407;18944[Alte Oper];2021-11-13T06:57:01.270Z
0.008241759;open;2021-11-13T06:56:00Z;3;361;0;364;364;24281[Hauptbahnhof Süd];2021-11-13T06:57:01.270Z
0.3053152;open;2021-11-13T06:56:00Z;247;562;0;809;809;24279[Konstabler];2021-11-13T06:57:01.270Z
0.5046948;open;2021-11-13T06:56:00Z;215;211;0;426;426;18497[Hauptwache];2021-11-13T06:57:01.270Z
0.40735295;open;2021-11-13T06:56:00Z;277;403;0;680;680;18495[Am Gericht];2021-11-13T06:57:01.270Z
0.1328452;open;2021-11-13T06:56:00Z;127;829;70;1026;956;109240[MyZeil];2021-11-13T06:57:01.270Z
0.43217665;open;2021-11-13T06:56:00Z;274;360;0;634;634;18494[Konrad-Adenauer-Straße];2021-11-13T06:57:01.270Z
0.03;open;2021-11-13T07:21:00Z;6;194;150;350;200;24276[Turmcenter];2021-11-13T07:22:02.458Z
0.16461916;open;2021-11-13T07:21:00Z;67;340;0;407;407;18944[Alte Oper];2021-11-13T07:22:02.458Z
0.008241759;open;2021-11-13T07:21:00Z;3;361;0;364;364;24281[Hauptbahnhof Süd];2021-11-13T07:22:02.458Z
0.3053152;open;2021-11-13T07:21:00Z;247;562;0;809;809;24279[Konstabler];2021-11-13T07:22:02.458Z
0.5046948;open;2021-11-13T07:21:00Z;215;211;0;426;426;18497[Hauptwache];2021-11-13T07:22:02.458Z
0.40441176;open;2021-11-13T07:21:00Z;275;405;0;680;680;18495[Am Gericht];2021-11-13T07:22:02.458Z
0.13389121;open;2021-11-13T07:21:00Z;128;828;70;1026;956;109240[MyZeil];2021-11-13T07:22:02.458Z
0.43533123;open;2021-11-13T07:21:00Z;276;358;0;634;634;18494[Konrad-Adenauer-Straße];2021-11-13T07:22:02.458Z
0.03;open;2021-11-13T07:31:00Z;6;194;150;350;200;24276[Turmcenter];2021-11-13T07:37:02.348Z
0.16707617;open;2021-11-13T07:31:00Z;68;339;0;407;407;18944[Alte Oper];2021-11-13T07:37:02.348Z
0.010989011;open;2021-11-13T07:31:00Z;4;360;0;364;364;24281[Hauptbahnhof Süd];2021-11-13T07:37:02.348Z
0.31025958;open;2021-11-13T07:31:00Z;251;558;0;809;809;24279[Konstabler];2021-11-13T07:37:02.348Z
0.5093897;open;2021-11-13T07:31:00Z;217;209;0;426;426;18497[Hauptwache];2021-11-13T07:37:02.348Z
0.40294117;open;2021-11-13T07:31:00Z;274;406;0;680;680;18495[Am Gericht];2021-11-13T07:37:02.348Z
0.1328452;open;2021-11-13T07:31:00Z;127;829;70;1026;956;109240[MyZeil];2021-11-13T07:37:02.348Z
0.43059936;open;2021-11-13T07:31:00Z;273;361;0;634;634;18494[Konrad-Adenauer-Straße];2021-11-13T07:37:02.348Z
0.035;open;2021-11-13T07:42:00Z;7;193;150;350;200;24276[Turmcenter];2021-11-13T07:47:00.220Z
0.17199017;open;2021-11-13T07:42:00Z;70;337;0;407;407;18944[Alte Oper];2021-11-13T07:47:00.220Z
0.010989011;open;2021-11-13T07:42:00Z;4;360;0;364;364;24281[Hauptbahnhof Süd];2021-11-13T07:47:00.220Z
0.31520396;open;2021-11-13T07:42:00Z;255;554;0;809;809;24279[Konstabler];2021-11-13T07:47:00.220Z
0.52347416;open;2021-11-13T07:42:00Z;223;203;0;426;426;18497[Hauptwache];2021-11-13T07:47:00.220Z
0.40588236;open;2021-11-13T07:42:00Z;276;404;0;680;680;18495[Am Gericht];2021-11-13T07:47:00.220Z
0.13389121;open;2021-11-13T07:42:00Z;128;828;70;1026;956;109240[MyZeil];2021-11-13T07:47:00.220Z
0.43375394;open;2021-11-13T07:42:00Z;275;359;0;634;634;18494[Konrad-Adenauer-Straße];2021-11-13T07:47:00.220Z
0.04;open;2021-11-13T07:52:00Z;8;192;150;350;200;24276[Turmcenter];2021-11-13T07:57:00.306Z
0.17690417;open;2021-11-13T07:52:00Z;72;335;0;407;407;18944[Alte Oper];2021-11-13T07:57:00.306Z
0.010989011;open;2021-11-13T07:52:00Z;4;360;0;364;364;24281[Hauptbahnhof Süd];2021-11-13T07:57:00.306Z
0.32385662;open;2021-11-13T07:52:00Z;262;547;0;809;809;24279[Konstabler];2021-11-13T07:57:00.306Z
0.53286386;open;2021-11-13T07:52:00Z;227;199;0;426;426;18497[Hauptwache];2021-11-13T07:57:00.306Z
0.40735295;open;2021-11-13T07:52:00Z;277;403;0;680;680;18495[Am Gericht];2021-11-13T07:57:00.306Z
0.13389121;open;2021-11-13T07:52:00Z;128;828;70;1026;956;109240[MyZeil];2021-11-13T07:57:00.306Z
0.43533123;open;2021-11-13T07:52:00Z;276;358;0;634;634;18494[Konrad-Adenauer-Straße];2021-11-13T07:57:00.306Z
0.08;open;2021-11-13T08:27:00Z;16;184;150;350;200;24276[Turmcenter];2021-11-13T08:32:02.200Z
0.21375921;open;2021-11-13T08:27:00Z;87;320;0;407;407;18944[Alte Oper];2021-11-13T08:32:02.200Z
0.0054945056;open;2021-11-13T08:27:00Z;2;362;0;364;364;24281[Hauptbahnhof Süd];2021-11-13T08:32:02.200Z
0.3695921;open;2021-11-13T08:27:00Z;299;510;0;809;809;24279[Konstabler];2021-11-13T08:32:02.200Z
0.57511735;open;2021-11-13T08:27:00Z;245;181;0;426;426;18497[Hauptwache];2021-11-13T08:32:02.200Z
0.43088236;open;2021-11-13T08:27:00Z;293;387;0;680;680;18495[Am Gericht];2021-11-13T08:32:02.200Z
0.14539748;open;2021-11-13T08:27:00Z;139;817;70;1026;956;109240[MyZeil];2021-11-13T08:32:02.200Z
0.45899054;open;2021-11-13T08:27:00Z;291;343;0;634;634;18494[Konrad-Adenauer-Straße];2021-11-13T08:32:02.200Z
0.075;open;2021-11-13T08:42:00Z;15;185;150;350;200;24276[Turmcenter];2021-11-13T08:47:00.139Z
0.22850123;open;2021-11-13T08:42:00Z;93;314;0;407;407;18944[Alte Oper];2021-11-13T08:47:00.139Z
0.0027472528;open;2021-11-13T08:42:00Z;1;363;0;364;364;24281[Hauptbahnhof Süd];2021-11-13T08:47:00.139Z
0.40049443;open;2021-11-13T08:42:00Z;324;485;0;809;809;24279[Konstabler];2021-11-13T08:47:00.139Z
0.5915493;open;2021-11-13T08:42:00Z;252;174;0;426;426;18497[Hauptwache];2021-11-13T08:47:00.139Z
0.43970588;open;2021-11-13T08:42:00Z;299;381;0;680;680;18495[Am Gericht];2021-11-13T08:47:00.139Z
0.16213389;open;2021-11-13T08:42:00Z;155;801;70;1026;956;109240[MyZeil];2021-11-13T08:47:00.139Z
0.4858044;open;2021-11-13T08:42:00Z;308;326;0;634;634;18494[Konrad-Adenauer-Straße];2021-11-13T08:47:00.139Z
0.105;open;2021-11-13T08:57:00Z;21;179;150;350;200;24276[Turmcenter];2021-11-13T09:02:00.784Z
0.26289925;open;2021-11-13T08:57:00Z;107;300;0;407;407;18944[Alte Oper];2021-11-13T09:02:00.784Z
0.0027472528;open;2021-11-13T08:57:00Z;1;363;0;364;364;24281[Hauptbahnhof Süd];2021-11-13T09:02:00.784Z
0.45982695;open;2021-11-13T08:57:00Z;372;437;0;809;809;24279[Konstabler];2021-11-13T09:02:00.784Z
0.63615024;open;2021-11-13T08:57:00Z;271;155;0;426;426;18497[Hauptwache];2021-11-13T09:02:00.784Z
0.45588234;open;2021-11-13T08:57:00Z;310;370;0;680;680;18495[Am Gericht];2021-11-13T09:02:00.784Z
0.18410042;open;2021-11-13T08:57:00Z;176;780;70;1026;956;109240[MyZeil];2021-11-13T09:02:00.784Z
0.5078864;open;2021-11-13T08:57:00Z;322;312;0;634;634;18494[Konrad-Adenauer-Straße];2021-11-13T09:02:00.784Z
0.11;open;2021-11-13T09:17:00Z;22;178;150;350;200;24276[Turmcenter];2021-11-13T09:22:00.032Z
0.3243243;open;2021-11-13T09:17:00Z;132;275;0;407;407;18944[Alte Oper];2021-11-13T09:22:00.032Z
0;open;2021-11-13T09:17:00Z;0;364;0;364;364;24281[Hauptbahnhof Süd];2021-11-13T09:22:00.032Z
0.5500618;open;2021-11-13T09:17:00Z;445;364;0;809;809;24279[Konstabler];2021-11-13T09:22:00.032Z
0.713615;open;2021-11-13T09:17:00Z;304;122;0;426;426;18497[Hauptwache];2021-11-13T09:22:00.032Z
0.4735294;open;2021-11-13T09:17:00Z;322;358;0;680;680;18495[Am Gericht];2021-11-13T09:22:00.032Z
0.21338913;open;2021-11-13T09:17:00Z;204;752;70;1026;956;109240[MyZeil];2021-11-13T09:22:00.032Z
0.5457413;open;2021-11-13T09:17:00Z;346;288;0;634;634;18494[Konrad-Adenauer-Straße];2021-11-13T09:22:00.032Z
0.15;open;2021-11-13T09:32:00Z;30;170;150;350;200;24276[Turmcenter];2021-11-13T09:37:01.343Z
0.3882064;open;2021-11-13T09:32:00Z;158;249;0;407;407;18944[Alte Oper];2021-11-13T09:37:01.343Z
0.0027472528;open;2021-11-13T09:32:00Z;1;363;0;364;364;24281[Hauptbahnhof Süd];2021-11-13T09:37:01.343Z
0.6093943;open;2021-11-13T09:32:00Z;493;316;0;809;809;24279[Konstabler];2021-11-13T09:37:01.343Z
0.7629108;open;2021-11-13T09:32:00Z;325;101;0;426;426;18497[Hauptwache];2021-11-13T09:37:01.343Z
0.49117646;open;2021-11-13T09:32:00Z;334;346;0;680;680;18495[Am Gericht];2021-11-13T09:37:01.343Z
0.24372385;open;2021-11-13T09:32:00Z;233;723;70;1026;956;109240[MyZeil];2021-11-13T09:37:01.343Z
0.59148264;open;2021-11-13T09:32:00Z;375;259;0;634;634;18494[Konrad-Adenauer-Straße];2021-11-13T09:37:01.343Z
0.145;open;2021-11-13T09:42:00Z;29;171;150;350;200;24276[Turmcenter];2021-11-13T09:47:00.150Z
0.42014742;open;2021-11-13T09:42:00Z;171;236;0;407;407;18944[Alte Oper];2021-11-13T09:47:00.150Z
0.0027472528;open;2021-11-13T09:42:00Z;1;363;0;364;364;24281[Hauptbahnhof Süd];2021-11-13T09:47:00.150Z
0.64771324;open;2021-11-13T09:42:00Z;524;285;0;809;809;24279[Konstabler];2021-11-13T09:47:00.150Z
0.79812205;open;2021-11-13T09:42:00Z;340;86;0;426;426;18497[Hauptwache];2021-11-13T09:47:00.150Z
0.49411765;open;2021-11-13T09:42:00Z;336;344;0;680;680;18495[Am Gericht];2021-11-13T09:47:00.150Z
0.26464435;open;2021-11-13T09:42:00Z;253;703;70;1026;956;109240[MyZeil];2021-11-13T09:47:00.150Z
0.61198735;open;2021-11-13T09:42:00Z;388;246;0;634;634;18494[Konrad-Adenauer-Straße];2021-11-13T09:47:00.150Z
0.15;open;2021-11-13T09:52:00Z;30;170;150;350;200;24276[Turmcenter];2021-11-13T09:57:01.879Z
0.44717446;open;2021-11-13T09:52:00Z;182;225;0;407;407;18944[Alte Oper];2021-11-13T09:57:01.879Z
0;open;2021-11-13T09:52:00Z;0;364;0;364;364;24281[Hauptbahnhof Süd];2021-11-13T09:57:01.879Z
0.67490727;open;2021-11-13T09:52:00Z;546;263;0;809;809;24279[Konstabler];2021-11-13T09:57:01.879Z
0.8356807;open;2021-11-13T09:52:00Z;356;70;0;426;426;18497[Hauptwache];2021-11-13T09:57:01.879Z
0.50735295;open;2021-11-13T09:52:00Z;345;335;0;680;680;18495[Am Gericht];2021-11-13T09:57:01.879Z
0.2751046;open;2021-11-13T09:52:00Z;263;693;70;1026;956;109240[MyZeil];2021-11-13T09:57:01.879Z
0.6309148;open;2021-11-13T09:52:00Z;400;234;0;634;634;18494[Konrad-Adenauer-Straße];2021-11-13T09:57:01.879Z
0.185;open;2021-11-13T10:23:00Z;37;163;150;350;200;24276[Turmcenter];2021-11-13T10:27:02.647Z
0.5184275;open;2021-11-13T10:23:00Z;211;196;0;407;407;18944[Alte Oper];2021-11-13T10:27:02.647Z
0.008241759;open;2021-11-13T10:23:00Z;3;361;0;364;364;24281[Hauptbahnhof Süd];2021-11-13T10:27:02.647Z
0.7663782;open;2021-11-13T10:23:00Z;620;189;0;809;809;24279[Konstabler];2021-11-13T10:27:02.647Z
0.98122066;open;2021-11-13T10:23:00Z;418;8;0;426;426;18497[Hauptwache];2021-11-13T10:27:02.647Z
0.51911765;open;2021-11-13T10:23:00Z;353;327;0;680;680;18495[Am Gericht];2021-11-13T10:27:02.647Z
0.30962342;open;2021-11-13T10:23:00Z;296;660;70;1026;956;109240[MyZeil];2021-11-13T10:27:02.647Z
0.6671924;open;2021-11-13T10:23:00Z;423;211;0;634;634;18494[Konrad-Adenauer-Straße];2021-11-13T10:27:02.647Z
0.23;open;2021-11-13T10:38:00Z;46;154;150;350;200;24276[Turmcenter];2021-11-13T10:42:01.006Z
0.55528253;open;2021-11-13T10:38:00Z;226;181;0;407;407;18944[Alte Oper];2021-11-13T10:42:01.006Z
0.013736264;open;2021-11-13T10:38:00Z;5;359;0;364;364;24281[Hauptbahnhof Süd];2021-11-13T10:42:01.006Z
0.7972806;open;2021-11-13T10:38:00Z;645;164;0;809;809;24279[Konstabler];2021-11-13T10:42:01.006Z
1;open;2021-11-13T10:38:00Z;426;0;0;426;426;18497[Hauptwache];2021-11-13T10:42:01.006Z
0.5323529;open;2021-11-13T10:38:00Z;362;318;0;680;680;18495[Am Gericht];2021-11-13T10:42:01.006Z
0.33054394;open;2021-11-13T10:38:00Z;316;640;70;1026;956;109240[MyZeil];2021-11-13T10:42:01.006Z
0.69085175;open;2021-11-13T10:38:00Z;438;196;0;634;634;18494[Konrad-Adenauer-Straße];2021-11-13T10:42:01.006Z
0.26;open;2021-11-13T10:53:00Z;52;148;150;350;200;24276[Turmcenter];2021-11-13T10:57:01.633Z
0.5970516;open;2021-11-13T10:53:00Z;243;164;0;407;407;18944[Alte Oper];2021-11-13T10:57:01.633Z
0.008241759;open;2021-11-13T10:53:00Z;3;361;0;364;364;24281[Hauptbahnhof Süd];2021-11-13T10:57:01.633Z
0.8355995;open;2021-11-13T10:53:00Z;676;133;0;809;809;24279[Konstabler];2021-11-13T10:57:01.633Z
1;open;2021-11-13T10:53:00Z;426;0;0;426;426;18497[Hauptwache];2021-11-13T10:57:01.633Z
0.55735296;open;2021-11-13T10:53:00Z;379;301;0;680;680;18495[Am Gericht];2021-11-13T10:57:01.633Z
0.33995816;open;2021-11-13T10:53:00Z;325;631;70;1026;956;109240[MyZeil];2021-11-13T10:57:01.633Z
0.72239745;open;2021-11-13T10:53:00Z;458;176;0;634;634;18494[Konrad-Adenauer-Straße];2021-11-13T10:57:01.633Z
0.26;open;2021-11-13T11:13:00Z;52;148;150;350;200;24276[Turmcenter];2021-11-13T11:17:02.360Z
0.5995086;open;2021-11-13T11:13:00Z;244;163;0;407;407;18944[Alte Oper];2021-11-13T11:17:02.360Z
0;open;2021-11-13T11:13:00Z;0;364;0;364;364;24281[Hauptbahnhof Süd];2021-11-13T11:17:02.360Z
0.91718173;open;2021-11-13T11:13:00Z;742;67;0;809;809;24279[Konstabler];2021-11-13T11:17:02.360Z
0.9953052;open;2021-11-13T11:13:00Z;424;2;0;426;426;18497[Hauptwache];2021-11-13T11:17:02.360Z
0.5779412;open;2021-11-13T11:13:00Z;393;287;0;680;680;18495[Am Gericht];2021-11-13T11:17:02.360Z
0.375523;open;2021-11-13T11:13:00Z;359;597;70;1026;956;109240[MyZeil];2021-11-13T11:17:02.360Z
0.7555205;open;2021-11-13T11:13:00Z;479;155;0;634;634;18494[Konrad-Adenauer-Straße];2021-11-13T11:17:02.360Z
0.26;open;2021-11-13T11:23:00Z;52;148;150;350;200;24276[Turmcenter];2021-11-13T11:27:00.387Z
0.5995086;open;2021-11-13T11:23:00Z;244;163;0;407;407;18944[Alte Oper];2021-11-13T11:27:00.387Z
0;open;2021-11-13T11:23:00Z;0;364;0;364;364;24281[Hauptbahnhof Süd];2021-11-13T11:27:00.387Z
0.9406675;open;2021-11-13T11:23:00Z;761;48;0;809;809;24279[Konstabler];2021-11-13T11:27:00.387Z
1;open;2021-11-13T11:23:00Z;426;0;0;426;426;18497[Hauptwache];2021-11-13T11:27:00.387Z
0.5897059;open;2021-11-13T11:23:00Z;401;279;0;680;680;18495[Am Gericht];2021-11-13T11:27:00.387Z
0.774448;open;2021-11-13T11:23:00Z;491;143;0;634;634;18494[Konrad-Adenauer-Straße];2021-11-13T11:27:00.387Z
0.28;open;2021-11-13T11:38:00Z;56;144;150;350;200;24276[Turmcenter];2021-11-13T11:42:01.813Z
0.5995086;open;2021-11-13T11:38:00Z;244;163;0;407;407;18944[Alte Oper];2021-11-13T11:42:01.813Z
0;open;2021-11-13T11:38:00Z;0;364;0;364;364;24281[Hauptbahnhof Süd];2021-11-13T11:42:01.813Z
0.960445;open;2021-11-13T11:38:00Z;777;32;0;809;809;24279[Konstabler];2021-11-13T11:42:01.813Z
1;open;2021-11-13T11:38:00Z;426;0;0;426;426;18497[Hauptwache];2021-11-13T11:42:01.813Z
0.6117647;open;2021-11-13T11:38:00Z;416;264;0;680;680;18495[Am Gericht];2021-11-13T11:42:01.813Z
0.41422594;open;2021-11-13T11:38:00Z;396;560;70;1026;956;109240[MyZeil];2021-11-13T11:42:01.813Z
0.7870662;open;2021-11-13T11:38:00Z;499;135;0;634;634;18494[Konrad-Adenauer-Straße];2021-11-13T11:42:01.813Z
0.315;open;2021-11-13T11:48:00Z;63;137;150;350;200;24276[Turmcenter];2021-11-13T11:52:00.754Z
0.6093366;open;2021-11-13T11:48:00Z;248;159;0;407;407;18944[Alte Oper];2021-11-13T11:52:00.754Z
0;open;2021-11-13T11:48:00Z;0;364;0;364;364;24281[Hauptbahnhof Süd];2021-11-13T11:52:00.754Z
0.98393077;open;2021-11-13T11:48:00Z;796;13;0;809;809;24279[Konstabler];2021-11-13T11:52:00.754Z
1;open;2021-11-13T11:48:00Z;426;0;0;426;426;18497[Hauptwache];2021-11-13T11:52:00.754Z
0.6191176;open;2021-11-13T11:48:00Z;421;259;0;680;680;18495[Am Gericht];2021-11-13T11:52:00.754Z
0.41841003;open;2021-11-13T11:48:00Z;400;556;70;1026;956;109240[MyZeil];2021-11-13T11:52:00.754Z
0.807571;open;2021-11-13T11:48:00Z;512;122;0;634;634;18494[Konrad-Adenauer-Straße];2021-11-13T11:52:00.754Z
0.3;open;2021-11-13T12:23:00Z;60;140;150;350;200;24276[Turmcenter];2021-11-13T12:27:00.590Z
0.6093366;open;2021-11-13T12:23:00Z;248;159;0;407;407;18944[Alte Oper];2021-11-13T12:27:00.590Z
0;open;2021-11-13T12:23:00Z;0;364;0;364;364;24281[Hauptbahnhof Süd];2021-11-13T12:27:00.590Z
0.99258345;open;2021-11-13T12:23:00Z;803;6;0;809;809;24279[Konstabler];2021-11-13T12:27:00.590Z
1;open;2021-11-13T12:23:00Z;426;0;0;426;426;18497[Hauptwache];2021-11-13T12:27:00.590Z
0.6514706;open;2021-11-13T12:23:00Z;443;237;0;680;680;18495[Am Gericht];2021-11-13T12:27:00.590Z
0.47803348;open;2021-11-13T12:23:00Z;457;499;70;1026;956;109240[MyZeil];2021-11-13T12:27:00.590Z
0.8438486;open;2021-11-13T12:23:00Z;535;99;0;634;634;18494[Konrad-Adenauer-Straße];2021-11-13T12:27:00.590Z
0.34;open;2021-11-13T12:54:00Z;68;132;150;350;200;24276[Turmcenter];2021-11-13T12:57:00.142Z
0.65356266;open;2021-11-13T12:54:00Z;266;141;0;407;407;18944[Alte Oper];2021-11-13T12:57:00.142Z
0.008241759;open;2021-11-13T12:54:00Z;3;361;0;364;364;24281[Hauptbahnhof Süd];2021-11-13T12:57:00.142Z
1;open;2021-11-13T12:54:00Z;809;0;0;809;809;24279[Konstabler];2021-11-13T12:57:00.142Z
1;open;2021-11-13T12:54:00Z;426;0;0;426;426;18497[Hauptwache];2021-11-13T12:57:00.142Z
0.67058825;open;2021-11-13T12:54:00Z;456;224;0;680;680;18495[Am Gericht];2021-11-13T12:57:00.142Z
0.5251046;open;2021-11-13T12:54:00Z;502;454;70;1026;956;109240[MyZeil];2021-11-13T12:57:00.142Z
0.83753943;open;2021-11-13T12:54:00Z;531;103;0;634;634;18494[Konrad-Adenauer-Straße];2021-11-13T12:57:00.142Z
0.39;open;2021-11-13T13:24:00Z;78;122;150;350;200;24276[Turmcenter];2021-11-13T13:27:00.883Z
0.6953317;open;2021-11-13T13:24:00Z;283;124;0;407;407;18944[Alte Oper];2021-11-13T13:27:00.883Z
0.010989011;open;2021-11-13T13:24:00Z;4;360;0;364;364;24281[Hauptbahnhof Süd];2021-11-13T13:27:00.883Z
0.9913473;open;2021-11-13T13:24:00Z;802;7;0;809;809;24279[Konstabler];2021-11-13T13:27:00.883Z
0.9882629;open;2021-11-13T13:24:00Z;421;5;0;426;426;18497[Hauptwache];2021-11-13T13:27:00.883Z
0.67941177;open;2021-11-13T13:24:00Z;462;218;0;680;680;18495[Am Gericht];2021-11-13T13:27:00.883Z
0.5441767;open;2021-11-13T13:24:00Z;542;454;70;1066;996;109240[MyZeil];2021-11-13T13:27:00.883Z
0.8675079;open;2021-11-13T13:24:00Z;550;84;0;634;634;18494[Konrad-Adenauer-Straße];2021-11-13T13:27:00.883Z
0.41;open;2021-11-13T13:39:00Z;82;118;150;350;200;24276[Turmcenter];2021-11-13T13:42:01.599Z
0.7371007;open;2021-11-13T13:39:00Z;300;107;0;407;407;18944[Alte Oper];2021-11-13T13:42:01.599Z
0.008241759;open;2021-11-13T13:39:00Z;3;361;0;364;364;24281[Hauptbahnhof Süd];2021-11-13T13:42:01.599Z
0.99258345;open;2021-11-13T13:39:00Z;803;6;0;809;809;24279[Konstabler];2021-11-13T13:42:01.599Z
1;open;2021-11-13T13:39:00Z;426;0;0;426;426;18497[Hauptwache];2021-11-13T13:42:01.599Z
0.6985294;open;2021-11-13T13:39:00Z;475;205;0;680;680;18495[Am Gericht];2021-11-13T13:42:01.599Z
0.5502008;open;2021-11-13T13:39:00Z;548;448;70;1066;996;109240[MyZeil];2021-11-13T13:42:01.599Z
0.87539434;open;2021-11-13T13:39:00Z;555;79;0;634;634;18494[Konrad-Adenauer-Straße];2021-11-13T13:42:01.599Z
0.435;open;2021-11-13T13:49:00Z;87;113;150;350;200;24276[Turmcenter];2021-11-13T13:52:02.446Z
0.7911548;open;2021-11-13T13:49:00Z;322;85;0;407;407;18944[Alte Oper];2021-11-13T13:52:02.446Z
0.010989011;open;2021-11-13T13:49:00Z;4;360;0;364;364;24281[Hauptbahnhof Süd];2021-11-13T13:52:02.446Z
1;open;2021-11-13T13:49:00Z;809;0;0;809;809;24279[Konstabler];2021-11-13T13:52:02.446Z
1;open;2021-11-13T13:49:00Z;426;0;0;426;426;18497[Hauptwache];2021-11-13T13:52:02.446Z
0.7132353;open;2021-11-13T13:49:00Z;485;195;0;680;680;18495[Am Gericht];2021-11-13T13:52:02.446Z
0.55923694;open;2021-11-13T13:49:00Z;557;439;70;1066;996;109240[MyZeil];2021-11-13T13:52:02.446Z
0.8817035;open;2021-11-13T13:49:00Z;559;75;0;634;634;18494[Konrad-Adenauer-Straße];2021-11-13T13:52:02.446Z
0.45;open;2021-11-13T13:59:00Z;90;110;150;350;200;24276[Turmcenter];2021-11-13T14:02:01.412Z
0.8058968;open;2021-11-13T13:59:00Z;328;79;0;407;407;18944[Alte Oper];2021-11-13T14:02:01.412Z
0.010989011;open;2021-11-13T13:59:00Z;4;360;0;364;364;24281[Hauptbahnhof Süd];2021-11-13T14:02:01.412Z
0.98763907;open;2021-11-13T13:59:00Z;799;10;0;809;809;24279[Konstabler];2021-11-13T14:02:01.412Z
1;open;2021-11-13T13:59:00Z;426;0;0;426;426;18497[Hauptwache];2021-11-13T14:02:01.412Z
0.72794116;open;2021-11-13T13:59:00Z;495;185;0;680;680;18495[Am Gericht];2021-11-13T14:02:01.412Z
0.56124496;open;2021-11-13T13:59:00Z;559;437;70;1066;996;109240[MyZeil];2021-11-13T14:02:01.412Z
0.8927445;open;2021-11-13T13:59:00Z;566;68;0;634;634;18494[Konrad-Adenauer-Straße];2021-11-13T14:02:01.412Z
0.46;open;2021-11-13T14:25:00Z;92;108;150;350;200;24276[Turmcenter];2021-11-13T14:27:02.973Z
0.7960688;open;2021-11-13T14:25:00Z;324;83;0;407;407;18944[Alte Oper];2021-11-13T14:27:02.973Z
0.010989011;open;2021-11-13T14:25:00Z;4;360;0;364;364;24281[Hauptbahnhof Süd];2021-11-13T14:27:02.973Z
0.99011123;open;2021-11-13T14:25:00Z;801;8;0;809;809;24279[Konstabler];2021-11-13T14:27:02.973Z
0.9976526;open;2021-11-13T14:25:00Z;425;1;0;426;426;18497[Hauptwache];2021-11-13T14:27:02.973Z
0.75441176;open;2021-11-13T14:25:00Z;513;167;0;680;680;18495[Am Gericht];2021-11-13T14:27:02.973Z
0.5742972;open;2021-11-13T14:25:00Z;572;424;70;1066;996;109240[MyZeil];2021-11-13T14:27:02.973Z
0.91955835;open;2021-11-13T14:25:00Z;583;51;0;634;634;18494[Konrad-Adenauer-Straße];2021-11-13T14:27:02.973Z
0.5;open;2021-11-13T14:40:00Z;100;100;150;350;200;24276[Turmcenter];2021-11-13T14:42:01.335Z
0.7960688;open;2021-11-13T14:40:00Z;324;83;0;407;407;18944[Alte Oper];2021-11-13T14:42:01.335Z
0.010989011;open;2021-11-13T14:40:00Z;4;360;0;364;364;24281[Hauptbahnhof Süd];2021-11-13T14:42:01.335Z
1;open;2021-11-13T14:40:00Z;809;0;0;809;809;24279[Konstabler];2021-11-13T14:42:01.335Z
1;open;2021-11-13T14:40:00Z;426;0;0;426;426;18497[Hauptwache];2021-11-13T14:42:01.335Z
0.76029414;open;2021-11-13T14:40:00Z;517;163;0;680;680;18495[Am Gericht];2021-11-13T14:42:01.335Z
0.562249;open;2021-11-13T14:40:00Z;560;436;70;1066;996;109240[MyZeil];2021-11-13T14:42:01.335Z
0.9432177;open;2021-11-13T14:40:00Z;598;36;0;634;634;18494[Konrad-Adenauer-Straße];2021-11-13T14:42:01.335Z
0.47;open;2021-11-13T14:50:00Z;94;106;150;350;200;24276[Turmcenter];2021-11-13T14:52:01.660Z
0.79361176;open;2021-11-13T14:50:00Z;323;84;0;407;407;18944[Alte Oper];2021-11-13T14:52:01.660Z
0.013736264;open;2021-11-13T14:50:00Z;5;359;0;364;364;24281[Hauptbahnhof Süd];2021-11-13T14:52:01.660Z
1;open;2021-11-13T14:50:00Z;809;0;0;809;809;24279[Konstabler];2021-11-13T14:52:01.660Z
0.9976526;open;2021-11-13T14:50:00Z;425;1;0;426;426;18497[Hauptwache];2021-11-13T14:52:01.660Z
0.76029414;open;2021-11-13T14:50:00Z;517;163;0;680;680;18495[Am Gericht];2021-11-13T14:52:01.660Z
0.563253;open;2021-11-13T14:50:00Z;561;435;70;1066;996;109240[MyZeil];2021-11-13T14:52:01.660Z
0.9589905;open;2021-11-13T14:50:00Z;608;26;0;634;634;18494[Konrad-Adenauer-Straße];2021-11-13T14:52:01.660Z
0.465;open;2021-11-13T15:00:00Z;93;107;150;350;200;24276[Turmcenter];2021-11-13T15:02:02.894Z
0.7886978;open;2021-11-13T15:00:00Z;321;86;0;407;407;18944[Alte Oper];2021-11-13T15:02:02.894Z
0.010989011;open;2021-11-13T15:00:00Z;4;360;0;364;364;24281[Hauptbahnhof Süd];2021-11-13T15:02:02.894Z
0.98763907;open;2021-11-13T15:00:00Z;799;10;0;809;809;24279[Konstabler];2021-11-13T15:02:02.894Z
1;open;2021-11-13T15:00:00Z;426;0;0;426;426;18497[Hauptwache];2021-11-13T15:02:02.894Z
0.7794118;open;2021-11-13T15:00:00Z;530;150;0;680;680;18495[Am Gericht];2021-11-13T15:02:02.894Z
0.5552209;open;2021-11-13T15:00:00Z;553;443;70;1066;996;109240[MyZeil];2021-11-13T15:02:02.894Z
0.9763407;open;2021-11-13T15:00:00Z;619;15;0;634;634;18494[Konrad-Adenauer-Straße];2021-11-13T15:02:02.894Z
0.455;open;2021-11-13T15:20:00Z;91;109;150;350;200;24276[Turmcenter];2021-11-13T15:22:02.752Z
0.7690418;open;2021-11-13T15:20:00Z;313;94;0;407;407;18944[Alte Oper];2021-11-13T15:22:02.752Z
0.016483517;open;2021-11-13T15:20:00Z;6;358;0;364;364;24281[Hauptbahnhof Süd];2021-11-13T15:22:02.752Z
0.99258345;open;2021-11-13T15:20:00Z;803;6;0;809;809;24279[Konstabler];2021-11-13T15:22:02.752Z
1;open;2021-11-13T15:20:00Z;426;0;0;426;426;18497[Hauptwache];2021-11-13T15:22:02.752Z
0.79558825;open;2021-11-13T15:20:00Z;541;139;0;680;680;18495[Am Gericht];2021-11-13T15:22:02.752Z
0.5441767;open;2021-11-13T15:20:00Z;542;454;70;1066;996;109240[MyZeil];2021-11-13T15:22:02.752Z
0.9716088;open;2021-11-13T15:20:00Z;616;18;0;634;634;18494[Konrad-Adenauer-Straße];2021-11-13T15:22:02.752Z
0.445;open;2021-11-13T15:40:00Z;89;111;150;350;200;24276[Turmcenter];2021-11-13T15:42:02.558Z
0.73955774;open;2021-11-13T15:40:00Z;301;106;0;407;407;18944[Alte Oper];2021-11-13T15:42:02.558Z
0.01923077;open;2021-11-13T15:40:00Z;7;357;0;364;364;24281[Hauptbahnhof Süd];2021-11-13T15:42:02.558Z
1;open;2021-11-13T15:40:00Z;809;0;0;809;809;24279[Konstabler];2021-11-13T15:42:02.558Z
0.9953052;open;2021-11-13T15:40:00Z;424;2;0;426;426;18497[Hauptwache];2021-11-13T15:42:02.558Z
0.8102941;open;2021-11-13T15:40:00Z;551;129;0;680;680;18495[Am Gericht];2021-11-13T15:42:02.558Z
0.5321285;open;2021-11-13T15:40:00Z;530;466;70;1066;996;109240[MyZeil];2021-11-13T15:42:02.558Z
0.9400631;open;2021-11-13T15:40:00Z;596;38;0;634;634;18494[Konrad-Adenauer-Straße];2021-11-13T15:42:02.558Z
0.455;open;2021-11-13T16:01:00Z;91;109;150;350;200;24276[Turmcenter];2021-11-13T16:02:02.250Z
0.66584766;open;2021-11-13T16:01:00Z;271;136;0;407;407;18944[Alte Oper];2021-11-13T16:02:02.250Z
0.01923077;open;2021-11-13T16:01:00Z;7;357;0;364;364;24281[Hauptbahnhof Süd];2021-11-13T16:02:02.250Z
0.99381953;open;2021-11-13T16:01:00Z;804;5;0;809;809;24279[Konstabler];2021-11-13T16:02:02.250Z
1;open;2021-11-13T16:01:00Z;426;0;0;426;426;18497[Hauptwache];2021-11-13T16:02:02.250Z
0.7941176;open;2021-11-13T16:01:00Z;540;140;0;680;680;18495[Am Gericht];2021-11-13T16:02:02.250Z
0.5230924;open;2021-11-13T16:01:00Z;521;475;70;1066;996;109240[MyZeil];2021-11-13T16:02:02.250Z
0.87066245;open;2021-11-13T16:01:00Z;552;82;0;634;634;18494[Konrad-Adenauer-Straße];2021-11-13T16:02:02.250Z
0.465;open;2021-11-13T16:31:00Z;93;107;150;350;200;24276[Turmcenter];2021-11-13T16:32:02.988Z
0.5724816;open;2021-11-13T16:31:00Z;233;174;0;407;407;18944[Alte Oper];2021-11-13T16:32:02.988Z
0.01923077;open;2021-11-13T16:31:00Z;7;357;0;364;364;24281[Hauptbahnhof Süd];2021-11-13T16:32:02.988Z
0.9913473;open;2021-11-13T16:31:00Z;802;7;0;809;809;24279[Konstabler];2021-11-13T16:32:02.988Z
1;open;2021-11-13T16:31:00Z;426;0;0;426;426;18497[Hauptwache];2021-11-13T16:32:02.988Z
0.7867647;open;2021-11-13T16:31:00Z;535;145;0;680;680;18495[Am Gericht];2021-11-13T16:32:02.988Z
0.5217391;open;2021-11-13T16:31:00Z;504;462;70;1036;966;109240[MyZeil];2021-11-13T16:32:02.988Z
0.8611987;open;2021-11-13T16:31:00Z;546;88;0;634;634;18494[Konrad-Adenauer-Straße];2021-11-13T16:32:02.988Z
0.535;open;2021-11-13T17:02:00Z;107;93;150;350;200;24276[Turmcenter];2021-11-13T17:07:01.792Z
0.57002455;open;2021-11-13T17:02:00Z;232;175;0;407;407;18944[Alte Oper];2021-11-13T17:07:01.792Z
0.021978023;open;2021-11-13T17:02:00Z;8;356;0;364;364;24281[Hauptbahnhof Süd];2021-11-13T17:07:01.792Z
1;open;2021-11-13T17:02:00Z;809;0;0;809;809;24279[Konstabler];2021-11-13T17:07:01.792Z
1;open;2021-11-13T17:02:00Z;426;0;0;426;426;18497[Hauptwache];2021-11-13T17:07:01.792Z
0.7764706;open;2021-11-13T17:02:00Z;528;152;0;680;680;18495[Am Gericht];2021-11-13T17:07:01.792Z
0.48447204;open;2021-11-13T17:02:00Z;468;498;70;1036;966;109240[MyZeil];2021-11-13T17:07:01.792Z
0.80126184;open;2021-11-13T17:02:00Z;508;126;0;634;634;18494[Konrad-Adenauer-Straße];2021-11-13T17:07:01.792Z
0.53;open;2021-11-13T17:27:00Z;106;94;150;350;200;24276[Turmcenter];2021-11-13T17:32:02.859Z
0.5601966;open;2021-11-13T17:27:00Z;228;179;0;407;407;18944[Alte Oper];2021-11-13T17:32:02.859Z
0.013736264;open;2021-11-13T17:27:00Z;5;359;0;364;364;24281[Hauptbahnhof Süd];2021-11-13T17:32:02.859Z
1;open;2021-11-13T17:27:00Z;809;0;0;809;809;24279[Konstabler];2021-11-13T17:32:02.859Z
1;open;2021-11-13T17:27:00Z;426;0;0;426;426;18497[Hauptwache];2021-11-13T17:32:02.859Z
0.7897059;open;2021-11-13T17:27:00Z;537;143;0;680;680;18495[Am Gericht];2021-11-13T17:32:02.859Z
0.45134574;open;2021-11-13T17:27:00Z;436;530;70;1036;966;109240[MyZeil];2021-11-13T17:32:02.859Z
0.77602524;open;2021-11-13T17:27:00Z;492;142;0;634;634;18494[Konrad-Adenauer-Straße];2021-11-13T17:32:02.859Z
0.555;open;2021-11-13T17:42:00Z;111;89;150;350;200;24276[Turmcenter];2021-11-13T17:47:00.314Z
0.5675676;open;2021-11-13T17:42:00Z;231;176;0;407;407;18944[Alte Oper];2021-11-13T17:47:00.314Z
0.010989011;open;2021-11-13T17:42:00Z;4;360;0;364;364;24281[Hauptbahnhof Süd];2021-11-13T17:47:00.314Z
0.92707044;open;2021-11-13T17:42:00Z;750;59;0;809;809;24279[Konstabler];2021-11-13T17:47:00.314Z
0.9976526;open;2021-11-13T17:42:00Z;425;1;0;426;426;18497[Hauptwache];2021-11-13T17:47:00.314Z
0.78088236;open;2021-11-13T17:42:00Z;531;149;0;680;680;18495[Am Gericht];2021-11-13T17:47:00.314Z
0.7618297;open;2021-11-13T17:42:00Z;483;151;0;634;634;18494[Konrad-Adenauer-Straße];2021-11-13T17:47:00.314Z
0.535;open;2021-11-13T17:57:00Z;107;93;150;350;200;24276[Turmcenter];2021-11-13T18:02:00.911Z
0.53808355;open;2021-11-13T17:57:00Z;219;188;0;407;407;18944[Alte Oper];2021-11-13T18:02:00.911Z
0.013736264;open;2021-11-13T17:57:00Z;5;359;0;364;364;24281[Hauptbahnhof Süd];2021-11-13T18:02:00.911Z
0.9011125;open;2021-11-13T17:57:00Z;729;80;0;809;809;24279[Konstabler];2021-11-13T18:02:00.911Z
1;open;2021-11-13T17:57:00Z;426;0;0;426;426;18497[Hauptwache];2021-11-13T18:02:00.911Z
0.75735295;open;2021-11-13T17:57:00Z;515;165;0;680;680;18495[Am Gericht];2021-11-13T18:02:00.911Z
0.4037267;open;2021-11-13T17:57:00Z;390;576;70;1036;966;109240[MyZeil];2021-11-13T18:02:00.911Z
0.76498425;open;2021-11-13T17:57:00Z;485;149;0;634;634;18494[Konrad-Adenauer-Straße];2021-11-13T18:02:00.911Z
0.63;open;2021-11-13T18:23:00Z;126;74;150;350;200;24276[Turmcenter];2021-11-13T18:27:00.087Z
0.53071254;open;2021-11-13T18:23:00Z;216;191;0;407;407;18944[Alte Oper];2021-11-13T18:27:00.087Z
0.010989011;open;2021-11-13T18:23:00Z;4;360;0;364;364;24281[Hauptbahnhof Süd];2021-11-13T18:27:00.087Z
0.8800989;open;2021-11-13T18:23:00Z;712;97;0;809;809;24279[Konstabler];2021-11-13T18:27:00.087Z
0.9929578;open;2021-11-13T18:23:00Z;423;3;0;426;426;18497[Hauptwache];2021-11-13T18:27:00.087Z
0.7441176;open;2021-11-13T18:23:00Z;506;174;0;680;680;18495[Am Gericht];2021-11-13T18:27:00.087Z
0.39539748;open;2021-11-13T18:23:00Z;378;578;70;1026;956;109240[MyZeil];2021-11-13T18:27:00.087Z
0.72712934;open;2021-11-13T18:23:00Z;461;173;0;634;634;18494[Konrad-Adenauer-Straße];2021-11-13T18:27:00.087Z
0.65;open;2021-11-13T18:43:00Z;130;70;150;350;200;24276[Turmcenter];2021-11-13T18:47:01.802Z
0.53071254;open;2021-11-13T18:43:00Z;216;191;0;407;407;18944[Alte Oper];2021-11-13T18:47:01.802Z
0.008241759;open;2021-11-13T18:43:00Z;3;361;0;364;364;24281[Hauptbahnhof Süd];2021-11-13T18:47:01.802Z
0.84054387;open;2021-11-13T18:43:00Z;680;129;0;809;809;24279[Konstabler];2021-11-13T18:47:01.802Z
0.9835681;open;2021-11-13T18:43:00Z;419;7;0;426;426;18497[Hauptwache];2021-11-13T18:47:01.802Z
0.72794116;open;2021-11-13T18:43:00Z;495;185;0;680;680;18495[Am Gericht];2021-11-13T18:47:01.802Z
0.36192468;open;2021-11-13T18:43:00Z;346;610;70;1026;956;109240[MyZeil];2021-11-13T18:47:01.802Z
0.7050473;open;2021-11-13T18:43:00Z;447;187;0;634;634;18494[Konrad-Adenauer-Straße];2021-11-13T18:47:01.802Z
0.675;open;2021-11-13T18:53:00Z;135;65;150;350;200;24276[Turmcenter];2021-11-13T18:57:00.064Z
0.52334154;open;2021-11-13T18:53:00Z;213;194;0;407;407;18944[Alte Oper];2021-11-13T18:57:00.064Z
0.0054945056;open;2021-11-13T18:53:00Z;2;362;0;364;364;24281[Hauptbahnhof Süd];2021-11-13T18:57:00.064Z
0.8108776;open;2021-11-13T18:53:00Z;656;153;0;809;809;24279[Konstabler];2021-11-13T18:57:00.064Z
0.9835681;open;2021-11-13T18:53:00Z;419;7;0;426;426;18497[Hauptwache];2021-11-13T18:57:00.064Z
0.72794116;open;2021-11-13T18:53:00Z;495;185;0;680;680;18495[Am Gericht];2021-11-13T18:57:00.064Z
0.3451883;open;2021-11-13T18:53:00Z;330;626;70;1026;956;109240[MyZeil];2021-11-13T18:57:00.064Z
0.6971609;open;2021-11-13T18:53:00Z;442;192;0;634;634;18494[Konrad-Adenauer-Straße];2021-11-13T18:57:00.064Z
0.655;open;2021-11-13T19:13:00Z;131;69;150;350;200;24276[Turmcenter];2021-11-13T19:17:02.927Z
0.53562653;open;2021-11-13T19:13:00Z;218;189;0;407;407;18944[Alte Oper];2021-11-13T19:17:02.927Z
0.013736264;open;2021-11-13T19:13:00Z;5;359;0;364;364;24281[Hauptbahnhof Süd];2021-11-13T19:17:02.927Z
0.78368354;open;2021-11-13T19:13:00Z;634;175;0;809;809;24279[Konstabler];2021-11-13T19:17:02.927Z
0.97183096;open;2021-11-13T19:13:00Z;414;12;0;426;426;18497[Hauptwache];2021-11-13T19:17:02.927Z
0.7088235;open;2021-11-13T19:13:00Z;482;198;0;680;680;18495[Am Gericht];2021-11-13T19:17:02.927Z
0.3075314;open;2021-11-13T19:13:00Z;294;662;70;1026;956;109240[MyZeil];2021-11-13T19:17:02.927Z
0.66246057;open;2021-11-13T19:13:00Z;420;214;0;634;634;18494[Konrad-Adenauer-Straße];2021-11-13T19:17:02.927Z
0.635;open;2021-11-13T19:23:00Z;127;73;150;350;200;24276[Turmcenter];2021-11-13T19:27:02.060Z
0.52334154;open;2021-11-13T19:23:00Z;213;194;0;407;407;18944[Alte Oper];2021-11-13T19:27:02.060Z
0.013736264;open;2021-11-13T19:23:00Z;5;359;0;364;364;24281[Hauptbahnhof Süd];2021-11-13T19:27:02.060Z
0.7589617;open;2021-11-13T19:23:00Z;614;195;0;809;809;24279[Konstabler];2021-11-13T19:27:02.060Z
0.97183096;open;2021-11-13T19:23:00Z;414;12;0;426;426;18497[Hauptwache];2021-11-13T19:27:02.060Z
0.70441175;open;2021-11-13T19:23:00Z;479;201;0;680;680;18495[Am Gericht];2021-11-13T19:27:02.060Z
0.2991632;open;2021-11-13T19:23:00Z;286;670;70;1026;956;109240[MyZeil];2021-11-13T19:27:02.060Z
0.6466877;open;2021-11-13T19:23:00Z;410;224;0;634;634;18494[Konrad-Adenauer-Straße];2021-11-13T19:27:02.060Z
0.62;open;2021-11-13T19:34:00Z;124;76;150;350;200;24276[Turmcenter];2021-11-13T19:37:01.629Z
0.5135135;open;2021-11-13T19:34:00Z;209;198;0;407;407;18944[Alte Oper];2021-11-13T19:37:01.629Z
0.013736264;open;2021-11-13T19:34:00Z;5;359;0;364;364;24281[Hauptbahnhof Süd];2021-11-13T19:37:01.629Z
0.7441285;open;2021-11-13T19:34:00Z;602;207;0;809;809;24279[Konstabler];2021-11-13T19:37:01.629Z
0.95539904;open;2021-11-13T19:34:00Z;407;19;0;426;426;18497[Hauptwache];2021-11-13T19:37:01.629Z
0.69558823;open;2021-11-13T19:34:00Z;473;207;0;680;680;18495[Am Gericht];2021-11-13T19:37:01.629Z
0.62776023;open;2021-11-13T19:34:00Z;398;236;0;634;634;18494[Konrad-Adenauer-Straße];2021-11-13T19:37:01.629Z
0.615;open;2021-11-13T19:49:00Z;123;77;150;350;200;24276[Turmcenter];2021-11-13T19:52:00.768Z
0.5061425;open;2021-11-13T19:49:00Z;206;201;0;407;407;18944[Alte Oper];2021-11-13T19:52:00.768Z
0.010989011;open;2021-11-13T19:49:00Z;4;360;0;364;364;24281[Hauptbahnhof Süd];2021-11-13T19:52:00.768Z
0.72435105;open;2021-11-13T19:49:00Z;586;223;0;809;809;24279[Konstabler];2021-11-13T19:52:00.768Z
0.92957747;open;2021-11-13T19:49:00Z;396;30;0;426;426;18497[Hauptwache];2021-11-13T19:52:00.768Z
0.6970588;open;2021-11-13T19:49:00Z;474;206;0;680;680;18495[Am Gericht];2021-11-13T19:52:00.768Z
0.26882845;open;2021-11-13T19:49:00Z;257;699;70;1026;956;109240[MyZeil];2021-11-13T19:52:00.768Z
0.6182965;open;2021-11-13T19:49:00Z;392;242;0;634;634;18494[Konrad-Adenauer-Straße];2021-11-13T19:52:00.768Z
0.615;open;2021-11-13T19:59:00Z;123;77;150;350;200;24276[Turmcenter];2021-11-13T20:02:00.587Z
0.49140048;open;2021-11-13T19:59:00Z;200;207;0;407;407;18944[Alte Oper];2021-11-13T20:02:00.587Z
0.010989011;open;2021-11-13T19:59:00Z;4;360;0;364;364;24281[Hauptbahnhof Süd];2021-11-13T20:02:00.587Z
0.73300374;open;2021-11-13T19:59:00Z;593;216;0;809;809;24279[Konstabler];2021-11-13T20:02:00.587Z
0.9366197;open;2021-11-13T19:59:00Z;399;27;0;426;426;18497[Hauptwache];2021-11-13T20:02:00.587Z
0.6897059;open;2021-11-13T19:59:00Z;469;211;0;680;680;18495[Am Gericht];2021-11-13T20:02:00.587Z
0.25523013;open;2021-11-13T19:59:00Z;244;712;70;1026;956;109240[MyZeil];2021-11-13T20:02:00.587Z
0.6072555;open;2021-11-13T19:59:00Z;385;249;0;634;634;18494[Konrad-Adenauer-Straße];2021-11-13T20:02:00.587Z
0.6;open;2021-11-13T20:24:00Z;120;80;150;350;200;24276[Turmcenter];2021-11-13T20:27:02.481Z
0.45700246;open;2021-11-13T20:24:00Z;186;221;0;407;407;18944[Alte Oper];2021-11-13T20:27:02.481Z
0.01923077;open;2021-11-13T20:24:00Z;7;357;0;364;364;24281[Hauptbahnhof Süd];2021-11-13T20:27:02.481Z
0.72064275;open;2021-11-13T20:24:00Z;583;226;0;809;809;24279[Konstabler];2021-11-13T20:27:02.481Z
0.9342723;open;2021-11-13T20:24:00Z;398;28;0;426;426;18497[Hauptwache];2021-11-13T20:27:02.481Z
0.6544118;open;2021-11-13T20:24:00Z;445;235;0;680;680;18495[Am Gericht];2021-11-13T20:27:02.481Z
0.23117155;open;2021-11-13T20:24:00Z;221;735;70;1026;956;109240[MyZeil];2021-11-13T20:27:02.481Z
0.5977918;open;2021-11-13T20:24:00Z;379;255;0;634;634;18494[Konrad-Adenauer-Straße];2021-11-13T20:27:02.481Z
0.54;open;2021-11-13T20:40:00Z;108;92;150;350;200;24276[Turmcenter];2021-11-13T20:42:00.178Z
0.43734643;open;2021-11-13T20:40:00Z;178;229;0;407;407;18944[Alte Oper];2021-11-13T20:42:00.178Z
0.01923077;open;2021-11-13T20:40:00Z;7;357;0;364;364;24281[Hauptbahnhof Süd];2021-11-13T20:42:00.178Z
0.7169345;open;2021-11-13T20:40:00Z;580;229;0;809;809;24279[Konstabler];2021-11-13T20:42:00.178Z
0.91549295;open;2021-11-13T20:40:00Z;390;36;0;426;426;18497[Hauptwache];2021-11-13T20:42:00.178Z
0.6220588;open;2021-11-13T20:40:00Z;423;257;0;680;680;18495[Am Gericht];2021-11-13T20:42:00.178Z
0.21757323;open;2021-11-13T20:40:00Z;208;748;70;1026;956;109240[MyZeil];2021-11-13T20:42:00.178Z
0.5851735;open;2021-11-13T20:40:00Z;371;263;0;634;634;18494[Konrad-Adenauer-Straße];2021-11-13T20:42:00.178Z
0.525;open;2021-11-13T20:50:00Z;105;95;150;350;200;24276[Turmcenter];2021-11-13T20:52:00.950Z
0.42014742;open;2021-11-13T20:50:00Z;171;236;0;407;407;18944[Alte Oper];2021-11-13T20:52:00.950Z
0.01923077;open;2021-11-13T20:50:00Z;7;357;0;364;364;24281[Hauptbahnhof Süd];2021-11-13T20:52:00.950Z
0.6909765;open;2021-11-13T20:50:00Z;559;250;0;809;809;24279[Konstabler];2021-11-13T20:52:00.950Z
0.9084507;open;2021-11-13T20:50:00Z;387;39;0;426;426;18497[Hauptwache];2021-11-13T20:52:00.950Z
0.60294116;open;2021-11-13T20:50:00Z;410;270;0;680;680;18495[Am Gericht];2021-11-13T20:52:00.950Z
0.21025105;open;2021-11-13T20:50:00Z;201;755;70;1026;956;109240[MyZeil];2021-11-13T20:52:00.950Z
0.57886434;open;2021-11-13T20:50:00Z;367;267;0;634;634;18494[Konrad-Adenauer-Straße];2021-11-13T20:52:00.950Z
0.515;open;2021-11-13T21:00:00Z;103;97;150;350;200;24276[Turmcenter];2021-11-13T21:02:00.498Z
0.4054054;open;2021-11-13T21:00:00Z;165;242;0;407;407;18944[Alte Oper];2021-11-13T21:02:00.498Z
0.021978023;open;2021-11-13T21:00:00Z;8;356;0;364;364;24281[Hauptbahnhof Süd];2021-11-13T21:02:00.498Z
0.67490727;open;2021-11-13T21:00:00Z;546;263;0;809;809;24279[Konstabler];2021-11-13T21:02:00.498Z
0.8943662;open;2021-11-13T21:00:00Z;381;45;0;426;426;18497[Hauptwache];2021-11-13T21:02:00.498Z
0.6;open;2021-11-13T21:00:00Z;408;272;0;680;680;18495[Am Gericht];2021-11-13T21:02:00.498Z
0.57570976;open;2021-11-13T21:00:00Z;365;269;0;634;634;18494[Konrad-Adenauer-Straße];2021-11-13T21:02:00.498Z
0.44;open;2021-11-13T21:25:00Z;88;112;150;350;200;24276[Turmcenter];2021-11-13T21:27:00.040Z
0.4004914;open;2021-11-13T21:25:00Z;163;244;0;407;407;18944[Alte Oper];2021-11-13T21:27:00.040Z
0.027472528;open;2021-11-13T21:25:00Z;10;354;0;364;364;24281[Hauptbahnhof Süd];2021-11-13T21:27:00.040Z
0.6415328;open;2021-11-13T21:25:00Z;519;290;0;809;809;24279[Konstabler];2021-11-13T21:27:00.040Z
0.85211265;open;2021-11-13T21:25:00Z;363;63;0;426;426;18497[Hauptwache];2021-11-13T21:27:00.040Z
0.57941175;open;2021-11-13T21:25:00Z;394;286;0;680;680;18495[Am Gericht];2021-11-13T21:27:00.040Z
0.18619247;open;2021-11-13T21:25:00Z;178;778;70;1026;956;109240[MyZeil];2021-11-13T21:27:00.040Z
0.56782335;open;2021-11-13T21:25:00Z;360;274;0;634;634;18494[Konrad-Adenauer-Straße];2021-11-13T21:27:00.040Z
0.415;open;2021-11-13T21:35:00Z;83;117;150;350;200;24276[Turmcenter];2021-11-13T21:37:01.969Z
0.3955774;open;2021-11-13T21:35:00Z;161;246;0;407;407;18944[Alte Oper];2021-11-13T21:37:01.969Z
0.027472528;open;2021-11-13T21:35:00Z;10;354;0;364;364;24281[Hauptbahnhof Süd];2021-11-13T21:37:01.969Z
0.6341162;open;2021-11-13T21:35:00Z;513;296;0;809;809;24279[Konstabler];2021-11-13T21:37:01.969Z
0.85680753;open;2021-11-13T21:35:00Z;365;61;0;426;426;18497[Hauptwache];2021-11-13T21:37:01.969Z
0.57058823;open;2021-11-13T21:35:00Z;388;292;0;680;680;18495[Am Gericht];2021-11-13T21:37:01.969Z
0.18200837;open;2021-11-13T21:35:00Z;174;782;70;1026;956;109240[MyZeil];2021-11-13T21:37:01.969Z
0.5646688;open;2021-11-13T21:35:00Z;358;276;0;634;634;18494[Konrad-Adenauer-Straße];2021-11-13T21:37:01.969Z
0.385;open;2021-11-13T21:51:00Z;77;123;150;350;200;24276[Turmcenter];2021-11-13T21:52:01.397Z
0.37592137;open;2021-11-13T21:51:00Z;153;254;0;407;407;18944[Alte Oper];2021-11-13T21:52:01.397Z
0.024725275;open;2021-11-13T21:51:00Z;9;355;0;364;364;24281[Hauptbahnhof Süd];2021-11-13T21:52:01.397Z
0.618047;open;2021-11-13T21:51:00Z;500;309;0;809;809;24279[Konstabler];2021-11-13T21:52:01.397Z
0.8286385;open;2021-11-13T21:51:00Z;353;73;0;426;426;18497[Hauptwache];2021-11-13T21:52:01.397Z
0.55588233;open;2021-11-13T21:51:00Z;378;302;0;680;680;18495[Am Gericht];2021-11-13T21:52:01.397Z
0.5567823;open;2021-11-13T21:51:00Z;353;281;0;634;634;18494[Konrad-Adenauer-Straße];2021-11-13T21:52:01.397Z
0.325;open;2021-11-13T22:01:00Z;65;135;150;350;200;24276[Turmcenter];2021-11-13T22:02:01.609Z
0.35135135;open;2021-11-13T22:01:00Z;143;264;0;407;407;18944[Alte Oper];2021-11-13T22:02:01.609Z
0.024725275;open;2021-11-13T22:01:00Z;9;355;0;364;364;24281[Hauptbahnhof Süd];2021-11-13T22:02:01.609Z
0.6118665;open;2021-11-13T22:01:00Z;495;314;0;809;809;24279[Konstabler];2021-11-13T22:02:01.609Z
0.814554;open;2021-11-13T22:01:00Z;347;79;0;426;426;18497[Hauptwache];2021-11-13T22:02:01.609Z
0.54558825;open;2021-11-13T22:01:00Z;371;309;0;680;680;18495[Am Gericht];2021-11-13T22:02:01.609Z
0.16945606;open;2021-11-13T22:01:00Z;162;794;70;1026;956;109240[MyZeil];2021-11-13T22:02:01.609Z
0.5536278;open;2021-11-13T22:01:00Z;351;283;0;634;634;18494[Konrad-Adenauer-Straße];2021-11-13T22:02:01.609Z
0.185;open;2021-11-13T22:22:00Z;37;163;150;350;200;24276[Turmcenter];2021-11-13T22:27:00.979Z
0.3071253;open;2021-11-13T22:22:00Z;125;282;0;407;407;18944[Alte Oper];2021-11-13T22:27:00.979Z
0.01923077;open;2021-11-13T22:22:00Z;7;357;0;364;364;24281[Hauptbahnhof Süd];2021-11-13T22:27:00.979Z
0.5957973;open;2021-11-13T22:22:00Z;482;327;0;809;809;24279[Konstabler];2021-11-13T22:27:00.979Z
0.7910798;open;2021-11-13T22:22:00Z;337;89;0;426;426;18497[Hauptwache];2021-11-13T22:27:00.979Z
0.53382355;open;2021-11-13T22:22:00Z;363;317;0;680;680;18495[Am Gericht];2021-11-13T22:27:00.979Z
0.15794979;open;2021-11-13T22:22:00Z;151;805;70;1026;956;109240[MyZeil];2021-11-13T22:27:00.979Z
0.54416406;open;2021-11-13T22:22:00Z;345;289;0;634;634;18494[Konrad-Adenauer-Straße];2021-11-13T22:27:00.979Z
0.18;open;2021-11-13T22:42:00Z;36;164;150;350;200;24276[Turmcenter];2021-11-13T22:47:01.585Z
0.2800983;open;2021-11-13T22:42:00Z;114;293;0;407;407;18944[Alte Oper];2021-11-13T22:47:01.585Z
0.016483517;open;2021-11-13T22:42:00Z;6;358;0;364;364;24281[Hauptbahnhof Süd];2021-11-13T22:47:01.585Z
0.55871445;open;2021-11-13T22:42:00Z;452;357;0;809;809;24279[Konstabler];2021-11-13T22:47:01.585Z
0.75586855;open;2021-11-13T22:42:00Z;322;104;0;426;426;18497[Hauptwache];2021-11-13T22:47:01.585Z
0.51911765;open;2021-11-13T22:42:00Z;353;327;0;680;680;18495[Am Gericht];2021-11-13T22:47:01.585Z
0.52996844;open;2021-11-13T22:42:00Z;336;298;0;634;634;18494[Konrad-Adenauer-Straße];2021-11-13T22:47:01.585Z
0.18;open;2021-11-13T22:47:00Z;36;164;150;350;200;24276[Turmcenter];2021-11-13T22:52:01.912Z
0.27518427;open;2021-11-13T22:47:00Z;112;295;0;407;407;18944[Alte Oper];2021-11-13T22:52:01.912Z
0.016483517;open;2021-11-13T22:47:00Z;6;358;0;364;364;24281[Hauptbahnhof Süd];2021-11-13T22:52:01.912Z
0.55747837;open;2021-11-13T22:47:00Z;451;358;0;809;809;24279[Konstabler];2021-11-13T22:52:01.912Z
0.74413145;open;2021-11-13T22:47:00Z;317;109;0;426;426;18497[Hauptwache];2021-11-13T22:52:01.912Z
0.51617646;open;2021-11-13T22:47:00Z;351;329;0;680;680;18495[Am Gericht];2021-11-13T22:52:01.912Z
0.15690376;open;2021-11-13T22:47:00Z;150;806;70;1026;956;109240[MyZeil];2021-11-13T22:52:01.912Z
0.53154576;open;2021-11-13T22:47:00Z;337;297;0;634;634;18494[Konrad-Adenauer-Straße];2021-11-13T22:52:01.912Z
0.105;open;2021-11-13T23:13:00Z;21;179;150;350;200;24276[Turmcenter];2021-11-13T23:17:00.251Z
0.25307125;open;2021-11-13T23:13:00Z;103;304;0;407;407;18944[Alte Oper];2021-11-13T23:17:00.251Z
0.016483517;open;2021-11-13T23:13:00Z;6;358;0;364;364;24281[Hauptbahnhof Süd];2021-11-13T23:17:00.251Z
0.5278121;open;2021-11-13T23:13:00Z;427;382;0;809;809;24279[Konstabler];2021-11-13T23:17:00.251Z
0.713615;open;2021-11-13T23:13:00Z;304;122;0;426;426;18497[Hauptwache];2021-11-13T23:17:00.251Z
0;closed;2021-11-13T23:13:00Z;;334;0;0;0;18495[Am Gericht];2021-11-13T23:17:00.251Z
0.14435147;open;2021-11-13T23:13:00Z;138;818;70;1026;956;109240[MyZeil];2021-11-13T23:17:00.251Z
0.5252366;open;2021-11-13T23:13:00Z;333;301;0;634;634;18494[Konrad-Adenauer-Straße];2021-11-13T23:17:00.251Z
0.08;open;2021-11-13T23:33:00Z;16;184;150;350;200;24276[Turmcenter];2021-11-13T23:37:00.179Z
0.23587224;open;2021-11-13T23:33:00Z;96;311;0;407;407;18944[Alte Oper];2021-11-13T23:37:00.179Z
0.016483517;open;2021-11-13T23:33:00Z;6;358;0;364;364;24281[Hauptbahnhof Süd];2021-11-13T23:37:00.179Z
0.5092707;open;2021-11-13T23:33:00Z;412;397;0;809;809;24279[Konstabler];2021-11-13T23:37:00.179Z
0.69248825;open;2021-11-13T23:33:00Z;295;131;0;426;426;18497[Hauptwache];2021-11-13T23:37:00.179Z
0;closed;2021-11-13T23:33:00Z;;334;0;0;0;18495[Am Gericht];2021-11-13T23:37:00.179Z
0.13598326;open;2021-11-13T23:33:00Z;130;826;70;1026;956;109240[MyZeil];2021-11-13T23:37:00.179Z
0.5094637;open;2021-11-13T23:33:00Z;323;311;0;634;634;18494[Konrad-Adenauer-Straße];2021-11-13T23:37:00.179Z
0.07;open;2021-11-13T23:43:00Z;14;186;150;350;200;24276[Turmcenter];2021-11-13T23:47:00.503Z
0.23341523;open;2021-11-13T23:43:00Z;95;312;0;407;407;18944[Alte Oper];2021-11-13T23:47:00.503Z
0.016483517;open;2021-11-13T23:43:00Z;6;358;0;364;364;24281[Hauptbahnhof Süd];2021-11-13T23:47:00.503Z
0.49690977;open;2021-11-13T23:43:00Z;402;407;0;809;809;24279[Konstabler];2021-11-13T23:47:00.503Z
0.67840374;open;2021-11-13T23:43:00Z;289;137;0;426;426;18497[Hauptwache];2021-11-13T23:47:00.503Z
0;closed;2021-11-13T23:43:00Z;;334;0;0;0;18495[Am Gericht];2021-11-13T23:47:00.503Z
0.50630915;open;2021-11-13T23:43:00Z;321;313;0;634;634;18494[Konrad-Adenauer-Straße];2021-11-13T23:47:00.503Z
0.07;open;2021-11-13T23:54:00Z;14;186;150;350;200;24276[Turmcenter];2021-11-13T23:57:02.697Z
0.22113022;open;2021-11-13T23:54:00Z;90;317;0;407;407;18944[Alte Oper];2021-11-13T23:57:02.697Z
0.016483517;open;2021-11-13T23:54:00Z;6;358;0;364;364;24281[Hauptbahnhof Süd];2021-11-13T23:57:02.697Z
0.48578492;open;2021-11-13T23:54:00Z;393;416;0;809;809;24279[Konstabler];2021-11-13T23:57:02.697Z
0.6596244;open;2021-11-13T23:54:00Z;281;145;0;426;426;18497[Hauptwache];2021-11-13T23:57:02.697Z
0;closed;2021-11-13T23:54:00Z;;334;0;0;0;18495[Am Gericht];2021-11-13T23:57:02.697Z
0.13493724;open;2021-11-13T23:54:00Z;129;827;70;1026;956;109240[MyZeil];2021-11-13T23:57:02.697Z
0.50473183;open;2021-11-13T23:54:00Z;320;314;0;634;634;18494[Konrad-Adenauer-Straße];2021-11-13T23:57:02.697Z
0.005;open;2021-11-14T01:15:00Z;1;199;150;350;200;24276[Turmcenter];2021-11-14T01:17:02.664Z
0.17444718;open;2021-11-14T01:15:00Z;71;336;0;407;407;18944[Alte Oper];2021-11-14T01:17:02.664Z
0.010989011;open;2021-11-14T01:15:00Z;4;360;0;364;364;24281[Hauptbahnhof Süd];2021-11-14T01:17:02.664Z
0.43386897;open;2021-11-14T01:15:00Z;351;458;0;809;809;24279[Konstabler];2021-11-14T01:17:02.664Z
0.58920187;open;2021-11-14T01:15:00Z;251;175;0;426;426;18497[Hauptwache];2021-11-14T01:17:02.664Z
0;closed;2021-11-14T01:15:00Z;;334;0;0;0;18495[Am Gericht];2021-11-14T01:17:02.664Z
0.12866108;open;2021-11-14T01:15:00Z;123;833;70;1026;956;109240[MyZeil];2021-11-14T01:17:02.664Z
0.47634068;open;2021-11-14T01:15:00Z;302;332;0;634;634;18494[Konrad-Adenauer-Straße];2021-11-14T01:17:02.664Z
0;open;2021-11-14T02:10:00Z;0;200;150;350;200;24276[Turmcenter];2021-11-14T02:12:01.792Z
0.15724815;open;2021-11-14T02:10:00Z;64;343;0;407;407;18944[Alte Oper];2021-11-14T02:12:01.792Z
0.008241759;open;2021-11-14T02:10:00Z;3;361;0;364;364;24281[Hauptbahnhof Süd];2021-11-14T02:12:01.792Z
0.3881335;open;2021-11-14T02:10:00Z;314;495;0;809;809;24279[Konstabler];2021-11-14T02:12:01.792Z
0.5586854;open;2021-11-14T02:10:00Z;238;188;0;426;426;18497[Hauptwache];2021-11-14T02:12:01.792Z
0;closed;2021-11-14T02:10:00Z;;334;0;0;0;18495[Am Gericht];2021-11-14T02:12:01.792Z
0.12552302;open;2021-11-14T02:10:00Z;120;836;70;1026;956;109240[MyZeil];2021-11-14T02:12:01.792Z
0.4652997;open;2021-11-14T02:10:00Z;295;339;0;634;634;18494[Konrad-Adenauer-Straße];2021-11-14T02:12:01.792Z
0;open;2021-11-14T02:40:00Z;0;200;150;350;200;24276[Turmcenter];2021-11-14T02:42:00.095Z
0.14742015;open;2021-11-14T02:40:00Z;60;347;0;407;407;18944[Alte Oper];2021-11-14T02:42:00.095Z
0.0054945056;open;2021-11-14T02:40:00Z;2;362;0;364;364;24281[Hauptbahnhof Süd];2021-11-14T02:42:00.095Z
0.36217552;open;2021-11-14T02:40:00Z;293;516;0;809;809;24279[Konstabler];2021-11-14T02:42:00.095Z
0.5399061;open;2021-11-14T02:40:00Z;230;196;0;426;426;18497[Hauptwache];2021-11-14T02:42:00.095Z
0;closed;2021-11-14T02:40:00Z;;334;0;0;0;18495[Am Gericht];2021-11-14T02:42:00.095Z
0.12761506;open;2021-11-14T02:40:00Z;122;834;70;1026;956;109240[MyZeil];2021-11-14T02:42:00.095Z
0.4526814;open;2021-11-14T02:40:00Z;287;347;0;634;634;18494[Konrad-Adenauer-Straße];2021-11-14T02:42:00.095Z
0;open;2021-11-14T02:55:00Z;0;200;150;350;200;24276[Turmcenter];2021-11-14T02:57:02.453Z
0.14004914;open;2021-11-14T02:55:00Z;57;350;0;407;407;18944[Alte Oper];2021-11-14T02:57:02.453Z
0.0054945056;open;2021-11-14T02:55:00Z;2;362;0;364;364;24281[Hauptbahnhof Süd];2021-11-14T02:57:02.453Z
0.35846725;open;2021-11-14T02:55:00Z;290;519;0;809;809;24279[Konstabler];2021-11-14T02:57:02.453Z
0.53521127;open;2021-11-14T02:55:00Z;228;198;0;426;426;18497[Hauptwache];2021-11-14T02:57:02.453Z
0;closed;2021-11-14T02:55:00Z;;334;0;0;0;18495[Am Gericht];2021-11-14T02:57:02.453Z
0.12761506;open;2021-11-14T02:55:00Z;122;834;70;1026;956;109240[MyZeil];2021-11-14T02:57:02.453Z
0.44479495;open;2021-11-14T02:55:00Z;282;352;0;634;634;18494[Konrad-Adenauer-Straße];2021-11-14T02:57:02.453Z
0;open;2021-11-14T03:21:00Z;0;200;150;350;200;24276[Turmcenter];2021-11-14T03:22:02.421Z
0.14004914;open;2021-11-14T03:21:00Z;57;350;0;407;407;18944[Alte Oper];2021-11-14T03:22:02.421Z
0.0054945056;open;2021-11-14T03:21:00Z;2;362;0;364;364;24281[Hauptbahnhof Süd];2021-11-14T03:22:02.421Z
0.34363413;open;2021-11-14T03:21:00Z;278;531;0;809;809;24279[Konstabler];2021-11-14T03:22:02.421Z
0.52347416;open;2021-11-14T03:21:00Z;223;203;0;426;426;18497[Hauptwache];2021-11-14T03:22:02.421Z
0;closed;2021-11-14T03:21:00Z;;;0;0;0;18495[Am Gericht];2021-11-14T03:22:02.421Z
0.12761506;open;2021-11-14T03:21:00Z;122;834;70;1026;956;109240[MyZeil];2021-11-14T03:22:02.421Z
0.4369085;open;2021-11-14T03:21:00Z;277;357;0;634;634;18494[Konrad-Adenauer-Straße];2021-11-14T03:22:02.421Z
0;open;2021-11-14T03:41:00Z;0;200;150;350;200;24276[Turmcenter];2021-11-14T03:42:01.655Z
0.14004914;open;2021-11-14T03:41:00Z;57;350;0;407;407;18944[Alte Oper];2021-11-14T03:42:01.655Z
0.0027472528;open;2021-11-14T03:41:00Z;1;363;0;364;364;24281[Hauptbahnhof Süd];2021-11-14T03:42:01.655Z
0.33992583;open;2021-11-14T03:41:00Z;275;534;0;809;809;24279[Konstabler];2021-11-14T03:42:01.655Z
0.51877934;open;2021-11-14T03:41:00Z;221;205;0;426;426;18497[Hauptwache];2021-11-14T03:42:01.655Z
0;closed;2021-11-14T03:41:00Z;;;0;0;0;18495[Am Gericht];2021-11-14T03:42:01.655Z
0.124476984;open;2021-11-14T03:41:00Z;119;837;70;1026;956;109240[MyZeil];2021-11-14T03:42:01.655Z
0.4369085;open;2021-11-14T03:41:00Z;277;357;0;634;634;18494[Konrad-Adenauer-Straße];2021-11-14T03:42:01.655Z
0;open;2021-11-14T03:56:00Z;0;200;150;350;200;24276[Turmcenter];2021-11-14T03:57:00.546Z
0.13759214;open;2021-11-14T03:56:00Z;56;351;0;407;407;18944[Alte Oper];2021-11-14T03:57:00.546Z
0.0027472528;open;2021-11-14T03:56:00Z;1;363;0;364;364;24281[Hauptbahnhof Süd];2021-11-14T03:57:00.546Z
0.33127317;open;2021-11-14T03:56:00Z;268;541;0;809;809;24279[Konstabler];2021-11-14T03:57:00.546Z
0.5117371;open;2021-11-14T03:56:00Z;218;208;0;426;426;18497[Hauptwache];2021-11-14T03:57:00.546Z
0;closed;2021-11-14T03:56:00Z;;;0;0;0;18495[Am Gericht];2021-11-14T03:57:00.546Z
0.124476984;open;2021-11-14T03:56:00Z;119;837;70;1026;956;109240[MyZeil];2021-11-14T03:57:00.546Z
0.43217665;open;2021-11-14T03:56:00Z;274;360;0;634;634;18494[Konrad-Adenauer-Straße];2021-11-14T03:57:00.546Z
0;open;2021-11-14T04:26:00Z;0;200;150;350;200;24276[Turmcenter];2021-11-14T04:27:01.882Z
0.13513513;open;2021-11-14T04:26:00Z;55;352;0;407;407;18944[Alte Oper];2021-11-14T04:27:01.882Z
0.0054945056;open;2021-11-14T04:26:00Z;2;362;0;364;364;24281[Hauptbahnhof Süd];2021-11-14T04:27:01.882Z
0.32014832;open;2021-11-14T04:26:00Z;259;550;0;809;809;24279[Konstabler];2021-11-14T04:27:01.882Z
0.5046948;open;2021-11-14T04:26:00Z;215;211;0;426;426;18497[Hauptwache];2021-11-14T04:27:01.882Z
0;closed;2021-11-14T04:26:00Z;;;0;0;0;18495[Am Gericht];2021-11-14T04:27:01.882Z
0.12382934;open;2021-11-14T04:26:00Z;119;842;70;1031;961;109240[MyZeil];2021-11-14T04:27:01.882Z
0.4242902;open;2021-11-14T04:26:00Z;269;365;0;634;634;18494[Konrad-Adenauer-Straße];2021-11-14T04:27:01.882Z
0;open;2021-11-14T04:56:00Z;0;200;150;350;200;24276[Turmcenter];2021-11-14T04:57:01.746Z
0.13513513;open;2021-11-14T04:56:00Z;55;352;0;407;407;18944[Alte Oper];2021-11-14T04:57:01.746Z
0.0027472528;open;2021-11-14T04:56:00Z;1;363;0;364;364;24281[Hauptbahnhof Süd];2021-11-14T04:57:01.746Z
0.31149566;open;2021-11-14T04:56:00Z;252;557;0;809;809;24279[Konstabler];2021-11-14T04:57:01.746Z
0.5;open;2021-11-14T04:56:00Z;213;213;0;426;426;18497[Hauptwache];2021-11-14T04:57:01.746Z
0;closed;2021-11-14T04:56:00Z;;;0;0;0;18495[Am Gericht];2021-11-14T04:57:01.746Z
0.12382934;open;2021-11-14T04:56:00Z;119;842;70;1031;961;109240[MyZeil];2021-11-14T04:57:01.746Z
0.42113563;open;2021-11-14T04:56:00Z;267;367;0;634;634;18494[Konrad-Adenauer-Straße];2021-11-14T04:57:01.746Z
0.135;open;2021-11-14T05:16:00Z;27;173;150;350;200;24276[Turmcenter];2021-11-14T05:17:00.178Z
0.13759214;open;2021-11-14T05:16:00Z;56;351;0;407;407;18944[Alte Oper];2021-11-14T05:17:00.178Z
0.0027472528;open;2021-11-14T05:16:00Z;1;363;0;364;364;24281[Hauptbahnhof Süd];2021-11-14T05:17:00.178Z
0.29913473;open;2021-11-14T05:16:00Z;242;567;0;809;809;24279[Konstabler];2021-11-14T05:17:00.178Z
0.4976526;open;2021-11-14T05:16:00Z;212;214;0;426;426;18497[Hauptwache];2021-11-14T05:17:00.178Z
0.4117647;open;2021-11-14T05:16:00Z;280;400;0;680;680;18495[Am Gericht];2021-11-14T05:17:00.178Z
0.12382934;open;2021-11-14T05:16:00Z;119;842;70;1031;961;109240[MyZeil];2021-11-14T05:17:00.178Z
0.42113563;open;2021-11-14T05:16:00Z;267;367;0;634;634;18494[Konrad-Adenauer-Straße];2021-11-14T05:17:00.178Z
0.13;open;2021-11-14T05:31:00Z;26;174;150;350;200;24276[Turmcenter];2021-11-14T05:32:01.074Z
0.13759214;open;2021-11-14T05:31:00Z;56;351;0;407;407;18944[Alte Oper];2021-11-14T05:32:01.074Z
0.0027472528;open;2021-11-14T05:31:00Z;1;363;0;364;364;24281[Hauptbahnhof Süd];2021-11-14T05:32:01.074Z
0.29789865;open;2021-11-14T05:31:00Z;241;568;0;809;809;24279[Konstabler];2021-11-14T05:32:01.074Z
0.49530515;open;2021-11-14T05:31:00Z;211;215;0;426;426;18497[Hauptwache];2021-11-14T05:32:01.074Z
0.41029412;open;2021-11-14T05:31:00Z;279;401;0;680;680;18495[Am Gericht];2021-11-14T05:32:01.074Z
0.12382934;open;2021-11-14T05:31:00Z;119;842;70;1031;961;109240[MyZeil];2021-11-14T05:32:01.074Z
0.4164038;open;2021-11-14T05:31:00Z;264;370;0;634;634;18494[Konrad-Adenauer-Straße];2021-11-14T05:32:01.074Z
0.13;open;2021-11-14T05:41:00Z;26;174;150;350;200;24276[Turmcenter];2021-11-14T05:42:02.142Z
0.13759214;open;2021-11-14T05:41:00Z;56;351;0;407;407;18944[Alte Oper];2021-11-14T05:42:02.142Z
0.0027472528;open;2021-11-14T05:41:00Z;1;363;0;364;364;24281[Hauptbahnhof Süd];2021-11-14T05:42:02.142Z
0.29666254;open;2021-11-14T05:41:00Z;240;569;0;809;809;24279[Konstabler];2021-11-14T05:42:02.142Z
0.49295774;open;2021-11-14T05:41:00Z;210;216;0;426;426;18497[Hauptwache];2021-11-14T05:42:02.142Z
0.40882352;open;2021-11-14T05:41:00Z;278;402;0;680;680;18495[Am Gericht];2021-11-14T05:42:02.142Z
0.4164038;open;2021-11-14T05:41:00Z;264;370;0;634;634;18494[Konrad-Adenauer-Straße];2021-11-14T05:42:02.142Z
0.13;open;2021-11-14T05:51:00Z;26;174;150;350;200;24276[Turmcenter];2021-11-14T05:52:00.095Z
0.13759214;open;2021-11-14T05:51:00Z;56;351;0;407;407;18944[Alte Oper];2021-11-14T05:52:00.095Z
0.0027472528;open;2021-11-14T05:51:00Z;1;363;0;364;364;24281[Hauptbahnhof Süd];2021-11-14T05:52:00.095Z
0.29419035;open;2021-11-14T05:51:00Z;238;571;0;809;809;24279[Konstabler];2021-11-14T05:52:00.095Z
0.49295774;open;2021-11-14T05:51:00Z;210;216;0;426;426;18497[Hauptwache];2021-11-14T05:52:00.095Z
0.40735295;open;2021-11-14T05:51:00Z;277;403;0;680;680;18495[Am Gericht];2021-11-14T05:52:00.095Z
0.12382934;open;2021-11-14T05:51:00Z;119;842;70;1031;961;109240[MyZeil];2021-11-14T05:52:00.095Z
0.4148265;open;2021-11-14T05:51:00Z;263;371;0;634;634;18494[Konrad-Adenauer-Straße];2021-11-14T05:52:00.095Z
0.13;open;2021-11-14T06:21:00Z;26;174;150;350;200;24276[Turmcenter];2021-11-14T06:22:00.396Z
0.14004914;open;2021-11-14T06:21:00Z;57;350;0;407;407;18944[Alte Oper];2021-11-14T06:22:00.396Z
0;open;2021-11-14T06:21:00Z;0;364;0;364;364;24281[Hauptbahnhof Süd];2021-11-14T06:22:00.396Z
0.29171818;open;2021-11-14T06:21:00Z;236;573;0;809;809;24279[Konstabler];2021-11-14T06:22:00.396Z
0.48826292;open;2021-11-14T06:21:00Z;208;218;0;426;426;18497[Hauptwache];2021-11-14T06:22:00.396Z
0.40588236;open;2021-11-14T06:21:00Z;276;404;0;680;680;18495[Am Gericht];2021-11-14T06:22:00.396Z
0.12382934;open;2021-11-14T06:21:00Z;119;842;70;1031;961;109240[MyZeil];2021-11-14T06:22:00.396Z
0.41009465;open;2021-11-14T06:21:00Z;260;374;0;634;634;18494[Konrad-Adenauer-Straße];2021-11-14T06:22:00.396Z
0.13;open;2021-11-14T06:41:00Z;26;174;150;350;200;24276[Turmcenter];2021-11-14T06:47:01.143Z
0.14004914;open;2021-11-14T06:41:00Z;57;350;0;407;407;18944[Alte Oper];2021-11-14T06:47:01.143Z
0;open;2021-11-14T06:41:00Z;0;364;0;364;364;24281[Hauptbahnhof Süd];2021-11-14T06:47:01.143Z
0.28800988;open;2021-11-14T06:41:00Z;233;576;0;809;809;24279[Konstabler];2021-11-14T06:47:01.143Z
0.48826292;open;2021-11-14T06:41:00Z;208;218;0;426;426;18497[Hauptwache];2021-11-14T06:47:01.143Z
0.40588236;open;2021-11-14T06:41:00Z;276;404;0;680;680;18495[Am Gericht];2021-11-14T06:47:01.143Z
0.40851736;open;2021-11-14T06:41:00Z;259;375;0;634;634;18494[Konrad-Adenauer-Straße];2021-11-14T06:47:01.143Z
0.13;open;2021-11-14T06:51:00Z;26;174;150;350;200;24276[Turmcenter];2021-11-14T06:57:01.264Z
0.14004914;open;2021-11-14T06:51:00Z;57;350;0;407;407;18944[Alte Oper];2021-11-14T06:57:01.264Z
0;open;2021-11-14T06:51:00Z;0;364;0;364;364;24281[Hauptbahnhof Süd];2021-11-14T06:57:01.264Z
0.28800988;open;2021-11-14T06:51:00Z;233;576;0;809;809;24279[Konstabler];2021-11-14T06:57:01.264Z
0.48826292;open;2021-11-14T06:51:00Z;208;218;0;426;426;18497[Hauptwache];2021-11-14T06:57:01.264Z
0.40588236;open;2021-11-14T06:51:00Z;276;404;0;680;680;18495[Am Gericht];2021-11-14T06:57:01.264Z
0.40694007;open;2021-11-14T06:51:00Z;258;376;0;634;634;18494[Konrad-Adenauer-Straße];2021-11-14T06:57:01.264Z
0.135;open;2021-11-14T07:17:00Z;27;173;150;350;200;24276[Turmcenter];2021-11-14T07:22:02.676Z
0.14250614;open;2021-11-14T07:17:00Z;58;349;0;407;407;18944[Alte Oper];2021-11-14T07:22:02.676Z
0.0027472528;open;2021-11-14T07:17:00Z;1;363;0;364;364;24281[Hauptbahnhof Süd];2021-11-14T07:22:02.676Z
0.2867738;open;2021-11-14T07:17:00Z;232;577;0;809;809;24279[Konstabler];2021-11-14T07:22:02.676Z
0.49061033;open;2021-11-14T07:17:00Z;209;217;0;426;426;18497[Hauptwache];2021-11-14T07:22:02.676Z
0.4014706;open;2021-11-14T07:17:00Z;273;407;0;680;680;18495[Am Gericht];2021-11-14T07:22:02.676Z
0.12486993;open;2021-11-14T07:17:00Z;120;841;70;1031;961;109240[MyZeil];2021-11-14T07:22:02.676Z
0.4022082;open;2021-11-14T07:17:00Z;255;379;0;634;634;18494[Konrad-Adenauer-Straße];2021-11-14T07:22:02.676Z
0.145;open;2021-11-14T07:32:00Z;29;171;150;350;200;24276[Turmcenter];2021-11-14T07:37:02.158Z
0.14004914;open;2021-11-14T07:32:00Z;57;350;0;407;407;18944[Alte Oper];2021-11-14T07:37:02.158Z
0.0027472528;open;2021-11-14T07:32:00Z;1;363;0;364;364;24281[Hauptbahnhof Süd];2021-11-14T07:37:02.158Z
0.2843016;open;2021-11-14T07:32:00Z;230;579;0;809;809;24279[Konstabler];2021-11-14T07:37:02.158Z
0.49295774;open;2021-11-14T07:32:00Z;210;216;0;426;426;18497[Hauptwache];2021-11-14T07:37:02.158Z
0.3985294;open;2021-11-14T07:32:00Z;271;409;0;680;680;18495[Am Gericht];2021-11-14T07:37:02.158Z
0.12486993;open;2021-11-14T07:32:00Z;120;841;70;1031;961;109240[MyZeil];2021-11-14T07:37:02.158Z
0.4022082;open;2021-11-14T07:32:00Z;255;379;0;634;634;18494[Konrad-Adenauer-Straße];2021-11-14T07:37:02.158Z
0.165;open;2021-11-14T07:42:00Z;33;167;150;350;200;24276[Turmcenter];2021-11-14T07:47:00.292Z
0.14004914;open;2021-11-14T07:42:00Z;57;350;0;407;407;18944[Alte Oper];2021-11-14T07:47:00.292Z
0.0027472528;open;2021-11-14T07:42:00Z;1;363;0;364;364;24281[Hauptbahnhof Süd];2021-11-14T07:47:00.292Z
0.2867738;open;2021-11-14T07:42:00Z;232;577;0;809;809;24279[Konstabler];2021-11-14T07:47:00.292Z
0.49295774;open;2021-11-14T07:42:00Z;210;216;0;426;426;18497[Hauptwache];2021-11-14T07:47:00.292Z
0.3985294;open;2021-11-14T07:42:00Z;271;409;0;680;680;18495[Am Gericht];2021-11-14T07:47:00.292Z
0.1259105;open;2021-11-14T07:42:00Z;121;840;70;1031;961;109240[MyZeil];2021-11-14T07:47:00.292Z
0.40063092;open;2021-11-14T07:42:00Z;254;380;0;634;634;18494[Konrad-Adenauer-Straße];2021-11-14T07:47:00.292Z
0.165;open;2021-11-14T07:57:00Z;33;167;150;350;200;24276[Turmcenter];2021-11-14T08:02:00.189Z
0.14742015;open;2021-11-14T07:57:00Z;60;347;0;407;407;18944[Alte Oper];2021-11-14T08:02:00.189Z
0;open;2021-11-14T07:57:00Z;0;364;0;364;364;24281[Hauptbahnhof Süd];2021-11-14T08:02:00.189Z
0.2855377;open;2021-11-14T07:57:00Z;231;578;0;809;809;24279[Konstabler];2021-11-14T08:02:00.189Z
0.49530515;open;2021-11-14T07:57:00Z;211;215;0;426;426;18497[Hauptwache];2021-11-14T08:02:00.189Z
0.3970588;open;2021-11-14T07:57:00Z;270;410;0;680;680;18495[Am Gericht];2021-11-14T08:02:00.189Z
0.1269511;open;2021-11-14T07:57:00Z;122;839;70;1031;961;109240[MyZeil];2021-11-14T08:02:00.189Z
0.40063092;open;2021-11-14T07:57:00Z;254;380;0;634;634;18494[Konrad-Adenauer-Straße];2021-11-14T08:02:00.189Z
0.165;open;2021-11-14T08:27:00Z;33;167;150;350;200;24276[Turmcenter];2021-11-14T08:32:00.059Z
0.15233415;open;2021-11-14T08:27:00Z;62;345;0;407;407;18944[Alte Oper];2021-11-14T08:32:00.059Z
0.0027472528;open;2021-11-14T08:27:00Z;1;363;0;364;364;24281[Hauptbahnhof Süd];2021-11-14T08:32:00.059Z
0.2867738;open;2021-11-14T08:27:00Z;232;577;0;809;809;24279[Konstabler];2021-11-14T08:32:00.059Z
0.49295774;open;2021-11-14T08:27:00Z;210;216;0;426;426;18497[Hauptwache];2021-11-14T08:32:00.059Z
0.39558825;open;2021-11-14T08:27:00Z;269;411;0;680;680;18495[Am Gericht];2021-11-14T08:32:00.059Z
0.13007285;open;2021-11-14T08:27:00Z;125;836;70;1031;961;109240[MyZeil];2021-11-14T08:32:00.059Z
0.39905363;open;2021-11-14T08:27:00Z;253;381;0;634;634;18494[Konrad-Adenauer-Straße];2021-11-14T08:32:00.059Z
0.17;open;2021-11-14T08:37:00Z;34;166;150;350;200;24276[Turmcenter];2021-11-14T08:42:02.548Z
0.15970516;open;2021-11-14T08:37:00Z;65;342;0;407;407;18944[Alte Oper];2021-11-14T08:42:02.548Z
0.0027472528;open;2021-11-14T08:37:00Z;1;363;0;364;364;24281[Hauptbahnhof Süd];2021-11-14T08:42:02.548Z
0.2843016;open;2021-11-14T08:37:00Z;230;579;0;809;809;24279[Konstabler];2021-11-14T08:42:02.548Z
0.49295774;open;2021-11-14T08:37:00Z;210;216;0;426;426;18497[Hauptwache];2021-11-14T08:42:02.548Z
0.39558825;open;2021-11-14T08:37:00Z;269;411;0;680;680;18495[Am Gericht];2021-11-14T08:42:02.548Z
0.12903225;open;2021-11-14T08:37:00Z;124;837;70;1031;961;109240[MyZeil];2021-11-14T08:42:02.548Z
0.39905363;open;2021-11-14T08:37:00Z;253;381;0;634;634;18494[Konrad-Adenauer-Straße];2021-11-14T08:42:02.548Z
0.18;open;2021-11-14T08:52:00Z;36;164;150;350;200;24276[Turmcenter];2021-11-14T08:57:02.426Z
0.17444718;open;2021-11-14T08:52:00Z;71;336;0;407;407;18944[Alte Oper];2021-11-14T08:57:02.426Z
0;open;2021-11-14T08:52:00Z;0;364;0;364;364;24281[Hauptbahnhof Süd];2021-11-14T08:57:02.426Z
0.2867738;open;2021-11-14T08:52:00Z;232;577;0;809;809;24279[Konstabler];2021-11-14T08:57:02.426Z
0.5140845;open;2021-11-14T08:52:00Z;219;207;0;426;426;18497[Hauptwache];2021-11-14T08:57:02.426Z
0.39264706;open;2021-11-14T08:52:00Z;267;413;0;680;680;18495[Am Gericht];2021-11-14T08:57:02.426Z
0.12903225;open;2021-11-14T08:52:00Z;124;837;70;1031;961;109240[MyZeil];2021-11-14T08:57:02.426Z
0.39747635;open;2021-11-14T08:52:00Z;252;382;0;634;634;18494[Konrad-Adenauer-Straße];2021-11-14T08:57:02.426Z
0.19;open;2021-11-14T09:17:00Z;38;162;150;350;200;24276[Turmcenter];2021-11-14T09:22:00.917Z
0.25061426;open;2021-11-14T09:17:00Z;102;305;0;407;407;18944[Alte Oper];2021-11-14T09:22:00.917Z
0;open;2021-11-14T09:17:00Z;0;364;0;364;364;24281[Hauptbahnhof Süd];2021-11-14T09:22:00.917Z
0.29666254;open;2021-11-14T09:17:00Z;240;569;0;809;809;24279[Konstabler];2021-11-14T09:22:00.917Z
0.5422535;open;2021-11-14T09:17:00Z;231;195;0;426;426;18497[Hauptwache];2021-11-14T09:22:00.917Z
0.39264706;open;2021-11-14T09:17:00Z;267;413;0;680;680;18495[Am Gericht];2021-11-14T09:22:00.917Z
0.12799168;open;2021-11-14T09:17:00Z;123;838;70;1031;961;109240[MyZeil];2021-11-14T09:22:00.917Z
0.38643533;open;2021-11-14T09:17:00Z;245;389;0;634;634;18494[Konrad-Adenauer-Straße];2021-11-14T09:22:00.917Z
0.19;open;2021-11-14T09:32:00Z;38;162;150;350;200;24276[Turmcenter];2021-11-14T09:37:02.416Z
0.42506143;open;2021-11-14T09:32:00Z;173;234;0;407;407;18944[Alte Oper];2021-11-14T09:37:02.416Z
0;open;2021-11-14T09:32:00Z;0;364;0;364;364;24281[Hauptbahnhof Süd];2021-11-14T09:37:02.416Z
0.302843;open;2021-11-14T09:32:00Z;245;564;0;809;809;24279[Konstabler];2021-11-14T09:37:02.416Z
0.57276994;open;2021-11-14T09:32:00Z;244;182;0;426;426;18497[Hauptwache];2021-11-14T09:37:02.416Z
0.39264706;open;2021-11-14T09:32:00Z;267;413;0;680;680;18495[Am Gericht];2021-11-14T09:37:02.416Z
0.12903225;open;2021-11-14T09:32:00Z;124;837;70;1031;961;109240[MyZeil];2021-11-14T09:37:02.416Z
0.38643533;open;2021-11-14T09:32:00Z;245;389;0;634;634;18494[Konrad-Adenauer-Straße];2021-11-14T09:37:02.416Z
0.195;open;2021-11-14T09:42:00Z;39;161;150;350;200;24276[Turmcenter];2021-11-14T09:47:02.380Z
0.5331695;open;2021-11-14T09:42:00Z;217;190;0;407;407;18944[Alte Oper];2021-11-14T09:47:02.380Z
0;open;2021-11-14T09:42:00Z;0;364;0;364;364;24281[Hauptbahnhof Süd];2021-11-14T09:47:02.380Z
0.3065513;open;2021-11-14T09:42:00Z;248;561;0;809;809;24279[Konstabler];2021-11-14T09:47:02.380Z
0.5915493;open;2021-11-14T09:42:00Z;252;174;0;426;426;18497[Hauptwache];2021-11-14T09:47:02.380Z
0.39558825;open;2021-11-14T09:42:00Z;269;411;0;680;680;18495[Am Gericht];2021-11-14T09:47:02.380Z
0.12799168;open;2021-11-14T09:42:00Z;123;838;70;1031;961;109240[MyZeil];2021-11-14T09:47:02.380Z
0.38801262;open;2021-11-14T09:42:00Z;246;388;0;634;634;18494[Konrad-Adenauer-Straße];2021-11-14T09:47:02.380Z
0.215;open;2021-11-14T09:57:00Z;43;157;150;350;200;24276[Turmcenter];2021-11-14T10:02:00.388Z
0.5921376;open;2021-11-14T09:57:00Z;241;166;0;407;407;18944[Alte Oper];2021-11-14T10:02:00.388Z
0.008241759;open;2021-11-14T09:57:00Z;3;361;0;364;364;24281[Hauptbahnhof Süd];2021-11-14T10:02:00.388Z
0.3065513;open;2021-11-14T09:57:00Z;248;561;0;809;809;24279[Konstabler];2021-11-14T10:02:00.388Z
0.6220657;open;2021-11-14T09:57:00Z;265;161;0;426;426;18497[Hauptwache];2021-11-14T10:02:00.388Z
0.39411765;open;2021-11-14T09:57:00Z;268;412;0;680;680;18495[Am Gericht];2021-11-14T10:02:00.388Z
0.132154;open;2021-11-14T09:57:00Z;127;834;70;1031;961;109240[MyZeil];2021-11-14T10:02:00.388Z
0.39274448;open;2021-11-14T09:57:00Z;249;385;0;634;634;18494[Konrad-Adenauer-Straße];2021-11-14T10:02:00.388Z
0.28;open;2021-11-14T10:22:00Z;56;144;150;350;200;24276[Turmcenter];2021-11-14T10:27:02.859Z
0.61179364;open;2021-11-14T10:22:00Z;249;158;0;407;407;18944[Alte Oper];2021-11-14T10:27:02.859Z
0.013736264;open;2021-11-14T10:22:00Z;5;359;0;364;364;24281[Hauptbahnhof Süd];2021-11-14T10:27:02.859Z
0.31396785;open;2021-11-14T10:22:00Z;254;555;0;809;809;24279[Konstabler];2021-11-14T10:27:02.859Z
0.6619718;open;2021-11-14T10:22:00Z;282;144;0;426;426;18497[Hauptwache];2021-11-14T10:27:02.859Z
0.39117646;open;2021-11-14T10:22:00Z;266;414;0;680;680;18495[Am Gericht];2021-11-14T10:27:02.859Z
0.132154;open;2021-11-14T10:22:00Z;127;834;70;1031;961;109240[MyZeil];2021-11-14T10:27:02.859Z
0.39589906;open;2021-11-14T10:22:00Z;251;383;0;634;634;18494[Konrad-Adenauer-Straße];2021-11-14T10:27:02.859Z
0.315;open;2021-11-14T10:38:00Z;63;137;150;350;200;24276[Turmcenter];2021-11-14T10:42:02.019Z
0.6216216;open;2021-11-14T10:38:00Z;253;154;0;407;407;18944[Alte Oper];2021-11-14T10:42:02.019Z
0.013736264;open;2021-11-14T10:38:00Z;5;359;0;364;364;24281[Hauptbahnhof Süd];2021-11-14T10:42:02.019Z
0.31644005;open;2021-11-14T10:38:00Z;256;553;0;809;809;24279[Konstabler];2021-11-14T10:42:02.019Z
0.6690141;open;2021-11-14T10:38:00Z;285;141;0;426;426;18497[Hauptwache];2021-11-14T10:42:02.019Z
0.3970588;open;2021-11-14T10:38:00Z;270;410;0;680;680;18495[Am Gericht];2021-11-14T10:42:02.019Z
0.13111342;open;2021-11-14T10:38:00Z;126;835;70;1031;961;109240[MyZeil];2021-11-14T10:42:02.019Z
0.3911672;open;2021-11-14T10:38:00Z;248;386;0;634;634;18494[Konrad-Adenauer-Straße];2021-11-14T10:42:02.019Z
0.315;open;2021-11-14T10:58:00Z;63;137;150;350;200;24276[Turmcenter];2021-11-14T11:02:00.672Z
0.6412777;open;2021-11-14T10:58:00Z;261;146;0;407;407;18944[Alte Oper];2021-11-14T11:02:00.672Z
0.010989011;open;2021-11-14T10:58:00Z;4;360;0;364;364;24281[Hauptbahnhof Süd];2021-11-14T11:02:00.672Z
0.32014832;open;2021-11-14T10:58:00Z;259;550;0;809;809;24279[Konstabler];2021-11-14T11:02:00.672Z
0.6737089;open;2021-11-14T10:58:00Z;287;139;0;426;426;18497[Hauptwache];2021-11-14T11:02:00.672Z
0.3970588;open;2021-11-14T10:58:00Z;270;410;0;680;680;18495[Am Gericht];2021-11-14T11:02:00.672Z
0.38485804;open;2021-11-14T10:58:00Z;244;390;0;634;634;18494[Konrad-Adenauer-Straße];2021-11-14T11:02:00.672Z
0.305;open;2021-11-14T11:13:00Z;61;139;150;350;200;24276[Turmcenter];2021-11-14T11:17:01.615Z
0.63144964;open;2021-11-14T11:13:00Z;257;150;0;407;407;18944[Alte Oper];2021-11-14T11:17:01.615Z
0.008241759;open;2021-11-14T11:13:00Z;3;361;0;364;364;24281[Hauptbahnhof Süd];2021-11-14T11:17:01.615Z
0.33745363;open;2021-11-14T11:13:00Z;273;536;0;809;809;24279[Konstabler];2021-11-14T11:17:01.615Z
0.68075114;open;2021-11-14T11:13:00Z;290;136;0;426;426;18497[Hauptwache];2021-11-14T11:17:01.615Z
0.3970588;open;2021-11-14T11:13:00Z;270;410;0;680;680;18495[Am Gericht];2021-11-14T11:17:01.615Z
0.1508845;open;2021-11-14T11:13:00Z;145;816;70;1031;961;109240[MyZeil];2021-11-14T11:17:01.615Z
0.38485804;open;2021-11-14T11:13:00Z;244;390;0;634;634;18494[Konrad-Adenauer-Straße];2021-11-14T11:17:01.615Z
0.325;open;2021-11-14T11:28:00Z;65;135;150;350;200;24276[Turmcenter];2021-11-14T11:32:00.105Z
0.63390666;open;2021-11-14T11:28:00Z;258;149;0;407;407;18944[Alte Oper];2021-11-14T11:32:00.105Z
0.013736264;open;2021-11-14T11:28:00Z;5;359;0;364;364;24281[Hauptbahnhof Süd];2021-11-14T11:32:00.105Z
0.35970333;open;2021-11-14T11:28:00Z;291;518;0;809;809;24279[Konstabler];2021-11-14T11:32:00.105Z
0.69014084;open;2021-11-14T11:28:00Z;294;132;0;426;426;18497[Hauptwache];2021-11-14T11:32:00.105Z
0.4;open;2021-11-14T11:28:00Z;272;408;0;680;680;18495[Am Gericht];2021-11-14T11:32:00.105Z
0.15920916;open;2021-11-14T11:28:00Z;153;808;70;1031;961;109240[MyZeil];2021-11-14T11:32:00.105Z
0.38643533;open;2021-11-14T11:28:00Z;245;389;0;634;634;18494[Konrad-Adenauer-Straße];2021-11-14T11:32:00.105Z
0.33;open;2021-11-14T11:38:00Z;66;134;150;350;200;24276[Turmcenter];2021-11-14T11:42:00.527Z
0.63882065;open;2021-11-14T11:38:00Z;260;147;0;407;407;18944[Alte Oper];2021-11-14T11:42:00.527Z
0.016483517;open;2021-11-14T11:38:00Z;6;358;0;364;364;24281[Hauptbahnhof Süd];2021-11-14T11:42:00.527Z
0.37082818;open;2021-11-14T11:38:00Z;300;509;0;809;809;24279[Konstabler];2021-11-14T11:42:00.527Z
0.68779343;open;2021-11-14T11:38:00Z;293;133;0;426;426;18497[Hauptwache];2021-11-14T11:42:00.527Z
0.40294117;open;2021-11-14T11:38:00Z;274;406;0;680;680;18495[Am Gericht];2021-11-14T11:42:00.527Z
0.38485804;open;2021-11-14T11:38:00Z;244;390;0;634;634;18494[Konrad-Adenauer-Straße];2021-11-14T11:42:00.527Z
0.325;open;2021-11-14T11:48:00Z;65;135;150;350;200;24276[Turmcenter];2021-11-14T11:52:01.657Z
0.64373463;open;2021-11-14T11:48:00Z;262;145;0;407;407;18944[Alte Oper];2021-11-14T11:52:01.657Z
0.016483517;open;2021-11-14T11:48:00Z;6;358;0;364;364;24281[Hauptbahnhof Süd];2021-11-14T11:52:01.657Z
0.37700865;open;2021-11-14T11:48:00Z;305;504;0;809;809;24279[Konstabler];2021-11-14T11:52:01.657Z
0.6830986;open;2021-11-14T11:48:00Z;291;135;0;426;426;18497[Hauptwache];2021-11-14T11:52:01.657Z
0.40882352;open;2021-11-14T11:48:00Z;278;402;0;680;680;18495[Am Gericht];2021-11-14T11:52:01.657Z
0.3895899;open;2021-11-14T11:48:00Z;247;387;0;634;634;18494[Konrad-Adenauer-Straße];2021-11-14T11:52:01.657Z
0.34;open;2021-11-14T12:28:00Z;68;132;150;350;200;24276[Turmcenter];2021-11-14T12:32:02.698Z
0.35380834;open;2021-11-14T12:28:00Z;144;263;0;407;407;18944[Alte Oper];2021-11-14T12:32:02.698Z
0.01923077;open;2021-11-14T12:28:00Z;7;357;0;364;364;24281[Hauptbahnhof Süd];2021-11-14T12:32:02.698Z
0.4103832;open;2021-11-14T12:28:00Z;332;477;0;809;809;24279[Konstabler];2021-11-14T12:32:02.698Z
0.7230047;open;2021-11-14T12:28:00Z;308;118;0;426;426;18497[Hauptwache];2021-11-14T12:32:02.698Z
0.425;open;2021-11-14T12:28:00Z;289;391;0;680;680;18495[Am Gericht];2021-11-14T12:32:02.698Z
0.18314256;open;2021-11-14T12:28:00Z;176;785;70;1031;961;109240[MyZeil];2021-11-14T12:32:02.698Z
0.38485804;open;2021-11-14T12:28:00Z;244;390;0;634;634;18494[Konrad-Adenauer-Straße];2021-11-14T12:32:02.698Z
0.405;open;2021-11-14T12:59:00Z;81;119;150;350;200;24276[Turmcenter];2021-11-14T13:02:01.375Z
0.3022113;open;2021-11-14T12:59:00Z;123;284;0;407;407;18944[Alte Oper];2021-11-14T13:02:01.375Z
0.013736264;open;2021-11-14T12:59:00Z;5;359;0;364;364;24281[Hauptbahnhof Süd];2021-11-14T13:02:01.375Z
0.44252163;open;2021-11-14T12:59:00Z;358;451;0;809;809;24279[Konstabler];2021-11-14T13:02:01.375Z
0.74882627;open;2021-11-14T12:59:00Z;319;107;0;426;426;18497[Hauptwache];2021-11-14T13:02:01.375Z
0.42941177;open;2021-11-14T12:59:00Z;292;388;0;680;680;18495[Am Gericht];2021-11-14T13:02:01.375Z
0.18730488;open;2021-11-14T12:59:00Z;180;781;70;1031;961;109240[MyZeil];2021-11-14T13:02:01.375Z
0.38801262;open;2021-11-14T12:59:00Z;246;388;0;634;634;18494[Konrad-Adenauer-Straße];2021-11-14T13:02:01.375Z
0.415;open;2021-11-14T13:24:00Z;83;117;150;350;200;24276[Turmcenter];2021-11-14T13:27:02.064Z
0.2997543;open;2021-11-14T13:24:00Z;122;285;0;407;407;18944[Alte Oper];2021-11-14T13:27:02.064Z
0.008241759;open;2021-11-14T13:24:00Z;3;361;0;364;364;24281[Hauptbahnhof Süd];2021-11-14T13:27:02.064Z
0.47589618;open;2021-11-14T13:24:00Z;385;424;0;809;809;24279[Konstabler];2021-11-14T13:27:02.064Z
0.7652582;open;2021-11-14T13:24:00Z;326;100;0;426;426;18497[Hauptwache];2021-11-14T13:27:02.064Z
0.42794117;open;2021-11-14T13:24:00Z;291;389;0;680;680;18495[Am Gericht];2021-11-14T13:27:02.064Z
0.19146723;open;2021-11-14T13:24:00Z;184;777;70;1031;961;109240[MyZeil];2021-11-14T13:27:02.064Z
0.3911672;open;2021-11-14T13:24:00Z;248;386;0;634;634;18494[Konrad-Adenauer-Straße];2021-11-14T13:27:02.064Z
0.395;open;2021-11-14T13:39:00Z;79;121;150;350;200;24276[Turmcenter];2021-11-14T13:42:01.336Z
0.2874693;open;2021-11-14T13:39:00Z;117;290;0;407;407;18944[Alte Oper];2021-11-14T13:42:01.336Z
0.013736264;open;2021-11-14T13:39:00Z;5;359;0;364;364;24281[Hauptbahnhof Süd];2021-11-14T13:42:01.336Z
0.47836834;open;2021-11-14T13:39:00Z;387;422;0;809;809;24279[Konstabler];2021-11-14T13:42:01.336Z
0.7746479;open;2021-11-14T13:39:00Z;330;96;0;426;426;18497[Hauptwache];2021-11-14T13:42:01.336Z
0.43088236;open;2021-11-14T13:39:00Z;293;387;0;680;680;18495[Am Gericht];2021-11-14T13:42:01.336Z
0.19562955;open;2021-11-14T13:39:00Z;188;773;70;1031;961;109240[MyZeil];2021-11-14T13:42:01.336Z
0.38485804;open;2021-11-14T13:39:00Z;244;390;0;634;634;18494[Konrad-Adenauer-Straße];2021-11-14T13:42:01.336Z
0.4;open;2021-11-14T13:55:00Z;80;120;150;350;200;24276[Turmcenter];2021-11-14T13:57:01.528Z
0.27027026;open;2021-11-14T13:55:00Z;110;297;0;407;407;18944[Alte Oper];2021-11-14T13:57:01.528Z
0.01923077;open;2021-11-14T13:55:00Z;7;357;0;364;364;24281[Hauptbahnhof Süd];2021-11-14T13:57:01.528Z
0.48084053;open;2021-11-14T13:55:00Z;389;420;0;809;809;24279[Konstabler];2021-11-14T13:57:01.528Z
0.7769953;open;2021-11-14T13:55:00Z;331;95;0;426;426;18497[Hauptwache];2021-11-14T13:57:01.528Z
0.43529412;open;2021-11-14T13:55:00Z;296;384;0;680;680;18495[Am Gericht];2021-11-14T13:57:01.528Z
0.20187305;open;2021-11-14T13:55:00Z;194;767;70;1031;961;109240[MyZeil];2021-11-14T13:57:01.528Z
0.38328075;open;2021-11-14T13:55:00Z;243;391;0;634;634;18494[Konrad-Adenauer-Straße];2021-11-14T13:57:01.528Z
0.4;open;2021-11-14T14:00:00Z;80;120;150;350;200;24276[Turmcenter];2021-11-14T14:02:02.437Z
0.25798526;open;2021-11-14T14:00:00Z;105;302;0;407;407;18944[Alte Oper];2021-11-14T14:02:02.437Z
0.01923077;open;2021-11-14T14:00:00Z;7;357;0;364;364;24281[Hauptbahnhof Süd];2021-11-14T14:02:02.437Z
0.487021;open;2021-11-14T14:00:00Z;394;415;0;809;809;24279[Konstabler];2021-11-14T14:02:02.437Z
0.79577464;open;2021-11-14T14:00:00Z;339;87;0;426;426;18497[Hauptwache];2021-11-14T14:02:02.437Z
0.43823528;open;2021-11-14T14:00:00Z;298;382;0;680;680;18495[Am Gericht];2021-11-14T14:02:02.437Z
0.20707597;open;2021-11-14T14:00:00Z;199;762;70;1031;961;109240[MyZeil];2021-11-14T14:02:02.437Z
0.38328075;open;2021-11-14T14:00:00Z;243;391;0;634;634;18494[Konrad-Adenauer-Straße];2021-11-14T14:02:02.437Z
0.385;open;2021-11-14T14:25:00Z;77;123;150;350;200;24276[Turmcenter];2021-11-14T14:27:01.360Z
0.24815725;open;2021-11-14T14:25:00Z;101;306;0;407;407;18944[Alte Oper];2021-11-14T14:27:01.360Z
0.016483517;open;2021-11-14T14:25:00Z;6;358;0;364;364;24281[Hauptbahnhof Süd];2021-11-14T14:27:01.360Z
0.5105068;open;2021-11-14T14:25:00Z;413;396;0;809;809;24279[Konstabler];2021-11-14T14:27:01.360Z
0.80046946;open;2021-11-14T14:25:00Z;341;85;0;426;426;18497[Hauptwache];2021-11-14T14:27:01.360Z
0.45147058;open;2021-11-14T14:25:00Z;307;373;0;680;680;18495[Am Gericht];2021-11-14T14:27:01.360Z
0.3769716;open;2021-11-14T14:25:00Z;239;395;0;634;634;18494[Konrad-Adenauer-Straße];2021-11-14T14:27:01.360Z
0.37;open;2021-11-14T14:40:00Z;74;126;150;350;200;24276[Turmcenter];2021-11-14T14:42:01.133Z
0.28255528;open;2021-11-14T14:40:00Z;115;292;0;407;407;18944[Alte Oper];2021-11-14T14:42:01.133Z
0.010989011;open;2021-11-14T14:40:00Z;4;360;0;364;364;24281[Hauptbahnhof Süd];2021-11-14T14:42:01.133Z
0.5117429;open;2021-11-14T14:40:00Z;414;395;0;809;809;24279[Konstabler];2021-11-14T14:42:01.133Z
0.7934272;open;2021-11-14T14:40:00Z;338;88;0;426;426;18497[Hauptwache];2021-11-14T14:42:01.133Z
0.45735294;open;2021-11-14T14:40:00Z;311;369;0;680;680;18495[Am Gericht];2021-11-14T14:42:01.133Z
0.21331947;open;2021-11-14T14:40:00Z;205;756;70;1031;961;109240[MyZeil];2021-11-14T14:42:01.133Z
0.38485804;open;2021-11-14T14:40:00Z;244;390;0;634;634;18494[Konrad-Adenauer-Straße];2021-11-14T14:42:01.133Z
0.375;open;2021-11-14T14:50:00Z;75;125;150;350;200;24276[Turmcenter];2021-11-14T14:52:00.721Z
0.27027026;open;2021-11-14T14:50:00Z;110;297;0;407;407;18944[Alte Oper];2021-11-14T14:52:00.721Z
0.010989011;open;2021-11-14T14:50:00Z;4;360;0;364;364;24281[Hauptbahnhof Süd];2021-11-14T14:52:00.721Z
0.5241038;open;2021-11-14T14:50:00Z;424;385;0;809;809;24279[Konstabler];2021-11-14T14:52:00.721Z
0.786385;open;2021-11-14T14:50:00Z;335;91;0;426;426;18497[Hauptwache];2021-11-14T14:52:00.721Z
0.46470588;open;2021-11-14T14:50:00Z;316;364;0;680;680;18495[Am Gericht];2021-11-14T14:52:00.721Z
0.21331947;open;2021-11-14T14:50:00Z;205;756;70;1031;961;109240[MyZeil];2021-11-14T14:52:00.721Z
0.3895899;open;2021-11-14T14:50:00Z;247;387;0;634;634;18494[Konrad-Adenauer-Straße];2021-11-14T14:52:00.721Z
0.375;open;2021-11-14T15:00:00Z;75;125;150;350;200;24276[Turmcenter];2021-11-14T15:02:00.768Z
0.27272728;open;2021-11-14T15:00:00Z;111;296;0;407;407;18944[Alte Oper];2021-11-14T15:02:00.768Z
0.0054945056;open;2021-11-14T15:00:00Z;2;362;0;364;364;24281[Hauptbahnhof Süd];2021-11-14T15:02:00.768Z
0.5339926;open;2021-11-14T15:00:00Z;432;377;0;809;809;24279[Konstabler];2021-11-14T15:02:00.768Z
0.80046946;open;2021-11-14T15:00:00Z;341;85;0;426;426;18497[Hauptwache];2021-11-14T15:02:00.768Z
0.4779412;open;2021-11-14T15:00:00Z;325;355;0;680;680;18495[Am Gericht];2021-11-14T15:02:00.768Z
0.21644121;open;2021-11-14T15:00:00Z;208;753;70;1031;961;109240[MyZeil];2021-11-14T15:02:00.768Z
0.38801262;open;2021-11-14T15:00:00Z;246;388;0;634;634;18494[Konrad-Adenauer-Straße];2021-11-14T15:02:00.768Z
0.37;open;2021-11-14T15:25:00Z;74;126;150;350;200;24276[Turmcenter];2021-11-14T15:27:00.625Z
0.27272728;open;2021-11-14T15:25:00Z;111;296;0;407;407;18944[Alte Oper];2021-11-14T15:27:00.625Z
0.0054945056;open;2021-11-14T15:25:00Z;2;362;0;364;364;24281[Hauptbahnhof Süd];2021-11-14T15:27:00.625Z
0.5500618;open;2021-11-14T15:25:00Z;445;364;0;809;809;24279[Konstabler];2021-11-14T15:27:00.625Z
0.80985916;open;2021-11-14T15:25:00Z;345;81;0;426;426;18497[Hauptwache];2021-11-14T15:27:00.625Z
0.51029414;open;2021-11-14T15:25:00Z;347;333;0;680;680;18495[Am Gericht];2021-11-14T15:27:00.625Z
0.22580644;open;2021-11-14T15:25:00Z;217;744;70;1031;961;109240[MyZeil];2021-11-14T15:27:00.625Z
0.39905363;open;2021-11-14T15:25:00Z;253;381;0;634;634;18494[Konrad-Adenauer-Straße];2021-11-14T15:27:00.625Z
0.395;open;2021-11-14T15:45:00Z;79;121;150;350;200;24276[Turmcenter];2021-11-14T15:47:01.068Z
0.27272728;open;2021-11-14T15:45:00Z;111;296;0;407;407;18944[Alte Oper];2021-11-14T15:47:01.068Z
0.010989011;open;2021-11-14T15:45:00Z;4;360;0;364;364;24281[Hauptbahnhof Süd];2021-11-14T15:47:01.068Z
0.57601976;open;2021-11-14T15:45:00Z;466;343;0;809;809;24279[Konstabler];2021-11-14T15:47:01.068Z
0.80046946;open;2021-11-14T15:45:00Z;341;85;0;426;426;18497[Hauptwache];2021-11-14T15:47:01.068Z
0.51911765;open;2021-11-14T15:45:00Z;353;327;0;680;680;18495[Am Gericht];2021-11-14T15:47:01.068Z
0.39905363;open;2021-11-14T15:45:00Z;253;381;0;634;634;18494[Konrad-Adenauer-Straße];2021-11-14T15:47:01.068Z
0.415;open;2021-11-14T15:56:00Z;83;117;150;350;200;24276[Turmcenter];2021-11-14T15:57:00.238Z
0.27764127;open;2021-11-14T15:56:00Z;113;294;0;407;407;18944[Alte Oper];2021-11-14T15:57:00.238Z
0.013736264;open;2021-11-14T15:56:00Z;5;359;0;364;364;24281[Hauptbahnhof Süd];2021-11-14T15:57:00.238Z
0.56365883;open;2021-11-14T15:56:00Z;456;353;0;809;809;24279[Konstabler];2021-11-14T15:57:00.238Z
0.78403753;open;2021-11-14T15:56:00Z;334;92;0;426;426;18497[Hauptwache];2021-11-14T15:57:00.238Z
0.5352941;open;2021-11-14T15:56:00Z;364;316;0;680;680;18495[Am Gericht];2021-11-14T15:57:00.238Z
0.23933403;open;2021-11-14T15:56:00Z;230;731;70;1031;961;109240[MyZeil];2021-11-14T15:57:00.238Z
0.4022082;open;2021-11-14T15:56:00Z;255;379;0;634;634;18494[Konrad-Adenauer-Straße];2021-11-14T15:57:00.238Z
0.48;open;2021-11-14T16:31:00Z;96;104;150;350;200;24276[Turmcenter];2021-11-14T16:32:02.548Z
0.2874693;open;2021-11-14T16:31:00Z;117;290;0;407;407;18944[Alte Oper];2021-11-14T16:32:02.548Z
0.01923077;open;2021-11-14T16:31:00Z;7;357;0;364;364;24281[Hauptbahnhof Süd];2021-11-14T16:32:02.548Z
0.5562423;open;2021-11-14T16:31:00Z;450;359;0;809;809;24279[Konstabler];2021-11-14T16:32:02.548Z
0.76760566;open;2021-11-14T16:31:00Z;327;99;0;426;426;18497[Hauptwache];2021-11-14T16:32:02.548Z
0.5661765;open;2021-11-14T16:31:00Z;385;295;0;680;680;18495[Am Gericht];2021-11-14T16:32:02.548Z
0.24037461;open;2021-11-14T16:31:00Z;231;730;70;1031;961;109240[MyZeil];2021-11-14T16:32:02.548Z
0.41324922;open;2021-11-14T16:31:00Z;262;372;0;634;634;18494[Konrad-Adenauer-Straße];2021-11-14T16:32:02.548Z
0.455;open;2021-11-14T17:32:00Z;91;109;150;350;200;24276[Turmcenter];2021-11-14T17:37:02.776Z
0.65110564;open;2021-11-14T17:32:00Z;265;142;0;407;407;18944[Alte Oper];2021-11-14T17:37:02.776Z
0.01923077;open;2021-11-14T17:32:00Z;7;357;0;364;364;24281[Hauptbahnhof Süd];2021-11-14T17:37:02.776Z
0.58961684;open;2021-11-14T17:32:00Z;477;332;0;809;809;24279[Konstabler];2021-11-14T17:37:02.776Z
0.71596247;open;2021-11-14T17:32:00Z;305;121;0;426;426;18497[Hauptwache];2021-11-14T17:37:02.776Z
0.5779412;open;2021-11-14T17:32:00Z;393;287;0;680;680;18495[Am Gericht];2021-11-14T17:37:02.776Z
0.24557753;open;2021-11-14T17:32:00Z;236;725;70;1031;961;109240[MyZeil];2021-11-14T17:37:02.776Z
0.43533123;open;2021-11-14T17:32:00Z;276;358;0;634;634;18494[Konrad-Adenauer-Straße];2021-11-14T17:37:02.776Z
0.45;open;2021-11-14T17:47:00Z;90;110;150;350;200;24276[Turmcenter];2021-11-14T17:52:01.593Z
0.71990174;open;2021-11-14T17:47:00Z;293;114;0;407;407;18944[Alte Oper];2021-11-14T17:52:01.593Z
0.024725275;open;2021-11-14T17:47:00Z;9;355;0;364;364;24281[Hauptbahnhof Süd];2021-11-14T17:52:01.593Z
0.58961684;open;2021-11-14T17:47:00Z;477;332;0;809;809;24279[Konstabler];2021-11-14T17:52:01.593Z
0.69014084;open;2021-11-14T17:47:00Z;294;132;0;426;426;18497[Hauptwache];2021-11-14T17:52:01.593Z
0.5808824;open;2021-11-14T17:47:00Z;395;285;0;680;680;18495[Am Gericht];2021-11-14T17:52:01.593Z
0.4384858;open;2021-11-14T17:47:00Z;278;356;0;634;634;18494[Konrad-Adenauer-Straße];2021-11-14T17:52:01.593Z
0.455;open;2021-11-14T17:52:00Z;91;109;150;350;200;24276[Turmcenter];2021-11-14T17:57:01.917Z
0.7174447;open;2021-11-14T17:52:00Z;292;115;0;407;407;18944[Alte Oper];2021-11-14T17:57:01.917Z
0.024725275;open;2021-11-14T17:52:00Z;9;355;0;364;364;24281[Hauptbahnhof Süd];2021-11-14T17:57:01.917Z
0.5908529;open;2021-11-14T17:52:00Z;478;331;0;809;809;24279[Konstabler];2021-11-14T17:57:01.917Z
0.68779343;open;2021-11-14T17:52:00Z;293;133;0;426;426;18497[Hauptwache];2021-11-14T17:57:01.917Z
0.5779412;open;2021-11-14T17:52:00Z;393;287;0;680;680;18495[Am Gericht];2021-11-14T17:57:01.917Z
0.4384858;open;2021-11-14T17:52:00Z;278;356;0;634;634;18494[Konrad-Adenauer-Straße];2021-11-14T17:57:01.917Z
0.485;open;2021-11-14T18:22:00Z;97;103;150;350;200;24276[Turmcenter];2021-11-14T18:27:02.996Z
0.71990174;open;2021-11-14T18:22:00Z;293;114;0;407;407;18944[Alte Oper];2021-11-14T18:27:02.996Z
0.021978023;open;2021-11-14T18:22:00Z;8;356;0;364;364;24281[Hauptbahnhof Süd];2021-11-14T18:27:02.996Z
0.56242275;open;2021-11-14T18:22:00Z;455;354;0;809;809;24279[Konstabler];2021-11-14T18:27:02.996Z
0.6619718;open;2021-11-14T18:22:00Z;282;144;0;426;426;18497[Hauptwache];2021-11-14T18:27:02.996Z
0.56911767;open;2021-11-14T18:22:00Z;387;293;0;680;680;18495[Am Gericht];2021-11-14T18:27:02.996Z
0.25494277;open;2021-11-14T18:22:00Z;245;716;70;1031;961;109240[MyZeil];2021-11-14T18:27:02.996Z
0.44637224;open;2021-11-14T18:22:00Z;283;351;0;634;634;18494[Konrad-Adenauer-Straße];2021-11-14T18:27:02.996Z
0.465;open;2021-11-14T18:43:00Z;93;107;150;350;200;24276[Turmcenter];2021-11-14T18:47:02.606Z
0.71253073;open;2021-11-14T18:43:00Z;290;117;0;407;407;18944[Alte Oper];2021-11-14T18:47:02.606Z
0.01923077;open;2021-11-14T18:43:00Z;7;357;0;364;364;24281[Hauptbahnhof Süd];2021-11-14T18:47:02.606Z
0.5611867;open;2021-11-14T18:43:00Z;454;355;0;809;809;24279[Konstabler];2021-11-14T18:47:02.606Z
0.65023476;open;2021-11-14T18:43:00Z;277;149;0;426;426;18497[Hauptwache];2021-11-14T18:47:02.606Z
0.56764704;open;2021-11-14T18:43:00Z;386;294;0;680;680;18495[Am Gericht];2021-11-14T18:47:02.606Z
0.25702393;open;2021-11-14T18:43:00Z;247;714;70;1031;961;109240[MyZeil];2021-11-14T18:47:02.606Z
0.4400631;open;2021-11-14T18:43:00Z;279;355;0;634;634;18494[Konrad-Adenauer-Straße];2021-11-14T18:47:02.606Z
0.475;open;2021-11-14T18:53:00Z;95;105;150;350;200;24276[Turmcenter];2021-11-14T18:57:02.022Z
0.7051597;open;2021-11-14T18:53:00Z;287;120;0;407;407;18944[Alte Oper];2021-11-14T18:57:02.022Z
0.021978023;open;2021-11-14T18:53:00Z;8;356;0;364;364;24281[Hauptbahnhof Süd];2021-11-14T18:57:02.022Z
0.5426452;open;2021-11-14T18:53:00Z;439;370;0;809;809;24279[Konstabler];2021-11-14T18:57:02.022Z
0.62910795;open;2021-11-14T18:53:00Z;268;158;0;426;426;18497[Hauptwache];2021-11-14T18:57:02.022Z
0.5632353;open;2021-11-14T18:53:00Z;383;297;0;680;680;18495[Am Gericht];2021-11-14T18:57:02.022Z
0.2580645;open;2021-11-14T18:53:00Z;248;713;70;1031;961;109240[MyZeil];2021-11-14T18:57:02.022Z
0.44952682;open;2021-11-14T18:53:00Z;285;349;0;634;634;18494[Konrad-Adenauer-Straße];2021-11-14T18:57:02.022Z
0.495;open;2021-11-14T19:13:00Z;99;101;150;350;200;24276[Turmcenter];2021-11-14T19:17:00.042Z
0.7002457;open;2021-11-14T19:13:00Z;285;122;0;407;407;18944[Alte Oper];2021-11-14T19:17:00.042Z
0.01923077;open;2021-11-14T19:13:00Z;7;357;0;364;364;24281[Hauptbahnhof Süd];2021-11-14T19:17:00.042Z
0.512979;open;2021-11-14T19:13:00Z;415;394;0;809;809;24279[Konstabler];2021-11-14T19:17:00.042Z
0.59624416;open;2021-11-14T19:13:00Z;254;172;0;426;426;18497[Hauptwache];2021-11-14T19:17:00.042Z
0.5397059;open;2021-11-14T19:13:00Z;367;313;0;680;680;18495[Am Gericht];2021-11-14T19:17:00.042Z
0.26326743;open;2021-11-14T19:13:00Z;253;708;70;1031;961;109240[MyZeil];2021-11-14T19:17:00.042Z
0.44637224;open;2021-11-14T19:13:00Z;283;351;0;634;634;18494[Konrad-Adenauer-Straße];2021-11-14T19:17:00.042Z
0.485;open;2021-11-14T19:23:00Z;97;103;150;350;200;24276[Turmcenter];2021-11-14T19:27:00.324Z
0.7002457;open;2021-11-14T19:23:00Z;285;122;0;407;407;18944[Alte Oper];2021-11-14T19:27:00.324Z
0.01923077;open;2021-11-14T19:23:00Z;7;357;0;364;364;24281[Hauptbahnhof Süd];2021-11-14T19:27:00.324Z
0.5067985;open;2021-11-14T19:23:00Z;410;399;0;809;809;24279[Konstabler];2021-11-14T19:27:00.324Z
0.57511735;open;2021-11-14T19:23:00Z;245;181;0;426;426;18497[Hauptwache];2021-11-14T19:27:00.324Z
0.5367647;open;2021-11-14T19:23:00Z;365;315;0;680;680;18495[Am Gericht];2021-11-14T19:27:00.324Z
0.23100936;open;2021-11-14T19:23:00Z;222;739;70;1031;961;109240[MyZeil];2021-11-14T19:27:00.324Z
0.44637224;open;2021-11-14T19:23:00Z;283;351;0;634;634;18494[Konrad-Adenauer-Straße];2021-11-14T19:27:00.324Z
0.46;open;2021-11-14T19:33:00Z;92;108;150;350;200;24276[Turmcenter];2021-11-14T19:37:00.933Z
0.6953317;open;2021-11-14T19:33:00Z;283;124;0;407;407;18944[Alte Oper];2021-11-14T19:37:00.933Z
0.01923077;open;2021-11-14T19:33:00Z;7;357;0;364;364;24281[Hauptbahnhof Süd];2021-11-14T19:37:00.933Z
0.50309026;open;2021-11-14T19:33:00Z;407;402;0;809;809;24279[Konstabler];2021-11-14T19:37:00.933Z
0.5680751;open;2021-11-14T19:33:00Z;242;184;0;426;426;18497[Hauptwache];2021-11-14T19:37:00.933Z
0.525;open;2021-11-14T19:33:00Z;357;323;0;680;680;18495[Am Gericht];2021-11-14T19:37:00.933Z
0.2289282;open;2021-11-14T19:33:00Z;220;741;70;1031;961;109240[MyZeil];2021-11-14T19:37:00.933Z
0.44637224;open;2021-11-14T19:33:00Z;283;351;0;634;634;18494[Konrad-Adenauer-Straße];2021-11-14T19:37:00.933Z
0.415;open;2021-11-14T19:48:00Z;83;117;150;350;200;24276[Turmcenter];2021-11-14T19:52:01.493Z
0.67813265;open;2021-11-14T19:48:00Z;276;131;0;407;407;18944[Alte Oper];2021-11-14T19:52:01.493Z
0.013736264;open;2021-11-14T19:48:00Z;5;359;0;364;364;24281[Hauptbahnhof Süd];2021-11-14T19:52:01.493Z
0.487021;open;2021-11-14T19:48:00Z;394;415;0;809;809;24279[Konstabler];2021-11-14T19:52:01.493Z
0.5539906;open;2021-11-14T19:48:00Z;236;190;0;426;426;18497[Hauptwache];2021-11-14T19:52:01.493Z
0.51911765;open;2021-11-14T19:48:00Z;353;327;0;680;680;18495[Am Gericht];2021-11-14T19:52:01.493Z
0.2289282;open;2021-11-14T19:48:00Z;220;741;70;1031;961;109240[MyZeil];2021-11-14T19:52:01.493Z
0.44164038;open;2021-11-14T19:48:00Z;280;354;0;634;634;18494[Konrad-Adenauer-Straße];2021-11-14T19:52:01.493Z
0.385;open;2021-11-14T19:59:00Z;77;123;150;350;200;24276[Turmcenter];2021-11-14T20:02:02.035Z
0.48402947;open;2021-11-14T19:59:00Z;197;210;0;407;407;18944[Alte Oper];2021-11-14T20:02:02.035Z
0.013736264;open;2021-11-14T19:59:00Z;5;359;0;364;364;24281[Hauptbahnhof Süd];2021-11-14T20:02:02.035Z
0.47589618;open;2021-11-14T19:59:00Z;385;424;0;809;809;24279[Konstabler];2021-11-14T20:02:02.035Z
0.5516432;open;2021-11-14T19:59:00Z;235;191;0;426;426;18497[Hauptwache];2021-11-14T20:02:02.035Z
0.5029412;open;2021-11-14T19:59:00Z;342;338;0;680;680;18495[Am Gericht];2021-11-14T20:02:02.035Z
0.2289282;open;2021-11-14T19:59:00Z;220;741;70;1031;961;109240[MyZeil];2021-11-14T20:02:02.035Z
0.43375394;open;2021-11-14T19:59:00Z;275;359;0;634;634;18494[Konrad-Adenauer-Straße];2021-11-14T20:02:02.035Z
0.335;open;2021-11-14T20:24:00Z;67;133;150;350;200;24276[Turmcenter];2021-11-14T20:27:00.835Z
0.20884521;open;2021-11-14T20:24:00Z;85;322;0;407;407;18944[Alte Oper];2021-11-14T20:27:00.835Z
0.013736264;open;2021-11-14T20:24:00Z;5;359;0;364;364;24281[Hauptbahnhof Süd];2021-11-14T20:27:00.835Z
0.44128555;open;2021-11-14T20:24:00Z;357;452;0;809;809;24279[Konstabler];2021-11-14T20:27:00.835Z
0.5422535;open;2021-11-14T20:24:00Z;231;195;0;426;426;18497[Hauptwache];2021-11-14T20:27:00.835Z
0.48088235;open;2021-11-14T20:24:00Z;327;353;0;680;680;18495[Am Gericht];2021-11-14T20:27:00.835Z
0.22684704;open;2021-11-14T20:24:00Z;218;743;70;1031;961;109240[MyZeil];2021-11-14T20:27:00.835Z
0.43059936;open;2021-11-14T20:24:00Z;273;361;0;634;634;18494[Konrad-Adenauer-Straße];2021-11-14T20:27:00.835Z
0.325;open;2021-11-14T20:34:00Z;65;135;150;350;200;24276[Turmcenter];2021-11-14T20:37:01.200Z
0.1990172;open;2021-11-14T20:34:00Z;81;326;0;407;407;18944[Alte Oper];2021-11-14T20:37:01.200Z
0.013736264;open;2021-11-14T20:34:00Z;5;359;0;364;364;24281[Hauptbahnhof Süd];2021-11-14T20:37:01.200Z
0.43634117;open;2021-11-14T20:34:00Z;353;456;0;809;809;24279[Konstabler];2021-11-14T20:37:01.200Z
0.53521127;open;2021-11-14T20:34:00Z;228;198;0;426;426;18497[Hauptwache];2021-11-14T20:37:01.200Z
0.45588234;open;2021-11-14T20:34:00Z;310;370;0;680;680;18495[Am Gericht];2021-11-14T20:37:01.200Z
0.2289282;open;2021-11-14T20:34:00Z;220;741;70;1031;961;109240[MyZeil];2021-11-14T20:37:01.200Z
0.42902207;open;2021-11-14T20:34:00Z;272;362;0;634;634;18494[Konrad-Adenauer-Straße];2021-11-14T20:37:01.200Z
0.32;open;2021-11-14T20:49:00Z;64;136;150;350;200;24276[Turmcenter];2021-11-14T20:52:00.821Z
0.18181819;open;2021-11-14T20:49:00Z;74;333;0;407;407;18944[Alte Oper];2021-11-14T20:52:00.821Z
0.016483517;open;2021-11-14T20:49:00Z;6;358;0;364;364;24281[Hauptbahnhof Süd];2021-11-14T20:52:00.821Z
0.41903585;open;2021-11-14T20:49:00Z;339;470;0;809;809;24279[Konstabler];2021-11-14T20:52:00.821Z
0.53286386;open;2021-11-14T20:49:00Z;227;199;0;426;426;18497[Hauptwache];2021-11-14T20:52:00.821Z
0.44411764;open;2021-11-14T20:49:00Z;302;378;0;680;680;18495[Am Gericht];2021-11-14T20:52:00.821Z
0.22996879;open;2021-11-14T20:49:00Z;221;740;70;1031;961;109240[MyZeil];2021-11-14T20:52:00.821Z
0.42271292;open;2021-11-14T20:49:00Z;268;366;0;634;634;18494[Konrad-Adenauer-Straße];2021-11-14T20:52:00.821Z
0.305;open;2021-11-14T21:00:00Z;61;139;150;350;200;24276[Turmcenter];2021-11-14T21:02:02.115Z
0.16461916;open;2021-11-14T21:00:00Z;67;340;0;407;407;18944[Alte Oper];2021-11-14T21:02:02.115Z
0.016483517;open;2021-11-14T21:00:00Z;6;358;0;364;364;24281[Hauptbahnhof Süd];2021-11-14T21:02:02.115Z
0.4128554;open;2021-11-14T21:00:00Z;334;475;0;809;809;24279[Konstabler];2021-11-14T21:02:02.115Z
0.51877934;open;2021-11-14T21:00:00Z;221;205;0;426;426;18497[Hauptwache];2021-11-14T21:02:02.115Z
0.44117647;open;2021-11-14T21:00:00Z;300;380;0;680;680;18495[Am Gericht];2021-11-14T21:02:02.115Z
0.22996879;open;2021-11-14T21:00:00Z;221;740;70;1031;961;109240[MyZeil];2021-11-14T21:02:02.115Z
0.41798106;open;2021-11-14T21:00:00Z;265;369;0;634;634;18494[Konrad-Adenauer-Straße];2021-11-14T21:02:02.115Z
0.28;open;2021-11-14T21:25:00Z;56;144;150;350;200;24276[Turmcenter];2021-11-14T21:27:01.136Z
0.15233415;open;2021-11-14T21:25:00Z;62;345;0;407;407;18944[Alte Oper];2021-11-14T21:27:01.136Z
0.016483517;open;2021-11-14T21:25:00Z;6;358;0;364;364;24281[Hauptbahnhof Süd];2021-11-14T21:27:01.136Z
0.40296662;open;2021-11-14T21:25:00Z;326;483;0;809;809;24279[Konstabler];2021-11-14T21:27:01.136Z
0.5;open;2021-11-14T21:25:00Z;213;213;0;426;426;18497[Hauptwache];2021-11-14T21:27:01.136Z
0.44264707;open;2021-11-14T21:25:00Z;301;379;0;680;680;18495[Am Gericht];2021-11-14T21:27:01.136Z
0.22476587;open;2021-11-14T21:25:00Z;216;745;70;1031;961;109240[MyZeil];2021-11-14T21:27:01.136Z
0.41798106;open;2021-11-14T21:25:00Z;265;369;0;634;634;18494[Konrad-Adenauer-Straße];2021-11-14T21:27:01.136Z
0.26;open;2021-11-14T21:35:00Z;52;148;150;350;200;24276[Turmcenter];2021-11-14T21:37:00.989Z
0.14004914;open;2021-11-14T21:35:00Z;57;350;0;407;407;18944[Alte Oper];2021-11-14T21:37:00.989Z
0.016483517;open;2021-11-14T21:35:00Z;6;358;0;364;364;24281[Hauptbahnhof Süd];2021-11-14T21:37:00.989Z
0.39431396;open;2021-11-14T21:35:00Z;319;490;0;809;809;24279[Konstabler];2021-11-14T21:37:00.989Z
0.49530515;open;2021-11-14T21:35:00Z;211;215;0;426;426;18497[Hauptwache];2021-11-14T21:37:00.989Z
0.43823528;open;2021-11-14T21:35:00Z;298;382;0;680;680;18495[Am Gericht];2021-11-14T21:37:00.989Z
0.22476587;open;2021-11-14T21:35:00Z;216;745;70;1031;961;109240[MyZeil];2021-11-14T21:37:00.989Z
0.41798106;open;2021-11-14T21:35:00Z;265;369;0;634;634;18494[Konrad-Adenauer-Straße];2021-11-14T21:37:00.989Z
0.235;open;2021-11-14T21:50:00Z;47;153;150;350;200;24276[Turmcenter];2021-11-14T21:52:01.498Z
0.13267814;open;2021-11-14T21:50:00Z;54;353;0;407;407;18944[Alte Oper];2021-11-14T21:52:01.498Z
0.01923077;open;2021-11-14T21:50:00Z;7;357;0;364;364;24281[Hauptbahnhof Süd];2021-11-14T21:52:01.498Z
0.38071692;open;2021-11-14T21:50:00Z;308;501;0;809;809;24279[Konstabler];2021-11-14T21:52:01.498Z
0.49530515;open;2021-11-14T21:50:00Z;211;215;0;426;426;18497[Hauptwache];2021-11-14T21:52:01.498Z
0.43088236;open;2021-11-14T21:50:00Z;293;387;0;680;680;18495[Am Gericht];2021-11-14T21:52:01.498Z
0.22372529;open;2021-11-14T21:50:00Z;215;746;70;1031;961;109240[MyZeil];2021-11-14T21:52:01.498Z
0.41798106;open;2021-11-14T21:50:00Z;265;369;0;634;634;18494[Konrad-Adenauer-Straße];2021-11-14T21:52:01.498Z
0.2;open;2021-11-14T22:01:00Z;40;160;150;350;200;24276[Turmcenter];2021-11-14T22:02:01.653Z
0.12530713;open;2021-11-14T22:01:00Z;51;356;0;407;407;18944[Alte Oper];2021-11-14T22:02:01.653Z
0.01923077;open;2021-11-14T22:01:00Z;7;357;0;364;364;24281[Hauptbahnhof Süd];2021-11-14T22:02:01.653Z
0.3473424;open;2021-11-14T22:01:00Z;281;528;0;809;809;24279[Konstabler];2021-11-14T22:02:01.653Z
0.49061033;open;2021-11-14T22:01:00Z;209;217;0;426;426;18497[Hauptwache];2021-11-14T22:02:01.653Z
0.42794117;open;2021-11-14T22:01:00Z;291;389;0;680;680;18495[Am Gericht];2021-11-14T22:02:01.653Z
0.2226847;open;2021-11-14T22:01:00Z;214;747;70;1031;961;109240[MyZeil];2021-11-14T22:02:01.653Z
0.40063092;open;2021-11-14T22:01:00Z;254;380;0;634;634;18494[Konrad-Adenauer-Straße];2021-11-14T22:02:01.653Z
0.18;open;2021-11-14T22:26:00Z;36;164;150;350;200;24276[Turmcenter];2021-11-14T22:27:01.923Z
0.12039312;open;2021-11-14T22:26:00Z;49;358;0;407;407;18944[Alte Oper];2021-11-14T22:27:01.923Z
0.016483517;open;2021-11-14T22:26:00Z;6;358;0;364;364;24281[Hauptbahnhof Süd];2021-11-14T22:27:01.923Z
0.3250927;open;2021-11-14T22:26:00Z;263;546;0;809;809;24279[Konstabler];2021-11-14T22:27:01.923Z
0.48591548;open;2021-11-14T22:26:00Z;207;219;0;426;426;18497[Hauptwache];2021-11-14T22:27:01.923Z
0.42941177;open;2021-11-14T22:26:00Z;292;388;0;680;680;18495[Am Gericht];2021-11-14T22:27:01.923Z
0.22060354;open;2021-11-14T22:26:00Z;212;749;70;1031;961;109240[MyZeil];2021-11-14T22:27:01.923Z
0.38643533;open;2021-11-14T22:26:00Z;245;389;0;634;634;18494[Konrad-Adenauer-Straße];2021-11-14T22:27:01.923Z
0.145;open;2021-11-14T22:47:00Z;29;171;150;350;200;24276[Turmcenter];2021-11-14T22:52:00.383Z
0.12039312;open;2021-11-14T22:47:00Z;49;358;0;407;407;18944[Alte Oper];2021-11-14T22:52:00.383Z
0.016483517;open;2021-11-14T22:47:00Z;6;358;0;364;364;24281[Hauptbahnhof Süd];2021-11-14T22:52:00.383Z
0.31149566;open;2021-11-14T22:47:00Z;252;557;0;809;809;24279[Konstabler];2021-11-14T22:52:00.383Z
0.48122066;open;2021-11-14T22:47:00Z;205;221;0;426;426;18497[Hauptwache];2021-11-14T22:52:00.383Z
0.42941177;open;2021-11-14T22:47:00Z;292;388;0;680;680;18495[Am Gericht];2021-11-14T22:52:00.383Z
0.21852237;open;2021-11-14T22:47:00Z;210;751;70;1031;961;109240[MyZeil];2021-11-14T22:52:00.383Z
0.38012618;open;2021-11-14T22:47:00Z;241;393;0;634;634;18494[Konrad-Adenauer-Straße];2021-11-14T22:52:00.383Z
0.13;open;2021-11-14T23:12:00Z;26;174;150;350;200;24276[Turmcenter];2021-11-14T23:17:01.784Z
0.11793612;open;2021-11-14T23:12:00Z;48;359;0;407;407;18944[Alte Oper];2021-11-14T23:17:01.784Z
0.008241759;open;2021-11-14T23:12:00Z;3;361;0;364;364;24281[Hauptbahnhof Süd];2021-11-14T23:17:01.784Z
0.3065513;open;2021-11-14T23:12:00Z;248;561;0;809;809;24279[Konstabler];2021-11-14T23:17:01.784Z
0.4765258;open;2021-11-14T23:12:00Z;203;223;0;426;426;18497[Hauptwache];2021-11-14T23:17:01.784Z
0;closed;2021-11-14T23:12:00Z;;388;0;0;0;18495[Am Gericht];2021-11-14T23:17:01.784Z
0.3769716;open;2021-11-14T23:12:00Z;239;395;0;634;634;18494[Konrad-Adenauer-Straße];2021-11-14T23:17:01.784Z
0.12;open;2021-11-14T23:27:00Z;24;176;150;350;200;24276[Turmcenter];2021-11-14T23:32:00.229Z
0.11547912;open;2021-11-14T23:27:00Z;47;360;0;407;407;18944[Alte Oper];2021-11-14T23:32:00.229Z
0.008241759;open;2021-11-14T23:27:00Z;3;361;0;364;364;24281[Hauptbahnhof Süd];2021-11-14T23:32:00.229Z
0.3053152;open;2021-11-14T23:27:00Z;247;562;0;809;809;24279[Konstabler];2021-11-14T23:32:00.229Z
0.4765258;open;2021-11-14T23:27:00Z;203;223;0;426;426;18497[Hauptwache];2021-11-14T23:32:00.229Z
0;closed;2021-11-14T23:27:00Z;;388;0;0;0;18495[Am Gericht];2021-11-14T23:32:00.229Z
0.3769716;open;2021-11-14T23:27:00Z;239;395;0;634;634;18494[Konrad-Adenauer-Straße];2021-11-14T23:32:00.229Z
0.12;open;2021-11-14T23:42:00Z;24;176;150;350;200;24276[Turmcenter];2021-11-14T23:47:00.084Z
0.11547912;open;2021-11-14T23:42:00Z;47;360;0;407;407;18944[Alte Oper];2021-11-14T23:47:00.084Z
0.008241759;open;2021-11-14T23:42:00Z;3;361;0;364;364;24281[Hauptbahnhof Süd];2021-11-14T23:47:00.084Z
0.302843;open;2021-11-14T23:42:00Z;245;564;0;809;809;24279[Konstabler];2021-11-14T23:47:00.084Z
0.4765258;open;2021-11-14T23:42:00Z;203;223;0;426;426;18497[Hauptwache];2021-11-14T23:47:00.084Z
0;closed;2021-11-14T23:42:00Z;;388;0;0;0;18495[Am Gericht];2021-11-14T23:47:00.084Z
0.21748179;open;2021-11-14T23:42:00Z;209;752;70;1031;961;109240[MyZeil];2021-11-14T23:47:00.084Z
0.3769716;open;2021-11-14T23:42:00Z;239;395;0;634;634;18494[Konrad-Adenauer-Straße];2021-11-14T23:47:00.084Z
0.12;open;2021-11-14T23:52:00Z;24;176;150;350;200;24276[Turmcenter];2021-11-14T23:57:02.752Z
0.11302211;open;2021-11-14T23:52:00Z;46;361;0;407;407;18944[Alte Oper];2021-11-14T23:57:02.752Z
0.008241759;open;2021-11-14T23:52:00Z;3;361;0;364;364;24281[Hauptbahnhof Süd];2021-11-14T23:57:02.752Z
0.30160692;open;2021-11-14T23:52:00Z;244;565;0;809;809;24279[Konstabler];2021-11-14T23:57:02.752Z
0.4741784;open;2021-11-14T23:52:00Z;202;224;0;426;426;18497[Hauptwache];2021-11-14T23:57:02.752Z
0;closed;2021-11-14T23:52:00Z;;388;0;0;0;18495[Am Gericht];2021-11-14T23:57:02.752Z
0.21748179;open;2021-11-14T23:52:00Z;209;752;70;1031;961;109240[MyZeil];2021-11-14T23:57:02.752Z
0.3769716;open;2021-11-14T23:52:00Z;239;395;0;634;634;18494[Konrad-Adenauer-Straße];2021-11-14T23:57:02.752Z
0.12;open;2021-11-15T01:14:00Z;24;176;150;350;200;24276[Turmcenter];2021-11-15T01:17:01.237Z
0.11302211;open;2021-11-15T01:14:00Z;46;361;0;407;407;18944[Alte Oper];2021-11-15T01:17:01.237Z
0.0054945056;open;2021-11-15T01:14:00Z;2;362;0;364;364;24281[Hauptbahnhof Süd];2021-11-15T01:17:01.237Z
0.29666254;open;2021-11-15T01:14:00Z;240;569;0;809;809;24279[Konstabler];2021-11-15T01:17:01.237Z
0.4741784;open;2021-11-15T01:14:00Z;202;224;0;426;426;18497[Hauptwache];2021-11-15T01:17:01.237Z
0;closed;2021-11-15T01:14:00Z;;388;0;0;0;18495[Am Gericht];2021-11-15T01:17:01.237Z
0.21748179;open;2021-11-15T01:14:00Z;209;752;70;1031;961;109240[MyZeil];2021-11-15T01:17:01.237Z
0.3769716;open;2021-11-15T01:14:00Z;239;395;0;634;634;18494[Konrad-Adenauer-Straße];2021-11-15T01:17:01.237Z
0.115;open;2021-11-15T02:10:00Z;23;177;150;350;200;24276[Turmcenter];2021-11-15T02:12:01.674Z
0.11302211;open;2021-11-15T02:10:00Z;46;361;0;407;407;18944[Alte Oper];2021-11-15T02:12:01.674Z
0.0054945056;open;2021-11-15T02:10:00Z;2;362;0;364;364;24281[Hauptbahnhof Süd];2021-11-15T02:12:01.674Z
0.29666254;open;2021-11-15T02:10:00Z;240;569;0;809;809;24279[Konstabler];2021-11-15T02:12:01.674Z
0.4741784;open;2021-11-15T02:10:00Z;202;224;0;426;426;18497[Hauptwache];2021-11-15T02:12:01.674Z
0;closed;2021-11-15T02:10:00Z;;388;0;0;0;18495[Am Gericht];2021-11-15T02:12:01.674Z
0.21748179;open;2021-11-15T02:10:00Z;209;752;70;1031;961;109240[MyZeil];2021-11-15T02:12:01.674Z
0.3785489;open;2021-11-15T02:10:00Z;240;394;0;634;634;18494[Konrad-Adenauer-Straße];2021-11-15T02:12:01.674Z
0.115;open;2021-11-15T02:40:00Z;23;177;150;350;200;24276[Turmcenter];2021-11-15T02:42:01.917Z
0.11302211;open;2021-11-15T02:40:00Z;46;361;0;407;407;18944[Alte Oper];2021-11-15T02:42:01.917Z
0.0054945056;open;2021-11-15T02:40:00Z;2;362;0;364;364;24281[Hauptbahnhof Süd];2021-11-15T02:42:01.917Z
0.29542646;open;2021-11-15T02:40:00Z;239;570;0;809;809;24279[Konstabler];2021-11-15T02:42:01.917Z
0.4741784;open;2021-11-15T02:40:00Z;202;224;0;426;426;18497[Hauptwache];2021-11-15T02:42:01.917Z
0;closed;2021-11-15T02:40:00Z;;388;0;0;0;18495[Am Gericht];2021-11-15T02:42:01.917Z
0.21748179;open;2021-11-15T02:40:00Z;209;752;70;1031;961;109240[MyZeil];2021-11-15T02:42:01.917Z
0.3769716;open;2021-11-15T02:40:00Z;239;395;0;634;634;18494[Konrad-Adenauer-Straße];2021-11-15T02:42:01.917Z
0.115;open;2021-11-15T02:55:00Z;23;177;150;350;200;24276[Turmcenter];2021-11-15T02:57:02.239Z
0.11302211;open;2021-11-15T02:55:00Z;46;361;0;407;407;18944[Alte Oper];2021-11-15T02:57:02.239Z
0.0054945056;open;2021-11-15T02:55:00Z;2;362;0;364;364;24281[Hauptbahnhof Süd];2021-11-15T02:57:02.239Z
0.29542646;open;2021-11-15T02:55:00Z;239;570;0;809;809;24279[Konstabler];2021-11-15T02:57:02.239Z
0.4741784;open;2021-11-15T02:55:00Z;202;224;0;426;426;18497[Hauptwache];2021-11-15T02:57:02.239Z
0;closed;2021-11-15T02:55:00Z;;388;0;0;0;18495[Am Gericht];2021-11-15T02:57:02.239Z
0.21748179;open;2021-11-15T02:55:00Z;209;752;70;1031;961;109240[MyZeil];2021-11-15T02:57:02.239Z
0.3769716;open;2021-11-15T02:55:00Z;239;395;0;634;634;18494[Konrad-Adenauer-Straße];2021-11-15T02:57:02.239Z
0.115;open;2021-11-15T03:21:00Z;23;177;150;350;200;24276[Turmcenter];2021-11-15T03:22:00.158Z
0.11302211;open;2021-11-15T03:21:00Z;46;361;0;407;407;18944[Alte Oper];2021-11-15T03:22:00.158Z
0.0054945056;open;2021-11-15T03:21:00Z;2;362;0;364;364;24281[Hauptbahnhof Süd];2021-11-15T03:22:00.158Z
0.29789865;open;2021-11-15T03:21:00Z;241;568;0;809;809;24279[Konstabler];2021-11-15T03:22:00.158Z
0.4741784;open;2021-11-15T03:21:00Z;202;224;0;426;426;18497[Hauptwache];2021-11-15T03:22:00.158Z
0;closed;2021-11-15T03:21:00Z;;;0;0;0;18495[Am Gericht];2021-11-15T03:22:00.158Z
0.21748179;open;2021-11-15T03:21:00Z;209;752;70;1031;961;109240[MyZeil];2021-11-15T03:22:00.158Z
0.3785489;open;2021-11-15T03:21:00Z;240;394;0;634;634;18494[Konrad-Adenauer-Straße];2021-11-15T03:22:00.158Z
0.12;open;2021-11-15T03:36:00Z;24;176;150;350;200;24276[Turmcenter];2021-11-15T03:37:01.012Z
0.11302211;open;2021-11-15T03:36:00Z;46;361;0;407;407;18944[Alte Oper];2021-11-15T03:37:01.012Z
0.0054945056;open;2021-11-15T03:36:00Z;2;362;0;364;364;24281[Hauptbahnhof Süd];2021-11-15T03:37:01.012Z
0.29789865;open;2021-11-15T03:36:00Z;241;568;0;809;809;24279[Konstabler];2021-11-15T03:37:01.012Z
0.4741784;open;2021-11-15T03:36:00Z;202;224;0;426;426;18497[Hauptwache];2021-11-15T03:37:01.012Z
0;closed;2021-11-15T03:36:00Z;;;0;0;0;18495[Am Gericht];2021-11-15T03:37:01.012Z
0.21748179;open;2021-11-15T03:36:00Z;209;752;70;1031;961;109240[MyZeil];2021-11-15T03:37:01.012Z
0.3753943;open;2021-11-15T03:36:00Z;238;396;0;634;634;18494[Konrad-Adenauer-Straße];2021-11-15T03:37:01.012Z
0.12;open;2021-11-15T03:51:00Z;24;176;150;350;200;24276[Turmcenter];2021-11-15T03:52:00.195Z
0.11302211;open;2021-11-15T03:51:00Z;46;361;0;407;407;18944[Alte Oper];2021-11-15T03:52:00.195Z
0.0054945056;open;2021-11-15T03:51:00Z;2;362;0;364;364;24281[Hauptbahnhof Süd];2021-11-15T03:52:00.195Z
0.29789865;open;2021-11-15T03:51:00Z;241;568;0;809;809;24279[Konstabler];2021-11-15T03:52:00.195Z
0.4741784;open;2021-11-15T03:51:00Z;202;224;0;426;426;18497[Hauptwache];2021-11-15T03:52:00.195Z
0;closed;2021-11-15T03:51:00Z;;;0;0;0;18495[Am Gericht];2021-11-15T03:52:00.195Z
0.21748179;open;2021-11-15T03:51:00Z;209;752;70;1031;961;109240[MyZeil];2021-11-15T03:52:00.195Z
0.3753943;open;2021-11-15T03:51:00Z;238;396;0;634;634;18494[Konrad-Adenauer-Straße];2021-11-15T03:52:00.195Z
0.12;open;2021-11-15T03:56:00Z;24;176;150;350;200;24276[Turmcenter];2021-11-15T03:57:02.698Z
0.11302211;open;2021-11-15T03:56:00Z;46;361;0;407;407;18944[Alte Oper];2021-11-15T03:57:02.698Z
0.0054945056;open;2021-11-15T03:56:00Z;2;362;0;364;364;24281[Hauptbahnhof Süd];2021-11-15T03:57:02.698Z
0.29789865;open;2021-11-15T03:56:00Z;241;568;0;809;809;24279[Konstabler];2021-11-15T03:57:02.698Z
0.4741784;open;2021-11-15T03:56:00Z;202;224;0;426;426;18497[Hauptwache];2021-11-15T03:57:02.698Z
0;closed;2021-11-15T03:56:00Z;;;0;0;0;18495[Am Gericht];2021-11-15T03:57:02.698Z
0.21748179;open;2021-11-15T03:56:00Z;209;752;70;1031;961;109240[MyZeil];2021-11-15T03:57:02.698Z
0.3753943;open;2021-11-15T03:56:00Z;238;396;0;634;634;18494[Konrad-Adenauer-Straße];2021-11-15T03:57:02.698Z
0.12;open;2021-11-15T04:31:00Z;24;176;150;350;200;24276[Turmcenter];2021-11-15T04:32:02.561Z
0.11302211;open;2021-11-15T04:31:00Z;46;361;0;407;407;18944[Alte Oper];2021-11-15T04:32:02.561Z
0.010989011;open;2021-11-15T04:31:00Z;4;360;0;364;364;24281[Hauptbahnhof Süd];2021-11-15T04:32:02.561Z
0.30037084;open;2021-11-15T04:31:00Z;243;566;0;809;809;24279[Konstabler];2021-11-15T04:32:02.561Z
0.4741784;open;2021-11-15T04:31:00Z;202;224;0;426;426;18497[Hauptwache];2021-11-15T04:32:02.561Z
0;closed;2021-11-15T04:31:00Z;;;0;0;0;18495[Am Gericht];2021-11-15T04:32:02.561Z
0.10491072;open;2021-11-15T04:31:00Z;94;802;70;966;896;109240[MyZeil];2021-11-15T04:32:02.561Z
0.38012618;open;2021-11-15T04:31:00Z;241;393;0;634;634;18494[Konrad-Adenauer-Straße];2021-11-15T04:32:02.561Z
0.18;open;2021-11-15T05:01:00Z;27;123;200;350;150;24276[Turmcenter];2021-11-15T05:02:01.311Z
0.11302211;open;2021-11-15T05:01:00Z;46;361;0;407;407;18944[Alte Oper];2021-11-15T05:02:01.311Z
0.03846154;open;2021-11-15T05:01:00Z;14;350;0;364;364;24281[Hauptbahnhof Süd];2021-11-15T05:02:01.311Z
0.302843;open;2021-11-15T05:01:00Z;245;564;0;809;809;24279[Konstabler];2021-11-15T05:02:01.311Z
0.4741784;open;2021-11-15T05:01:00Z;202;224;0;426;426;18497[Hauptwache];2021-11-15T05:02:01.311Z
0.45;open;2021-11-15T05:01:00Z;306;374;0;680;680;18495[Am Gericht];2021-11-15T05:02:01.311Z
0.10714286;open;2021-11-15T05:01:00Z;96;800;70;966;896;109240[MyZeil];2021-11-15T05:02:01.311Z
0.38643533;open;2021-11-15T05:01:00Z;245;389;0;634;634;18494[Konrad-Adenauer-Straße];2021-11-15T05:02:01.311Z
0.18666667;open;2021-11-15T05:16:00Z;28;122;200;350;150;24276[Turmcenter];2021-11-15T05:17:00.652Z
0.11547912;open;2021-11-15T05:16:00Z;47;360;0;407;407;18944[Alte Oper];2021-11-15T05:17:00.652Z
0.057692308;open;2021-11-15T05:16:00Z;21;343;0;364;364;24281[Hauptbahnhof Süd];2021-11-15T05:17:00.652Z
0.30407912;open;2021-11-15T05:16:00Z;246;563;0;809;809;24279[Konstabler];2021-11-15T05:17:00.652Z
0.4741784;open;2021-11-15T05:16:00Z;202;224;0;426;426;18497[Hauptwache];2021-11-15T05:17:00.652Z
0.45735294;open;2021-11-15T05:16:00Z;311;369;0;680;680;18495[Am Gericht];2021-11-15T05:17:00.652Z
0.10714286;open;2021-11-15T05:16:00Z;96;800;70;966;896;109240[MyZeil];2021-11-15T05:17:00.652Z
0.39589906;open;2021-11-15T05:16:00Z;251;383;0;634;634;18494[Konrad-Adenauer-Straße];2021-11-15T05:17:00.652Z
0.2;open;2021-11-15T05:31:00Z;30;120;200;350;150;24276[Turmcenter];2021-11-15T05:32:00.084Z
0.12776412;open;2021-11-15T05:31:00Z;52;355;0;407;407;18944[Alte Oper];2021-11-15T05:32:00.084Z
0.07417583;open;2021-11-15T05:31:00Z;27;337;0;364;364;24281[Hauptbahnhof Süd];2021-11-15T05:32:00.084Z
0.30407912;open;2021-11-15T05:31:00Z;246;563;0;809;809;24279[Konstabler];2021-11-15T05:32:00.084Z
0.4741784;open;2021-11-15T05:31:00Z;202;224;0;426;426;18497[Hauptwache];2021-11-15T05:32:00.084Z
0.4632353;open;2021-11-15T05:31:00Z;315;365;0;680;680;18495[Am Gericht];2021-11-15T05:32:00.084Z
0.108258925;open;2021-11-15T05:31:00Z;97;799;70;966;896;109240[MyZeil];2021-11-15T05:32:00.084Z
0.39589906;open;2021-11-15T05:31:00Z;251;383;0;634;634;18494[Konrad-Adenauer-Straße];2021-11-15T05:32:00.084Z
0.2;open;2021-11-15T05:41:00Z;30;120;200;350;150;24276[Turmcenter];2021-11-15T05:42:00.721Z
0.12776412;open;2021-11-15T05:41:00Z;52;355;0;407;407;18944[Alte Oper];2021-11-15T05:42:00.721Z
0.07967033;open;2021-11-15T05:41:00Z;29;335;0;364;364;24281[Hauptbahnhof Süd];2021-11-15T05:42:00.721Z
0.302843;open;2021-11-15T05:41:00Z;245;564;0;809;809;24279[Konstabler];2021-11-15T05:42:00.721Z
0.4765258;open;2021-11-15T05:41:00Z;203;223;0;426;426;18497[Hauptwache];2021-11-15T05:42:00.721Z
0.46764705;open;2021-11-15T05:41:00Z;318;362;0;680;680;18495[Am Gericht];2021-11-15T05:42:00.721Z
0.108258925;open;2021-11-15T05:41:00Z;97;799;70;966;896;109240[MyZeil];2021-11-15T05:42:00.721Z
0.39747635;open;2021-11-15T05:41:00Z;252;382;0;634;634;18494[Konrad-Adenauer-Straße];2021-11-15T05:42:00.721Z
0.21333334;open;2021-11-15T05:56:00Z;32;118;200;350;150;24276[Turmcenter];2021-11-15T05:57:03.006Z
0.13022113;open;2021-11-15T05:56:00Z;53;354;0;407;407;18944[Alte Oper];2021-11-15T05:57:03.006Z
0.09065934;open;2021-11-15T05:56:00Z;33;331;0;364;364;24281[Hauptbahnhof Süd];2021-11-15T05:57:03.006Z
0.30407912;open;2021-11-15T05:56:00Z;246;563;0;809;809;24279[Konstabler];2021-11-15T05:57:03.006Z
0.47887325;open;2021-11-15T05:56:00Z;204;222;0;426;426;18497[Hauptwache];2021-11-15T05:57:03.006Z
0.47058824;open;2021-11-15T05:56:00Z;320;360;0;680;680;18495[Am Gericht];2021-11-15T05:57:03.006Z
0.110491075;open;2021-11-15T05:56:00Z;99;797;70;966;896;109240[MyZeil];2021-11-15T05:57:03.006Z
0.39905363;open;2021-11-15T05:56:00Z;253;381;0;634;634;18494[Konrad-Adenauer-Straße];2021-11-15T05:57:03.006Z
0.24666667;open;2021-11-15T06:26:00Z;37;113;200;350;150;24276[Turmcenter];2021-11-15T06:27:02.591Z
0.14250614;open;2021-11-15T06:26:00Z;58;349;0;407;407;18944[Alte Oper];2021-11-15T06:27:02.591Z
0.10989011;open;2021-11-15T06:26:00Z;40;324;0;364;364;24281[Hauptbahnhof Süd];2021-11-15T06:27:02.591Z
0.302843;open;2021-11-15T06:26:00Z;245;564;0;809;809;24279[Konstabler];2021-11-15T06:27:02.591Z
0.49061033;open;2021-11-15T06:26:00Z;209;217;0;426;426;18497[Hauptwache];2021-11-15T06:27:02.591Z
0.49117646;open;2021-11-15T06:26:00Z;334;346;0;680;680;18495[Am Gericht];2021-11-15T06:27:02.591Z
0.11495536;open;2021-11-15T06:26:00Z;103;793;70;966;896;109240[MyZeil];2021-11-15T06:27:02.591Z
0.39747635;open;2021-11-15T06:26:00Z;252;382;0;634;634;18494[Konrad-Adenauer-Straße];2021-11-15T06:27:02.591Z
0.25333333;open;2021-11-15T06:47:00Z;38;112;200;350;150;24276[Turmcenter];2021-11-15T06:52:00.667Z
0.15233415;open;2021-11-15T06:47:00Z;62;345;0;407;407;18944[Alte Oper];2021-11-15T06:52:00.667Z
0.14835165;open;2021-11-15T06:47:00Z;54;310;0;364;364;24281[Hauptbahnhof Süd];2021-11-15T06:52:00.667Z
0.31644005;open;2021-11-15T06:47:00Z;256;553;0;809;809;24279[Konstabler];2021-11-15T06:52:00.667Z
0.5093897;open;2021-11-15T06:47:00Z;217;209;0;426;426;18497[Hauptwache];2021-11-15T06:52:00.667Z
0.5132353;open;2021-11-15T06:47:00Z;349;331;0;680;680;18495[Am Gericht];2021-11-15T06:52:00.667Z
0.116071425;open;2021-11-15T06:47:00Z;104;792;70;966;896;109240[MyZeil];2021-11-15T06:52:00.667Z
0.41009465;open;2021-11-15T06:47:00Z;260;374;0;634;634;18494[Konrad-Adenauer-Straße];2021-11-15T06:52:00.667Z
0.28;open;2021-11-15T06:52:00Z;42;108;200;350;150;24276[Turmcenter];2021-11-15T06:57:00.228Z
0.15724815;open;2021-11-15T06:52:00Z;64;343;0;407;407;18944[Alte Oper];2021-11-15T06:57:00.228Z
0.14835165;open;2021-11-15T06:52:00Z;54;310;0;364;364;24281[Hauptbahnhof Süd];2021-11-15T06:57:00.228Z
0.32138443;open;2021-11-15T06:52:00Z;260;549;0;809;809;24279[Konstabler];2021-11-15T06:57:00.228Z
0.52112675;open;2021-11-15T06:52:00Z;222;204;0;426;426;18497[Hauptwache];2021-11-15T06:57:00.228Z
0.5205882;open;2021-11-15T06:52:00Z;354;326;0;680;680;18495[Am Gericht];2021-11-15T06:57:00.228Z
0.116071425;open;2021-11-15T06:52:00Z;104;792;70;966;896;109240[MyZeil];2021-11-15T06:57:00.228Z
0.41324922;open;2021-11-15T06:52:00Z;262;372;0;634;634;18494[Konrad-Adenauer-Straße];2021-11-15T06:57:00.228Z
0.37333333;open;2021-11-15T07:17:00Z;56;94;200;350;150;24276[Turmcenter];2021-11-15T07:22:02.558Z
0.19656019;open;2021-11-15T07:17:00Z;80;327;0;407;407;18944[Alte Oper];2021-11-15T07:22:02.558Z
0.20604396;open;2021-11-15T07:17:00Z;75;289;0;364;364;24281[Hauptbahnhof Süd];2021-11-15T07:22:02.558Z
0.30037084;open;2021-11-15T07:17:00Z;243;566;0;809;809;24279[Konstabler];2021-11-15T07:22:02.558Z
0.5399061;open;2021-11-15T07:17:00Z;230;196;0;426;426;18497[Hauptwache];2021-11-15T07:22:02.558Z
0.5735294;open;2021-11-15T07:17:00Z;390;290;0;680;680;18495[Am Gericht];2021-11-15T07:22:02.558Z
0.12611607;open;2021-11-15T07:17:00Z;113;783;70;966;896;109240[MyZeil];2021-11-15T07:22:02.558Z
0.4258675;open;2021-11-15T07:17:00Z;270;364;0;634;634;18494[Konrad-Adenauer-Straße];2021-11-15T07:22:02.558Z
0.49333334;open;2021-11-15T07:37:00Z;74;76;200;350;150;24276[Turmcenter];2021-11-15T07:42:01.755Z
0.22604422;open;2021-11-15T07:37:00Z;92;315;0;407;407;18944[Alte Oper];2021-11-15T07:42:01.755Z
0.23901099;open;2021-11-15T07:37:00Z;87;277;0;364;364;24281[Hauptbahnhof Süd];2021-11-15T07:42:01.755Z
0.31644005;open;2021-11-15T07:37:00Z;256;553;0;809;809;24279[Konstabler];2021-11-15T07:42:01.755Z
0.5680751;open;2021-11-15T07:37:00Z;242;184;0;426;426;18497[Hauptwache];2021-11-15T07:42:01.755Z
0.6132353;open;2021-11-15T07:37:00Z;417;263;0;680;680;18495[Am Gericht];2021-11-15T07:42:01.755Z
0.13392857;open;2021-11-15T07:37:00Z;120;776;70;966;896;109240[MyZeil];2021-11-15T07:42:01.755Z
0.4384858;open;2021-11-15T07:37:00Z;278;356;0;634;634;18494[Konrad-Adenauer-Straße];2021-11-15T07:42:01.755Z
0.56666666;open;2021-11-15T07:47:00Z;85;65;200;350;150;24276[Turmcenter];2021-11-15T07:52:01.877Z
0.26535627;open;2021-11-15T07:47:00Z;108;299;0;407;407;18944[Alte Oper];2021-11-15T07:52:01.877Z
0.25274727;open;2021-11-15T07:47:00Z;92;272;0;364;364;24281[Hauptbahnhof Süd];2021-11-15T07:52:01.877Z
0.33127317;open;2021-11-15T07:47:00Z;268;541;0;809;809;24279[Konstabler];2021-11-15T07:52:01.877Z
0.58685446;open;2021-11-15T07:47:00Z;250;176;0;426;426;18497[Hauptwache];2021-11-15T07:52:01.877Z
0.62647057;open;2021-11-15T07:47:00Z;426;254;0;680;680;18495[Am Gericht];2021-11-15T07:52:01.877Z
0.13616072;open;2021-11-15T07:47:00Z;122;774;70;966;896;109240[MyZeil];2021-11-15T07:52:01.877Z
0.44321766;open;2021-11-15T07:47:00Z;281;353;0;634;634;18494[Konrad-Adenauer-Straße];2021-11-15T07:52:01.877Z
0.61333334;open;2021-11-15T07:57:00Z;92;58;200;350;150;24276[Turmcenter];2021-11-15T08:02:00.135Z
0.3022113;open;2021-11-15T07:57:00Z;123;284;0;407;407;18944[Alte Oper];2021-11-15T08:02:00.135Z
0.2747253;open;2021-11-15T07:57:00Z;100;264;0;364;364;24281[Hauptbahnhof Süd];2021-11-15T08:02:00.135Z
0.34363413;open;2021-11-15T07:57:00Z;278;531;0;809;809;24279[Konstabler];2021-11-15T08:02:00.135Z
0.6197183;open;2021-11-15T07:57:00Z;264;162;0;426;426;18497[Hauptwache];2021-11-15T08:02:00.135Z
0.64411765;open;2021-11-15T07:57:00Z;438;242;0;680;680;18495[Am Gericht];2021-11-15T08:02:00.135Z
0.13839285;open;2021-11-15T07:57:00Z;124;772;70;966;896;109240[MyZeil];2021-11-15T08:02:00.135Z
0.4637224;open;2021-11-15T07:57:00Z;294;340;0;634;634;18494[Konrad-Adenauer-Straße];2021-11-15T08:02:00.135Z
0.81333333;open;2021-11-15T08:27:00Z;122;28;200;350;150;24276[Turmcenter];2021-11-15T08:32:00.096Z
0.37346438;open;2021-11-15T08:27:00Z;152;255;0;407;407;18944[Alte Oper];2021-11-15T08:32:00.096Z
0.3434066;open;2021-11-15T08:27:00Z;125;239;0;364;364;24281[Hauptbahnhof Süd];2021-11-15T08:32:00.096Z
0.3881335;open;2021-11-15T08:27:00Z;314;495;0;809;809;24279[Konstabler];2021-11-15T08:32:00.096Z
0.67840374;open;2021-11-15T08:27:00Z;289;137;0;426;426;18497[Hauptwache];2021-11-15T08:32:00.096Z
0.70735294;open;2021-11-15T08:27:00Z;481;199;0;680;680;18495[Am Gericht];2021-11-15T08:32:00.096Z
0.14620535;open;2021-11-15T08:27:00Z;131;765;70;966;896;109240[MyZeil];2021-11-15T08:32:00.096Z
0.49684542;open;2021-11-15T08:27:00Z;315;319;0;634;634;18494[Konrad-Adenauer-Straße];2021-11-15T08:32:00.096Z
0.9266667;open;2021-11-15T08:43:00Z;139;11;200;350;150;24276[Turmcenter];2021-11-15T08:47:01.251Z
0.4078624;open;2021-11-15T08:43:00Z;166;241;0;407;407;18944[Alte Oper];2021-11-15T08:47:01.251Z
0.3434066;open;2021-11-15T08:43:00Z;125;239;0;364;364;24281[Hauptbahnhof Süd];2021-11-15T08:47:01.251Z
0.40173054;open;2021-11-15T08:43:00Z;325;484;0;809;809;24279[Konstabler];2021-11-15T08:47:01.251Z
0.71596247;open;2021-11-15T08:43:00Z;305;121;0;426;426;18497[Hauptwache];2021-11-15T08:47:01.251Z
0.7558824;open;2021-11-15T08:43:00Z;514;166;0;680;680;18495[Am Gericht];2021-11-15T08:47:01.251Z
0.15178572;open;2021-11-15T08:43:00Z;136;760;70;966;896;109240[MyZeil];2021-11-15T08:47:01.251Z
0.5126183;open;2021-11-15T08:43:00Z;325;309;0;634;634;18494[Konrad-Adenauer-Straße];2021-11-15T08:47:01.251Z
0.99333334;open;2021-11-15T08:58:00Z;149;1;200;350;150;24276[Turmcenter];2021-11-15T09:02:02.660Z
0.45208845;open;2021-11-15T08:58:00Z;184;223;0;407;407;18944[Alte Oper];2021-11-15T09:02:02.660Z
0.37362638;open;2021-11-15T08:58:00Z;136;228;0;364;364;24281[Hauptbahnhof Süd];2021-11-15T09:02:02.660Z
0.44004944;open;2021-11-15T08:58:00Z;356;453;0;809;809;24279[Konstabler];2021-11-15T09:02:02.660Z
0.79812205;open;2021-11-15T08:58:00Z;340;86;0;426;426;18497[Hauptwache];2021-11-15T09:02:02.660Z
0.7823529;open;2021-11-15T08:58:00Z;532;148;0;680;680;18495[Am Gericht];2021-11-15T09:02:02.660Z
0.16741072;open;2021-11-15T08:58:00Z;150;746;70;966;896;109240[MyZeil];2021-11-15T09:02:02.660Z
0.5283912;open;2021-11-15T08:58:00Z;335;299;0;634;634;18494[Konrad-Adenauer-Straße];2021-11-15T09:02:02.660Z
1;open;2021-11-15T09:23:00Z;150;0;200;350;150;24276[Turmcenter];2021-11-15T09:27:01.348Z
0.4889435;open;2021-11-15T09:23:00Z;199;208;0;407;407;18944[Alte Oper];2021-11-15T09:27:01.348Z
0.3901099;open;2021-11-15T09:23:00Z;142;222;0;364;364;24281[Hauptbahnhof Süd];2021-11-15T09:27:01.348Z
0.5018541;open;2021-11-15T09:23:00Z;406;403;0;809;809;24279[Konstabler];2021-11-15T09:27:01.348Z
0.87558687;open;2021-11-15T09:23:00Z;373;53;0;426;426;18497[Hauptwache];2021-11-15T09:27:01.348Z
0.8308824;open;2021-11-15T09:23:00Z;565;115;0;680;680;18495[Am Gericht];2021-11-15T09:27:01.348Z
0.19977678;open;2021-11-15T09:23:00Z;179;717;70;966;896;109240[MyZeil];2021-11-15T09:27:01.348Z
0.5504732;open;2021-11-15T09:23:00Z;349;285;0;634;634;18494[Konrad-Adenauer-Straße];2021-11-15T09:27:01.348Z
1;open;2021-11-15T09:38:00Z;150;0;200;350;150;24276[Turmcenter];2021-11-15T09:42:02.743Z
0.5110565;open;2021-11-15T09:38:00Z;208;199;0;407;407;18944[Alte Oper];2021-11-15T09:42:02.743Z
0.39835164;open;2021-11-15T09:38:00Z;145;219;0;364;364;24281[Hauptbahnhof Süd];2021-11-15T09:42:02.743Z
0.54388136;open;2021-11-15T09:38:00Z;440;369;0;809;809;24279[Konstabler];2021-11-15T09:42:02.743Z
0.91079813;open;2021-11-15T09:38:00Z;388;38;0;426;426;18497[Hauptwache];2021-11-15T09:42:02.743Z
0.85;open;2021-11-15T09:38:00Z;578;102;0;680;680;18495[Am Gericht];2021-11-15T09:42:02.743Z
0.5504732;open;2021-11-15T09:38:00Z;349;285;0;634;634;18494[Konrad-Adenauer-Straße];2021-11-15T09:42:02.743Z
0.94666666;open;2021-11-15T09:53:00Z;142;8;200;350;150;24276[Turmcenter];2021-11-15T09:57:00.629Z
0.5405405;open;2021-11-15T09:53:00Z;220;187;0;407;407;18944[Alte Oper];2021-11-15T09:57:00.629Z
0.3901099;open;2021-11-15T09:53:00Z;142;222;0;364;364;24281[Hauptbahnhof Süd];2021-11-15T09:57:00.629Z
0.5686032;open;2021-11-15T09:53:00Z;460;349;0;809;809;24279[Konstabler];2021-11-15T09:57:00.629Z
0.9389671;open;2021-11-15T09:53:00Z;400;26;0;426;426;18497[Hauptwache];2021-11-15T09:57:00.629Z
0.8573529;open;2021-11-15T09:53:00Z;583;97;0;680;680;18495[Am Gericht];2021-11-15T09:57:00.629Z
0.22433035;open;2021-11-15T09:53:00Z;201;695;70;966;896;109240[MyZeil];2021-11-15T09:57:00.629Z
0.5567823;open;2021-11-15T09:53:00Z;353;281;0;634;634;18494[Konrad-Adenauer-Straße];2021-11-15T09:57:00.629Z
0.94;open;2021-11-15T10:23:00Z;141;9;200;350;150;24276[Turmcenter];2021-11-15T10:27:00.659Z
0.5995086;open;2021-11-15T10:23:00Z;244;163;0;407;407;18944[Alte Oper];2021-11-15T10:27:00.659Z
0.3708791;open;2021-11-15T10:23:00Z;135;229;0;364;364;24281[Hauptbahnhof Süd];2021-11-15T10:27:00.659Z
0.6266996;open;2021-11-15T10:23:00Z;507;302;0;809;809;24279[Konstabler];2021-11-15T10:27:00.659Z
1;open;2021-11-15T10:23:00Z;426;0;0;426;426;18497[Hauptwache];2021-11-15T10:27:00.659Z
0.84117645;open;2021-11-15T10:23:00Z;572;108;0;680;680;18495[Am Gericht];2021-11-15T10:27:00.659Z
0.25892857;open;2021-11-15T10:23:00Z;232;664;70;966;896;109240[MyZeil];2021-11-15T10:27:00.659Z
0.5615142;open;2021-11-15T10:23:00Z;356;278;0;634;634;18494[Konrad-Adenauer-Straße];2021-11-15T10:27:00.659Z
0.97333336;open;2021-11-15T10:43:00Z;146;4;200;350;150;24276[Turmcenter];2021-11-15T10:47:02.769Z
0.5945946;open;2021-11-15T10:43:00Z;242;165;0;407;407;18944[Alte Oper];2021-11-15T10:47:02.769Z
0.3846154;open;2021-11-15T10:43:00Z;140;224;0;364;364;24281[Hauptbahnhof Süd];2021-11-15T10:47:02.769Z
0.6489493;open;2021-11-15T10:43:00Z;525;284;0;809;809;24279[Konstabler];2021-11-15T10:47:02.769Z
0.9976526;open;2021-11-15T10:43:00Z;425;1;0;426;426;18497[Hauptwache];2021-11-15T10:47:02.769Z
0.83235294;open;2021-11-15T10:43:00Z;566;114;0;680;680;18495[Am Gericht];2021-11-15T10:47:02.769Z
0.2689732;open;2021-11-15T10:43:00Z;241;655;70;966;896;109240[MyZeil];2021-11-15T10:47:02.769Z
0.56624603;open;2021-11-15T10:43:00Z;359;275;0;634;634;18494[Konrad-Adenauer-Straße];2021-11-15T10:47:02.769Z
1;open;2021-11-15T10:59:00Z;150;0;200;350;150;24276[Turmcenter];2021-11-15T11:02:00.114Z
0.6363636;open;2021-11-15T10:59:00Z;259;148;0;407;407;18944[Alte Oper];2021-11-15T11:02:00.114Z
0.38736263;open;2021-11-15T10:59:00Z;141;223;0;364;364;24281[Hauptbahnhof Süd];2021-11-15T11:02:00.114Z
0.6674907;open;2021-11-15T10:59:00Z;540;269;0;809;809;24279[Konstabler];2021-11-15T11:02:00.114Z
0.9882629;open;2021-11-15T10:59:00Z;421;5;0;426;426;18497[Hauptwache];2021-11-15T11:02:00.114Z
0.8352941;open;2021-11-15T10:59:00Z;568;112;0;680;680;18495[Am Gericht];2021-11-15T11:02:00.114Z
0.57886434;open;2021-11-15T10:59:00Z;367;267;0;634;634;18494[Konrad-Adenauer-Straße];2021-11-15T11:02:00.114Z
0.92;open;2021-11-15T11:19:00Z;138;12;200;350;150;24276[Turmcenter];2021-11-15T11:22:01.963Z
0.65847665;open;2021-11-15T11:19:00Z;268;139;0;407;407;18944[Alte Oper];2021-11-15T11:22:01.963Z
0.3708791;open;2021-11-15T11:19:00Z;135;229;0;364;364;24281[Hauptbahnhof Süd];2021-11-15T11:22:01.963Z
0.68479604;open;2021-11-15T11:19:00Z;554;255;0;809;809;24279[Konstabler];2021-11-15T11:22:01.963Z
0.9953052;open;2021-11-15T11:19:00Z;424;2;0;426;426;18497[Hauptwache];2021-11-15T11:22:01.963Z
0.825;open;2021-11-15T11:19:00Z;561;119;0;680;680;18495[Am Gericht];2021-11-15T11:22:01.963Z
0.27455357;open;2021-11-15T11:19:00Z;246;650;70;966;896;109240[MyZeil];2021-11-15T11:22:01.963Z
0.59305996;open;2021-11-15T11:19:00Z;376;258;0;634;634;18494[Konrad-Adenauer-Straße];2021-11-15T11:22:01.963Z
0.92;open;2021-11-15T11:29:00Z;138;12;200;350;150;24276[Turmcenter];2021-11-15T11:32:02.196Z
0.68550366;open;2021-11-15T11:29:00Z;279;128;0;407;407;18944[Alte Oper];2021-11-15T11:32:02.196Z
0.37637362;open;2021-11-15T11:29:00Z;137;227;0;364;364;24281[Hauptbahnhof Süd];2021-11-15T11:32:02.196Z
0.6897404;open;2021-11-15T11:29:00Z;558;251;0;809;809;24279[Konstabler];2021-11-15T11:32:02.196Z
0.9882629;open;2021-11-15T11:29:00Z;421;5;0;426;426;18497[Hauptwache];2021-11-15T11:32:02.196Z
0.8220588;open;2021-11-15T11:29:00Z;559;121;0;680;680;18495[Am Gericht];2021-11-15T11:32:02.196Z
0.2779018;open;2021-11-15T11:29:00Z;249;647;70;966;896;109240[MyZeil];2021-11-15T11:32:02.196Z
0.5820189;open;2021-11-15T11:29:00Z;369;265;0;634;634;18494[Konrad-Adenauer-Straße];2021-11-15T11:32:02.196Z
0.88666666;open;2021-11-15T11:39:00Z;133;17;200;350;150;24276[Turmcenter];2021-11-15T11:42:01.186Z
0.7002457;open;2021-11-15T11:39:00Z;285;122;0;407;407;18944[Alte Oper];2021-11-15T11:42:01.186Z
0.37362638;open;2021-11-15T11:39:00Z;136;228;0;364;364;24281[Hauptbahnhof Süd];2021-11-15T11:42:01.186Z
0.6959209;open;2021-11-15T11:39:00Z;563;246;0;809;809;24279[Konstabler];2021-11-15T11:42:01.186Z
0.9976526;open;2021-11-15T11:39:00Z;425;1;0;426;426;18497[Hauptwache];2021-11-15T11:42:01.186Z
0.81911767;open;2021-11-15T11:39:00Z;557;123;0;680;680;18495[Am Gericht];2021-11-15T11:42:01.186Z
0.2779018;open;2021-11-15T11:39:00Z;249;647;70;966;896;109240[MyZeil];2021-11-15T11:42:01.186Z
0.58832806;open;2021-11-15T11:39:00Z;373;261;0;634;634;18494[Konrad-Adenauer-Straße];2021-11-15T11:42:01.186Z
0.8933333;open;2021-11-15T11:59:00Z;134;16;200;350;150;24276[Turmcenter];2021-11-15T12:02:00.154Z
0.7371007;open;2021-11-15T11:59:00Z;300;107;0;407;407;18944[Alte Oper];2021-11-15T12:02:00.154Z
0.3653846;open;2021-11-15T11:59:00Z;133;231;0;364;364;24281[Hauptbahnhof Süd];2021-11-15T12:02:00.154Z
0.7045736;open;2021-11-15T11:59:00Z;570;239;0;809;809;24279[Konstabler];2021-11-15T12:02:00.154Z
0.9882629;open;2021-11-15T11:59:00Z;421;5;0;426;426;18497[Hauptwache];2021-11-15T12:02:00.154Z
0.8088235;open;2021-11-15T11:59:00Z;550;130;0;680;680;18495[Am Gericht];2021-11-15T12:02:00.154Z
0.28348213;open;2021-11-15T11:59:00Z;254;642;70;966;896;109240[MyZeil];2021-11-15T12:02:00.154Z
0.5977918;open;2021-11-15T11:59:00Z;379;255;0;634;634;18494[Konrad-Adenauer-Straße];2021-11-15T12:02:00.154Z
0.88;open;2021-11-15T12:39:00Z;132;18;200;350;150;24276[Turmcenter];2021-11-15T12:42:00.201Z
0.71990174;open;2021-11-15T12:39:00Z;293;114;0;407;407;18944[Alte Oper];2021-11-15T12:42:00.201Z
0.3543956;open;2021-11-15T12:39:00Z;129;235;0;364;364;24281[Hauptbahnhof Süd];2021-11-15T12:42:00.201Z
0.70210135;open;2021-11-15T12:39:00Z;568;241;0;809;809;24279[Konstabler];2021-11-15T12:42:00.201Z
0.9577465;open;2021-11-15T12:39:00Z;408;18;0;426;426;18497[Hauptwache];2021-11-15T12:42:00.201Z
0.7764706;open;2021-11-15T12:39:00Z;528;152;0;680;680;18495[Am Gericht];2021-11-15T12:42:00.201Z
0.28794643;open;2021-11-15T12:39:00Z;258;638;70;966;896;109240[MyZeil];2021-11-15T12:42:00.201Z
0.61356467;open;2021-11-15T12:39:00Z;389;245;0;634;634;18494[Konrad-Adenauer-Straße];2021-11-15T12:42:00.201Z
0.9;open;2021-11-15T13:05:00Z;135;15;200;350;150;24276[Turmcenter];2021-11-15T13:07:00.426Z
0.72727275;open;2021-11-15T13:05:00Z;296;111;0;407;407;18944[Alte Oper];2021-11-15T13:07:00.426Z
0.33516484;open;2021-11-15T13:05:00Z;122;242;0;364;364;24281[Hauptbahnhof Süd];2021-11-15T13:07:00.426Z
0.67490727;open;2021-11-15T13:05:00Z;546;263;0;809;809;24279[Konstabler];2021-11-15T13:07:00.426Z
0.96713614;open;2021-11-15T13:05:00Z;412;14;0;426;426;18497[Hauptwache];2021-11-15T13:07:00.426Z
0.76029414;open;2021-11-15T13:05:00Z;517;163;0;680;680;18495[Am Gericht];2021-11-15T13:07:00.426Z
0.2935268;open;2021-11-15T13:05:00Z;263;633;70;966;896;109240[MyZeil];2021-11-15T13:07:00.426Z
0.6214511;open;2021-11-15T13:05:00Z;394;240;0;634;634;18494[Konrad-Adenauer-Straße];2021-11-15T13:07:00.426Z
0.88666666;open;2021-11-15T13:30:00Z;133;17;200;350;150;24276[Turmcenter];2021-11-15T13:32:02.053Z
0.7051597;open;2021-11-15T13:30:00Z;287;120;0;407;407;18944[Alte Oper];2021-11-15T13:32:02.053Z
0.32967034;open;2021-11-15T13:30:00Z;120;244;0;364;364;24281[Hauptbahnhof Süd];2021-11-15T13:32:02.053Z
0.6588381;open;2021-11-15T13:30:00Z;533;276;0;809;809;24279[Konstabler];2021-11-15T13:32:02.053Z
0.9835681;open;2021-11-15T13:30:00Z;419;7;0;426;426;18497[Hauptwache];2021-11-15T13:32:02.053Z
0.7382353;open;2021-11-15T13:30:00Z;502;178;0;680;680;18495[Am Gericht];2021-11-15T13:32:02.053Z
0.2924107;open;2021-11-15T13:30:00Z;262;634;70;966;896;109240[MyZeil];2021-11-15T13:32:02.053Z
0.61671925;open;2021-11-15T13:30:00Z;391;243;0;634;634;18494[Konrad-Adenauer-Straße];2021-11-15T13:32:02.053Z
0.9066667;open;2021-11-15T13:50:00Z;136;14;200;350;150;24276[Turmcenter];2021-11-15T13:52:00.273Z
0.6683047;open;2021-11-15T13:50:00Z;272;135;0;407;407;18944[Alte Oper];2021-11-15T13:52:00.273Z
0.32417583;open;2021-11-15T13:50:00Z;118;246;0;364;364;24281[Hauptbahnhof Süd];2021-11-15T13:52:00.273Z
0.6674907;open;2021-11-15T13:50:00Z;540;269;0;809;809;24279[Konstabler];2021-11-15T13:52:00.273Z
0.9976526;open;2021-11-15T13:50:00Z;425;1;0;426;426;18497[Hauptwache];2021-11-15T13:52:00.273Z
0.75;open;2021-11-15T13:50:00Z;510;170;0;680;680;18495[Am Gericht];2021-11-15T13:52:00.273Z
0.2924107;open;2021-11-15T13:50:00Z;262;634;70;966;896;109240[MyZeil];2021-11-15T13:52:00.273Z
0.6104101;open;2021-11-15T13:50:00Z;387;247;0;634;634;18494[Konrad-Adenauer-Straße];2021-11-15T13:52:00.273Z
0.9;open;2021-11-15T14:00:00Z;135;15;200;350;150;24276[Turmcenter];2021-11-15T14:02:02.335Z
0.6609337;open;2021-11-15T14:00:00Z;269;138;0;407;407;18944[Alte Oper];2021-11-15T14:02:02.335Z
0.31593406;open;2021-11-15T14:00:00Z;115;249;0;364;364;24281[Hauptbahnhof Süd];2021-11-15T14:02:02.335Z
0.6600742;open;2021-11-15T14:00:00Z;534;275;0;809;809;24279[Konstabler];2021-11-15T14:02:02.335Z
0.9953052;open;2021-11-15T14:00:00Z;424;2;0;426;426;18497[Hauptwache];2021-11-15T14:02:02.335Z
0.72794116;open;2021-11-15T14:00:00Z;495;185;0;680;680;18495[Am Gericht];2021-11-15T14:02:02.335Z
0.2935268;open;2021-11-15T14:00:00Z;263;633;70;966;896;109240[MyZeil];2021-11-15T14:02:02.335Z
0.6072555;open;2021-11-15T14:00:00Z;385;249;0;634;634;18494[Konrad-Adenauer-Straße];2021-11-15T14:02:02.335Z
0.86;open;2021-11-15T14:25:00Z;129;21;200;350;150;24276[Turmcenter];2021-11-15T14:27:00.913Z
0.6412777;open;2021-11-15T14:25:00Z;261;146;0;407;407;18944[Alte Oper];2021-11-15T14:27:00.913Z
0.2912088;open;2021-11-15T14:25:00Z;106;258;0;364;364;24281[Hauptbahnhof Süd];2021-11-15T14:27:00.913Z
0.6773795;open;2021-11-15T14:25:00Z;548;261;0;809;809;24279[Konstabler];2021-11-15T14:27:00.913Z
0.96948355;open;2021-11-15T14:25:00Z;413;13;0;426;426;18497[Hauptwache];2021-11-15T14:27:00.913Z
0.70735294;open;2021-11-15T14:25:00Z;481;199;0;680;680;18495[Am Gericht];2021-11-15T14:27:00.913Z
0.27566963;open;2021-11-15T14:25:00Z;247;649;70;966;896;109240[MyZeil];2021-11-15T14:27:00.913Z
0.59305996;open;2021-11-15T14:25:00Z;376;258;0;634;634;18494[Konrad-Adenauer-Straße];2021-11-15T14:27:00.913Z
0.86;open;2021-11-15T14:40:00Z;129;21;200;350;150;24276[Turmcenter];2021-11-15T14:42:00.580Z
0.61916465;open;2021-11-15T14:40:00Z;252;155;0;407;407;18944[Alte Oper];2021-11-15T14:42:00.580Z
0.2747253;open;2021-11-15T14:40:00Z;100;264;0;364;364;24281[Hauptbahnhof Süd];2021-11-15T14:42:00.580Z
0.6687268;open;2021-11-15T14:40:00Z;541;268;0;809;809;24279[Konstabler];2021-11-15T14:42:00.580Z
0.9507042;open;2021-11-15T14:40:00Z;405;21;0;426;426;18497[Hauptwache];2021-11-15T14:42:00.580Z
0.7058824;open;2021-11-15T14:40:00Z;480;200;0;680;680;18495[Am Gericht];2021-11-15T14:42:00.580Z
0.27566963;open;2021-11-15T14:40:00Z;247;649;70;966;896;109240[MyZeil];2021-11-15T14:42:00.580Z
0.5820189;open;2021-11-15T14:40:00Z;369;265;0;634;634;18494[Konrad-Adenauer-Straße];2021-11-15T14:42:00.580Z
0.8333333;open;2021-11-15T14:51:00Z;125;25;200;350;150;24276[Turmcenter];2021-11-15T14:52:02.724Z
0.6019656;open;2021-11-15T14:51:00Z;245;162;0;407;407;18944[Alte Oper];2021-11-15T14:52:02.724Z
0.25824177;open;2021-11-15T14:51:00Z;94;270;0;364;364;24281[Hauptbahnhof Süd];2021-11-15T14:52:02.724Z
0.67985165;open;2021-11-15T14:51:00Z;550;259;0;809;809;24279[Konstabler];2021-11-15T14:52:02.724Z
0.98122066;open;2021-11-15T14:51:00Z;418;8;0;426;426;18497[Hauptwache];2021-11-15T14:52:02.724Z
0.6897059;open;2021-11-15T14:51:00Z;469;211;0;680;680;18495[Am Gericht];2021-11-15T14:52:02.724Z
0.5772871;open;2021-11-15T14:51:00Z;366;268;0;634;634;18494[Konrad-Adenauer-Straße];2021-11-15T14:52:02.724Z
0.79333335;open;2021-11-15T15:01:00Z;119;31;200;350;150;24276[Turmcenter];2021-11-15T15:02:02.796Z
0.5896806;open;2021-11-15T15:01:00Z;240;167;0;407;407;18944[Alte Oper];2021-11-15T15:02:02.796Z
0.2554945;open;2021-11-15T15:01:00Z;93;271;0;364;364;24281[Hauptbahnhof Süd];2021-11-15T15:02:02.796Z
0.6761434;open;2021-11-15T15:01:00Z;547;262;0;809;809;24279[Konstabler];2021-11-15T15:02:02.796Z
0.97417843;open;2021-11-15T15:01:00Z;415;11;0;426;426;18497[Hauptwache];2021-11-15T15:02:02.796Z
0.67941177;open;2021-11-15T15:01:00Z;462;218;0;680;680;18495[Am Gericht];2021-11-15T15:02:02.796Z
0.27566963;open;2021-11-15T15:01:00Z;247;649;70;966;896;109240[MyZeil];2021-11-15T15:02:02.796Z
0.57886434;open;2021-11-15T15:01:00Z;367;267;0;634;634;18494[Konrad-Adenauer-Straße];2021-11-15T15:02:02.796Z
0.7133333;open;2021-11-15T15:31:00Z;107;43;200;350;150;24276[Turmcenter];2021-11-15T15:32:01.623Z
0.55773956;open;2021-11-15T15:31:00Z;227;180;0;407;407;18944[Alte Oper];2021-11-15T15:32:01.623Z
0.20604396;open;2021-11-15T15:31:00Z;75;289;0;364;364;24281[Hauptbahnhof Süd];2021-11-15T15:32:01.623Z
0.6637824;open;2021-11-15T15:31:00Z;537;272;0;809;809;24279[Konstabler];2021-11-15T15:32:01.623Z
0.92253524;open;2021-11-15T15:31:00Z;393;33;0;426;426;18497[Hauptwache];2021-11-15T15:32:01.623Z
0.65294117;open;2021-11-15T15:31:00Z;444;236;0;680;680;18495[Am Gericht];2021-11-15T15:32:01.623Z
0.265625;open;2021-11-15T15:31:00Z;238;658;70;966;896;109240[MyZeil];2021-11-15T15:32:01.623Z
0.5567823;open;2021-11-15T15:31:00Z;353;281;0;634;634;18494[Konrad-Adenauer-Straße];2021-11-15T15:32:01.623Z
0.6933333;open;2021-11-15T15:57:00Z;104;46;200;350;150;24276[Turmcenter];2021-11-15T16:02:02.867Z
0.5135135;open;2021-11-15T15:57:00Z;209;198;0;407;407;18944[Alte Oper];2021-11-15T16:02:02.867Z
0.17857143;open;2021-11-15T15:57:00Z;65;299;0;364;364;24281[Hauptbahnhof Süd];2021-11-15T16:02:02.867Z
0.645241;open;2021-11-15T15:57:00Z;522;287;0;809;809;24279[Konstabler];2021-11-15T16:02:02.867Z
0.899061;open;2021-11-15T15:57:00Z;383;43;0;426;426;18497[Hauptwache];2021-11-15T16:02:02.867Z
0.6161765;open;2021-11-15T15:57:00Z;419;261;0;680;680;18495[Am Gericht];2021-11-15T16:02:02.867Z
0.24888393;open;2021-11-15T15:57:00Z;223;673;70;966;896;109240[MyZeil];2021-11-15T16:02:02.867Z
0.51892745;open;2021-11-15T15:57:00Z;329;305;0;634;634;18494[Konrad-Adenauer-Straße];2021-11-15T16:02:02.867Z
0.5933333;open;2021-11-15T16:37:00Z;89;61;200;350;150;24276[Turmcenter];2021-11-15T16:42:01.081Z
0.48402947;open;2021-11-15T16:37:00Z;197;210;0;407;407;18944[Alte Oper];2021-11-15T16:42:01.081Z
0.12362637;open;2021-11-15T16:37:00Z;45;319;0;364;364;24281[Hauptbahnhof Süd];2021-11-15T16:42:01.081Z
0.5933251;open;2021-11-15T16:37:00Z;480;329;0;809;809;24279[Konstabler];2021-11-15T16:42:01.081Z
0.8403756;open;2021-11-15T16:37:00Z;358;68;0;426;426;18497[Hauptwache];2021-11-15T16:42:01.081Z
0.5647059;open;2021-11-15T16:37:00Z;384;296;0;680;680;18495[Am Gericht];2021-11-15T16:42:01.081Z
0.23102678;open;2021-11-15T16:37:00Z;207;689;70;966;896;109240[MyZeil];2021-11-15T16:42:01.081Z
0.4858044;open;2021-11-15T16:37:00Z;308;326;0;634;634;18494[Konrad-Adenauer-Straße];2021-11-15T16:42:01.081Z
0.55333334;open;2021-11-15T17:02:00Z;83;67;200;350;150;24276[Turmcenter];2021-11-15T17:07:00.084Z
0.5036855;open;2021-11-15T17:02:00Z;205;202;0;407;407;18944[Alte Oper];2021-11-15T17:07:00.084Z
0.10164835;open;2021-11-15T17:02:00Z;37;327;0;364;364;24281[Hauptbahnhof Süd];2021-11-15T17:07:00.084Z
0.55871445;open;2021-11-15T17:02:00Z;452;357;0;809;809;24279[Konstabler];2021-11-15T17:07:00.084Z
0.85680753;open;2021-11-15T17:02:00Z;365;61;0;426;426;18497[Hauptwache];2021-11-15T17:07:00.084Z
0.5514706;open;2021-11-15T17:02:00Z;375;305;0;680;680;18495[Am Gericht];2021-11-15T17:07:00.084Z
0.23325893;open;2021-11-15T17:02:00Z;209;687;70;966;896;109240[MyZeil];2021-11-15T17:07:00.084Z
0.4873817;open;2021-11-15T17:02:00Z;309;325;0;634;634;18494[Konrad-Adenauer-Straße];2021-11-15T17:07:00.084Z
0.315;open;2021-11-15T17:33:00Z;63;137;150;350;200;24276[Turmcenter];2021-11-15T17:37:01.538Z
0.5331695;open;2021-11-15T17:33:00Z;217;190;0;407;407;18944[Alte Oper];2021-11-15T17:37:01.538Z
0.07417583;open;2021-11-15T17:33:00Z;27;337;0;364;364;24281[Hauptbahnhof Süd];2021-11-15T17:37:01.538Z
0.53522867;open;2021-11-15T17:33:00Z;433;376;0;809;809;24279[Konstabler];2021-11-15T17:37:01.538Z
0.814554;open;2021-11-15T17:33:00Z;347;79;0;426;426;18497[Hauptwache];2021-11-15T17:37:01.538Z
0.52205884;open;2021-11-15T17:33:00Z;355;325;0;680;680;18495[Am Gericht];2021-11-15T17:37:01.538Z
0.23102678;open;2021-11-15T17:33:00Z;207;689;70;966;896;109240[MyZeil];2021-11-15T17:37:01.538Z
0.48895898;open;2021-11-15T17:33:00Z;310;324;0;634;634;18494[Konrad-Adenauer-Straße];2021-11-15T17:37:01.538Z
0.295;open;2021-11-15T17:48:00Z;59;141;150;350;200;24276[Turmcenter];2021-11-15T17:52:02.536Z
0.5724816;open;2021-11-15T17:48:00Z;233;174;0;407;407;18944[Alte Oper];2021-11-15T17:52:02.536Z
0.06043956;open;2021-11-15T17:48:00Z;22;342;0;364;364;24281[Hauptbahnhof Süd];2021-11-15T17:52:02.536Z
0.5290482;open;2021-11-15T17:48:00Z;428;381;0;809;809;24279[Konstabler];2021-11-15T17:52:02.536Z
0.81220657;open;2021-11-15T17:48:00Z;346;80;0;426;426;18497[Hauptwache];2021-11-15T17:52:02.536Z
0.5132353;open;2021-11-15T17:48:00Z;349;331;0;680;680;18495[Am Gericht];2021-11-15T17:52:02.536Z
0.22544643;open;2021-11-15T17:48:00Z;202;694;70;966;896;109240[MyZeil];2021-11-15T17:52:02.536Z
0.49053627;open;2021-11-15T17:48:00Z;311;323;0;634;634;18494[Konrad-Adenauer-Straße];2021-11-15T17:52:02.536Z
0.295;open;2021-11-15T17:58:00Z;59;141;150;350;200;24276[Turmcenter];2021-11-15T18:02:00.641Z
0.5945946;open;2021-11-15T17:58:00Z;242;165;0;407;407;18944[Alte Oper];2021-11-15T18:02:00.641Z
0.054945055;open;2021-11-15T17:58:00Z;20;344;0;364;364;24281[Hauptbahnhof Süd];2021-11-15T18:02:00.641Z
0.5203956;open;2021-11-15T17:58:00Z;421;388;0;809;809;24279[Konstabler];2021-11-15T18:02:00.641Z
0.80516434;open;2021-11-15T17:58:00Z;343;83;0;426;426;18497[Hauptwache];2021-11-15T18:02:00.641Z
0.51617646;open;2021-11-15T17:58:00Z;351;329;0;680;680;18495[Am Gericht];2021-11-15T18:02:00.641Z
0.22433035;open;2021-11-15T17:58:00Z;201;695;70;966;896;109240[MyZeil];2021-11-15T18:02:00.641Z
0.48422712;open;2021-11-15T17:58:00Z;307;327;0;634;634;18494[Konrad-Adenauer-Straße];2021-11-15T18:02:00.641Z
0.32;open;2021-11-15T18:23:00Z;64;136;150;350;200;24276[Turmcenter];2021-11-15T18:27:01.256Z
0.75921375;open;2021-11-15T18:23:00Z;309;98;0;407;407;18944[Alte Oper];2021-11-15T18:27:01.256Z
0.04945055;open;2021-11-15T18:23:00Z;18;346;0;364;364;24281[Hauptbahnhof Süd];2021-11-15T18:27:01.256Z
0.50432634;open;2021-11-15T18:23:00Z;408;401;0;809;809;24279[Konstabler];2021-11-15T18:27:01.256Z
0.7699531;open;2021-11-15T18:23:00Z;328;98;0;426;426;18497[Hauptwache];2021-11-15T18:27:01.256Z
0.50441176;open;2021-11-15T18:23:00Z;343;337;0;680;680;18495[Am Gericht];2021-11-15T18:27:01.256Z
0.20870535;open;2021-11-15T18:23:00Z;187;709;70;966;896;109240[MyZeil];2021-11-15T18:27:01.256Z
0.47634068;open;2021-11-15T18:23:00Z;302;332;0;634;634;18494[Konrad-Adenauer-Straße];2021-11-15T18:27:01.256Z
0.29;open;2021-11-15T18:44:00Z;58;142;150;350;200;24276[Turmcenter];2021-11-15T18:47:01.606Z
0.8992629;open;2021-11-15T18:44:00Z;366;41;0;407;407;18944[Alte Oper];2021-11-15T18:47:01.606Z
0.043956045;open;2021-11-15T18:44:00Z;16;348;0;364;364;24281[Hauptbahnhof Süd];2021-11-15T18:47:01.606Z
0.46724352;open;2021-11-15T18:44:00Z;378;431;0;809;809;24279[Konstabler];2021-11-15T18:47:01.606Z
0.71596247;open;2021-11-15T18:44:00Z;305;121;0;426;426;18497[Hauptwache];2021-11-15T18:47:01.606Z
0.49411765;open;2021-11-15T18:44:00Z;336;344;0;680;680;18495[Am Gericht];2021-11-15T18:47:01.606Z
0.19642857;open;2021-11-15T18:44:00Z;176;720;70;966;896;109240[MyZeil];2021-11-15T18:47:01.606Z
0.46687698;open;2021-11-15T18:44:00Z;296;338;0;634;634;18494[Konrad-Adenauer-Straße];2021-11-15T18:47:01.606Z
0.29;open;2021-11-15T18:59:00Z;58;142;150;350;200;24276[Turmcenter];2021-11-15T19:02:01.064Z
0.9189189;open;2021-11-15T18:59:00Z;374;33;0;407;407;18944[Alte Oper];2021-11-15T19:02:01.064Z
0.03846154;open;2021-11-15T18:59:00Z;14;350;0;364;364;24281[Hauptbahnhof Süd];2021-11-15T19:02:01.064Z
0.43757725;open;2021-11-15T18:59:00Z;354;455;0;809;809;24279[Konstabler];2021-11-15T19:02:01.064Z
0.69014084;open;2021-11-15T18:59:00Z;294;132;0;426;426;18497[Hauptwache];2021-11-15T19:02:01.064Z
0.48235294;open;2021-11-15T18:59:00Z;328;352;0;680;680;18495[Am Gericht];2021-11-15T19:02:01.064Z
0.18526785;open;2021-11-15T18:59:00Z;166;730;70;966;896;109240[MyZeil];2021-11-15T19:02:01.064Z
0.4637224;open;2021-11-15T18:59:00Z;294;340;0;634;634;18494[Konrad-Adenauer-Straße];2021-11-15T19:02:01.064Z
0.28;open;2021-11-15T19:14:00Z;56;144;150;350;200;24276[Turmcenter];2021-11-15T19:17:02.661Z
0.9115479;open;2021-11-15T19:14:00Z;371;36;0;407;407;18944[Alte Oper];2021-11-15T19:17:02.661Z
0.035714287;open;2021-11-15T19:14:00Z;13;351;0;364;364;24281[Hauptbahnhof Süd];2021-11-15T19:17:02.661Z
0.41903585;open;2021-11-15T19:14:00Z;339;470;0;809;809;24279[Konstabler];2021-11-15T19:17:02.661Z
0.6549296;open;2021-11-15T19:14:00Z;279;147;0;426;426;18497[Hauptwache];2021-11-15T19:17:02.661Z
0.4617647;open;2021-11-15T19:14:00Z;314;366;0;680;680;18495[Am Gericht];2021-11-15T19:17:02.661Z
0.4511041;open;2021-11-15T19:14:00Z;286;348;0;634;634;18494[Konrad-Adenauer-Straße];2021-11-15T19:17:02.661Z
0.265;open;2021-11-15T19:35:00Z;53;147;150;350;200;24276[Turmcenter];2021-11-15T19:37:00.333Z
0.8968059;open;2021-11-15T19:35:00Z;365;42;0;407;407;18944[Alte Oper];2021-11-15T19:37:00.333Z
0.035714287;open;2021-11-15T19:35:00Z;13;351;0;364;364;24281[Hauptbahnhof Süd];2021-11-15T19:37:00.333Z
0.40049443;open;2021-11-15T19:35:00Z;324;485;0;809;809;24279[Konstabler];2021-11-15T19:37:00.333Z
0.6220657;open;2021-11-15T19:35:00Z;265;161;0;426;426;18497[Hauptwache];2021-11-15T19:37:00.333Z
0.44411764;open;2021-11-15T19:35:00Z;302;378;0;680;680;18495[Am Gericht];2021-11-15T19:37:00.333Z
0.16517857;open;2021-11-15T19:35:00Z;148;748;70;966;896;109240[MyZeil];2021-11-15T19:37:00.333Z
0.43533123;open;2021-11-15T19:35:00Z;276;358;0;634;634;18494[Konrad-Adenauer-Straße];2021-11-15T19:37:00.333Z
0.265;open;2021-11-15T19:40:00Z;53;147;150;350;200;24276[Turmcenter];2021-11-15T19:42:02.785Z
0.8894349;open;2021-11-15T19:40:00Z;362;45;0;407;407;18944[Alte Oper];2021-11-15T19:42:02.785Z
0.035714287;open;2021-11-15T19:40:00Z;13;351;0;364;364;24281[Hauptbahnhof Süd];2021-11-15T19:42:02.785Z
0.39802226;open;2021-11-15T19:40:00Z;322;487;0;809;809;24279[Konstabler];2021-11-15T19:42:02.785Z
0.6220657;open;2021-11-15T19:40:00Z;265;161;0;426;426;18497[Hauptwache];2021-11-15T19:42:02.785Z
0.44411764;open;2021-11-15T19:40:00Z;302;378;0;680;680;18495[Am Gericht];2021-11-15T19:42:02.785Z
0.1640625;open;2021-11-15T19:40:00Z;147;749;70;966;896;109240[MyZeil];2021-11-15T19:42:02.785Z
0.43059936;open;2021-11-15T19:40:00Z;273;361;0;634;634;18494[Konrad-Adenauer-Straße];2021-11-15T19:42:02.785Z
0.275;open;2021-11-15T19:50:00Z;55;145;150;350;200;24276[Turmcenter];2021-11-15T19:52:01.700Z
0.8845209;open;2021-11-15T19:50:00Z;360;47;0;407;407;18944[Alte Oper];2021-11-15T19:52:01.700Z
0.032967035;open;2021-11-15T19:50:00Z;12;352;0;364;364;24281[Hauptbahnhof Süd];2021-11-15T19:52:01.700Z
0.39678615;open;2021-11-15T19:50:00Z;321;488;0;809;809;24279[Konstabler];2021-11-15T19:52:01.700Z
0.6103286;open;2021-11-15T19:50:00Z;260;166;0;426;426;18497[Hauptwache];2021-11-15T19:52:01.700Z
0.44117647;open;2021-11-15T19:50:00Z;300;380;0;680;680;18495[Am Gericht];2021-11-15T19:52:01.700Z
0.15513393;open;2021-11-15T19:50:00Z;139;757;70;966;896;109240[MyZeil];2021-11-15T19:52:01.700Z
0.41955835;open;2021-11-15T19:50:00Z;266;368;0;634;634;18494[Konrad-Adenauer-Straße];2021-11-15T19:52:01.700Z
0.265;open;2021-11-15T20:05:00Z;53;147;150;350;200;24276[Turmcenter];2021-11-15T20:07:00.418Z
0.8697789;open;2021-11-15T20:05:00Z;354;53;0;407;407;18944[Alte Oper];2021-11-15T20:07:00.418Z
0.032967035;open;2021-11-15T20:05:00Z;12;352;0;364;364;24281[Hauptbahnhof Süd];2021-11-15T20:07:00.418Z
0.37206426;open;2021-11-15T20:05:00Z;301;508;0;809;809;24279[Konstabler];2021-11-15T20:07:00.418Z
0.58920187;open;2021-11-15T20:05:00Z;251;175;0;426;426;18497[Hauptwache];2021-11-15T20:07:00.418Z
0.43676472;open;2021-11-15T20:05:00Z;297;383;0;680;680;18495[Am Gericht];2021-11-15T20:07:00.418Z
0.15178572;open;2021-11-15T20:05:00Z;136;760;70;966;896;109240[MyZeil];2021-11-15T20:07:00.418Z
0.41167194;open;2021-11-15T20:05:00Z;261;373;0;634;634;18494[Konrad-Adenauer-Straße];2021-11-15T20:07:00.418Z
0.25;open;2021-11-15T20:25:00Z;50;150;150;350;200;24276[Turmcenter];2021-11-15T20:27:02.606Z
0.8378378;open;2021-11-15T20:25:00Z;341;66;0;407;407;18944[Alte Oper];2021-11-15T20:27:02.606Z
0.032967035;open;2021-11-15T20:25:00Z;12;352;0;364;364;24281[Hauptbahnhof Süd];2021-11-15T20:27:02.606Z
0.3461063;open;2021-11-15T20:25:00Z;280;529;0;809;809;24279[Konstabler];2021-11-15T20:27:02.606Z
0.57276994;open;2021-11-15T20:25:00Z;244;182;0;426;426;18497[Hauptwache];2021-11-15T20:27:02.606Z
0.42794117;open;2021-11-15T20:25:00Z;291;389;0;680;680;18495[Am Gericht];2021-11-15T20:27:02.606Z
0.14508928;open;2021-11-15T20:25:00Z;130;766;70;966;896;109240[MyZeil];2021-11-15T20:27:02.606Z
0.40694007;open;2021-11-15T20:25:00Z;258;376;0;634;634;18494[Konrad-Adenauer-Straße];2021-11-15T20:27:02.606Z
0.235;open;2021-11-15T20:46:00Z;47;153;150;350;200;24276[Turmcenter];2021-11-15T20:47:00.893Z
0.8058968;open;2021-11-15T20:46:00Z;328;79;0;407;407;18944[Alte Oper];2021-11-15T20:47:00.893Z
0.03021978;open;2021-11-15T20:46:00Z;11;353;0;364;364;24281[Hauptbahnhof Süd];2021-11-15T20:47:00.893Z
0.33868974;open;2021-11-15T20:46:00Z;274;535;0;809;809;24279[Konstabler];2021-11-15T20:47:00.893Z
0.556338;open;2021-11-15T20:46:00Z;237;189;0;426;426;18497[Hauptwache];2021-11-15T20:47:00.893Z
0.425;open;2021-11-15T20:46:00Z;289;391;0;680;680;18495[Am Gericht];2021-11-15T20:47:00.893Z
0.13950893;open;2021-11-15T20:46:00Z;125;771;70;966;896;109240[MyZeil];2021-11-15T20:47:00.893Z
0.4022082;open;2021-11-15T20:46:00Z;255;379;0;634;634;18494[Konrad-Adenauer-Straße];2021-11-15T20:47:00.893Z
0.225;open;2021-11-15T21:01:00Z;45;155;150;350;200;24276[Turmcenter];2021-11-15T21:02:01.880Z
0.7985258;open;2021-11-15T21:01:00Z;325;82;0;407;407;18944[Alte Oper];2021-11-15T21:02:01.880Z
0.027472528;open;2021-11-15T21:01:00Z;10;354;0;364;364;24281[Hauptbahnhof Süd];2021-11-15T21:02:01.880Z
0.33250928;open;2021-11-15T21:01:00Z;269;540;0;809;809;24279[Konstabler];2021-11-15T21:02:01.880Z
0.54460096;open;2021-11-15T21:01:00Z;232;194;0;426;426;18497[Hauptwache];2021-11-15T21:02:01.880Z
0.42205882;open;2021-11-15T21:01:00Z;287;393;0;680;680;18495[Am Gericht];2021-11-15T21:02:01.880Z
0.13616072;open;2021-11-15T21:01:00Z;122;774;70;966;896;109240[MyZeil];2021-11-15T21:02:01.880Z
0.39274448;open;2021-11-15T21:01:00Z;249;385;0;634;634;18494[Konrad-Adenauer-Straße];2021-11-15T21:02:01.880Z
0.21;open;2021-11-15T21:21:00Z;42;158;150;350;200;24276[Turmcenter];2021-11-15T21:22:00.499Z
0.45945945;open;2021-11-15T21:21:00Z;187;220;0;407;407;18944[Alte Oper];2021-11-15T21:22:00.499Z
0.027472528;open;2021-11-15T21:21:00Z;10;354;0;364;364;24281[Hauptbahnhof Süd];2021-11-15T21:22:00.499Z
0.31644005;open;2021-11-15T21:21:00Z;256;553;0;809;809;24279[Konstabler];2021-11-15T21:22:00.499Z
0.52816904;open;2021-11-15T21:21:00Z;225;201;0;426;426;18497[Hauptwache];2021-11-15T21:22:00.499Z
0.42058823;open;2021-11-15T21:21:00Z;286;394;0;680;680;18495[Am Gericht];2021-11-15T21:22:00.499Z
0.12946428;open;2021-11-15T21:21:00Z;116;780;70;966;896;109240[MyZeil];2021-11-15T21:22:00.499Z
0.38643533;open;2021-11-15T21:21:00Z;245;389;0;634;634;18494[Konrad-Adenauer-Straße];2021-11-15T21:22:00.499Z
0.195;open;2021-11-15T21:36:00Z;39;161;150;350;200;24276[Turmcenter];2021-11-15T21:37:02.030Z
0.28501227;open;2021-11-15T21:36:00Z;116;291;0;407;407;18944[Alte Oper];2021-11-15T21:37:02.030Z
0.024725275;open;2021-11-15T21:36:00Z;9;355;0;364;364;24281[Hauptbahnhof Süd];2021-11-15T21:37:02.030Z
0.30407912;open;2021-11-15T21:36:00Z;246;563;0;809;809;24279[Konstabler];2021-11-15T21:37:02.030Z
0.52112675;open;2021-11-15T21:36:00Z;222;204;0;426;426;18497[Hauptwache];2021-11-15T21:37:02.030Z
0.41764706;open;2021-11-15T21:36:00Z;284;396;0;680;680;18495[Am Gericht];2021-11-15T21:37:02.030Z
0.12946428;open;2021-11-15T21:36:00Z;116;780;70;966;896;109240[MyZeil];2021-11-15T21:37:02.030Z
0.38643533;open;2021-11-15T21:36:00Z;245;389;0;634;634;18494[Konrad-Adenauer-Straße];2021-11-15T21:37:02.030Z
0.19;open;2021-11-15T21:46:00Z;38;162;150;350;200;24276[Turmcenter];2021-11-15T21:52:01.342Z
0.26044226;open;2021-11-15T21:46:00Z;106;301;0;407;407;18944[Alte Oper];2021-11-15T21:52:01.342Z
0.021978023;open;2021-11-15T21:46:00Z;8;356;0;364;364;24281[Hauptbahnhof Süd];2021-11-15T21:52:01.342Z
0.29789865;open;2021-11-15T21:46:00Z;241;568;0;809;809;24279[Konstabler];2021-11-15T21:52:01.342Z
0.52347416;open;2021-11-15T21:46:00Z;223;203;0;426;426;18497[Hauptwache];2021-11-15T21:52:01.342Z
0.41764706;open;2021-11-15T21:46:00Z;284;396;0;680;680;18495[Am Gericht];2021-11-15T21:52:01.342Z
0.13058035;open;2021-11-15T21:46:00Z;117;779;70;966;896;109240[MyZeil];2021-11-15T21:52:01.342Z
0.38328075;open;2021-11-15T21:46:00Z;243;391;0;634;634;18494[Konrad-Adenauer-Straße];2021-11-15T21:52:01.342Z
0.155;open;2021-11-15T21:58:00Z;31;169;150;350;200;24276[Turmcenter];2021-11-15T22:02:00.468Z
0.23341523;open;2021-11-15T21:58:00Z;95;312;0;407;407;18944[Alte Oper];2021-11-15T22:02:00.468Z
0.024725275;open;2021-11-15T21:58:00Z;9;355;0;364;364;24281[Hauptbahnhof Süd];2021-11-15T22:02:00.468Z
0.29048207;open;2021-11-15T21:58:00Z;235;574;0;809;809;24279[Konstabler];2021-11-15T22:02:00.468Z
0.52112675;open;2021-11-15T21:58:00Z;222;204;0;426;426;18497[Hauptwache];2021-11-15T22:02:00.468Z
0.41911766;open;2021-11-15T21:58:00Z;285;395;0;680;680;18495[Am Gericht];2021-11-15T22:02:00.468Z
0.12946428;open;2021-11-15T21:58:00Z;116;780;70;966;896;109240[MyZeil];2021-11-15T22:02:00.468Z
0.38485804;open;2021-11-15T21:58:00Z;244;390;0;634;634;18494[Konrad-Adenauer-Straße];2021-11-15T22:02:00.468Z
0.12;open;2021-11-15T22:23:00Z;24;176;150;350;200;24276[Turmcenter];2021-11-15T22:27:00.897Z
0.2014742;open;2021-11-15T22:23:00Z;82;325;0;407;407;18944[Alte Oper];2021-11-15T22:27:00.897Z
0.021978023;open;2021-11-15T22:23:00Z;8;356;0;364;364;24281[Hauptbahnhof Süd];2021-11-15T22:27:00.897Z
0.26576018;open;2021-11-15T22:23:00Z;215;594;0;809;809;24279[Konstabler];2021-11-15T22:27:00.897Z
0.5117371;open;2021-11-15T22:23:00Z;218;208;0;426;426;18497[Hauptwache];2021-11-15T22:27:00.897Z
0.42058823;open;2021-11-15T22:23:00Z;286;394;0;680;680;18495[Am Gericht];2021-11-15T22:27:00.897Z
0.38170347;open;2021-11-15T22:23:00Z;242;392;0;634;634;18494[Konrad-Adenauer-Straße];2021-11-15T22:27:00.897Z
0.11;open;2021-11-15T22:39:00Z;22;178;150;350;200;24276[Turmcenter];2021-11-15T22:42:02.752Z
0.17936118;open;2021-11-15T22:39:00Z;73;334;0;407;407;18944[Alte Oper];2021-11-15T22:42:02.752Z
0.021978023;open;2021-11-15T22:39:00Z;8;356;0;364;364;24281[Hauptbahnhof Süd];2021-11-15T22:42:02.752Z
0.2645241;open;2021-11-15T22:39:00Z;214;595;0;809;809;24279[Konstabler];2021-11-15T22:42:02.752Z
0.5046948;open;2021-11-15T22:39:00Z;215;211;0;426;426;18497[Hauptwache];2021-11-15T22:42:02.752Z
0.42058823;open;2021-11-15T22:39:00Z;286;394;0;680;680;18495[Am Gericht];2021-11-15T22:42:02.752Z
0.12834822;open;2021-11-15T22:39:00Z;115;781;70;966;896;109240[MyZeil];2021-11-15T22:42:02.752Z
0.38012618;open;2021-11-15T22:39:00Z;241;393;0;634;634;18494[Konrad-Adenauer-Straße];2021-11-15T22:42:02.752Z
0.11;open;2021-11-15T22:49:00Z;22;178;150;350;200;24276[Turmcenter];2021-11-15T22:52:00.294Z
0.16461916;open;2021-11-15T22:49:00Z;67;340;0;407;407;18944[Alte Oper];2021-11-15T22:52:00.294Z
0.021978023;open;2021-11-15T22:49:00Z;8;356;0;364;364;24281[Hauptbahnhof Süd];2021-11-15T22:52:00.294Z
0.2620519;open;2021-11-15T22:49:00Z;212;597;0;809;809;24279[Konstabler];2021-11-15T22:52:00.294Z
0.5046948;open;2021-11-15T22:49:00Z;215;211;0;426;426;18497[Hauptwache];2021-11-15T22:52:00.294Z
0.42058823;open;2021-11-15T22:49:00Z;286;394;0;680;680;18495[Am Gericht];2021-11-15T22:52:00.294Z
0.38012618;open;2021-11-15T22:49:00Z;241;393;0;634;634;18494[Konrad-Adenauer-Straße];2021-11-15T22:52:00.294Z
0.1;open;2021-11-15T23:15:00Z;20;180;150;350;200;24276[Turmcenter];2021-11-15T23:17:01.079Z
0.13022113;open;2021-11-15T23:15:00Z;53;354;0;407;407;18944[Alte Oper];2021-11-15T23:17:01.079Z
0.021978023;open;2021-11-15T23:15:00Z;8;356;0;364;364;24281[Hauptbahnhof Süd];2021-11-15T23:17:01.079Z
0.26081583;open;2021-11-15T23:15:00Z;211;598;0;809;809;24279[Konstabler];2021-11-15T23:17:01.079Z
0.5023474;open;2021-11-15T23:15:00Z;214;212;0;426;426;18497[Hauptwache];2021-11-15T23:17:01.079Z
0;closed;2021-11-15T23:15:00Z;;395;0;0;0;18495[Am Gericht];2021-11-15T23:17:01.079Z
0.12053572;open;2021-11-15T23:15:00Z;108;788;70;966;896;109240[MyZeil];2021-11-15T23:17:01.079Z
0.38328075;open;2021-11-15T23:15:00Z;243;391;0;634;634;18494[Konrad-Adenauer-Straße];2021-11-15T23:17:01.079Z
0.09;open;2021-11-15T23:30:00Z;18;182;150;350;200;24276[Turmcenter];2021-11-15T23:32:00.587Z
0.12285012;open;2021-11-15T23:30:00Z;50;357;0;407;407;18944[Alte Oper];2021-11-15T23:32:00.587Z
0.021978023;open;2021-11-15T23:30:00Z;8;356;0;364;364;24281[Hauptbahnhof Süd];2021-11-15T23:32:00.587Z
0.25834364;open;2021-11-15T23:30:00Z;209;600;0;809;809;24279[Konstabler];2021-11-15T23:32:00.587Z
0.5;open;2021-11-15T23:30:00Z;213;213;0;426;426;18497[Hauptwache];2021-11-15T23:32:00.587Z
0;closed;2021-11-15T23:30:00Z;;395;0;0;0;18495[Am Gericht];2021-11-15T23:32:00.587Z
0.12053572;open;2021-11-15T23:30:00Z;108;788;70;966;896;109240[MyZeil];2021-11-15T23:32:00.587Z
0.38170347;open;2021-11-15T23:30:00Z;242;392;0;634;634;18494[Konrad-Adenauer-Straße];2021-11-15T23:32:00.587Z
0.09;open;2021-11-15T23:46:00Z;18;182;150;350;200;24276[Turmcenter];2021-11-15T23:47:02.397Z
0.12285012;open;2021-11-15T23:46:00Z;50;357;0;407;407;18944[Alte Oper];2021-11-15T23:47:02.397Z
0.021978023;open;2021-11-15T23:46:00Z;8;356;0;364;364;24281[Hauptbahnhof Süd];2021-11-15T23:47:02.397Z
0.25834364;open;2021-11-15T23:46:00Z;209;600;0;809;809;24279[Konstabler];2021-11-15T23:47:02.397Z
0.5;open;2021-11-15T23:46:00Z;213;213;0;426;426;18497[Hauptwache];2021-11-15T23:47:02.397Z
0;closed;2021-11-15T23:46:00Z;;395;0;0;0;18495[Am Gericht];2021-11-15T23:47:02.397Z
0.11941964;open;2021-11-15T23:46:00Z;107;789;70;966;896;109240[MyZeil];2021-11-15T23:47:02.397Z
0.38328075;open;2021-11-15T23:46:00Z;243;391;0;634;634;18494[Konrad-Adenauer-Straße];2021-11-15T23:47:02.397Z
0.09;open;2021-11-15T23:56:00Z;18;182;150;350;200;24276[Turmcenter];2021-11-15T23:57:02.906Z
0.12285012;open;2021-11-15T23:56:00Z;50;357;0;407;407;18944[Alte Oper];2021-11-15T23:57:02.906Z
0.021978023;open;2021-11-15T23:56:00Z;8;356;0;364;364;24281[Hauptbahnhof Süd];2021-11-15T23:57:02.906Z
0.25834364;open;2021-11-15T23:56:00Z;209;600;0;809;809;24279[Konstabler];2021-11-15T23:57:02.906Z
0.4976526;open;2021-11-15T23:56:00Z;212;214;0;426;426;18497[Hauptwache];2021-11-15T23:57:02.906Z
0;closed;2021-11-15T23:56:00Z;;395;0;0;0;18495[Am Gericht];2021-11-15T23:57:02.906Z
0.118303575;open;2021-11-15T23:56:00Z;106;790;70;966;896;109240[MyZeil];2021-11-15T23:57:02.906Z
0.38328075;open;2021-11-15T23:56:00Z;243;391;0;634;634;18494[Konrad-Adenauer-Straße];2021-11-15T23:57:02.906Z
0.09;open;2021-11-16T01:12:00Z;18;182;150;350;200;24276[Turmcenter];2021-11-16T01:17:01.597Z
0.11793612;open;2021-11-16T01:12:00Z;48;359;0;407;407;18944[Alte Oper];2021-11-16T01:17:01.597Z
0.01923077;open;2021-11-16T01:12:00Z;7;357;0;364;364;24281[Hauptbahnhof Süd];2021-11-16T01:17:01.597Z
0.25587144;open;2021-11-16T01:12:00Z;207;602;0;809;809;24279[Konstabler];2021-11-16T01:17:01.597Z
0.4976526;open;2021-11-16T01:12:00Z;212;214;0;426;426;18497[Hauptwache];2021-11-16T01:17:01.597Z
0;closed;2021-11-16T01:12:00Z;;395;0;0;0;18495[Am Gericht];2021-11-16T01:17:01.597Z
0.11941964;open;2021-11-16T01:12:00Z;107;789;70;966;896;109240[MyZeil];2021-11-16T01:17:01.597Z
0.38485804;open;2021-11-16T01:12:00Z;244;390;0;634;634;18494[Konrad-Adenauer-Straße];2021-11-16T01:17:01.597Z
0.09;open;2021-11-16T02:08:00Z;18;182;150;350;200;24276[Turmcenter];2021-11-16T02:12:01.549Z
0.11547912;open;2021-11-16T02:08:00Z;47;360;0;407;407;18944[Alte Oper];2021-11-16T02:12:01.549Z
0.01923077;open;2021-11-16T02:08:00Z;7;357;0;364;364;24281[Hauptbahnhof Süd];2021-11-16T02:12:01.549Z
0.25587144;open;2021-11-16T02:08:00Z;207;602;0;809;809;24279[Konstabler];2021-11-16T02:12:01.549Z
0.4976526;open;2021-11-16T02:08:00Z;212;214;0;426;426;18497[Hauptwache];2021-11-16T02:12:01.549Z
0;closed;2021-11-16T02:08:00Z;;395;0;0;0;18495[Am Gericht];2021-11-16T02:12:01.549Z
0.11941964;open;2021-11-16T02:08:00Z;107;789;70;966;896;109240[MyZeil];2021-11-16T02:12:01.549Z
0.38328075;open;2021-11-16T02:08:00Z;243;391;0;634;634;18494[Konrad-Adenauer-Straße];2021-11-16T02:12:01.549Z
0.09;open;2021-11-16T02:38:00Z;18;182;150;350;200;24276[Turmcenter];2021-11-16T02:42:03.007Z
0.11793612;open;2021-11-16T02:38:00Z;48;359;0;407;407;18944[Alte Oper];2021-11-16T02:42:03.007Z
0.01923077;open;2021-11-16T02:38:00Z;7;357;0;364;364;24281[Hauptbahnhof Süd];2021-11-16T02:42:03.007Z
0.25587144;open;2021-11-16T02:38:00Z;207;602;0;809;809;24279[Konstabler];2021-11-16T02:42:03.007Z
0.4976526;open;2021-11-16T02:38:00Z;212;214;0;426;426;18497[Hauptwache];2021-11-16T02:42:03.007Z
0;closed;2021-11-16T02:38:00Z;;395;0;0;0;18495[Am Gericht];2021-11-16T02:42:03.007Z
0.11941964;open;2021-11-16T02:38:00Z;107;789;70;966;896;109240[MyZeil];2021-11-16T02:42:03.007Z
0.38485804;open;2021-11-16T02:38:00Z;244;390;0;634;634;18494[Konrad-Adenauer-Straße];2021-11-16T02:42:03.007Z
0.09;open;2021-11-16T02:53:00Z;18;182;150;350;200;24276[Turmcenter];2021-11-16T02:57:00.341Z
0.11793612;open;2021-11-16T02:53:00Z;48;359;0;407;407;18944[Alte Oper];2021-11-16T02:57:00.341Z
0.016483517;open;2021-11-16T02:53:00Z;6;358;0;364;364;24281[Hauptbahnhof Süd];2021-11-16T02:57:00.341Z
0.25587144;open;2021-11-16T02:53:00Z;207;602;0;809;809;24279[Konstabler];2021-11-16T02:57:00.341Z
0.4976526;open;2021-11-16T02:53:00Z;212;214;0;426;426;18497[Hauptwache];2021-11-16T02:57:00.341Z
0;closed;2021-11-16T02:53:00Z;;395;0;0;0;18495[Am Gericht];2021-11-16T02:57:00.341Z
0.38328075;open;2021-11-16T02:53:00Z;243;391;0;634;634;18494[Konrad-Adenauer-Straße];2021-11-16T02:57:00.341Z
0.09;open;2021-11-16T03:19:00Z;18;182;150;350;200;24276[Turmcenter];2021-11-16T03:22:01.547Z
0.11793612;open;2021-11-16T03:19:00Z;48;359;0;407;407;18944[Alte Oper];2021-11-16T03:22:01.547Z
0.016483517;open;2021-11-16T03:19:00Z;6;358;0;364;364;24281[Hauptbahnhof Süd];2021-11-16T03:22:01.547Z
0.25587144;open;2021-11-16T03:19:00Z;207;602;0;809;809;24279[Konstabler];2021-11-16T03:22:01.547Z
0.4976526;open;2021-11-16T03:19:00Z;212;214;0;426;426;18497[Hauptwache];2021-11-16T03:22:01.547Z
0;closed;2021-11-16T03:19:00Z;;;0;0;0;18495[Am Gericht];2021-11-16T03:22:01.547Z
0.11941964;open;2021-11-16T03:19:00Z;107;789;70;966;896;109240[MyZeil];2021-11-16T03:22:01.547Z
0.38643533;open;2021-11-16T03:19:00Z;245;389;0;634;634;18494[Konrad-Adenauer-Straße];2021-11-16T03:22:01.547Z
0.09;open;2021-11-16T03:34:00Z;18;182;150;350;200;24276[Turmcenter];2021-11-16T03:37:00.384Z
0.11793612;open;2021-11-16T03:34:00Z;48;359;0;407;407;18944[Alte Oper];2021-11-16T03:37:00.384Z
0.01923077;open;2021-11-16T03:34:00Z;7;357;0;364;364;24281[Hauptbahnhof Süd];2021-11-16T03:37:00.384Z
0.25587144;open;2021-11-16T03:34:00Z;207;602;0;809;809;24279[Konstabler];2021-11-16T03:37:00.384Z
0.4976526;open;2021-11-16T03:34:00Z;212;214;0;426;426;18497[Hauptwache];2021-11-16T03:37:00.384Z
0;closed;2021-11-16T03:34:00Z;;;0;0;0;18495[Am Gericht];2021-11-16T03:37:00.384Z
0.38801262;open;2021-11-16T03:34:00Z;246;388;0;634;634;18494[Konrad-Adenauer-Straße];2021-11-16T03:37:00.384Z
0.095;open;2021-11-16T03:44:00Z;19;181;150;350;200;24276[Turmcenter];2021-11-16T03:47:01.010Z
0.11793612;open;2021-11-16T03:44:00Z;48;359;0;407;407;18944[Alte Oper];2021-11-16T03:47:01.010Z
0.01923077;open;2021-11-16T03:44:00Z;7;357;0;364;364;24281[Hauptbahnhof Süd];2021-11-16T03:47:01.010Z
0.25587144;open;2021-11-16T03:44:00Z;207;602;0;809;809;24279[Konstabler];2021-11-16T03:47:01.010Z
0.4976526;open;2021-11-16T03:44:00Z;212;214;0;426;426;18497[Hauptwache];2021-11-16T03:47:01.010Z
0;closed;2021-11-16T03:44:00Z;;;0;0;0;18495[Am Gericht];2021-11-16T03:47:01.010Z
0.11941964;open;2021-11-16T03:44:00Z;107;789;70;966;896;109240[MyZeil];2021-11-16T03:47:01.010Z
0.3895899;open;2021-11-16T03:44:00Z;247;387;0;634;634;18494[Konrad-Adenauer-Straße];2021-11-16T03:47:01.010Z
0.095;open;2021-11-16T03:59:00Z;19;181;150;350;200;24276[Turmcenter];2021-11-16T04:02:02.353Z
0.11793612;open;2021-11-16T03:59:00Z;48;359;0;407;407;18944[Alte Oper];2021-11-16T04:02:02.353Z
0.021978023;open;2021-11-16T03:59:00Z;8;356;0;364;364;24281[Hauptbahnhof Süd];2021-11-16T04:02:02.353Z
0.25587144;open;2021-11-16T03:59:00Z;207;602;0;809;809;24279[Konstabler];2021-11-16T04:02:02.353Z
0.4976526;open;2021-11-16T03:59:00Z;212;214;0;426;426;18497[Hauptwache];2021-11-16T04:02:02.353Z
0;closed;2021-11-16T03:59:00Z;;;0;0;0;18495[Am Gericht];2021-11-16T04:02:02.353Z
0.11941964;open;2021-11-16T03:59:00Z;107;789;70;966;896;109240[MyZeil];2021-11-16T04:02:02.353Z
0.3911672;open;2021-11-16T03:59:00Z;248;386;0;634;634;18494[Konrad-Adenauer-Straße];2021-11-16T04:02:02.353Z
0.095;open;2021-11-16T04:29:00Z;19;181;150;350;200;24276[Turmcenter];2021-11-16T04:32:00.589Z
0.11793612;open;2021-11-16T04:29:00Z;48;359;0;407;407;18944[Alte Oper];2021-11-16T04:32:00.589Z
0.024725275;open;2021-11-16T04:29:00Z;9;355;0;364;364;24281[Hauptbahnhof Süd];2021-11-16T04:32:00.589Z
0.25710753;open;2021-11-16T04:29:00Z;208;601;0;809;809;24279[Konstabler];2021-11-16T04:32:00.589Z
0.4976526;open;2021-11-16T04:29:00Z;212;214;0;426;426;18497[Hauptwache];2021-11-16T04:32:00.589Z
0;closed;2021-11-16T04:29:00Z;;;0;0;0;18495[Am Gericht];2021-11-16T04:32:00.589Z
0.39589906;open;2021-11-16T04:29:00Z;251;383;0;634;634;18494[Konrad-Adenauer-Straße];2021-11-16T04:32:00.589Z
0.13;open;2021-11-16T04:49:00Z;26;174;150;350;200;24276[Turmcenter];2021-11-16T04:52:03.010Z
0.12039312;open;2021-11-16T04:49:00Z;49;358;0;407;407;18944[Alte Oper];2021-11-16T04:52:03.010Z
0.032967035;open;2021-11-16T04:49:00Z;12;352;0;364;364;24281[Hauptbahnhof Süd];2021-11-16T04:52:03.010Z
0.25710753;open;2021-11-16T04:49:00Z;208;601;0;809;809;24279[Konstabler];2021-11-16T04:52:03.010Z
0.4976526;open;2021-11-16T04:49:00Z;212;214;0;426;426;18497[Hauptwache];2021-11-16T04:52:03.010Z
0;closed;2021-11-16T04:49:00Z;;;0;0;0;18495[Am Gericht];2021-11-16T04:52:03.010Z
0.12053572;open;2021-11-16T04:49:00Z;108;788;70;966;896;109240[MyZeil];2021-11-16T04:52:03.010Z
0.4037855;open;2021-11-16T04:49:00Z;256;378;0;634;634;18494[Konrad-Adenauer-Straße];2021-11-16T04:52:03.010Z
0.17333333;open;2021-11-16T05:14:00Z;26;124;200;350;150;24276[Turmcenter];2021-11-16T05:17:00.904Z
0.12039312;open;2021-11-16T05:14:00Z;49;358;0;407;407;18944[Alte Oper];2021-11-16T05:17:00.904Z
0.06318682;open;2021-11-16T05:14:00Z;23;341;0;364;364;24281[Hauptbahnhof Süd];2021-11-16T05:17:00.904Z
0.26081583;open;2021-11-16T05:14:00Z;211;598;0;809;809;24279[Konstabler];2021-11-16T05:17:00.904Z
0.4976526;open;2021-11-16T05:14:00Z;212;214;0;426;426;18497[Hauptwache];2021-11-16T05:17:00.904Z
0.44264707;open;2021-11-16T05:14:00Z;301;379;0;680;680;18495[Am Gericht];2021-11-16T05:17:00.904Z
0.12165178;open;2021-11-16T05:14:00Z;109;787;70;966;896;109240[MyZeil];2021-11-16T05:17:00.904Z
0.41167194;open;2021-11-16T05:14:00Z;261;373;0;634;634;18494[Konrad-Adenauer-Straße];2021-11-16T05:17:00.904Z
0.17333333;open;2021-11-16T05:29:00Z;26;124;200;350;150;24276[Turmcenter];2021-11-16T05:32:00.763Z
0.12285012;open;2021-11-16T05:29:00Z;50;357;0;407;407;18944[Alte Oper];2021-11-16T05:32:00.763Z
0.10164835;open;2021-11-16T05:29:00Z;37;327;0;364;364;24281[Hauptbahnhof Süd];2021-11-16T05:32:00.763Z
0.26081583;open;2021-11-16T05:29:00Z;211;598;0;809;809;24279[Konstabler];2021-11-16T05:32:00.763Z
0.5;open;2021-11-16T05:29:00Z;213;213;0;426;426;18497[Hauptwache];2021-11-16T05:32:00.763Z
0.44852942;open;2021-11-16T05:29:00Z;305;375;0;680;680;18495[Am Gericht];2021-11-16T05:32:00.763Z
0.41009465;open;2021-11-16T05:29:00Z;260;374;0;634;634;18494[Konrad-Adenauer-Straße];2021-11-16T05:32:00.763Z
0.17333333;open;2021-11-16T05:39:00Z;26;124;200;350;150;24276[Turmcenter];2021-11-16T05:42:01.789Z
0.12776412;open;2021-11-16T05:39:00Z;52;355;0;407;407;18944[Alte Oper];2021-11-16T05:42:01.789Z
0.10989011;open;2021-11-16T05:39:00Z;40;324;0;364;364;24281[Hauptbahnhof Süd];2021-11-16T05:42:01.789Z
0.25957972;open;2021-11-16T05:39:00Z;210;599;0;809;809;24279[Konstabler];2021-11-16T05:42:01.789Z
0.5;open;2021-11-16T05:39:00Z;213;213;0;426;426;18497[Hauptwache];2021-11-16T05:42:01.789Z
0.44705883;open;2021-11-16T05:39:00Z;304;376;0;680;680;18495[Am Gericht];2021-11-16T05:42:01.789Z
0.12053572;open;2021-11-16T05:39:00Z;108;788;70;966;896;109240[MyZeil];2021-11-16T05:42:01.789Z
0.41009465;open;2021-11-16T05:39:00Z;260;374;0;634;634;18494[Konrad-Adenauer-Straße];2021-11-16T05:42:01.789Z
0.18;open;2021-11-16T05:59:00Z;27;123;200;350;150;24276[Turmcenter];2021-11-16T06:02:00.543Z
0.12776412;open;2021-11-16T05:59:00Z;52;355;0;407;407;18944[Alte Oper];2021-11-16T06:02:00.543Z
0.12362637;open;2021-11-16T05:59:00Z;45;319;0;364;364;24281[Hauptbahnhof Süd];2021-11-16T06:02:00.543Z
0.2645241;open;2021-11-16T05:59:00Z;214;595;0;809;809;24279[Konstabler];2021-11-16T06:02:00.543Z
0.5070422;open;2021-11-16T05:59:00Z;216;210;0;426;426;18497[Hauptwache];2021-11-16T06:02:00.543Z
0.45441177;open;2021-11-16T05:59:00Z;309;371;0;680;680;18495[Am Gericht];2021-11-16T06:02:00.543Z
0.12276786;open;2021-11-16T05:59:00Z;110;786;70;966;896;109240[MyZeil];2021-11-16T06:02:00.543Z
0.4164038;open;2021-11-16T05:59:00Z;264;370;0;634;634;18494[Konrad-Adenauer-Straße];2021-11-16T06:02:00.543Z
0.22;open;2021-11-16T06:19:00Z;33;117;200;350;150;24276[Turmcenter];2021-11-16T06:22:00.153Z
0.13022113;open;2021-11-16T06:19:00Z;53;354;0;407;407;18944[Alte Oper];2021-11-16T06:22:00.153Z
0.1510989;open;2021-11-16T06:19:00Z;55;309;0;364;364;24281[Hauptbahnhof Süd];2021-11-16T06:22:00.153Z
0.2620519;open;2021-11-16T06:19:00Z;212;597;0;809;809;24279[Konstabler];2021-11-16T06:22:00.153Z
0.51877934;open;2021-11-16T06:19:00Z;221;205;0;426;426;18497[Hauptwache];2021-11-16T06:22:00.153Z
0.46617648;open;2021-11-16T06:19:00Z;317;363;0;680;680;18495[Am Gericht];2021-11-16T06:22:00.153Z
0.12611607;open;2021-11-16T06:19:00Z;113;783;70;966;896;109240[MyZeil];2021-11-16T06:22:00.153Z
0.42113563;open;2021-11-16T06:19:00Z;267;367;0;634;634;18494[Konrad-Adenauer-Straße];2021-11-16T06:22:00.153Z
0.27333334;open;2021-11-16T06:45:00Z;41;109;200;350;150;24276[Turmcenter];2021-11-16T06:47:02.140Z
0.14987715;open;2021-11-16T06:45:00Z;61;346;0;407;407;18944[Alte Oper];2021-11-16T06:47:02.140Z
0.1978022;open;2021-11-16T06:45:00Z;72;292;0;364;364;24281[Hauptbahnhof Süd];2021-11-16T06:47:02.140Z
0.2669963;open;2021-11-16T06:45:00Z;216;593;0;809;809;24279[Konstabler];2021-11-16T06:47:02.140Z
0.52816904;open;2021-11-16T06:45:00Z;225;201;0;426;426;18497[Hauptwache];2021-11-16T06:47:02.140Z
0.49558824;open;2021-11-16T06:45:00Z;337;343;0;680;680;18495[Am Gericht];2021-11-16T06:47:02.140Z
0.13058035;open;2021-11-16T06:45:00Z;117;779;70;966;896;109240[MyZeil];2021-11-16T06:47:02.140Z
0.4369085;open;2021-11-16T06:45:00Z;277;357;0;634;634;18494[Konrad-Adenauer-Straße];2021-11-16T06:47:02.140Z
0.32;open;2021-11-16T07:00:00Z;48;102;200;350;150;24276[Turmcenter];2021-11-16T07:02:02.217Z
0.16707617;open;2021-11-16T07:00:00Z;68;339;0;407;407;18944[Alte Oper];2021-11-16T07:02:02.217Z
0.23901099;open;2021-11-16T07:00:00Z;87;277;0;364;364;24281[Hauptbahnhof Süd];2021-11-16T07:02:02.217Z
0.27317676;open;2021-11-16T07:00:00Z;221;588;0;809;809;24279[Konstabler];2021-11-16T07:02:02.217Z
0.5422535;open;2021-11-16T07:00:00Z;231;195;0;426;426;18497[Hauptwache];2021-11-16T07:02:02.217Z
0.525;open;2021-11-16T07:00:00Z;357;323;0;680;680;18495[Am Gericht];2021-11-16T07:02:02.217Z
0.13169643;open;2021-11-16T07:00:00Z;118;778;70;966;896;109240[MyZeil];2021-11-16T07:02:02.217Z
0.4526814;open;2021-11-16T07:00:00Z;287;347;0;634;634;18494[Konrad-Adenauer-Straße];2021-11-16T07:02:02.217Z
0.46666667;open;2021-11-16T07:20:00Z;70;80;200;350;150;24276[Turmcenter];2021-11-16T07:22:02.509Z
0.2014742;open;2021-11-16T07:20:00Z;82;325;0;407;407;18944[Alte Oper];2021-11-16T07:22:02.509Z
0.2747253;open;2021-11-16T07:20:00Z;100;264;0;364;364;24281[Hauptbahnhof Süd];2021-11-16T07:22:02.509Z
0.29048207;open;2021-11-16T07:20:00Z;235;574;0;809;809;24279[Konstabler];2021-11-16T07:22:02.509Z
0.58215964;open;2021-11-16T07:20:00Z;248;178;0;426;426;18497[Hauptwache];2021-11-16T07:22:02.509Z
0.55735296;open;2021-11-16T07:20:00Z;379;301;0;680;680;18495[Am Gericht];2021-11-16T07:22:02.509Z
0.4652997;open;2021-11-16T07:20:00Z;295;339;0;634;634;18494[Konrad-Adenauer-Straße];2021-11-16T07:22:02.509Z
0.53333336;open;2021-11-16T07:30:00Z;80;70;200;350;150;24276[Turmcenter];2021-11-16T07:32:02.231Z
0.21867321;open;2021-11-16T07:30:00Z;89;318;0;407;407;18944[Alte Oper];2021-11-16T07:32:02.231Z
0.29945055;open;2021-11-16T07:30:00Z;109;255;0;364;364;24281[Hauptbahnhof Süd];2021-11-16T07:32:02.231Z
0.30037084;open;2021-11-16T07:30:00Z;243;566;0;809;809;24279[Konstabler];2021-11-16T07:32:02.231Z
0.5798122;open;2021-11-16T07:30:00Z;247;179;0;426;426;18497[Hauptwache];2021-11-16T07:32:02.231Z
0.5735294;open;2021-11-16T07:30:00Z;390;290;0;680;680;18495[Am Gericht];2021-11-16T07:32:02.231Z
0.14620535;open;2021-11-16T07:30:00Z;131;765;70;966;896;109240[MyZeil];2021-11-16T07:32:02.231Z
0.4747634;open;2021-11-16T07:30:00Z;301;333;0;634;634;18494[Konrad-Adenauer-Straße];2021-11-16T07:32:02.231Z
0.6333333;open;2021-11-16T07:45:00Z;95;55;200;350;150;24276[Turmcenter];2021-11-16T07:47:02.985Z
0.23832923;open;2021-11-16T07:45:00Z;97;310;0;407;407;18944[Alte Oper];2021-11-16T07:47:02.985Z
0.32417583;open;2021-11-16T07:45:00Z;118;246;0;364;364;24281[Hauptbahnhof Süd];2021-11-16T07:47:02.985Z
0.3263288;open;2021-11-16T07:45:00Z;264;545;0;809;809;24279[Konstabler];2021-11-16T07:47:02.985Z
0.6103286;open;2021-11-16T07:45:00Z;260;166;0;426;426;18497[Hauptwache];2021-11-16T07:47:02.985Z
0.59411764;open;2021-11-16T07:45:00Z;404;276;0;680;680;18495[Am Gericht];2021-11-16T07:47:02.985Z
0.15513393;open;2021-11-16T07:45:00Z;139;757;70;966;896;109240[MyZeil];2021-11-16T07:47:02.985Z
0.4858044;open;2021-11-16T07:45:00Z;308;326;0;634;634;18494[Konrad-Adenauer-Straße];2021-11-16T07:47:02.985Z
0.79333335;open;2021-11-16T08:00:00Z;119;31;200;350;150;24276[Turmcenter];2021-11-16T08:02:00.244Z
0.28501227;open;2021-11-16T08:00:00Z;116;291;0;407;407;18944[Alte Oper];2021-11-16T08:02:00.244Z
0.3489011;open;2021-11-16T08:00:00Z;127;237;0;364;364;24281[Hauptbahnhof Süd];2021-11-16T08:02:00.244Z
0.33868974;open;2021-11-16T08:00:00Z;274;535;0;809;809;24279[Konstabler];2021-11-16T08:02:00.244Z
0.6455399;open;2021-11-16T08:00:00Z;275;151;0;426;426;18497[Hauptwache];2021-11-16T08:02:00.244Z
0.62647057;open;2021-11-16T08:00:00Z;426;254;0;680;680;18495[Am Gericht];2021-11-16T08:02:00.244Z
0.15736607;open;2021-11-16T08:00:00Z;141;755;70;966;896;109240[MyZeil];2021-11-16T08:02:00.244Z
0.4984227;open;2021-11-16T08:00:00Z;316;318;0;634;634;18494[Konrad-Adenauer-Straße];2021-11-16T08:02:00.244Z
1;open;2021-11-16T08:31:00Z;150;0;200;350;150;24276[Turmcenter];2021-11-16T08:32:00.769Z
0.33906633;open;2021-11-16T08:31:00Z;138;269;0;407;407;18944[Alte Oper];2021-11-16T08:32:00.769Z
0.40384614;open;2021-11-16T08:31:00Z;147;217;0;364;364;24281[Hauptbahnhof Süd];2021-11-16T08:32:00.769Z
0.3831891;open;2021-11-16T08:31:00Z;310;499;0;809;809;24279[Konstabler];2021-11-16T08:32:00.769Z
0.70422536;open;2021-11-16T08:31:00Z;300;126;0;426;426;18497[Hauptwache];2021-11-16T08:32:00.769Z
0.7058824;open;2021-11-16T08:31:00Z;480;200;0;680;680;18495[Am Gericht];2021-11-16T08:32:00.769Z
0.51419556;open;2021-11-16T08:31:00Z;326;308;0;634;634;18494[Konrad-Adenauer-Straße];2021-11-16T08:32:00.769Z
1;open;2021-11-16T08:46:00Z;150;0;200;350;150;24276[Turmcenter];2021-11-16T08:47:02.780Z
0.38329238;open;2021-11-16T08:46:00Z;156;251;0;407;407;18944[Alte Oper];2021-11-16T08:47:02.780Z
0.43131867;open;2021-11-16T08:46:00Z;157;207;0;364;364;24281[Hauptbahnhof Süd];2021-11-16T08:47:02.780Z
0.40173054;open;2021-11-16T08:46:00Z;325;484;0;809;809;24279[Konstabler];2021-11-16T08:47:02.780Z
0.76760566;open;2021-11-16T08:46:00Z;327;99;0;426;426;18497[Hauptwache];2021-11-16T08:47:02.780Z
0.75;open;2021-11-16T08:46:00Z;510;170;0;680;680;18495[Am Gericht];2021-11-16T08:47:02.780Z
0.18080357;open;2021-11-16T08:46:00Z;162;734;70;966;896;109240[MyZeil];2021-11-16T08:47:02.780Z
0.5236593;open;2021-11-16T08:46:00Z;332;302;0;634;634;18494[Konrad-Adenauer-Straße];2021-11-16T08:47:02.780Z
1;open;2021-11-16T09:01:00Z;150;0;200;350;150;24276[Turmcenter];2021-11-16T09:02:01.056Z
0.44717446;open;2021-11-16T09:01:00Z;182;225;0;407;407;18944[Alte Oper];2021-11-16T09:02:01.056Z
0.43681318;open;2021-11-16T09:01:00Z;159;205;0;364;364;24281[Hauptbahnhof Süd];2021-11-16T09:02:01.056Z
0.4326329;open;2021-11-16T09:01:00Z;350;459;0;809;809;24279[Konstabler];2021-11-16T09:02:01.056Z
0.80046946;open;2021-11-16T09:01:00Z;341;85;0;426;426;18497[Hauptwache];2021-11-16T09:02:01.056Z
0.78088236;open;2021-11-16T09:01:00Z;531;149;0;680;680;18495[Am Gericht];2021-11-16T09:02:01.056Z
0.18861607;open;2021-11-16T09:01:00Z;169;727;70;966;896;109240[MyZeil];2021-11-16T09:02:01.056Z
0.53943217;open;2021-11-16T09:01:00Z;342;292;0;634;634;18494[Konrad-Adenauer-Straße];2021-11-16T09:02:01.056Z
1;open;2021-11-16T09:21:00Z;150;0;200;350;150;24276[Turmcenter];2021-11-16T09:22:00.153Z
0.4938575;open;2021-11-16T09:21:00Z;201;206;0;407;407;18944[Alte Oper];2021-11-16T09:22:00.153Z
0.46153846;open;2021-11-16T09:21:00Z;168;196;0;364;364;24281[Hauptbahnhof Süd];2021-11-16T09:22:00.153Z
0.47713226;open;2021-11-16T09:21:00Z;386;423;0;809;809;24279[Konstabler];2021-11-16T09:22:00.153Z
0.8873239;open;2021-11-16T09:21:00Z;378;48;0;426;426;18497[Hauptwache];2021-11-16T09:22:00.153Z
0.8132353;open;2021-11-16T09:21:00Z;553;127;0;680;680;18495[Am Gericht];2021-11-16T09:22:00.153Z
0.5615142;open;2021-11-16T09:21:00Z;356;278;0;634;634;18494[Konrad-Adenauer-Straße];2021-11-16T09:22:00.153Z
1;open;2021-11-16T09:36:00Z;150;0;200;350;150;24276[Turmcenter];2021-11-16T09:37:01.984Z
0.5331695;open;2021-11-16T09:36:00Z;217;190;0;407;407;18944[Alte Oper];2021-11-16T09:37:01.984Z
0.48351648;open;2021-11-16T09:36:00Z;176;188;0;364;364;24281[Hauptbahnhof Süd];2021-11-16T09:37:01.984Z
0.5166873;open;2021-11-16T09:36:00Z;418;391;0;809;809;24279[Konstabler];2021-11-16T09:37:01.984Z
0.9389671;open;2021-11-16T09:36:00Z;400;26;0;426;426;18497[Hauptwache];2021-11-16T09:37:01.984Z
0.8279412;open;2021-11-16T09:36:00Z;563;117;0;680;680;18495[Am Gericht];2021-11-16T09:37:01.984Z
0.57570976;open;2021-11-16T09:36:00Z;365;269;0;634;634;18494[Konrad-Adenauer-Straße];2021-11-16T09:37:01.984Z
1;open;2021-11-16T09:46:00Z;150;0;200;350;150;24276[Turmcenter];2021-11-16T09:47:01.702Z
0.57002455;open;2021-11-16T09:46:00Z;232;175;0;407;407;18944[Alte Oper];2021-11-16T09:47:01.702Z
0.48626372;open;2021-11-16T09:46:00Z;177;187;0;364;364;24281[Hauptbahnhof Süd];2021-11-16T09:47:01.702Z
0.5278121;open;2021-11-16T09:46:00Z;427;382;0;809;809;24279[Konstabler];2021-11-16T09:47:01.702Z
0.97183096;open;2021-11-16T09:46:00Z;414;12;0;426;426;18497[Hauptwache];2021-11-16T09:47:01.702Z
0.8264706;open;2021-11-16T09:46:00Z;562;118;0;680;680;18495[Am Gericht];2021-11-16T09:47:01.702Z
0.22321428;open;2021-11-16T09:46:00Z;200;696;70;966;896;109240[MyZeil];2021-11-16T09:47:01.702Z
0.5899054;open;2021-11-16T09:46:00Z;374;260;0;634;634;18494[Konrad-Adenauer-Straße];2021-11-16T09:47:01.702Z
1;open;2021-11-16T09:56:00Z;150;0;200;350;150;24276[Turmcenter];2021-11-16T09:57:01.215Z
0.5921376;open;2021-11-16T09:56:00Z;241;166;0;407;407;18944[Alte Oper];2021-11-16T09:57:01.215Z
0.48626372;open;2021-11-16T09:56:00Z;177;187;0;364;364;24281[Hauptbahnhof Süd];2021-11-16T09:57:01.215Z
0.55995053;open;2021-11-16T09:56:00Z;453;356;0;809;809;24279[Konstabler];2021-11-16T09:57:01.215Z
1;open;2021-11-16T09:56:00Z;426;0;0;426;426;18497[Hauptwache];2021-11-16T09:57:01.215Z
0.8264706;open;2021-11-16T09:56:00Z;562;118;0;680;680;18495[Am Gericht];2021-11-16T09:57:01.215Z
0.5993691;open;2021-11-16T09:56:00Z;380;254;0;634;634;18494[Konrad-Adenauer-Straße];2021-11-16T09:57:01.215Z
1;open;2021-11-16T10:22:00Z;150;0;200;350;150;24276[Turmcenter];2021-11-16T10:27:01.429Z
0.6363636;open;2021-11-16T10:22:00Z;259;148;0;407;407;18944[Alte Oper];2021-11-16T10:27:01.429Z
0.4752747;open;2021-11-16T10:22:00Z;173;191;0;364;364;24281[Hauptbahnhof Süd];2021-11-16T10:27:01.429Z
0.6007417;open;2021-11-16T10:22:00Z;486;323;0;809;809;24279[Konstabler];2021-11-16T10:27:01.429Z
1;open;2021-11-16T10:22:00Z;426;0;0;426;426;18497[Hauptwache];2021-11-16T10:27:01.429Z
0.8029412;open;2021-11-16T10:22:00Z;546;134;0;680;680;18495[Am Gericht];2021-11-16T10:27:01.429Z
0.25223213;open;2021-11-16T10:22:00Z;226;670;70;966;896;109240[MyZeil];2021-11-16T10:27:01.429Z
0.60567826;open;2021-11-16T10:22:00Z;384;250;0;634;634;18494[Konrad-Adenauer-Straße];2021-11-16T10:27:01.429Z
1;open;2021-11-16T10:42:00Z;150;0;200;350;150;24276[Turmcenter];2021-11-16T10:47:02.527Z
0.66584766;open;2021-11-16T10:42:00Z;271;136;0;407;407;18944[Alte Oper];2021-11-16T10:47:02.527Z
0.46703297;open;2021-11-16T10:42:00Z;170;194;0;364;364;24281[Hauptbahnhof Süd];2021-11-16T10:47:02.527Z
0.62422746;open;2021-11-16T10:42:00Z;505;304;0;809;809;24279[Konstabler];2021-11-16T10:47:02.527Z
0.9953052;open;2021-11-16T10:42:00Z;424;2;0;426;426;18497[Hauptwache];2021-11-16T10:47:02.527Z
0.79264706;open;2021-11-16T10:42:00Z;539;141;0;680;680;18495[Am Gericht];2021-11-16T10:47:02.527Z
0.26674107;open;2021-11-16T10:42:00Z;239;657;70;966;896;109240[MyZeil];2021-11-16T10:47:02.527Z
0.6182965;open;2021-11-16T10:42:00Z;392;242;0;634;634;18494[Konrad-Adenauer-Straße];2021-11-16T10:47:02.527Z
1;open;2021-11-16T10:57:00Z;150;0;200;350;150;24276[Turmcenter];2021-11-16T11:02:02.097Z
0.67813265;open;2021-11-16T10:57:00Z;276;131;0;407;407;18944[Alte Oper];2021-11-16T11:02:02.097Z
0.46703297;open;2021-11-16T10:57:00Z;170;194;0;364;364;24281[Hauptbahnhof Süd];2021-11-16T11:02:02.097Z
0.6365884;open;2021-11-16T10:57:00Z;515;294;0;809;809;24279[Konstabler];2021-11-16T11:02:02.097Z
1;open;2021-11-16T10:57:00Z;426;0;0;426;426;18497[Hauptwache];2021-11-16T11:02:02.097Z
0.7985294;open;2021-11-16T10:57:00Z;543;137;0;680;680;18495[Am Gericht];2021-11-16T11:02:02.097Z
0.26004463;open;2021-11-16T10:57:00Z;233;663;70;966;896;109240[MyZeil];2021-11-16T11:02:02.097Z
0.6356467;open;2021-11-16T10:57:00Z;403;231;0;634;634;18494[Konrad-Adenauer-Straße];2021-11-16T11:02:02.097Z
1;open;2021-11-16T11:12:00Z;150;0;200;350;150;24276[Turmcenter];2021-11-16T11:17:02.468Z
0.6805897;open;2021-11-16T11:12:00Z;277;130;0;407;407;18944[Alte Oper];2021-11-16T11:17:02.468Z
0.4587912;open;2021-11-16T11:12:00Z;167;197;0;364;364;24281[Hauptbahnhof Süd];2021-11-16T11:17:02.468Z
0.66131026;open;2021-11-16T11:12:00Z;535;274;0;809;809;24279[Konstabler];2021-11-16T11:17:02.468Z
0.9976526;open;2021-11-16T11:12:00Z;425;1;0;426;426;18497[Hauptwache];2021-11-16T11:17:02.468Z
0.79264706;open;2021-11-16T11:12:00Z;539;141;0;680;680;18495[Am Gericht];2021-11-16T11:17:02.468Z
0.2767857;open;2021-11-16T11:12:00Z;248;648;70;966;896;109240[MyZeil];2021-11-16T11:17:02.468Z
0.6451104;open;2021-11-16T11:12:00Z;409;225;0;634;634;18494[Konrad-Adenauer-Straße];2021-11-16T11:17:02.468Z
1;open;2021-11-16T11:27:00Z;150;0;200;350;150;24276[Turmcenter];2021-11-16T11:32:01.323Z
0.6879607;open;2021-11-16T11:27:00Z;280;127;0;407;407;18944[Alte Oper];2021-11-16T11:32:01.323Z
0.45054945;open;2021-11-16T11:27:00Z;164;200;0;364;364;24281[Hauptbahnhof Süd];2021-11-16T11:32:01.323Z
0.6600742;open;2021-11-16T11:27:00Z;534;275;0;809;809;24279[Konstabler];2021-11-16T11:32:01.323Z
1;open;2021-11-16T11:27:00Z;426;0;0;426;426;18497[Hauptwache];2021-11-16T11:32:01.323Z
0.76911765;open;2021-11-16T11:27:00Z;523;157;0;680;680;18495[Am Gericht];2021-11-16T11:32:01.323Z
0.28125;open;2021-11-16T11:27:00Z;252;644;70;966;896;109240[MyZeil];2021-11-16T11:32:01.323Z
0.64984226;open;2021-11-16T11:27:00Z;412;222;0;634;634;18494[Konrad-Adenauer-Straße];2021-11-16T11:32:01.323Z
1;open;2021-11-16T11:37:00Z;150;0;200;350;150;24276[Turmcenter];2021-11-16T11:42:02.511Z
0.7076167;open;2021-11-16T11:37:00Z;288;119;0;407;407;18944[Alte Oper];2021-11-16T11:42:02.511Z
0.4478022;open;2021-11-16T11:37:00Z;163;201;0;364;364;24281[Hauptbahnhof Süd];2021-11-16T11:42:02.511Z
0.6501854;open;2021-11-16T11:37:00Z;526;283;0;809;809;24279[Konstabler];2021-11-16T11:42:02.511Z
1;open;2021-11-16T11:37:00Z;426;0;0;426;426;18497[Hauptwache];2021-11-16T11:42:02.511Z
0.77205884;open;2021-11-16T11:37:00Z;525;155;0;680;680;18495[Am Gericht];2021-11-16T11:42:02.511Z
0.65457416;open;2021-11-16T11:37:00Z;415;219;0;634;634;18494[Konrad-Adenauer-Straße];2021-11-16T11:42:02.511Z
1;open;2021-11-16T11:52:00Z;150;0;200;350;150;24276[Turmcenter];2021-11-16T11:57:02.430Z
0.7100737;open;2021-11-16T11:52:00Z;289;118;0;407;407;18944[Alte Oper];2021-11-16T11:57:02.430Z
0.44230768;open;2021-11-16T11:52:00Z;161;203;0;364;364;24281[Hauptbahnhof Süd];2021-11-16T11:57:02.430Z
0.6761434;open;2021-11-16T11:52:00Z;547;262;0;809;809;24279[Konstabler];2021-11-16T11:57:02.430Z
1;open;2021-11-16T11:52:00Z;426;0;0;426;426;18497[Hauptwache];2021-11-16T11:57:02.430Z
0.76911765;open;2021-11-16T11:52:00Z;523;157;0;680;680;18495[Am Gericht];2021-11-16T11:57:02.430Z
0.66246057;open;2021-11-16T11:52:00Z;420;214;0;634;634;18494[Konrad-Adenauer-Straße];2021-11-16T11:57:02.430Z
1;open;2021-11-16T12:28:00Z;150;0;200;350;150;24276[Turmcenter];2021-11-16T12:32:00.949Z
0.7076167;open;2021-11-16T12:28:00Z;288;119;0;407;407;18944[Alte Oper];2021-11-16T12:32:00.949Z
0.42582417;open;2021-11-16T12:28:00Z;155;209;0;364;364;24281[Hauptbahnhof Süd];2021-11-16T12:32:00.949Z
0.66254634;open;2021-11-16T12:28:00Z;536;273;0;809;809;24279[Konstabler];2021-11-16T12:32:00.949Z
0.9929578;open;2021-11-16T12:28:00Z;423;3;0;426;426;18497[Hauptwache];2021-11-16T12:32:00.949Z
0.73970586;open;2021-11-16T12:28:00Z;503;177;0;680;680;18495[Am Gericht];2021-11-16T12:32:00.949Z
0.2767857;open;2021-11-16T12:28:00Z;248;648;70;966;896;109240[MyZeil];2021-11-16T12:32:00.949Z
0.66561514;open;2021-11-16T12:28:00Z;422;212;0;634;634;18494[Konrad-Adenauer-Straße];2021-11-16T12:32:00.949Z
1;open;2021-11-16T12:58:00Z;150;0;200;350;150;24276[Turmcenter];2021-11-16T13:02:00.933Z
0.7002457;open;2021-11-16T12:58:00Z;285;122;0;407;407;18944[Alte Oper];2021-11-16T13:02:00.933Z
0.4010989;open;2021-11-16T12:58:00Z;146;218;0;364;364;24281[Hauptbahnhof Süd];2021-11-16T13:02:00.933Z
0.66996294;open;2021-11-16T12:58:00Z;542;267;0;809;809;24279[Konstabler];2021-11-16T13:02:00.933Z
0.9835681;open;2021-11-16T12:58:00Z;419;7;0;426;426;18497[Hauptwache];2021-11-16T13:02:00.933Z
0.7147059;open;2021-11-16T12:58:00Z;486;194;0;680;680;18495[Am Gericht];2021-11-16T13:02:00.933Z
0.2689732;open;2021-11-16T12:58:00Z;241;655;70;966;896;109240[MyZeil];2021-11-16T13:02:00.933Z
0.670347;open;2021-11-16T12:58:00Z;425;209;0;634;634;18494[Konrad-Adenauer-Straße];2021-11-16T13:02:00.933Z
1;open;2021-11-16T13:34:00Z;150;0;200;350;150;24276[Turmcenter];2021-11-16T13:37:00.051Z
0.6879607;open;2021-11-16T13:34:00Z;280;127;0;407;407;18944[Alte Oper];2021-11-16T13:37:00.051Z
0.38736263;open;2021-11-16T13:34:00Z;141;223;0;364;364;24281[Hauptbahnhof Süd];2021-11-16T13:37:00.051Z
0.6996292;open;2021-11-16T13:34:00Z;566;243;0;809;809;24279[Konstabler];2021-11-16T13:37:00.051Z
1;open;2021-11-16T13:34:00Z;426;0;0;426;426;18497[Hauptwache];2021-11-16T13:37:00.051Z
0.7029412;open;2021-11-16T13:34:00Z;478;202;0;680;680;18495[Am Gericht];2021-11-16T13:37:00.051Z
0.64195585;open;2021-11-16T13:34:00Z;407;227;0;634;634;18494[Konrad-Adenauer-Straße];2021-11-16T13:37:00.051Z
1;open;2021-11-16T13:44:00Z;150;0;200;350;150;24276[Turmcenter];2021-11-16T13:47:01.928Z
0.6756757;open;2021-11-16T13:44:00Z;275;132;0;407;407;18944[Alte Oper];2021-11-16T13:47:01.928Z
0.3708791;open;2021-11-16T13:44:00Z;135;229;0;364;364;24281[Hauptbahnhof Süd];2021-11-16T13:47:01.928Z
0.7045736;open;2021-11-16T13:44:00Z;570;239;0;809;809;24279[Konstabler];2021-11-16T13:47:01.928Z
0.9976526;open;2021-11-16T13:44:00Z;425;1;0;426;426;18497[Hauptwache];2021-11-16T13:47:01.928Z
0.7;open;2021-11-16T13:44:00Z;476;204;0;680;680;18495[Am Gericht];2021-11-16T13:47:01.928Z
0.26674107;open;2021-11-16T13:44:00Z;239;657;70;966;896;109240[MyZeil];2021-11-16T13:47:01.928Z
0.64037853;open;2021-11-16T13:44:00Z;406;228;0;634;634;18494[Konrad-Adenauer-Straße];2021-11-16T13:47:01.928Z
1;open;2021-11-16T13:54:00Z;150;0;200;350;150;24276[Turmcenter];2021-11-16T13:57:01.478Z
0.65847665;open;2021-11-16T13:54:00Z;268;139;0;407;407;18944[Alte Oper];2021-11-16T13:57:01.478Z
0.3598901;open;2021-11-16T13:54:00Z;131;233;0;364;364;24281[Hauptbahnhof Süd];2021-11-16T13:57:01.478Z
0.7095179;open;2021-11-16T13:54:00Z;574;235;0;809;809;24279[Konstabler];2021-11-16T13:57:01.478Z
0.9953052;open;2021-11-16T13:54:00Z;424;2;0;426;426;18497[Hauptwache];2021-11-16T13:57:01.478Z
0.6985294;open;2021-11-16T13:54:00Z;475;205;0;680;680;18495[Am Gericht];2021-11-16T13:57:01.478Z
0.2734375;open;2021-11-16T13:54:00Z;245;651;70;966;896;109240[MyZeil];2021-11-16T13:57:01.478Z
0.62933755;open;2021-11-16T13:54:00Z;399;235;0;634;634;18494[Konrad-Adenauer-Straße];2021-11-16T13:57:01.478Z
1;open;2021-11-16T14:19:00Z;150;0;200;350;150;24276[Turmcenter];2021-11-16T14:22:00.625Z
0.61179364;open;2021-11-16T14:19:00Z;249;158;0;407;407;18944[Alte Oper];2021-11-16T14:22:00.625Z
0.32417583;open;2021-11-16T14:19:00Z;118;246;0;364;364;24281[Hauptbahnhof Süd];2021-11-16T14:22:00.625Z
0.6773795;open;2021-11-16T14:19:00Z;548;261;0;809;809;24279[Konstabler];2021-11-16T14:22:00.625Z
0.97183096;open;2021-11-16T14:19:00Z;414;12;0;426;426;18497[Hauptwache];2021-11-16T14:22:00.625Z
0.6882353;open;2021-11-16T14:19:00Z;468;212;0;680;680;18495[Am Gericht];2021-11-16T14:22:00.625Z
0.6104101;open;2021-11-16T14:19:00Z;387;247;0;634;634;18494[Konrad-Adenauer-Straße];2021-11-16T14:22:00.625Z
0.97333336;open;2021-11-16T14:39:00Z;146;4;200;350;150;24276[Turmcenter];2021-11-16T14:42:02.541Z
0.55773956;open;2021-11-16T14:39:00Z;227;180;0;407;407;18944[Alte Oper];2021-11-16T14:42:02.541Z
0.2857143;open;2021-11-16T14:39:00Z;104;260;0;364;364;24281[Hauptbahnhof Süd];2021-11-16T14:42:02.541Z
0.6860321;open;2021-11-16T14:39:00Z;555;254;0;809;809;24279[Konstabler];2021-11-16T14:42:02.541Z
0.95539904;open;2021-11-16T14:39:00Z;407;19;0;426;426;18497[Hauptwache];2021-11-16T14:42:02.541Z
0.6691176;open;2021-11-16T14:39:00Z;455;225;0;680;680;18495[Am Gericht];2021-11-16T14:42:02.541Z
0.5835962;open;2021-11-16T14:39:00Z;370;264;0;634;634;18494[Konrad-Adenauer-Straße];2021-11-16T14:42:02.541Z
0.96;open;2021-11-16T14:50:00Z;144;6;200;350;150;24276[Turmcenter];2021-11-16T14:52:02.188Z
0.5601966;open;2021-11-16T14:50:00Z;228;179;0;407;407;18944[Alte Oper];2021-11-16T14:52:02.188Z
0.26373628;open;2021-11-16T14:50:00Z;96;268;0;364;364;24281[Hauptbahnhof Süd];2021-11-16T14:52:02.188Z
0.6773795;open;2021-11-16T14:50:00Z;548;261;0;809;809;24279[Konstabler];2021-11-16T14:52:02.188Z
0.9530516;open;2021-11-16T14:50:00Z;406;20;0;426;426;18497[Hauptwache];2021-11-16T14:52:02.188Z
0.65294117;open;2021-11-16T14:50:00Z;444;236;0;680;680;18495[Am Gericht];2021-11-16T14:52:02.188Z
0.2544643;open;2021-11-16T14:50:00Z;228;668;70;966;896;109240[MyZeil];2021-11-16T14:52:02.188Z
0.5835962;open;2021-11-16T14:50:00Z;370;264;0;634;634;18494[Konrad-Adenauer-Straße];2021-11-16T14:52:02.188Z
0.94666666;open;2021-11-16T15:00:00Z;142;8;200;350;150;24276[Turmcenter];2021-11-16T15:02:02.212Z
0.55282557;open;2021-11-16T15:00:00Z;225;182;0;407;407;18944[Alte Oper];2021-11-16T15:02:02.212Z
0.2554945;open;2021-11-16T15:00:00Z;93;271;0;364;364;24281[Hauptbahnhof Süd];2021-11-16T15:02:02.212Z
0.65760195;open;2021-11-16T15:00:00Z;532;277;0;809;809;24279[Konstabler];2021-11-16T15:02:02.212Z
0.9413146;open;2021-11-16T15:00:00Z;401;25;0;426;426;18497[Hauptwache];2021-11-16T15:02:02.212Z
0.64117646;open;2021-11-16T15:00:00Z;436;244;0;680;680;18495[Am Gericht];2021-11-16T15:02:02.212Z
0.2578125;open;2021-11-16T15:00:00Z;231;665;70;966;896;109240[MyZeil];2021-11-16T15:02:02.212Z
0.5851735;open;2021-11-16T15:00:00Z;371;263;0;634;634;18494[Konrad-Adenauer-Straße];2021-11-16T15:02:02.212Z
0.9266667;open;2021-11-16T15:30:00Z;139;11;200;350;150;24276[Turmcenter];2021-11-16T15:32:02.659Z
0.5036855;open;2021-11-16T15:30:00Z;205;202;0;407;407;18944[Alte Oper];2021-11-16T15:32:02.659Z
0.20604396;open;2021-11-16T15:30:00Z;75;289;0;364;364;24281[Hauptbahnhof Süd];2021-11-16T15:32:02.659Z
0.6501854;open;2021-11-16T15:30:00Z;526;283;0;809;809;24279[Konstabler];2021-11-16T15:32:02.659Z
0.9319249;open;2021-11-16T15:30:00Z;397;29;0;426;426;18497[Hauptwache];2021-11-16T15:32:02.659Z
0.625;open;2021-11-16T15:30:00Z;425;255;0;680;680;18495[Am Gericht];2021-11-16T15:32:02.659Z
0.2533482;open;2021-11-16T15:30:00Z;227;669;70;966;896;109240[MyZeil];2021-11-16T15:32:02.659Z
0.58044165;open;2021-11-16T15:30:00Z;368;266;0;634;634;18494[Konrad-Adenauer-Straße];2021-11-16T15:32:02.659Z
0.88666666;open;2021-11-16T15:40:00Z;133;17;200;350;150;24276[Turmcenter];2021-11-16T15:42:02.313Z
0.5110565;open;2021-11-16T15:40:00Z;208;199;0;407;407;18944[Alte Oper];2021-11-16T15:42:02.313Z
0.18956044;open;2021-11-16T15:40:00Z;69;295;0;364;364;24281[Hauptbahnhof Süd];2021-11-16T15:42:02.313Z
0.64771324;open;2021-11-16T15:40:00Z;524;285;0;809;809;24279[Konstabler];2021-11-16T15:42:02.313Z
0.92957747;open;2021-11-16T15:40:00Z;396;30;0;426;426;18497[Hauptwache];2021-11-16T15:42:02.313Z
0.6044118;open;2021-11-16T15:40:00Z;411;269;0;680;680;18495[Am Gericht];2021-11-16T15:42:02.313Z
0.25892857;open;2021-11-16T15:40:00Z;232;664;70;966;896;109240[MyZeil];2021-11-16T15:42:02.313Z
0.57886434;open;2021-11-16T15:40:00Z;367;267;0;634;634;18494[Konrad-Adenauer-Straße];2021-11-16T15:42:02.313Z
0.88666666;open;2021-11-16T16:01:00Z;133;17;200;350;150;24276[Turmcenter];2021-11-16T16:02:01.299Z
0.4864865;open;2021-11-16T16:01:00Z;198;209;0;407;407;18944[Alte Oper];2021-11-16T16:02:01.299Z
0.17032968;open;2021-11-16T16:01:00Z;62;302;0;364;364;24281[Hauptbahnhof Süd];2021-11-16T16:02:01.299Z
0.6538937;open;2021-11-16T16:01:00Z;529;280;0;809;809;24279[Konstabler];2021-11-16T16:02:01.299Z
0.9201878;open;2021-11-16T16:01:00Z;392;34;0;426;426;18497[Hauptwache];2021-11-16T16:02:01.299Z
0.5926471;open;2021-11-16T16:01:00Z;403;277;0;680;680;18495[Am Gericht];2021-11-16T16:02:01.299Z
0.265625;open;2021-11-16T16:01:00Z;238;658;70;966;896;109240[MyZeil];2021-11-16T16:02:01.299Z
0.56782335;open;2021-11-16T16:01:00Z;360;274;0;634;634;18494[Konrad-Adenauer-Straße];2021-11-16T16:02:01.299Z
0.82;open;2021-11-16T16:26:00Z;123;27;200;350;150;24276[Turmcenter];2021-11-16T16:27:00.050Z
0.4791155;open;2021-11-16T16:26:00Z;195;212;0;407;407;18944[Alte Oper];2021-11-16T16:27:00.050Z
0.1510989;open;2021-11-16T16:26:00Z;55;309;0;364;364;24281[Hauptbahnhof Süd];2021-11-16T16:27:00.050Z
0.64029664;open;2021-11-16T16:26:00Z;518;291;0;809;809;24279[Konstabler];2021-11-16T16:27:00.050Z
0.8896714;open;2021-11-16T16:26:00Z;379;47;0;426;426;18497[Hauptwache];2021-11-16T16:27:00.050Z
0.5647059;open;2021-11-16T16:26:00Z;384;296;0;680;680;18495[Am Gericht];2021-11-16T16:27:00.050Z
0.52996844;open;2021-11-16T16:26:00Z;336;298;0;634;634;18494[Konrad-Adenauer-Straße];2021-11-16T16:27:00.050Z
0.76;open;2021-11-16T16:51:00Z;114;36;200;350;150;24276[Turmcenter];2021-11-16T16:52:01.111Z
0.5135135;open;2021-11-16T16:51:00Z;209;198;0;407;407;18944[Alte Oper];2021-11-16T16:52:01.111Z
0.115384616;open;2021-11-16T16:51:00Z;42;322;0;364;364;24281[Hauptbahnhof Süd];2021-11-16T16:52:01.111Z
0.61681086;open;2021-11-16T16:51:00Z;499;310;0;809;809;24279[Konstabler];2021-11-16T16:52:01.111Z
0.87558687;open;2021-11-16T16:51:00Z;373;53;0;426;426;18497[Hauptwache];2021-11-16T16:52:01.111Z
0.55735296;open;2021-11-16T16:51:00Z;379;301;0;680;680;18495[Am Gericht];2021-11-16T16:52:01.111Z
0.2611607;open;2021-11-16T16:51:00Z;234;662;70;966;896;109240[MyZeil];2021-11-16T16:52:01.111Z
0.5236593;open;2021-11-16T16:51:00Z;332;302;0;634;634;18494[Konrad-Adenauer-Straße];2021-11-16T16:52:01.111Z
0.5933333;open;2021-11-16T17:17:00Z;89;61;200;350;150;24276[Turmcenter];2021-11-16T17:22:00.414Z
0.5798526;open;2021-11-16T17:17:00Z;236;171;0;407;407;18944[Alte Oper];2021-11-16T17:22:00.414Z
0.093406595;open;2021-11-16T17:17:00Z;34;330;0;364;364;24281[Hauptbahnhof Süd];2021-11-16T17:22:00.414Z
0.5747837;open;2021-11-16T17:17:00Z;465;344;0;809;809;24279[Konstabler];2021-11-16T17:22:00.414Z
0.86150235;open;2021-11-16T17:17:00Z;367;59;0;426;426;18497[Hauptwache];2021-11-16T17:22:00.414Z
0.5514706;open;2021-11-16T17:17:00Z;375;305;0;680;680;18495[Am Gericht];2021-11-16T17:22:00.414Z
0.26339287;open;2021-11-16T17:17:00Z;236;660;70;966;896;109240[MyZeil];2021-11-16T17:22:00.414Z
0.50630915;open;2021-11-16T17:17:00Z;321;313;0;634;634;18494[Konrad-Adenauer-Straße];2021-11-16T17:22:00.414Z
0.375;open;2021-11-16T17:32:00Z;75;125;150;350;200;24276[Turmcenter];2021-11-16T17:37:00.989Z
0.61179364;open;2021-11-16T17:32:00Z;249;158;0;407;407;18944[Alte Oper];2021-11-16T17:37:00.989Z
0.07692308;open;2021-11-16T17:32:00Z;28;336;0;364;364;24281[Hauptbahnhof Süd];2021-11-16T17:37:00.989Z
0.5822002;open;2021-11-16T17:32:00Z;471;338;0;809;809;24279[Konstabler];2021-11-16T17:37:00.989Z
0.8403756;open;2021-11-16T17:32:00Z;358;68;0;426;426;18497[Hauptwache];2021-11-16T17:37:00.989Z
0.5397059;open;2021-11-16T17:32:00Z;367;313;0;680;680;18495[Am Gericht];2021-11-16T17:37:00.989Z
0.5031546;open;2021-11-16T17:32:00Z;319;315;0;634;634;18494[Konrad-Adenauer-Straße];2021-11-16T17:37:00.989Z
0.38;open;2021-11-16T17:42:00Z;76;124;150;350;200;24276[Turmcenter];2021-11-16T17:47:01.454Z
0.64373463;open;2021-11-16T17:42:00Z;262;145;0;407;407;18944[Alte Oper];2021-11-16T17:47:01.454Z
0.07417583;open;2021-11-16T17:42:00Z;27;337;0;364;364;24281[Hauptbahnhof Süd];2021-11-16T17:47:01.454Z
0.57601976;open;2021-11-16T17:42:00Z;466;343;0;809;809;24279[Konstabler];2021-11-16T17:47:01.454Z
0.8450704;open;2021-11-16T17:42:00Z;360;66;0;426;426;18497[Hauptwache];2021-11-16T17:47:01.454Z
0.5264706;open;2021-11-16T17:42:00Z;358;322;0;680;680;18495[Am Gericht];2021-11-16T17:47:01.454Z
0.2533482;open;2021-11-16T17:42:00Z;227;669;70;966;896;109240[MyZeil];2021-11-16T17:47:01.454Z
0.511041;open;2021-11-16T17:42:00Z;324;310;0;634;634;18494[Konrad-Adenauer-Straße];2021-11-16T17:47:01.454Z
0.37;open;2021-11-16T17:57:00Z;74;126;150;350;200;24276[Turmcenter];2021-11-16T18:02:01.222Z
0.7174447;open;2021-11-16T17:57:00Z;292;115;0;407;407;18944[Alte Oper];2021-11-16T18:02:01.222Z
0.054945055;open;2021-11-16T17:57:00Z;20;344;0;364;364;24281[Hauptbahnhof Süd];2021-11-16T18:02:01.222Z
0.5735476;open;2021-11-16T17:57:00Z;464;345;0;809;809;24279[Konstabler];2021-11-16T18:02:01.222Z
0.8309859;open;2021-11-16T17:57:00Z;354;72;0;426;426;18497[Hauptwache];2021-11-16T18:02:01.222Z
0.51029414;open;2021-11-16T17:57:00Z;347;333;0;680;680;18495[Am Gericht];2021-11-16T18:02:01.222Z
0.25223213;open;2021-11-16T17:57:00Z;226;670;70;966;896;109240[MyZeil];2021-11-16T18:02:01.222Z
0.5094637;open;2021-11-16T17:57:00Z;323;311;0;634;634;18494[Konrad-Adenauer-Straße];2021-11-16T18:02:01.222Z
0.415;open;2021-11-16T18:23:00Z;83;117;150;350;200;24276[Turmcenter];2021-11-16T18:27:01.441Z
0.94840294;open;2021-11-16T18:23:00Z;386;21;0;407;407;18944[Alte Oper];2021-11-16T18:27:01.441Z
0.052197803;open;2021-11-16T18:23:00Z;19;345;0;364;364;24281[Hauptbahnhof Süd];2021-11-16T18:27:01.441Z
0.5463535;open;2021-11-16T18:23:00Z;442;367;0;809;809;24279[Konstabler];2021-11-16T18:27:01.441Z
0.80751175;open;2021-11-16T18:23:00Z;344;82;0;426;426;18497[Hauptwache];2021-11-16T18:27:01.441Z
0.4882353;open;2021-11-16T18:23:00Z;332;348;0;680;680;18495[Am Gericht];2021-11-16T18:27:01.441Z
0.5078864;open;2021-11-16T18:23:00Z;322;312;0;634;634;18494[Konrad-Adenauer-Straße];2021-11-16T18:27:01.441Z
0.42;open;2021-11-16T18:43:00Z;84;116;150;350;200;24276[Turmcenter];2021-11-16T18:47:00.050Z
1;open;2021-11-16T18:43:00Z;407;0;0;407;407;18944[Alte Oper];2021-11-16T18:47:00.050Z
0.041208792;open;2021-11-16T18:43:00Z;15;349;0;364;364;24281[Hauptbahnhof Süd];2021-11-16T18:47:00.050Z
0.52163166;open;2021-11-16T18:43:00Z;422;387;0;809;809;24279[Konstabler];2021-11-16T18:47:00.050Z
0.79577464;open;2021-11-16T18:43:00Z;339;87;0;426;426;18497[Hauptwache];2021-11-16T18:47:00.050Z
0.46470588;open;2021-11-16T18:43:00Z;316;364;0;680;680;18495[Am Gericht];2021-11-16T18:47:00.050Z
0.5078864;open;2021-11-16T18:43:00Z;322;312;0;634;634;18494[Konrad-Adenauer-Straße];2021-11-16T18:47:00.050Z
0.405;open;2021-11-16T18:58:00Z;81;119;150;350;200;24276[Turmcenter];2021-11-16T19:02:02.126Z
1;open;2021-11-16T18:58:00Z;407;0;0;407;407;18944[Alte Oper];2021-11-16T19:02:02.126Z
0.035714287;open;2021-11-16T18:58:00Z;13;351;0;364;364;24281[Hauptbahnhof Süd];2021-11-16T19:02:02.126Z
0.5018541;open;2021-11-16T18:58:00Z;406;403;0;809;809;24279[Konstabler];2021-11-16T19:02:02.126Z
0.7605634;open;2021-11-16T18:58:00Z;324;102;0;426;426;18497[Hauptwache];2021-11-16T19:02:02.126Z
0.45882353;open;2021-11-16T18:58:00Z;312;368;0;680;680;18495[Am Gericht];2021-11-16T19:02:02.126Z
0.50473183;open;2021-11-16T18:58:00Z;320;314;0;634;634;18494[Konrad-Adenauer-Straße];2021-11-16T19:02:02.126Z
0.385;open;2021-11-16T19:19:00Z;77;123;150;350;200;24276[Turmcenter];2021-11-16T19:22:02.224Z
0.987715;open;2021-11-16T19:19:00Z;402;5;0;407;407;18944[Alte Oper];2021-11-16T19:22:02.224Z
0.032967035;open;2021-11-16T19:19:00Z;12;352;0;364;364;24281[Hauptbahnhof Süd];2021-11-16T19:22:02.224Z
0.48331273;open;2021-11-16T19:19:00Z;391;418;0;809;809;24279[Konstabler];2021-11-16T19:22:02.224Z
0.7065728;open;2021-11-16T19:19:00Z;301;125;0;426;426;18497[Hauptwache];2021-11-16T19:22:02.224Z
0.45;open;2021-11-16T19:19:00Z;306;374;0;680;680;18495[Am Gericht];2021-11-16T19:22:02.224Z
0.19419643;open;2021-11-16T19:19:00Z;174;722;70;966;896;109240[MyZeil];2021-11-16T19:22:02.224Z
0.50157726;open;2021-11-16T19:19:00Z;318;316;0;634;634;18494[Konrad-Adenauer-Straße];2021-11-16T19:22:02.224Z
0.375;open;2021-11-16T19:24:00Z;75;125;150;350;200;24276[Turmcenter];2021-11-16T19:27:01.809Z
0.97542995;open;2021-11-16T19:24:00Z;397;10;0;407;407;18944[Alte Oper];2021-11-16T19:27:01.809Z
0.027472528;open;2021-11-16T19:24:00Z;10;354;0;364;364;24281[Hauptbahnhof Süd];2021-11-16T19:27:01.809Z
0.48331273;open;2021-11-16T19:24:00Z;391;418;0;809;809;24279[Konstabler];2021-11-16T19:27:01.809Z
0.69953054;open;2021-11-16T19:24:00Z;298;128;0;426;426;18497[Hauptwache];2021-11-16T19:27:01.809Z
0.45147058;open;2021-11-16T19:24:00Z;307;373;0;680;680;18495[Am Gericht];2021-11-16T19:27:01.809Z
0.18973215;open;2021-11-16T19:24:00Z;170;726;70;966;896;109240[MyZeil];2021-11-16T19:27:01.809Z
0.4984227;open;2021-11-16T19:24:00Z;316;318;0;634;634;18494[Konrad-Adenauer-Straße];2021-11-16T19:27:01.809Z
0.36;open;2021-11-16T19:39:00Z;72;128;150;350;200;24276[Turmcenter];2021-11-16T19:42:01.993Z
0.96314496;open;2021-11-16T19:39:00Z;392;15;0;407;407;18944[Alte Oper];2021-11-16T19:42:01.993Z
0.027472528;open;2021-11-16T19:39:00Z;10;354;0;364;364;24281[Hauptbahnhof Süd];2021-11-16T19:42:01.993Z
0.46724352;open;2021-11-16T19:39:00Z;378;431;0;809;809;24279[Konstabler];2021-11-16T19:42:01.993Z
0.68779343;open;2021-11-16T19:39:00Z;293;133;0;426;426;18497[Hauptwache];2021-11-16T19:42:01.993Z
0.44264707;open;2021-11-16T19:39:00Z;301;379;0;680;680;18495[Am Gericht];2021-11-16T19:42:01.993Z
0.18638393;open;2021-11-16T19:39:00Z;167;729;70;966;896;109240[MyZeil];2021-11-16T19:42:01.993Z
0.49211356;open;2021-11-16T19:39:00Z;312;322;0;634;634;18494[Konrad-Adenauer-Straße];2021-11-16T19:42:01.993Z
0.35;open;2021-11-16T19:49:00Z;70;130;150;350;200;24276[Turmcenter];2021-11-16T19:52:02.943Z
0.9459459;open;2021-11-16T19:49:00Z;385;22;0;407;407;18944[Alte Oper];2021-11-16T19:52:02.943Z
0.024725275;open;2021-11-16T19:49:00Z;9;355;0;364;364;24281[Hauptbahnhof Süd];2021-11-16T19:52:02.943Z
0.45488256;open;2021-11-16T19:49:00Z;368;441;0;809;809;24279[Konstabler];2021-11-16T19:52:02.943Z
0.6760563;open;2021-11-16T19:49:00Z;288;138;0;426;426;18497[Hauptwache];2021-11-16T19:52:02.943Z
0.43823528;open;2021-11-16T19:49:00Z;298;382;0;680;680;18495[Am Gericht];2021-11-16T19:52:02.943Z
0.1796875;open;2021-11-16T19:49:00Z;161;735;70;966;896;109240[MyZeil];2021-11-16T19:52:02.943Z
0.47949526;open;2021-11-16T19:49:00Z;304;330;0;634;634;18494[Konrad-Adenauer-Straße];2021-11-16T19:52:02.943Z
0.335;open;2021-11-16T19:59:00Z;67;133;150;350;200;24276[Turmcenter];2021-11-16T20:02:02.840Z
0.9312039;open;2021-11-16T19:59:00Z;379;28;0;407;407;18944[Alte Oper];2021-11-16T20:02:02.840Z
0.03021978;open;2021-11-16T19:59:00Z;11;353;0;364;364;24281[Hauptbahnhof Süd];2021-11-16T20:02:02.840Z
0.44499382;open;2021-11-16T19:59:00Z;360;449;0;809;809;24279[Konstabler];2021-11-16T20:02:02.840Z
0.6549296;open;2021-11-16T19:59:00Z;279;147;0;426;426;18497[Hauptwache];2021-11-16T20:02:02.840Z
0.43529412;open;2021-11-16T19:59:00Z;296;384;0;680;680;18495[Am Gericht];2021-11-16T20:02:02.840Z
0.17857143;open;2021-11-16T19:59:00Z;160;736;70;966;896;109240[MyZeil];2021-11-16T20:02:02.840Z
0.47791797;open;2021-11-16T19:59:00Z;303;331;0;634;634;18494[Konrad-Adenauer-Straße];2021-11-16T20:02:02.840Z
0.32;open;2021-11-16T20:25:00Z;64;136;150;350;200;24276[Turmcenter];2021-11-16T20:27:00.387Z
0.8968059;open;2021-11-16T20:25:00Z;365;42;0;407;407;18944[Alte Oper];2021-11-16T20:27:00.387Z
0.03021978;open;2021-11-16T20:25:00Z;11;353;0;364;364;24281[Hauptbahnhof Süd];2021-11-16T20:27:00.387Z
0.407911;open;2021-11-16T20:25:00Z;330;479;0;809;809;24279[Konstabler];2021-11-16T20:27:00.387Z
0.6220657;open;2021-11-16T20:25:00Z;265;161;0;426;426;18497[Hauptwache];2021-11-16T20:27:00.387Z
0.43235293;open;2021-11-16T20:25:00Z;294;386;0;680;680;18495[Am Gericht];2021-11-16T20:27:00.387Z
0.16183035;open;2021-11-16T20:25:00Z;145;751;70;966;896;109240[MyZeil];2021-11-16T20:27:00.387Z
0.46214512;open;2021-11-16T20:25:00Z;293;341;0;634;634;18494[Konrad-Adenauer-Straße];2021-11-16T20:27:00.387Z
0.3;open;2021-11-16T20:45:00Z;60;140;150;350;200;24276[Turmcenter];2021-11-16T20:47:01.091Z
0.8771499;open;2021-11-16T20:45:00Z;357;50;0;407;407;18944[Alte Oper];2021-11-16T20:47:01.091Z
0.035714287;open;2021-11-16T20:45:00Z;13;351;0;364;364;24281[Hauptbahnhof Süd];2021-11-16T20:47:01.091Z
0.3906057;open;2021-11-16T20:45:00Z;316;493;0;809;809;24279[Konstabler];2021-11-16T20:47:01.091Z
0.6056338;open;2021-11-16T20:45:00Z;258;168;0;426;426;18497[Hauptwache];2021-11-16T20:47:01.091Z
0.42647058;open;2021-11-16T20:45:00Z;290;390;0;680;680;18495[Am Gericht];2021-11-16T20:47:01.091Z
0.15736607;open;2021-11-16T20:45:00Z;141;755;70;966;896;109240[MyZeil];2021-11-16T20:47:01.091Z
0.46056783;open;2021-11-16T20:45:00Z;292;342;0;634;634;18494[Konrad-Adenauer-Straße];2021-11-16T20:47:01.091Z
0.295;open;2021-11-16T21:00:00Z;59;141;150;350;200;24276[Turmcenter];2021-11-16T21:02:00.832Z
0.86240786;open;2021-11-16T21:00:00Z;351;56;0;407;407;18944[Alte Oper];2021-11-16T21:02:00.832Z
0.032967035;open;2021-11-16T21:00:00Z;12;352;0;364;364;24281[Hauptbahnhof Süd];2021-11-16T21:02:00.832Z
0.3695921;open;2021-11-16T21:00:00Z;299;510;0;809;809;24279[Konstabler];2021-11-16T21:02:00.832Z
0.58685446;open;2021-11-16T21:00:00Z;250;176;0;426;426;18497[Hauptwache];2021-11-16T21:02:00.832Z
0.425;open;2021-11-16T21:00:00Z;289;391;0;680;680;18495[Am Gericht];2021-11-16T21:02:00.832Z
0.15625;open;2021-11-16T21:00:00Z;140;756;70;966;896;109240[MyZeil];2021-11-16T21:02:00.832Z
0.44952682;open;2021-11-16T21:00:00Z;285;349;0;634;634;18494[Konrad-Adenauer-Straße];2021-11-16T21:02:00.832Z
0.26;open;2021-11-16T21:21:00Z;52;148;150;350;200;24276[Turmcenter];2021-11-16T21:22:00.884Z
0.6830467;open;2021-11-16T21:21:00Z;278;129;0;407;407;18944[Alte Oper];2021-11-16T21:22:00.884Z
0.032967035;open;2021-11-16T21:21:00Z;12;352;0;364;364;24281[Hauptbahnhof Süd];2021-11-16T21:22:00.884Z
0.3522868;open;2021-11-16T21:21:00Z;285;524;0;809;809;24279[Konstabler];2021-11-16T21:22:00.884Z
0.57276994;open;2021-11-16T21:21:00Z;244;182;0;426;426;18497[Hauptwache];2021-11-16T21:22:00.884Z
0.42205882;open;2021-11-16T21:21:00Z;287;393;0;680;680;18495[Am Gericht];2021-11-16T21:22:00.884Z
0.15066965;open;2021-11-16T21:21:00Z;135;761;70;966;896;109240[MyZeil];2021-11-16T21:22:00.884Z
0.4384858;open;2021-11-16T21:21:00Z;278;356;0;634;634;18494[Konrad-Adenauer-Straße];2021-11-16T21:22:00.884Z
0.255;open;2021-11-16T21:31:00Z;51;149;150;350;200;24276[Turmcenter];2021-11-16T21:32:01.767Z
0.5012285;open;2021-11-16T21:31:00Z;204;203;0;407;407;18944[Alte Oper];2021-11-16T21:32:01.767Z
0.032967035;open;2021-11-16T21:31:00Z;12;352;0;364;364;24281[Hauptbahnhof Süd];2021-11-16T21:32:01.767Z
0.34116194;open;2021-11-16T21:31:00Z;276;533;0;809;809;24279[Konstabler];2021-11-16T21:32:01.767Z
0.5680751;open;2021-11-16T21:31:00Z;242;184;0;426;426;18497[Hauptwache];2021-11-16T21:32:01.767Z
0.42205882;open;2021-11-16T21:31:00Z;287;393;0;680;680;18495[Am Gericht];2021-11-16T21:32:01.767Z
0.14955357;open;2021-11-16T21:31:00Z;134;762;70;966;896;109240[MyZeil];2021-11-16T21:32:01.767Z
0.43217665;open;2021-11-16T21:31:00Z;274;360;0;634;634;18494[Konrad-Adenauer-Straße];2021-11-16T21:32:01.767Z
0.195;open;2021-11-16T21:51:00Z;39;161;150;350;200;24276[Turmcenter];2021-11-16T21:52:01.282Z
0.25061426;open;2021-11-16T21:51:00Z;102;305;0;407;407;18944[Alte Oper];2021-11-16T21:52:01.282Z
0.03021978;open;2021-11-16T21:51:00Z;11;353;0;364;364;24281[Hauptbahnhof Süd];2021-11-16T21:52:01.282Z
0.32385662;open;2021-11-16T21:51:00Z;262;547;0;809;809;24279[Konstabler];2021-11-16T21:52:01.282Z
0.5375587;open;2021-11-16T21:51:00Z;229;197;0;426;426;18497[Hauptwache];2021-11-16T21:52:01.282Z
0.42205882;open;2021-11-16T21:51:00Z;287;393;0;680;680;18495[Am Gericht];2021-11-16T21:52:01.282Z
0.14620535;open;2021-11-16T21:51:00Z;131;765;70;966;896;109240[MyZeil];2021-11-16T21:52:01.282Z
0.42271292;open;2021-11-16T21:51:00Z;268;366;0;634;634;18494[Konrad-Adenauer-Straße];2021-11-16T21:52:01.282Z
0.17;open;2021-11-16T22:01:00Z;34;166;150;350;200;24276[Turmcenter];2021-11-16T22:02:00.673Z
0.22850123;open;2021-11-16T22:01:00Z;93;314;0;407;407;18944[Alte Oper];2021-11-16T22:02:00.673Z
0.03021978;open;2021-11-16T22:01:00Z;11;353;0;364;364;24281[Hauptbahnhof Süd];2021-11-16T22:02:00.673Z
0.31520396;open;2021-11-16T22:01:00Z;255;554;0;809;809;24279[Konstabler];2021-11-16T22:02:00.673Z
0.53286386;open;2021-11-16T22:01:00Z;227;199;0;426;426;18497[Hauptwache];2021-11-16T22:02:00.673Z
0.42205882;open;2021-11-16T22:01:00Z;287;393;0;680;680;18495[Am Gericht];2021-11-16T22:02:00.673Z
0.14508928;open;2021-11-16T22:01:00Z;130;766;70;966;896;109240[MyZeil];2021-11-16T22:02:00.673Z
0.42271292;open;2021-11-16T22:01:00Z;268;366;0;634;634;18494[Konrad-Adenauer-Straße];2021-11-16T22:02:00.673Z
0.145;open;2021-11-16T22:22:00Z;29;171;150;350;200;24276[Turmcenter];2021-11-16T22:27:01.236Z
0.1990172;open;2021-11-16T22:22:00Z;81;326;0;407;407;18944[Alte Oper];2021-11-16T22:27:01.236Z
0.032967035;open;2021-11-16T22:22:00Z;12;352;0;364;364;24281[Hauptbahnhof Süd];2021-11-16T22:27:01.236Z
0.29789865;open;2021-11-16T22:22:00Z;241;568;0;809;809;24279[Konstabler];2021-11-16T22:27:01.236Z
0.52582157;open;2021-11-16T22:22:00Z;224;202;0;426;426;18497[Hauptwache];2021-11-16T22:27:01.236Z
0.42205882;open;2021-11-16T22:22:00Z;287;393;0;680;680;18495[Am Gericht];2021-11-16T22:27:01.236Z
0.13727678;open;2021-11-16T22:22:00Z;123;773;70;966;896;109240[MyZeil];2021-11-16T22:27:01.236Z
0.41798106;open;2021-11-16T22:22:00Z;265;369;0;634;634;18494[Konrad-Adenauer-Straße];2021-11-16T22:27:01.236Z
0.135;open;2021-11-16T22:37:00Z;27;173;150;350;200;24276[Turmcenter];2021-11-16T22:42:02.366Z
0.18427518;open;2021-11-16T22:37:00Z;75;332;0;407;407;18944[Alte Oper];2021-11-16T22:42:02.366Z
0.03021978;open;2021-11-16T22:37:00Z;11;353;0;364;364;24281[Hauptbahnhof Süd];2021-11-16T22:42:02.366Z
0.28059334;open;2021-11-16T22:37:00Z;227;582;0;809;809;24279[Konstabler];2021-11-16T22:42:02.366Z
0.5164319;open;2021-11-16T22:37:00Z;220;206;0;426;426;18497[Hauptwache];2021-11-16T22:42:02.366Z
0.42205882;open;2021-11-16T22:37:00Z;287;393;0;680;680;18495[Am Gericht];2021-11-16T22:42:02.366Z
0.13616072;open;2021-11-16T22:37:00Z;122;774;70;966;896;109240[MyZeil];2021-11-16T22:42:02.366Z
0.4148265;open;2021-11-16T22:37:00Z;263;371;0;634;634;18494[Konrad-Adenauer-Straße];2021-11-16T22:42:02.366Z
0.125;open;2021-11-16T22:52:00Z;25;175;150;350;200;24276[Turmcenter];2021-11-16T22:57:02.131Z
0.17690417;open;2021-11-16T22:52:00Z;72;335;0;407;407;18944[Alte Oper];2021-11-16T22:57:02.131Z
0.03021978;open;2021-11-16T22:52:00Z;11;353;0;364;364;24281[Hauptbahnhof Süd];2021-11-16T22:57:02.131Z
0.27317676;open;2021-11-16T22:52:00Z;221;588;0;809;809;24279[Konstabler];2021-11-16T22:57:02.131Z
0.5093897;open;2021-11-16T22:52:00Z;217;209;0;426;426;18497[Hauptwache];2021-11-16T22:57:02.131Z
0.42352942;open;2021-11-16T22:52:00Z;288;392;0;680;680;18495[Am Gericht];2021-11-16T22:57:02.131Z
0.12834822;open;2021-11-16T22:52:00Z;115;781;70;966;896;109240[MyZeil];2021-11-16T22:57:02.131Z
0.41167194;open;2021-11-16T22:52:00Z;261;373;0;634;634;18494[Konrad-Adenauer-Straße];2021-11-16T22:57:02.131Z
0.11;open;2021-11-16T23:18:00Z;22;178;150;350;200;24276[Turmcenter];2021-11-16T23:22:00.555Z
0.14742015;open;2021-11-16T23:18:00Z;60;347;0;407;407;18944[Alte Oper];2021-11-16T23:22:00.555Z
0.03021978;open;2021-11-16T23:18:00Z;11;353;0;364;364;24281[Hauptbahnhof Süd];2021-11-16T23:22:00.555Z
0.27317676;open;2021-11-16T23:18:00Z;221;588;0;809;809;24279[Konstabler];2021-11-16T23:22:00.555Z
0.4976526;open;2021-11-16T23:18:00Z;212;214;0;426;426;18497[Hauptwache];2021-11-16T23:22:00.555Z
0;closed;2021-11-16T23:18:00Z;;393;0;0;0;18495[Am Gericht];2021-11-16T23:22:00.555Z
0.12276786;open;2021-11-16T23:18:00Z;110;786;70;966;896;109240[MyZeil];2021-11-16T23:22:00.555Z
0.41167194;open;2021-11-16T23:18:00Z;261;373;0;634;634;18494[Konrad-Adenauer-Straße];2021-11-16T23:22:00.555Z
0.11;open;2021-11-16T23:28:00Z;22;178;150;350;200;24276[Turmcenter];2021-11-16T23:32:01.411Z
0.13022113;open;2021-11-16T23:28:00Z;53;354;0;407;407;18944[Alte Oper];2021-11-16T23:32:01.411Z
0.03021978;open;2021-11-16T23:28:00Z;11;353;0;364;364;24281[Hauptbahnhof Süd];2021-11-16T23:32:01.411Z
0.27441284;open;2021-11-16T23:28:00Z;222;587;0;809;809;24279[Konstabler];2021-11-16T23:32:01.411Z
0.49530515;open;2021-11-16T23:28:00Z;211;215;0;426;426;18497[Hauptwache];2021-11-16T23:32:01.411Z
0;closed;2021-11-16T23:28:00Z;;393;0;0;0;18495[Am Gericht];2021-11-16T23:32:01.411Z
0.12165178;open;2021-11-16T23:28:00Z;109;787;70;966;896;109240[MyZeil];2021-11-16T23:32:01.411Z
0.41009465;open;2021-11-16T23:28:00Z;260;374;0;634;634;18494[Konrad-Adenauer-Straße];2021-11-16T23:32:01.411Z
0.11;open;2021-11-16T23:48:00Z;22;178;150;350;200;24276[Turmcenter];2021-11-16T23:52:01.336Z
0.12776412;open;2021-11-16T23:48:00Z;52;355;0;407;407;18944[Alte Oper];2021-11-16T23:52:01.336Z
0.03021978;open;2021-11-16T23:48:00Z;11;353;0;364;364;24281[Hauptbahnhof Süd];2021-11-16T23:52:01.336Z
0.27317676;open;2021-11-16T23:48:00Z;221;588;0;809;809;24279[Konstabler];2021-11-16T23:52:01.336Z
0.49295774;open;2021-11-16T23:48:00Z;210;216;0;426;426;18497[Hauptwache];2021-11-16T23:52:01.336Z
0;closed;2021-11-16T23:48:00Z;;393;0;0;0;18495[Am Gericht];2021-11-16T23:52:01.336Z
0.11941964;open;2021-11-16T23:48:00Z;107;789;70;966;896;109240[MyZeil];2021-11-16T23:52:01.336Z
0.41167194;open;2021-11-16T23:48:00Z;261;373;0;634;634;18494[Konrad-Adenauer-Straße];2021-11-16T23:52:01.336Z
0.11;open;2021-11-16T23:58:00Z;22;178;150;350;200;24276[Turmcenter];2021-11-17T00:02:00.501Z
0.12530713;open;2021-11-16T23:58:00Z;51;356;0;407;407;18944[Alte Oper];2021-11-17T00:02:00.501Z
0.027472528;open;2021-11-16T23:58:00Z;10;354;0;364;364;24281[Hauptbahnhof Süd];2021-11-17T00:02:00.501Z
0.27194068;open;2021-11-16T23:58:00Z;220;589;0;809;809;24279[Konstabler];2021-11-17T00:02:00.501Z
0.49295774;open;2021-11-16T23:58:00Z;210;216;0;426;426;18497[Hauptwache];2021-11-17T00:02:00.501Z
0;closed;2021-11-16T23:58:00Z;;393;0;0;0;18495[Am Gericht];2021-11-17T00:02:00.501Z
0.11941964;open;2021-11-16T23:58:00Z;107;789;70;966;896;109240[MyZeil];2021-11-17T00:02:00.501Z
0.41167194;open;2021-11-16T23:58:00Z;261;373;0;634;634;18494[Konrad-Adenauer-Straße];2021-11-17T00:02:00.501Z
0.11;open;2021-11-17T01:09:00Z;22;178;150;350;200;24276[Turmcenter];2021-11-17T01:12:01.643Z
0.12530713;open;2021-11-17T01:09:00Z;51;356;0;407;407;18944[Alte Oper];2021-11-17T01:12:01.643Z
0.027472528;open;2021-11-17T01:09:00Z;10;354;0;364;364;24281[Hauptbahnhof Süd];2021-11-17T01:12:01.643Z
0.26576018;open;2021-11-17T01:09:00Z;215;594;0;809;809;24279[Konstabler];2021-11-17T01:12:01.643Z
0.49061033;open;2021-11-17T01:09:00Z;209;217;0;426;426;18497[Hauptwache];2021-11-17T01:12:01.643Z
0;closed;2021-11-17T01:09:00Z;;393;0;0;0;18495[Am Gericht];2021-11-17T01:12:01.643Z
0.11941964;open;2021-11-17T01:09:00Z;107;789;70;966;896;109240[MyZeil];2021-11-17T01:12:01.643Z
0.40851736;open;2021-11-17T01:09:00Z;259;375;0;634;634;18494[Konrad-Adenauer-Straße];2021-11-17T01:12:01.643Z
0.11;open;2021-11-17T02:05:00Z;22;178;150;350;200;24276[Turmcenter];2021-11-17T02:07:00.324Z
0.12039312;open;2021-11-17T02:05:00Z;49;358;0;407;407;18944[Alte Oper];2021-11-17T02:07:00.324Z
0.024725275;open;2021-11-17T02:05:00Z;9;355;0;364;364;24281[Hauptbahnhof Süd];2021-11-17T02:07:00.324Z
0.26328802;open;2021-11-17T02:05:00Z;213;596;0;809;809;24279[Konstabler];2021-11-17T02:07:00.324Z
0.49061033;open;2021-11-17T02:05:00Z;209;217;0;426;426;18497[Hauptwache];2021-11-17T02:07:00.324Z
0;closed;2021-11-17T02:05:00Z;;393;0;0;0;18495[Am Gericht];2021-11-17T02:07:00.324Z
0.11941964;open;2021-11-17T02:05:00Z;107;789;70;966;896;109240[MyZeil];2021-11-17T02:07:00.324Z
0.40851736;open;2021-11-17T02:05:00Z;259;375;0;634;634;18494[Konrad-Adenauer-Straße];2021-11-17T02:07:00.324Z
0.11;open;2021-11-17T02:41:00Z;22;178;150;350;200;24276[Turmcenter];2021-11-17T02:42:02.171Z
0.12039312;open;2021-11-17T02:41:00Z;49;358;0;407;407;18944[Alte Oper];2021-11-17T02:42:02.171Z
0.021978023;open;2021-11-17T02:41:00Z;8;356;0;364;364;24281[Hauptbahnhof Süd];2021-11-17T02:42:02.171Z
0.26328802;open;2021-11-17T02:41:00Z;213;596;0;809;809;24279[Konstabler];2021-11-17T02:42:02.171Z
0.49061033;open;2021-11-17T02:41:00Z;209;217;0;426;426;18497[Hauptwache];2021-11-17T02:42:02.171Z
0;closed;2021-11-17T02:41:00Z;;393;0;0;0;18495[Am Gericht];2021-11-17T02:42:02.171Z
0.11941964;open;2021-11-17T02:41:00Z;107;789;70;966;896;109240[MyZeil];2021-11-17T02:42:02.171Z
0.40694007;open;2021-11-17T02:41:00Z;258;376;0;634;634;18494[Konrad-Adenauer-Straße];2021-11-17T02:42:02.171Z
0.11;open;2021-11-17T02:56:00Z;22;178;150;350;200;24276[Turmcenter];2021-11-17T02:57:00.100Z
0.12039312;open;2021-11-17T02:56:00Z;49;358;0;407;407;18944[Alte Oper];2021-11-17T02:57:00.100Z
0.021978023;open;2021-11-17T02:56:00Z;8;356;0;364;364;24281[Hauptbahnhof Süd];2021-11-17T02:57:00.100Z
0.26328802;open;2021-11-17T02:56:00Z;213;596;0;809;809;24279[Konstabler];2021-11-17T02:57:00.100Z
0.49061033;open;2021-11-17T02:56:00Z;209;217;0;426;426;18497[Hauptwache];2021-11-17T02:57:00.100Z
0;closed;2021-11-17T02:56:00Z;;393;0;0;0;18495[Am Gericht];2021-11-17T02:57:00.100Z
0.11941964;open;2021-11-17T02:56:00Z;107;789;70;966;896;109240[MyZeil];2021-11-17T02:57:00.100Z
0.40536278;open;2021-11-17T02:56:00Z;257;377;0;634;634;18494[Konrad-Adenauer-Straße];2021-11-17T02:57:00.100Z
0.11;open;2021-11-17T03:21:00Z;22;178;150;350;200;24276[Turmcenter];2021-11-17T03:22:00.333Z
0.12039312;open;2021-11-17T03:21:00Z;49;358;0;407;407;18944[Alte Oper];2021-11-17T03:22:00.333Z
0.021978023;open;2021-11-17T03:21:00Z;8;356;0;364;364;24281[Hauptbahnhof Süd];2021-11-17T03:22:00.333Z
0.2645241;open;2021-11-17T03:21:00Z;214;595;0;809;809;24279[Konstabler];2021-11-17T03:22:00.333Z
0.49061033;open;2021-11-17T03:21:00Z;209;217;0;426;426;18497[Hauptwache];2021-11-17T03:22:00.333Z
0;closed;2021-11-17T03:21:00Z;;;0;0;0;18495[Am Gericht];2021-11-17T03:22:00.333Z
0.11941964;open;2021-11-17T03:21:00Z;107;789;70;966;896;109240[MyZeil];2021-11-17T03:22:00.333Z
0.40851736;open;2021-11-17T03:21:00Z;259;375;0;634;634;18494[Konrad-Adenauer-Straße];2021-11-17T03:22:00.333Z
0.11;open;2021-11-17T03:36:00Z;22;178;150;350;200;24276[Turmcenter];2021-11-17T03:37:02.843Z
0.12039312;open;2021-11-17T03:36:00Z;49;358;0;407;407;18944[Alte Oper];2021-11-17T03:37:02.843Z
0.021978023;open;2021-11-17T03:36:00Z;8;356;0;364;364;24281[Hauptbahnhof Süd];2021-11-17T03:37:02.843Z
0.2645241;open;2021-11-17T03:36:00Z;214;595;0;809;809;24279[Konstabler];2021-11-17T03:37:02.843Z
0.49061033;open;2021-11-17T03:36:00Z;209;217;0;426;426;18497[Hauptwache];2021-11-17T03:37:02.843Z
0;closed;2021-11-17T03:36:00Z;;;0;0;0;18495[Am Gericht];2021-11-17T03:37:02.843Z
0.11941964;open;2021-11-17T03:36:00Z;107;789;70;966;896;109240[MyZeil];2021-11-17T03:37:02.843Z
0.41009465;open;2021-11-17T03:36:00Z;260;374;0;634;634;18494[Konrad-Adenauer-Straße];2021-11-17T03:37:02.843Z
0.11;open;2021-11-17T03:51:00Z;22;178;150;350;200;24276[Turmcenter];2021-11-17T03:52:02.063Z
0.12039312;open;2021-11-17T03:51:00Z;49;358;0;407;407;18944[Alte Oper];2021-11-17T03:52:02.063Z
0.024725275;open;2021-11-17T03:51:00Z;9;355;0;364;364;24281[Hauptbahnhof Süd];2021-11-17T03:52:02.063Z
0.26576018;open;2021-11-17T03:51:00Z;215;594;0;809;809;24279[Konstabler];2021-11-17T03:52:02.063Z
0.49061033;open;2021-11-17T03:51:00Z;209;217;0;426;426;18497[Hauptwache];2021-11-17T03:52:02.063Z
0;closed;2021-11-17T03:51:00Z;;;0;0;0;18495[Am Gericht];2021-11-17T03:52:02.063Z
0.11941964;open;2021-11-17T03:51:00Z;107;789;70;966;896;109240[MyZeil];2021-11-17T03:52:02.063Z
0.41167194;open;2021-11-17T03:51:00Z;261;373;0;634;634;18494[Konrad-Adenauer-Straße];2021-11-17T03:52:02.063Z
0.115;open;2021-11-17T04:01:00Z;23;177;150;350;200;24276[Turmcenter];2021-11-17T04:02:00.800Z
0.12039312;open;2021-11-17T04:01:00Z;49;358;0;407;407;18944[Alte Oper];2021-11-17T04:02:00.800Z
0.024725275;open;2021-11-17T04:01:00Z;9;355;0;364;364;24281[Hauptbahnhof Süd];2021-11-17T04:02:00.800Z
0.2669963;open;2021-11-17T04:01:00Z;216;593;0;809;809;24279[Konstabler];2021-11-17T04:02:00.800Z
0.49061033;open;2021-11-17T04:01:00Z;209;217;0;426;426;18497[Hauptwache];2021-11-17T04:02:00.800Z
0;closed;2021-11-17T04:01:00Z;;;0;0;0;18495[Am Gericht];2021-11-17T04:02:00.800Z
0.11941964;open;2021-11-17T04:01:00Z;107;789;70;966;896;109240[MyZeil];2021-11-17T04:02:00.800Z
0.41324922;open;2021-11-17T04:01:00Z;262;372;0;634;634;18494[Konrad-Adenauer-Straße];2021-11-17T04:02:00.800Z
0.115;open;2021-11-17T04:31:00Z;23;177;150;350;200;24276[Turmcenter];2021-11-17T04:32:01.213Z
0.12039312;open;2021-11-17T04:31:00Z;49;358;0;407;407;18944[Alte Oper];2021-11-17T04:32:01.213Z
0.024725275;open;2021-11-17T04:31:00Z;9;355;0;364;364;24281[Hauptbahnhof Süd];2021-11-17T04:32:01.213Z
0.26823238;open;2021-11-17T04:31:00Z;217;592;0;809;809;24279[Konstabler];2021-11-17T04:32:01.213Z
0.49061033;open;2021-11-17T04:31:00Z;209;217;0;426;426;18497[Hauptwache];2021-11-17T04:32:01.213Z
0;closed;2021-11-17T04:31:00Z;;;0;0;0;18495[Am Gericht];2021-11-17T04:32:01.213Z
0.11941964;open;2021-11-17T04:31:00Z;107;789;70;966;896;109240[MyZeil];2021-11-17T04:32:01.213Z
0.4148265;open;2021-11-17T04:31:00Z;263;371;0;634;634;18494[Konrad-Adenauer-Straße];2021-11-17T04:32:01.213Z
0.13;open;2021-11-17T04:51:00Z;26;174;150;350;200;24276[Turmcenter];2021-11-17T04:57:01.316Z
0.12039312;open;2021-11-17T04:51:00Z;49;358;0;407;407;18944[Alte Oper];2021-11-17T04:57:01.316Z
0.03846154;open;2021-11-17T04:51:00Z;14;350;0;364;364;24281[Hauptbahnhof Süd];2021-11-17T04:57:01.316Z
0.26823238;open;2021-11-17T04:51:00Z;217;592;0;809;809;24279[Konstabler];2021-11-17T04:57:01.316Z
0.49061033;open;2021-11-17T04:51:00Z;209;217;0;426;426;18497[Hauptwache];2021-11-17T04:57:01.316Z
0;closed;2021-11-17T04:51:00Z;;;0;0;0;18495[Am Gericht];2021-11-17T04:57:01.316Z
0.12053572;open;2021-11-17T04:51:00Z;108;788;70;966;896;109240[MyZeil];2021-11-17T04:57:01.316Z
0.41798106;open;2021-11-17T04:51:00Z;265;369;0;634;634;18494[Konrad-Adenauer-Straße];2021-11-17T04:57:01.316Z
0.18;open;2021-11-17T05:17:00Z;27;123;200;350;150;24276[Turmcenter];2021-11-17T05:22:01.498Z
0.12039312;open;2021-11-17T05:17:00Z;49;358;0;407;407;18944[Alte Oper];2021-11-17T05:22:01.498Z
0.082417585;open;2021-11-17T05:17:00Z;30;334;0;364;364;24281[Hauptbahnhof Süd];2021-11-17T05:22:01.498Z
0.27070457;open;2021-11-17T05:17:00Z;219;590;0;809;809;24279[Konstabler];2021-11-17T05:22:01.498Z
0.48826292;open;2021-11-17T05:17:00Z;208;218;0;426;426;18497[Hauptwache];2021-11-17T05:22:01.498Z
0.44264707;open;2021-11-17T05:17:00Z;301;379;0;680;680;18495[Am Gericht];2021-11-17T05:22:01.498Z
0.12053572;open;2021-11-17T05:17:00Z;108;788;70;966;896;109240[MyZeil];2021-11-17T05:22:01.498Z
0.42271292;open;2021-11-17T05:17:00Z;268;366;0;634;634;18494[Konrad-Adenauer-Straße];2021-11-17T05:22:01.498Z
0.18;open;2021-11-17T05:27:00Z;27;123;200;350;150;24276[Turmcenter];2021-11-17T05:32:02.072Z
0.12039312;open;2021-11-17T05:27:00Z;49;358;0;407;407;18944[Alte Oper];2021-11-17T05:32:02.072Z
0.09065934;open;2021-11-17T05:27:00Z;33;331;0;364;364;24281[Hauptbahnhof Süd];2021-11-17T05:32:02.072Z
0.27317676;open;2021-11-17T05:27:00Z;221;588;0;809;809;24279[Konstabler];2021-11-17T05:32:02.072Z
0.48826292;open;2021-11-17T05:27:00Z;208;218;0;426;426;18497[Hauptwache];2021-11-17T05:32:02.072Z
0.44852942;open;2021-11-17T05:27:00Z;305;375;0;680;680;18495[Am Gericht];2021-11-17T05:32:02.072Z
0.12053572;open;2021-11-17T05:27:00Z;108;788;70;966;896;109240[MyZeil];2021-11-17T05:32:02.072Z
0.4274448;open;2021-11-17T05:27:00Z;271;363;0;634;634;18494[Konrad-Adenauer-Straße];2021-11-17T05:32:02.072Z
0.18;open;2021-11-17T05:37:00Z;27;123;200;350;150;24276[Turmcenter];2021-11-17T05:42:02.707Z
0.12285012;open;2021-11-17T05:37:00Z;50;357;0;407;407;18944[Alte Oper];2021-11-17T05:42:02.707Z
0.10714286;open;2021-11-17T05:37:00Z;39;325;0;364;364;24281[Hauptbahnhof Süd];2021-11-17T05:42:02.707Z
0.27441284;open;2021-11-17T05:37:00Z;222;587;0;809;809;24279[Konstabler];2021-11-17T05:42:02.707Z
0.48826292;open;2021-11-17T05:37:00Z;208;218;0;426;426;18497[Hauptwache];2021-11-17T05:42:02.707Z
0.45294118;open;2021-11-17T05:37:00Z;308;372;0;680;680;18495[Am Gericht];2021-11-17T05:42:02.707Z
0.12053572;open;2021-11-17T05:37:00Z;108;788;70;966;896;109240[MyZeil];2021-11-17T05:42:02.707Z
0.42902207;open;2021-11-17T05:37:00Z;272;362;0;634;634;18494[Konrad-Adenauer-Straße];2021-11-17T05:42:02.707Z
0.19333333;open;2021-11-17T05:57:00Z;29;121;200;350;150;24276[Turmcenter];2021-11-17T06:02:01.610Z
0.12530713;open;2021-11-17T05:57:00Z;51;356;0;407;407;18944[Alte Oper];2021-11-17T06:02:01.610Z
0.12637363;open;2021-11-17T05:57:00Z;46;318;0;364;364;24281[Hauptbahnhof Süd];2021-11-17T06:02:01.610Z
0.27935722;open;2021-11-17T05:57:00Z;226;583;0;809;809;24279[Konstabler];2021-11-17T06:02:01.610Z
0.49530515;open;2021-11-17T05:57:00Z;211;215;0;426;426;18497[Hauptwache];2021-11-17T06:02:01.610Z
0.45882353;open;2021-11-17T05:57:00Z;312;368;0;680;680;18495[Am Gericht];2021-11-17T06:02:01.610Z
0.12053572;open;2021-11-17T05:57:00Z;108;788;70;966;896;109240[MyZeil];2021-11-17T06:02:01.610Z
0.4369085;open;2021-11-17T05:57:00Z;277;357;0;634;634;18494[Konrad-Adenauer-Straße];2021-11-17T06:02:01.610Z
0.20666666;open;2021-11-17T06:17:00Z;31;119;200;350;150;24276[Turmcenter];2021-11-17T06:22:01.738Z
0.12776412;open;2021-11-17T06:17:00Z;52;355;0;407;407;18944[Alte Oper];2021-11-17T06:22:01.738Z
0.15934066;open;2021-11-17T06:17:00Z;58;306;0;364;364;24281[Hauptbahnhof Süd];2021-11-17T06:22:01.738Z
0.27935722;open;2021-11-17T06:17:00Z;226;583;0;809;809;24279[Konstabler];2021-11-17T06:22:01.738Z
0.5093897;open;2021-11-17T06:17:00Z;217;209;0;426;426;18497[Hauptwache];2021-11-17T06:22:01.738Z
0.46764705;open;2021-11-17T06:17:00Z;318;362;0;680;680;18495[Am Gericht];2021-11-17T06:22:01.738Z
0.12611607;open;2021-11-17T06:17:00Z;113;783;70;966;896;109240[MyZeil];2021-11-17T06:22:01.738Z
0.44321766;open;2021-11-17T06:17:00Z;281;353;0;634;634;18494[Konrad-Adenauer-Straße];2021-11-17T06:22:01.738Z
0.26;open;2021-11-17T06:42:00Z;39;111;200;350;150;24276[Turmcenter];2021-11-17T06:47:00.200Z
0.15233415;open;2021-11-17T06:42:00Z;62;345;0;407;407;18944[Alte Oper];2021-11-17T06:47:00.200Z
0.20054945;open;2021-11-17T06:42:00Z;73;291;0;364;364;24281[Hauptbahnhof Süd];2021-11-17T06:47:00.200Z
0.27812114;open;2021-11-17T06:42:00Z;225;584;0;809;809;24279[Konstabler];2021-11-17T06:47:00.200Z
0.52816904;open;2021-11-17T06:42:00Z;225;201;0;426;426;18497[Hauptwache];2021-11-17T06:47:00.200Z
0.49558824;open;2021-11-17T06:42:00Z;337;343;0;680;680;18495[Am Gericht];2021-11-17T06:47:00.200Z
0.13392857;open;2021-11-17T06:42:00Z;120;776;70;966;896;109240[MyZeil];2021-11-17T06:47:00.200Z
0.44479495;open;2021-11-17T06:42:00Z;282;352;0;634;634;18494[Konrad-Adenauer-Straße];2021-11-17T06:47:00.200Z
0.3;open;2021-11-17T06:57:00Z;45;105;200;350;150;24276[Turmcenter];2021-11-17T07:02:01.756Z
0.15724815;open;2021-11-17T06:57:00Z;64;343;0;407;407;18944[Alte Oper];2021-11-17T07:02:01.756Z
0.24725275;open;2021-11-17T06:57:00Z;90;274;0;364;364;24281[Hauptbahnhof Süd];2021-11-17T07:02:01.756Z
0.29048207;open;2021-11-17T06:57:00Z;235;574;0;809;809;24279[Konstabler];2021-11-17T07:02:01.756Z
0.5516432;open;2021-11-17T06:57:00Z;235;191;0;426;426;18497[Hauptwache];2021-11-17T07:02:01.756Z
0.5176471;open;2021-11-17T06:57:00Z;352;328;0;680;680;18495[Am Gericht];2021-11-17T07:02:01.756Z
0.13616072;open;2021-11-17T06:57:00Z;122;774;70;966;896;109240[MyZeil];2021-11-17T07:02:01.756Z
0.45425868;open;2021-11-17T06:57:00Z;288;346;0;634;634;18494[Konrad-Adenauer-Straße];2021-11-17T07:02:01.756Z
0.44;open;2021-11-17T07:18:00Z;66;84;200;350;150;24276[Turmcenter];2021-11-17T07:22:00.455Z
0.1891892;open;2021-11-17T07:18:00Z;77;330;0;407;407;18944[Alte Oper];2021-11-17T07:22:00.455Z
0.27197802;open;2021-11-17T07:18:00Z;99;265;0;364;364;24281[Hauptbahnhof Süd];2021-11-17T07:22:00.455Z
0.30407912;open;2021-11-17T07:18:00Z;246;563;0;809;809;24279[Konstabler];2021-11-17T07:22:00.455Z
0.57511735;open;2021-11-17T07:18:00Z;245;181;0;426;426;18497[Hauptwache];2021-11-17T07:22:00.455Z
0.56764704;open;2021-11-17T07:18:00Z;386;294;0;680;680;18495[Am Gericht];2021-11-17T07:22:00.455Z
0.14955357;open;2021-11-17T07:18:00Z;134;762;70;966;896;109240[MyZeil];2021-11-17T07:22:00.455Z
0.4731861;open;2021-11-17T07:18:00Z;300;334;0;634;634;18494[Konrad-Adenauer-Straße];2021-11-17T07:22:00.455Z
0.6;open;2021-11-17T07:33:00Z;90;60;200;350;150;24276[Turmcenter];2021-11-17T07:37:01.774Z
0.2039312;open;2021-11-17T07:33:00Z;83;324;0;407;407;18944[Alte Oper];2021-11-17T07:37:01.774Z
0.29945055;open;2021-11-17T07:33:00Z;109;255;0;364;364;24281[Hauptbahnhof Süd];2021-11-17T07:37:01.774Z
0.31644005;open;2021-11-17T07:33:00Z;256;553;0;809;809;24279[Konstabler];2021-11-17T07:37:01.774Z
0.58685446;open;2021-11-17T07:33:00Z;250;176;0;426;426;18497[Hauptwache];2021-11-17T07:37:01.774Z
0.5882353;open;2021-11-17T07:33:00Z;400;280;0;680;680;18495[Am Gericht];2021-11-17T07:37:01.774Z
0.15513393;open;2021-11-17T07:33:00Z;139;757;70;966;896;109240[MyZeil];2021-11-17T07:37:01.774Z
0.49053627;open;2021-11-17T07:33:00Z;311;323;0;634;634;18494[Konrad-Adenauer-Straße];2021-11-17T07:37:01.774Z
0.7133333;open;2021-11-17T07:48:00Z;107;43;200;350;150;24276[Turmcenter];2021-11-17T07:52:00.190Z
0.23832923;open;2021-11-17T07:48:00Z;97;310;0;407;407;18944[Alte Oper];2021-11-17T07:52:00.190Z
0.33241758;open;2021-11-17T07:48:00Z;121;243;0;364;364;24281[Hauptbahnhof Süd];2021-11-17T07:52:00.190Z
0.33127317;open;2021-11-17T07:48:00Z;268;541;0;809;809;24279[Konstabler];2021-11-17T07:52:00.190Z
0.58685446;open;2021-11-17T07:48:00Z;250;176;0;426;426;18497[Hauptwache];2021-11-17T07:52:00.190Z
0.6338235;open;2021-11-17T07:48:00Z;431;249;0;680;680;18495[Am Gericht];2021-11-17T07:52:00.190Z
0.16071428;open;2021-11-17T07:48:00Z;144;752;70;966;896;109240[MyZeil];2021-11-17T07:52:00.190Z
0.50630915;open;2021-11-17T07:48:00Z;321;313;0;634;634;18494[Konrad-Adenauer-Straße];2021-11-17T07:52:00.190Z
0.75333333;open;2021-11-17T07:58:00Z;113;37;200;350;150;24276[Turmcenter];2021-11-17T08:02:02.977Z
0.26044226;open;2021-11-17T07:58:00Z;106;301;0;407;407;18944[Alte Oper];2021-11-17T08:02:02.977Z
0.3489011;open;2021-11-17T07:58:00Z;127;237;0;364;364;24281[Hauptbahnhof Süd];2021-11-17T08:02:02.977Z
0.34363413;open;2021-11-17T07:58:00Z;278;531;0;809;809;24279[Konstabler];2021-11-17T08:02:02.977Z
0.6197183;open;2021-11-17T07:58:00Z;264;162;0;426;426;18497[Hauptwache];2021-11-17T08:02:02.977Z
0.6544118;open;2021-11-17T07:58:00Z;445;235;0;680;680;18495[Am Gericht];2021-11-17T08:02:02.977Z
0.16183035;open;2021-11-17T07:58:00Z;145;751;70;966;896;109240[MyZeil];2021-11-17T08:02:02.977Z
0.51892745;open;2021-11-17T07:58:00Z;329;305;0;634;634;18494[Konrad-Adenauer-Straße];2021-11-17T08:02:02.977Z
0.96666664;open;2021-11-17T08:28:00Z;145;5;200;350;150;24276[Turmcenter];2021-11-17T08:32:02.846Z
0.30958232;open;2021-11-17T08:28:00Z;126;281;0;407;407;18944[Alte Oper];2021-11-17T08:32:02.846Z
0.41758242;open;2021-11-17T08:28:00Z;152;212;0;364;364;24281[Hauptbahnhof Süd];2021-11-17T08:32:02.846Z
0.39431396;open;2021-11-17T08:28:00Z;319;490;0;809;809;24279[Konstabler];2021-11-17T08:32:02.846Z
0.6690141;open;2021-11-17T08:28:00Z;285;141;0;426;426;18497[Hauptwache];2021-11-17T08:32:02.846Z
0.74558824;open;2021-11-17T08:28:00Z;507;173;0;680;680;18495[Am Gericht];2021-11-17T08:32:02.846Z
0.18526785;open;2021-11-17T08:28:00Z;166;730;70;966;896;109240[MyZeil];2021-11-17T08:32:02.846Z
0.533123;open;2021-11-17T08:28:00Z;338;296;0;634;634;18494[Konrad-Adenauer-Straße];2021-11-17T08:32:02.846Z
0.99333334;open;2021-11-17T08:43:00Z;149;1;200;350;150;24276[Turmcenter];2021-11-17T08:47:02.088Z
0.36117935;open;2021-11-17T08:43:00Z;147;260;0;407;407;18944[Alte Oper];2021-11-17T08:47:02.088Z
0.43956044;open;2021-11-17T08:43:00Z;160;204;0;364;364;24281[Hauptbahnhof Süd];2021-11-17T08:47:02.088Z
0.41532758;open;2021-11-17T08:43:00Z;336;473;0;809;809;24279[Konstabler];2021-11-17T08:47:02.088Z
0.74413145;open;2021-11-17T08:43:00Z;317;109;0;426;426;18497[Hauptwache];2021-11-17T08:47:02.088Z
0.7676471;open;2021-11-17T08:43:00Z;522;158;0;680;680;18495[Am Gericht];2021-11-17T08:47:02.088Z
0.19977678;open;2021-11-17T08:43:00Z;179;717;70;966;896;109240[MyZeil];2021-11-17T08:47:02.088Z
0.5410095;open;2021-11-17T08:43:00Z;343;291;0;634;634;18494[Konrad-Adenauer-Straße];2021-11-17T08:47:02.088Z
1;open;2021-11-17T08:54:00Z;150;0;200;350;150;24276[Turmcenter];2021-11-17T08:57:01.369Z
0.4078624;open;2021-11-17T08:54:00Z;166;241;0;407;407;18944[Alte Oper];2021-11-17T08:57:01.369Z
0.45054945;open;2021-11-17T08:54:00Z;164;200;0;364;364;24281[Hauptbahnhof Süd];2021-11-17T08:57:01.369Z
0.43139678;open;2021-11-17T08:54:00Z;349;460;0;809;809;24279[Konstabler];2021-11-17T08:57:01.369Z
0.786385;open;2021-11-17T08:54:00Z;335;91;0;426;426;18497[Hauptwache];2021-11-17T08:57:01.369Z
0.7882353;open;2021-11-17T08:54:00Z;536;144;0;680;680;18495[Am Gericht];2021-11-17T08:57:01.369Z
0.20200893;open;2021-11-17T08:54:00Z;181;715;70;966;896;109240[MyZeil];2021-11-17T08:57:01.369Z
0.5583596;open;2021-11-17T08:54:00Z;354;280;0;634;634;18494[Konrad-Adenauer-Straße];2021-11-17T08:57:01.369Z
1;open;2021-11-17T09:19:00Z;150;0;200;350;150;24276[Turmcenter];2021-11-17T09:22:01.305Z
0.5135135;open;2021-11-17T09:19:00Z;209;198;0;407;407;18944[Alte Oper];2021-11-17T09:22:01.305Z
0.47802198;open;2021-11-17T09:19:00Z;174;190;0;364;364;24281[Hauptbahnhof Süd];2021-11-17T09:22:01.305Z
0.49938196;open;2021-11-17T09:19:00Z;404;405;0;809;809;24279[Konstabler];2021-11-17T09:22:01.305Z
0.90375584;open;2021-11-17T09:19:00Z;385;41;0;426;426;18497[Hauptwache];2021-11-17T09:22:01.305Z
0.8397059;open;2021-11-17T09:19:00Z;571;109;0;680;680;18495[Am Gericht];2021-11-17T09:22:01.305Z
0.21986607;open;2021-11-17T09:19:00Z;197;699;70;966;896;109240[MyZeil];2021-11-17T09:22:01.305Z
0.5867508;open;2021-11-17T09:19:00Z;372;262;0;634;634;18494[Konrad-Adenauer-Straße];2021-11-17T09:22:01.305Z
0.97333336;open;2021-11-17T09:34:00Z;146;4;200;350;150;24276[Turmcenter];2021-11-17T09:37:03.004Z
0.53071254;open;2021-11-17T09:34:00Z;216;191;0;407;407;18944[Alte Oper];2021-11-17T09:37:03.004Z
0.48076922;open;2021-11-17T09:34:00Z;175;189;0;364;364;24281[Hauptbahnhof Süd];2021-11-17T09:37:03.004Z
0.53646475;open;2021-11-17T09:34:00Z;434;375;0;809;809;24279[Konstabler];2021-11-17T09:37:03.004Z
0.9483568;open;2021-11-17T09:34:00Z;404;22;0;426;426;18497[Hauptwache];2021-11-17T09:37:03.004Z
0.8661765;open;2021-11-17T09:34:00Z;589;91;0;680;680;18495[Am Gericht];2021-11-17T09:37:03.004Z
0.23772322;open;2021-11-17T09:34:00Z;213;683;70;966;896;109240[MyZeil];2021-11-17T09:37:03.004Z
0.6072555;open;2021-11-17T09:34:00Z;385;249;0;634;634;18494[Konrad-Adenauer-Straße];2021-11-17T09:37:03.004Z
0.96666664;open;2021-11-17T09:49:00Z;145;5;200;350;150;24276[Turmcenter];2021-11-17T09:52:00.840Z
0.5872236;open;2021-11-17T09:49:00Z;239;168;0;407;407;18944[Alte Oper];2021-11-17T09:52:00.840Z
0.48351648;open;2021-11-17T09:49:00Z;176;188;0;364;364;24281[Hauptbahnhof Süd];2021-11-17T09:52:00.840Z
0.5686032;open;2021-11-17T09:49:00Z;460;349;0;809;809;24279[Konstabler];2021-11-17T09:52:00.840Z
0.9953052;open;2021-11-17T09:49:00Z;424;2;0;426;426;18497[Hauptwache];2021-11-17T09:52:00.840Z
0.8867647;open;2021-11-17T09:49:00Z;603;77;0;680;680;18495[Am Gericht];2021-11-17T09:52:00.840Z
0.25111607;open;2021-11-17T09:49:00Z;225;671;70;966;896;109240[MyZeil];2021-11-17T09:52:00.840Z
0.626183;open;2021-11-17T09:49:00Z;397;237;0;634;634;18494[Konrad-Adenauer-Straße];2021-11-17T09:52:00.840Z
0.98;open;2021-11-17T09:59:00Z;147;3;200;350;150;24276[Turmcenter];2021-11-17T10:02:02.846Z
0.6044226;open;2021-11-17T09:59:00Z;246;161;0;407;407;18944[Alte Oper];2021-11-17T10:02:02.846Z
0.48076922;open;2021-11-17T09:59:00Z;175;189;0;364;364;24281[Hauptbahnhof Süd];2021-11-17T10:02:02.846Z
0.60197777;open;2021-11-17T09:59:00Z;487;322;0;809;809;24279[Konstabler];2021-11-17T10:02:02.846Z
0.9976526;open;2021-11-17T09:59:00Z;425;1;0;426;426;18497[Hauptwache];2021-11-17T10:02:02.846Z
0.89117646;open;2021-11-17T09:59:00Z;606;74;0;680;680;18495[Am Gericht];2021-11-17T10:02:02.846Z
0.2533482;open;2021-11-17T09:59:00Z;227;669;70;966;896;109240[MyZeil];2021-11-17T10:02:02.846Z
0.64195585;open;2021-11-17T09:59:00Z;407;227;0;634;634;18494[Konrad-Adenauer-Straße];2021-11-17T10:02:02.846Z
0.99333334;open;2021-11-17T10:24:00Z;149;1;200;350;150;24276[Turmcenter];2021-11-17T10:27:01.559Z
0.6412777;open;2021-11-17T10:24:00Z;261;146;0;407;407;18944[Alte Oper];2021-11-17T10:27:01.559Z
0.4642857;open;2021-11-17T10:24:00Z;169;195;0;364;364;24281[Hauptbahnhof Süd];2021-11-17T10:27:01.559Z
0.6328801;open;2021-11-17T10:24:00Z;512;297;0;809;809;24279[Konstabler];2021-11-17T10:27:01.559Z
1;open;2021-11-17T10:24:00Z;426;0;0;426;426;18497[Hauptwache];2021-11-17T10:27:01.559Z
0.8808824;open;2021-11-17T10:24:00Z;599;81;0;680;680;18495[Am Gericht];2021-11-17T10:27:01.559Z
0.2779018;open;2021-11-17T10:24:00Z;249;647;70;966;896;109240[MyZeil];2021-11-17T10:27:01.559Z
0.6435331;open;2021-11-17T10:24:00Z;408;226;0;634;634;18494[Konrad-Adenauer-Straße];2021-11-17T10:27:01.559Z
0.94666666;open;2021-11-17T10:40:00Z;142;8;200;350;150;24276[Turmcenter];2021-11-17T10:42:01.104Z
0.6363636;open;2021-11-17T10:40:00Z;259;148;0;407;407;18944[Alte Oper];2021-11-17T10:42:01.104Z
0.4587912;open;2021-11-17T10:40:00Z;167;197;0;364;364;24281[Hauptbahnhof Süd];2021-11-17T10:42:01.104Z
0.6588381;open;2021-11-17T10:40:00Z;533;276;0;809;809;24279[Konstabler];2021-11-17T10:42:01.104Z
1;open;2021-11-17T10:40:00Z;426;0;0;426;426;18497[Hauptwache];2021-11-17T10:42:01.104Z
0.88235295;open;2021-11-17T10:40:00Z;600;80;0;680;680;18495[Am Gericht];2021-11-17T10:42:01.104Z
0.28013393;open;2021-11-17T10:40:00Z;251;645;70;966;896;109240[MyZeil];2021-11-17T10:42:01.104Z
0.64195585;open;2021-11-17T10:40:00Z;407;227;0;634;634;18494[Konrad-Adenauer-Straße];2021-11-17T10:42:01.104Z
0.9533333;open;2021-11-17T10:55:00Z;143;7;200;350;150;24276[Turmcenter];2021-11-17T10:57:00.492Z
0.6609337;open;2021-11-17T10:55:00Z;269;138;0;407;407;18944[Alte Oper];2021-11-17T10:57:00.492Z
0.4478022;open;2021-11-17T10:55:00Z;163;201;0;364;364;24281[Hauptbahnhof Süd];2021-11-17T10:57:00.492Z
0.671199;open;2021-11-17T10:55:00Z;543;266;0;809;809;24279[Konstabler];2021-11-17T10:57:00.492Z
1;open;2021-11-17T10:55:00Z;426;0;0;426;426;18497[Hauptwache];2021-11-17T10:57:00.492Z
0.8808824;open;2021-11-17T10:55:00Z;599;81;0;680;680;18495[Am Gericht];2021-11-17T10:57:00.492Z
0.2890625;open;2021-11-17T10:55:00Z;259;637;70;966;896;109240[MyZeil];2021-11-17T10:57:00.492Z
0.64037853;open;2021-11-17T10:55:00Z;406;228;0;634;634;18494[Konrad-Adenauer-Straße];2021-11-17T10:57:00.492Z
0.99333334;open;2021-11-17T11:15:00Z;149;1;200;350;150;24276[Turmcenter];2021-11-17T11:17:01.322Z
0.6879607;open;2021-11-17T11:15:00Z;280;127;0;407;407;18944[Alte Oper];2021-11-17T11:17:01.322Z
0.41483516;open;2021-11-17T11:15:00Z;151;213;0;364;364;24281[Hauptbahnhof Süd];2021-11-17T11:17:01.322Z
0.70086527;open;2021-11-17T11:15:00Z;567;242;0;809;809;24279[Konstabler];2021-11-17T11:17:01.322Z
0.9859155;open;2021-11-17T11:15:00Z;420;6;0;426;426;18497[Hauptwache];2021-11-17T11:17:01.322Z
0.87647057;open;2021-11-17T11:15:00Z;596;84;0;680;680;18495[Am Gericht];2021-11-17T11:17:01.322Z
0.2924107;open;2021-11-17T11:15:00Z;262;634;70;966;896;109240[MyZeil];2021-11-17T11:17:01.322Z
0.6451104;open;2021-11-17T11:15:00Z;409;225;0;634;634;18494[Konrad-Adenauer-Straße];2021-11-17T11:17:01.322Z
1;open;2021-11-17T11:30:00Z;150;0;200;350;150;24276[Turmcenter];2021-11-17T11:32:02.994Z
0.7051597;open;2021-11-17T11:30:00Z;287;120;0;407;407;18944[Alte Oper];2021-11-17T11:32:02.994Z
0.4010989;open;2021-11-17T11:30:00Z;146;218;0;364;364;24281[Hauptbahnhof Süd];2021-11-17T11:32:02.994Z
0.70333743;open;2021-11-17T11:30:00Z;569;240;0;809;809;24279[Konstabler];2021-11-17T11:32:02.994Z
1;open;2021-11-17T11:30:00Z;426;0;0;426;426;18497[Hauptwache];2021-11-17T11:32:02.994Z
0.87647057;open;2021-11-17T11:30:00Z;596;84;0;680;680;18495[Am Gericht];2021-11-17T11:32:02.994Z
0.29575893;open;2021-11-17T11:30:00Z;265;631;70;966;896;109240[MyZeil];2021-11-17T11:32:02.994Z
0.6451104;open;2021-11-17T11:30:00Z;409;225;0;634;634;18494[Konrad-Adenauer-Straße];2021-11-17T11:32:02.994Z
0.96666664;open;2021-11-17T11:40:00Z;145;5;200;350;150;24276[Turmcenter];2021-11-17T11:42:01.688Z
0.7051597;open;2021-11-17T11:40:00Z;287;120;0;407;407;18944[Alte Oper];2021-11-17T11:42:01.688Z
0.40384614;open;2021-11-17T11:40:00Z;147;217;0;364;364;24281[Hauptbahnhof Süd];2021-11-17T11:42:01.688Z
0.7082818;open;2021-11-17T11:40:00Z;573;236;0;809;809;24279[Konstabler];2021-11-17T11:42:01.688Z
0.9976526;open;2021-11-17T11:40:00Z;425;1;0;426;426;18497[Hauptwache];2021-11-17T11:42:01.688Z
0.8661765;open;2021-11-17T11:40:00Z;589;91;0;680;680;18495[Am Gericht];2021-11-17T11:42:01.688Z
0.29129463;open;2021-11-17T11:40:00Z;261;635;70;966;896;109240[MyZeil];2021-11-17T11:42:01.688Z
0.6435331;open;2021-11-17T11:40:00Z;408;226;0;634;634;18494[Konrad-Adenauer-Straße];2021-11-17T11:42:01.688Z
0.98;open;2021-11-17T11:55:00Z;147;3;200;350;150;24276[Turmcenter];2021-11-17T11:57:01.601Z
0.7371007;open;2021-11-17T11:55:00Z;300;107;0;407;407;18944[Alte Oper];2021-11-17T11:57:01.601Z
0.38736263;open;2021-11-17T11:55:00Z;141;223;0;364;364;24281[Hauptbahnhof Süd];2021-11-17T11:57:01.601Z
0.7144623;open;2021-11-17T11:55:00Z;578;231;0;809;809;24279[Konstabler];2021-11-17T11:57:01.601Z
0.9929578;open;2021-11-17T11:55:00Z;423;3;0;426;426;18497[Hauptwache];2021-11-17T11:57:01.601Z
0.84705883;open;2021-11-17T11:55:00Z;576;104;0;680;680;18495[Am Gericht];2021-11-17T11:57:01.601Z
0.3013393;open;2021-11-17T11:55:00Z;270;626;70;966;896;109240[MyZeil];2021-11-17T11:57:01.601Z
0.64984226;open;2021-11-17T11:55:00Z;412;222;0;634;634;18494[Konrad-Adenauer-Straße];2021-11-17T11:57:01.601Z
0.98;open;2021-11-17T12:31:00Z;147;3;200;350;150;24276[Turmcenter];2021-11-17T12:32:01.916Z
0.7714988;open;2021-11-17T12:31:00Z;314;93;0;407;407;18944[Alte Oper];2021-11-17T12:32:01.916Z
0.3791209;open;2021-11-17T12:31:00Z;138;226;0;364;364;24281[Hauptbahnhof Süd];2021-11-17T12:32:01.916Z
0.6946848;open;2021-11-17T12:31:00Z;562;247;0;809;809;24279[Konstabler];2021-11-17T12:32:01.916Z
1;open;2021-11-17T12:31:00Z;426;0;0;426;426;18497[Hauptwache];2021-11-17T12:32:01.916Z
0.7941176;open;2021-11-17T12:31:00Z;540;140;0;680;680;18495[Am Gericht];2021-11-17T12:32:01.916Z
0.2857143;open;2021-11-17T12:31:00Z;256;640;70;966;896;109240[MyZeil];2021-11-17T12:32:01.916Z
0.65772873;open;2021-11-17T12:31:00Z;417;217;0;634;634;18494[Konrad-Adenauer-Straße];2021-11-17T12:32:01.916Z
0.96666664;open;2021-11-17T13:01:00Z;145;5;200;350;150;24276[Turmcenter];2021-11-17T13:02:00.190Z
0.74201477;open;2021-11-17T13:01:00Z;302;105;0;407;407;18944[Alte Oper];2021-11-17T13:02:00.190Z
0.39285713;open;2021-11-17T13:01:00Z;143;221;0;364;364;24281[Hauptbahnhof Süd];2021-11-17T13:02:00.190Z
0.7119901;open;2021-11-17T13:01:00Z;576;233;0;809;809;24279[Konstabler];2021-11-17T13:02:00.190Z
0.97887325;open;2021-11-17T13:01:00Z;417;9;0;426;426;18497[Hauptwache];2021-11-17T13:02:00.190Z
0.8014706;open;2021-11-17T13:01:00Z;545;135;0;680;680;18495[Am Gericht];2021-11-17T13:02:00.190Z
0.29910713;open;2021-11-17T13:01:00Z;268;628;70;966;896;109240[MyZeil];2021-11-17T13:02:00.190Z
0.66246057;open;2021-11-17T13:01:00Z;420;214;0;634;634;18494[Konrad-Adenauer-Straße];2021-11-17T13:02:00.190Z
0.99333334;open;2021-11-17T13:32:00Z;149;1;200;350;150;24276[Turmcenter];2021-11-17T13:37:00.750Z
0.7149877;open;2021-11-17T13:32:00Z;291;116;0;407;407;18944[Alte Oper];2021-11-17T13:37:00.750Z
0.3653846;open;2021-11-17T13:32:00Z;133;231;0;364;364;24281[Hauptbahnhof Süd];2021-11-17T13:37:00.750Z
0.7218789;open;2021-11-17T13:32:00Z;584;225;0;809;809;24279[Konstabler];2021-11-17T13:37:00.750Z
0.96478873;open;2021-11-17T13:32:00Z;411;15;0;426;426;18497[Hauptwache];2021-11-17T13:37:00.750Z
0.79264706;open;2021-11-17T13:32:00Z;539;141;0;680;680;18495[Am Gericht];2021-11-17T13:37:00.750Z
0.29129463;open;2021-11-17T13:32:00Z;261;635;70;966;896;109240[MyZeil];2021-11-17T13:37:00.750Z
0.648265;open;2021-11-17T13:32:00Z;411;223;0;634;634;18494[Konrad-Adenauer-Straße];2021-11-17T13:37:00.750Z
0.97333336;open;2021-11-17T13:42:00Z;146;4;200;350;150;24276[Turmcenter];2021-11-17T13:47:02.724Z
0.6830467;open;2021-11-17T13:42:00Z;278;129;0;407;407;18944[Alte Oper];2021-11-17T13:47:02.724Z
0.36263737;open;2021-11-17T13:42:00Z;132;232;0;364;364;24281[Hauptbahnhof Süd];2021-11-17T13:47:02.724Z
0.7119901;open;2021-11-17T13:42:00Z;576;233;0;809;809;24279[Konstabler];2021-11-17T13:47:02.724Z
0.9507042;open;2021-11-17T13:42:00Z;405;21;0;426;426;18497[Hauptwache];2021-11-17T13:47:02.724Z
0.8;open;2021-11-17T13:42:00Z;544;136;0;680;680;18495[Am Gericht];2021-11-17T13:47:02.724Z
0.2845982;open;2021-11-17T13:42:00Z;255;641;70;966;896;109240[MyZeil];2021-11-17T13:47:02.724Z
0.62776023;open;2021-11-17T13:42:00Z;398;236;0;634;634;18494[Konrad-Adenauer-Straße];2021-11-17T13:47:02.724Z
0.92;open;2021-11-17T13:57:00Z;138;12;200;350;150;24276[Turmcenter];2021-11-17T14:02:01.652Z
0.63882065;open;2021-11-17T13:57:00Z;260;147;0;407;407;18944[Alte Oper];2021-11-17T14:02:01.652Z
0.35714287;open;2021-11-17T13:57:00Z;130;234;0;364;364;24281[Hauptbahnhof Süd];2021-11-17T14:02:01.652Z
0.7169345;open;2021-11-17T13:57:00Z;580;229;0;809;809;24279[Konstabler];2021-11-17T14:02:01.652Z
0.91314554;open;2021-11-17T13:57:00Z;389;37;0;426;426;18497[Hauptwache];2021-11-17T14:02:01.652Z
0.7941176;open;2021-11-17T13:57:00Z;540;140;0;680;680;18495[Am Gericht];2021-11-17T14:02:01.652Z
0.2767857;open;2021-11-17T13:57:00Z;248;648;70;966;896;109240[MyZeil];2021-11-17T14:02:01.652Z
0.62460566;open;2021-11-17T13:57:00Z;396;238;0;634;634;18494[Konrad-Adenauer-Straße];2021-11-17T14:02:01.652Z
0.91333336;open;2021-11-17T14:22:00Z;137;13;200;350;150;24276[Turmcenter];2021-11-17T14:27:01.749Z
0.6019656;open;2021-11-17T14:22:00Z;245;162;0;407;407;18944[Alte Oper];2021-11-17T14:27:01.749Z
0.2967033;open;2021-11-17T14:22:00Z;108;256;0;364;364;24281[Hauptbahnhof Süd];2021-11-17T14:27:01.749Z
0.6922126;open;2021-11-17T14:22:00Z;560;249;0;809;809;24279[Konstabler];2021-11-17T14:27:01.749Z
0.8849765;open;2021-11-17T14:22:00Z;377;49;0;426;426;18497[Hauptwache];2021-11-17T14:27:01.749Z
0.7705882;open;2021-11-17T14:22:00Z;524;156;0;680;680;18495[Am Gericht];2021-11-17T14:27:01.749Z
0.26785713;open;2021-11-17T14:22:00Z;240;656;70;966;896;109240[MyZeil];2021-11-17T14:27:01.749Z
0.61356467;open;2021-11-17T14:22:00Z;389;245;0;634;634;18494[Konrad-Adenauer-Straße];2021-11-17T14:27:01.749Z
0.9066667;open;2021-11-17T14:37:00Z;136;14;200;350;150;24276[Turmcenter];2021-11-17T14:42:01.578Z
0.5995086;open;2021-11-17T14:37:00Z;244;163;0;407;407;18944[Alte Oper];2021-11-17T14:42:01.578Z
0.26648352;open;2021-11-17T14:37:00Z;97;267;0;364;364;24281[Hauptbahnhof Süd];2021-11-17T14:42:01.578Z
0.6946848;open;2021-11-17T14:37:00Z;562;247;0;809;809;24279[Konstabler];2021-11-17T14:42:01.578Z
0.9061033;open;2021-11-17T14:37:00Z;386;40;0;426;426;18497[Hauptwache];2021-11-17T14:42:01.578Z
0.75735295;open;2021-11-17T14:37:00Z;515;165;0;680;680;18495[Am Gericht];2021-11-17T14:42:01.578Z
0.26339287;open;2021-11-17T14:37:00Z;236;660;70;966;896;109240[MyZeil];2021-11-17T14:42:01.578Z
0.6072555;open;2021-11-17T14:37:00Z;385;249;0;634;634;18494[Konrad-Adenauer-Straße];2021-11-17T14:42:01.578Z
0.9266667;open;2021-11-17T14:42:00Z;139;11;200;350;150;24276[Turmcenter];2021-11-17T14:47:00.437Z
0.5872236;open;2021-11-17T14:42:00Z;239;168;0;407;407;18944[Alte Oper];2021-11-17T14:47:00.437Z
0.260989;open;2021-11-17T14:42:00Z;95;269;0;364;364;24281[Hauptbahnhof Süd];2021-11-17T14:47:00.437Z
0.68355995;open;2021-11-17T14:42:00Z;553;256;0;809;809;24279[Konstabler];2021-11-17T14:47:00.437Z
0.91549295;open;2021-11-17T14:42:00Z;390;36;0;426;426;18497[Hauptwache];2021-11-17T14:47:00.437Z
0.7470588;open;2021-11-17T14:42:00Z;508;172;0;680;680;18495[Am Gericht];2021-11-17T14:47:00.437Z
0.26339287;open;2021-11-17T14:42:00Z;236;660;70;966;896;109240[MyZeil];2021-11-17T14:47:00.437Z
0.60094637;open;2021-11-17T14:42:00Z;381;253;0;634;634;18494[Konrad-Adenauer-Straße];2021-11-17T14:47:00.437Z
0.92;open;2021-11-17T14:58:00Z;138;12;200;350;150;24276[Turmcenter];2021-11-17T15:02:01.076Z
0.57739556;open;2021-11-17T14:58:00Z;235;172;0;407;407;18944[Alte Oper];2021-11-17T15:02:01.076Z
0.25824177;open;2021-11-17T14:58:00Z;94;270;0;364;364;24281[Hauptbahnhof Süd];2021-11-17T15:02:01.076Z
0.71075404;open;2021-11-17T14:58:00Z;575;234;0;809;809;24279[Konstabler];2021-11-17T15:02:01.076Z
0.92488265;open;2021-11-17T14:58:00Z;394;32;0;426;426;18497[Hauptwache];2021-11-17T15:02:01.076Z
0.72205883;open;2021-11-17T14:58:00Z;491;189;0;680;680;18495[Am Gericht];2021-11-17T15:02:01.076Z
0.26450893;open;2021-11-17T14:58:00Z;237;659;70;966;896;109240[MyZeil];2021-11-17T15:02:01.076Z
0.6025237;open;2021-11-17T14:58:00Z;382;252;0;634;634;18494[Konrad-Adenauer-Straße];2021-11-17T15:02:01.076Z
0.9066667;open;2021-11-17T15:23:00Z;136;14;200;350;150;24276[Turmcenter];2021-11-17T15:27:00.966Z
0.5331695;open;2021-11-17T15:23:00Z;217;190;0;407;407;18944[Alte Oper];2021-11-17T15:27:00.966Z
0.22527473;open;2021-11-17T15:23:00Z;82;282;0;364;364;24281[Hauptbahnhof Süd];2021-11-17T15:27:00.966Z
0.6922126;open;2021-11-17T15:23:00Z;560;249;0;809;809;24279[Konstabler];2021-11-17T15:27:00.966Z
0.9389671;open;2021-11-17T15:23:00Z;400;26;0;426;426;18497[Hauptwache];2021-11-17T15:27:00.966Z
0.6779412;open;2021-11-17T15:23:00Z;461;219;0;680;680;18495[Am Gericht];2021-11-17T15:27:00.966Z
0.27455357;open;2021-11-17T15:23:00Z;246;650;70;966;896;109240[MyZeil];2021-11-17T15:27:00.966Z
0.5899054;open;2021-11-17T15:23:00Z;374;260;0;634;634;18494[Konrad-Adenauer-Straße];2021-11-17T15:27:00.966Z
0.8333333;open;2021-11-17T15:43:00Z;125;25;200;350;150;24276[Turmcenter];2021-11-17T15:47:02.549Z
0.5282555;open;2021-11-17T15:43:00Z;215;192;0;407;407;18944[Alte Oper];2021-11-17T15:47:02.549Z
0.19505495;open;2021-11-17T15:43:00Z;71;293;0;364;364;24281[Hauptbahnhof Süd];2021-11-17T15:47:02.549Z
0.66131026;open;2021-11-17T15:43:00Z;535;274;0;809;809;24279[Konstabler];2021-11-17T15:47:02.549Z
0.9342723;open;2021-11-17T15:43:00Z;398;28;0;426;426;18497[Hauptwache];2021-11-17T15:47:02.549Z
0.66764706;open;2021-11-17T15:43:00Z;454;226;0;680;680;18495[Am Gericht];2021-11-17T15:47:02.549Z
0.26339287;open;2021-11-17T15:43:00Z;236;660;70;966;896;109240[MyZeil];2021-11-17T15:47:02.549Z
0.5820189;open;2021-11-17T15:43:00Z;369;265;0;634;634;18494[Konrad-Adenauer-Straße];2021-11-17T15:47:02.549Z
0.8;open;2021-11-17T15:54:00Z;120;30;200;350;150;24276[Turmcenter];2021-11-17T15:57:00.054Z
0.5331695;open;2021-11-17T15:54:00Z;217;190;0;407;407;18944[Alte Oper];2021-11-17T15:57:00.054Z
0.16483517;open;2021-11-17T15:54:00Z;60;304;0;364;364;24281[Hauptbahnhof Süd];2021-11-17T15:57:00.054Z
0.64771324;open;2021-11-17T15:54:00Z;524;285;0;809;809;24279[Konstabler];2021-11-17T15:57:00.054Z
0.92488265;open;2021-11-17T15:54:00Z;394;32;0;426;426;18497[Hauptwache];2021-11-17T15:57:00.054Z
0.65294117;open;2021-11-17T15:54:00Z;444;236;0;680;680;18495[Am Gericht];2021-11-17T15:57:00.054Z
0.2533482;open;2021-11-17T15:54:00Z;227;669;70;966;896;109240[MyZeil];2021-11-17T15:57:00.054Z
0.5772871;open;2021-11-17T15:54:00Z;366;268;0;634;634;18494[Konrad-Adenauer-Straße];2021-11-17T15:57:00.054Z
0.7133333;open;2021-11-17T16:29:00Z;107;43;200;350;150;24276[Turmcenter];2021-11-17T16:32:00.863Z
0.47665846;open;2021-11-17T16:29:00Z;194;213;0;407;407;18944[Alte Oper];2021-11-17T16:32:00.863Z
0.12087912;open;2021-11-17T16:29:00Z;44;320;0;364;364;24281[Hauptbahnhof Süd];2021-11-17T16:32:00.863Z
0.64771324;open;2021-11-17T16:29:00Z;524;285;0;809;809;24279[Konstabler];2021-11-17T16:32:00.863Z
0.87089205;open;2021-11-17T16:29:00Z;371;55;0;426;426;18497[Hauptwache];2021-11-17T16:32:00.863Z
0.6220588;open;2021-11-17T16:29:00Z;423;257;0;680;680;18495[Am Gericht];2021-11-17T16:32:00.863Z
0.23660715;open;2021-11-17T16:29:00Z;212;684;70;966;896;109240[MyZeil];2021-11-17T16:32:00.863Z
0.5583596;open;2021-11-17T16:29:00Z;354;280;0;634;634;18494[Konrad-Adenauer-Straße];2021-11-17T16:32:00.863Z
0.64;open;2021-11-17T16:54:00Z;96;54;200;350;150;24276[Turmcenter];2021-11-17T16:57:01.916Z
0.45945945;open;2021-11-17T16:54:00Z;187;220;0;407;407;18944[Alte Oper];2021-11-17T16:57:01.916Z
0.093406595;open;2021-11-17T16:54:00Z;34;330;0;364;364;24281[Hauptbahnhof Süd];2021-11-17T16:57:01.916Z
0.6538937;open;2021-11-17T16:54:00Z;529;280;0;809;809;24279[Konstabler];2021-11-17T16:57:01.916Z
0.8356807;open;2021-11-17T16:54:00Z;356;70;0;426;426;18497[Hauptwache];2021-11-17T16:57:01.916Z
0.6161765;open;2021-11-17T16:54:00Z;419;261;0;680;680;18495[Am Gericht];2021-11-17T16:57:01.916Z
0.23102678;open;2021-11-17T16:54:00Z;207;689;70;966;896;109240[MyZeil];2021-11-17T16:57:01.916Z
0.5488959;open;2021-11-17T16:54:00Z;348;286;0;634;634;18494[Konrad-Adenauer-Straße];2021-11-17T16:57:01.916Z
0.55333334;open;2021-11-17T17:25:00Z;83;67;200;350;150;24276[Turmcenter];2021-11-17T17:27:02.006Z
0.42506143;open;2021-11-17T17:25:00Z;173;234;0;407;407;18944[Alte Oper];2021-11-17T17:27:02.006Z
0.07692308;open;2021-11-17T17:25:00Z;28;336;0;364;364;24281[Hauptbahnhof Süd];2021-11-17T17:27:02.006Z
0.6687268;open;2021-11-17T17:25:00Z;541;268;0;809;809;24279[Konstabler];2021-11-17T17:27:02.006Z
0.8309859;open;2021-11-17T17:25:00Z;354;72;0;426;426;18497[Hauptwache];2021-11-17T17:27:02.006Z
0.5985294;open;2021-11-17T17:25:00Z;407;273;0;680;680;18495[Am Gericht];2021-11-17T17:27:02.006Z
0.21875;open;2021-11-17T17:25:00Z;196;700;70;966;896;109240[MyZeil];2021-11-17T17:27:02.006Z
0.5378549;open;2021-11-17T17:25:00Z;341;293;0;634;634;18494[Konrad-Adenauer-Straße];2021-11-17T17:27:02.006Z
0.435;open;2021-11-17T17:40:00Z;87;113;150;350;200;24276[Turmcenter];2021-11-17T17:42:01.805Z
0.4029484;open;2021-11-17T17:40:00Z;164;243;0;407;407;18944[Alte Oper];2021-11-17T17:42:01.805Z
0.06318682;open;2021-11-17T17:40:00Z;23;341;0;364;364;24281[Hauptbahnhof Süd];2021-11-17T17:42:01.805Z
0.64771324;open;2021-11-17T17:40:00Z;524;285;0;809;809;24279[Konstabler];2021-11-17T17:42:01.805Z
0.8333333;open;2021-11-17T17:40:00Z;355;71;0;426;426;18497[Hauptwache];2021-11-17T17:42:01.805Z
0.59705883;open;2021-11-17T17:40:00Z;406;274;0;680;680;18495[Am Gericht];2021-11-17T17:42:01.805Z
0.21428572;open;2021-11-17T17:40:00Z;192;704;70;966;896;109240[MyZeil];2021-11-17T17:42:01.805Z
0.5378549;open;2021-11-17T17:40:00Z;341;293;0;634;634;18494[Konrad-Adenauer-Straße];2021-11-17T17:42:01.805Z
0.45;open;2021-11-17T17:50:00Z;90;110;150;350;200;24276[Turmcenter];2021-11-17T17:52:01.693Z
0.4078624;open;2021-11-17T17:50:00Z;166;241;0;407;407;18944[Alte Oper];2021-11-17T17:52:01.693Z
0.06593407;open;2021-11-17T17:50:00Z;24;340;0;364;364;24281[Hauptbahnhof Süd];2021-11-17T17:52:01.693Z
0.6304079;open;2021-11-17T17:50:00Z;510;299;0;809;809;24279[Konstabler];2021-11-17T17:52:01.693Z
0.842723;open;2021-11-17T17:50:00Z;359;67;0;426;426;18497[Hauptwache];2021-11-17T17:52:01.693Z
0.5955882;open;2021-11-17T17:50:00Z;405;275;0;680;680;18495[Am Gericht];2021-11-17T17:52:01.693Z
0.21540178;open;2021-11-17T17:50:00Z;193;703;70;966;896;109240[MyZeil];2021-11-17T17:52:01.693Z
0.53943217;open;2021-11-17T17:50:00Z;342;292;0;634;634;18494[Konrad-Adenauer-Straße];2021-11-17T17:52:01.693Z
0.565;open;2021-11-17T18:21:00Z;113;87;150;350;200;24276[Turmcenter];2021-11-17T18:22:02.291Z
0.4029484;open;2021-11-17T18:21:00Z;164;243;0;407;407;18944[Alte Oper];2021-11-17T18:22:02.291Z
0.054945055;open;2021-11-17T18:21:00Z;20;344;0;364;364;24281[Hauptbahnhof Süd];2021-11-17T18:22:02.291Z
0.60321385;open;2021-11-17T18:21:00Z;488;321;0;809;809;24279[Konstabler];2021-11-17T18:22:02.291Z
0.80516434;open;2021-11-17T18:21:00Z;343;83;0;426;426;18497[Hauptwache];2021-11-17T18:22:02.291Z
0.575;open;2021-11-17T18:21:00Z;391;289;0;680;680;18495[Am Gericht];2021-11-17T18:22:02.291Z
0.19866072;open;2021-11-17T18:21:00Z;178;718;70;966;896;109240[MyZeil];2021-11-17T18:22:02.291Z
0.5236593;open;2021-11-17T18:21:00Z;332;302;0;634;634;18494[Konrad-Adenauer-Straße];2021-11-17T18:22:02.291Z
0.59;open;2021-11-17T18:36:00Z;118;82;150;350;200;24276[Turmcenter];2021-11-17T18:37:00.699Z
0.3857494;open;2021-11-17T18:36:00Z;157;250;0;407;407;18944[Alte Oper];2021-11-17T18:37:00.699Z
0.054945055;open;2021-11-17T18:36:00Z;20;344;0;364;364;24281[Hauptbahnhof Süd];2021-11-17T18:37:00.699Z
0.6044499;open;2021-11-17T18:36:00Z;489;320;0;809;809;24279[Konstabler];2021-11-17T18:37:00.699Z
0.79812205;open;2021-11-17T18:36:00Z;340;86;0;426;426;18497[Hauptwache];2021-11-17T18:37:00.699Z
0.5720588;open;2021-11-17T18:36:00Z;389;291;0;680;680;18495[Am Gericht];2021-11-17T18:37:00.699Z
0.19866072;open;2021-11-17T18:36:00Z;178;718;70;966;896;109240[MyZeil];2021-11-17T18:37:00.699Z
0.5252366;open;2021-11-17T18:36:00Z;333;301;0;634;634;18494[Konrad-Adenauer-Straße];2021-11-17T18:37:00.699Z
0.6;open;2021-11-17T18:51:00Z;120;80;150;350;200;24276[Turmcenter];2021-11-17T18:52:02.157Z
0.38329238;open;2021-11-17T18:51:00Z;156;251;0;407;407;18944[Alte Oper];2021-11-17T18:52:02.157Z
0.054945055;open;2021-11-17T18:51:00Z;20;344;0;364;364;24281[Hauptbahnhof Süd];2021-11-17T18:52:02.157Z
0.58096415;open;2021-11-17T18:51:00Z;470;339;0;809;809;24279[Konstabler];2021-11-17T18:52:02.157Z
0.7769953;open;2021-11-17T18:51:00Z;331;95;0;426;426;18497[Hauptwache];2021-11-17T18:52:02.157Z
0.56764704;open;2021-11-17T18:51:00Z;386;294;0;680;680;18495[Am Gericht];2021-11-17T18:52:02.157Z
0.1875;open;2021-11-17T18:51:00Z;168;728;70;966;896;109240[MyZeil];2021-11-17T18:52:02.157Z
0.5078864;open;2021-11-17T18:51:00Z;322;312;0;634;634;18494[Konrad-Adenauer-Straße];2021-11-17T18:52:02.157Z
0.605;open;2021-11-17T19:01:00Z;121;79;150;350;200;24276[Turmcenter];2021-11-17T19:02:00.364Z
0.37346438;open;2021-11-17T19:01:00Z;152;255;0;407;407;18944[Alte Oper];2021-11-17T19:02:00.364Z
0.054945055;open;2021-11-17T19:01:00Z;20;344;0;364;364;24281[Hauptbahnhof Süd];2021-11-17T19:02:00.364Z
0.578492;open;2021-11-17T19:01:00Z;468;341;0;809;809;24279[Konstabler];2021-11-17T19:02:00.364Z
0.7699531;open;2021-11-17T19:01:00Z;328;98;0;426;426;18497[Hauptwache];2021-11-17T19:02:00.364Z
0.5647059;open;2021-11-17T19:01:00Z;384;296;0;680;680;18495[Am Gericht];2021-11-17T19:02:00.364Z
0.17857143;open;2021-11-17T19:01:00Z;160;736;70;966;896;109240[MyZeil];2021-11-17T19:02:00.364Z
0.49684542;open;2021-11-17T19:01:00Z;315;319;0;634;634;18494[Konrad-Adenauer-Straße];2021-11-17T19:02:00.364Z
0.595;open;2021-11-17T19:17:00Z;119;81;150;350;200;24276[Turmcenter];2021-11-17T19:22:00.399Z
0.37346438;open;2021-11-17T19:17:00Z;152;255;0;407;407;18944[Alte Oper];2021-11-17T19:22:00.399Z
0.04945055;open;2021-11-17T19:17:00Z;18;346;0;364;364;24281[Hauptbahnhof Süd];2021-11-17T19:22:00.399Z
0.55377007;open;2021-11-17T19:17:00Z;448;361;0;809;809;24279[Konstabler];2021-11-17T19:22:00.399Z
0.75352114;open;2021-11-17T19:17:00Z;321;105;0;426;426;18497[Hauptwache];2021-11-17T19:22:00.399Z
0.55441177;open;2021-11-17T19:17:00Z;377;303;0;680;680;18495[Am Gericht];2021-11-17T19:22:00.399Z
0.17299107;open;2021-11-17T19:17:00Z;155;741;70;966;896;109240[MyZeil];2021-11-17T19:22:00.399Z
0.4858044;open;2021-11-17T19:17:00Z;308;326;0;634;634;18494[Konrad-Adenauer-Straße];2021-11-17T19:22:00.399Z
0.58;open;2021-11-17T19:27:00Z;116;84;150;350;200;24276[Turmcenter];2021-11-17T19:32:02.165Z
0.34889436;open;2021-11-17T19:27:00Z;142;265;0;407;407;18944[Alte Oper];2021-11-17T19:32:02.165Z
0.046703298;open;2021-11-17T19:27:00Z;17;347;0;364;364;24281[Hauptbahnhof Süd];2021-11-17T19:32:02.165Z
0.538937;open;2021-11-17T19:27:00Z;436;373;0;809;809;24279[Konstabler];2021-11-17T19:32:02.165Z
0.7370892;open;2021-11-17T19:27:00Z;314;112;0;426;426;18497[Hauptwache];2021-11-17T19:32:02.165Z
0.54264706;open;2021-11-17T19:27:00Z;369;311;0;680;680;18495[Am Gericht];2021-11-17T19:32:02.165Z
0.16741072;open;2021-11-17T19:27:00Z;150;746;70;966;896;109240[MyZeil];2021-11-17T19:32:02.165Z
0.47791797;open;2021-11-17T19:27:00Z;303;331;0;634;634;18494[Konrad-Adenauer-Straße];2021-11-17T19:32:02.165Z
0.56;open;2021-11-17T19:42:00Z;112;88;150;350;200;24276[Turmcenter];2021-11-17T19:47:00.495Z
0.34398034;open;2021-11-17T19:42:00Z;140;267;0;407;407;18944[Alte Oper];2021-11-17T19:47:00.495Z
0.043956045;open;2021-11-17T19:42:00Z;16;348;0;364;364;24281[Hauptbahnhof Süd];2021-11-17T19:47:00.495Z
0.4882571;open;2021-11-17T19:42:00Z;395;414;0;809;809;24279[Konstabler];2021-11-17T19:47:00.495Z
0.7253521;open;2021-11-17T19:42:00Z;309;117;0;426;426;18497[Hauptwache];2021-11-17T19:47:00.495Z
0.52794117;open;2021-11-17T19:42:00Z;359;321;0;680;680;18495[Am Gericht];2021-11-17T19:47:00.495Z
0.15959822;open;2021-11-17T19:42:00Z;143;753;70;966;896;109240[MyZeil];2021-11-17T19:47:00.495Z
0.4637224;open;2021-11-17T19:42:00Z;294;340;0;634;634;18494[Konrad-Adenauer-Straße];2021-11-17T19:47:00.495Z
0.545;open;2021-11-17T19:57:00Z;109;91;150;350;200;24276[Turmcenter];2021-11-17T20:02:01.600Z
0.33415234;open;2021-11-17T19:57:00Z;136;271;0;407;407;18944[Alte Oper];2021-11-17T20:02:01.600Z
0.041208792;open;2021-11-17T19:57:00Z;15;349;0;364;364;24281[Hauptbahnhof Süd];2021-11-17T20:02:01.600Z
0.48578492;open;2021-11-17T19:57:00Z;393;416;0;809;809;24279[Konstabler];2021-11-17T20:02:01.600Z
0.69953054;open;2021-11-17T19:57:00Z;298;128;0;426;426;18497[Hauptwache];2021-11-17T20:02:01.600Z
0.49558824;open;2021-11-17T19:57:00Z;337;343;0;680;680;18495[Am Gericht];2021-11-17T20:02:01.600Z
0.15290178;open;2021-11-17T19:57:00Z;137;759;70;966;896;109240[MyZeil];2021-11-17T20:02:01.600Z
0.4526814;open;2021-11-17T19:57:00Z;287;347;0;634;634;18494[Konrad-Adenauer-Straße];2021-11-17T20:02:01.600Z
0.48;open;2021-11-17T20:18:00Z;96;104;150;350;200;24276[Turmcenter];2021-11-17T20:22:01.199Z
0.3022113;open;2021-11-17T20:18:00Z;123;284;0;407;407;18944[Alte Oper];2021-11-17T20:22:01.199Z
0.03846154;open;2021-11-17T20:18:00Z;14;350;0;364;364;24281[Hauptbahnhof Süd];2021-11-17T20:22:01.199Z
0.44499382;open;2021-11-17T20:18:00Z;360;449;0;809;809;24279[Konstabler];2021-11-17T20:22:01.199Z
0.6690141;open;2021-11-17T20:18:00Z;285;141;0;426;426;18497[Hauptwache];2021-11-17T20:22:01.199Z
0.4764706;open;2021-11-17T20:18:00Z;324;356;0;680;680;18495[Am Gericht];2021-11-17T20:22:01.199Z
0.14732143;open;2021-11-17T20:18:00Z;132;764;70;966;896;109240[MyZeil];2021-11-17T20:22:01.199Z
0.4400631;open;2021-11-17T20:18:00Z;279;355;0;634;634;18494[Konrad-Adenauer-Straße];2021-11-17T20:22:01.199Z
0.44;open;2021-11-17T20:38:00Z;88;112;150;350;200;24276[Turmcenter];2021-11-17T20:42:01.017Z
0.2874693;open;2021-11-17T20:38:00Z;117;290;0;407;407;18944[Alte Oper];2021-11-17T20:42:01.017Z
0.035714287;open;2021-11-17T20:38:00Z;13;351;0;364;364;24281[Hauptbahnhof Süd];2021-11-17T20:42:01.017Z
0.42027193;open;2021-11-17T20:38:00Z;340;469;0;809;809;24279[Konstabler];2021-11-17T20:42:01.017Z
0.63380283;open;2021-11-17T20:38:00Z;270;156;0;426;426;18497[Hauptwache];2021-11-17T20:42:01.017Z
0.46911764;open;2021-11-17T20:38:00Z;319;361;0;680;680;18495[Am Gericht];2021-11-17T20:42:01.017Z
0.15066965;open;2021-11-17T20:38:00Z;135;761;70;966;896;109240[MyZeil];2021-11-17T20:42:01.017Z
0.4369085;open;2021-11-17T20:38:00Z;277;357;0;634;634;18494[Konrad-Adenauer-Straße];2021-11-17T20:42:01.017Z
0.41;open;2021-11-17T20:48:00Z;82;118;150;350;200;24276[Turmcenter];2021-11-17T20:52:01.922Z
0.28501227;open;2021-11-17T20:48:00Z;116;291;0;407;407;18944[Alte Oper];2021-11-17T20:52:01.922Z
0.035714287;open;2021-11-17T20:48:00Z;13;351;0;364;364;24281[Hauptbahnhof Süd];2021-11-17T20:52:01.922Z
0.40049443;open;2021-11-17T20:48:00Z;324;485;0;809;809;24279[Konstabler];2021-11-17T20:52:01.922Z
0.62441313;open;2021-11-17T20:48:00Z;266;160;0;426;426;18497[Hauptwache];2021-11-17T20:52:01.922Z
0.46470588;open;2021-11-17T20:48:00Z;316;364;0;680;680;18495[Am Gericht];2021-11-17T20:52:01.922Z
0.15066965;open;2021-11-17T20:48:00Z;135;761;70;966;896;109240[MyZeil];2021-11-17T20:52:01.922Z
0.4369085;open;2021-11-17T20:48:00Z;277;357;0;634;634;18494[Konrad-Adenauer-Straße];2021-11-17T20:52:01.922Z
0.375;open;2021-11-17T21:13:00Z;75;125;150;350;200;24276[Turmcenter];2021-11-17T21:17:01.355Z
0.23832923;open;2021-11-17T21:13:00Z;97;310;0;407;407;18944[Alte Oper];2021-11-17T21:17:01.355Z
0.035714287;open;2021-11-17T21:13:00Z;13;351;0;364;364;24281[Hauptbahnhof Süd];2021-11-17T21:17:01.355Z
0.36217552;open;2021-11-17T21:13:00Z;293;516;0;809;809;24279[Konstabler];2021-11-17T21:17:01.355Z
0.59859157;open;2021-11-17T21:13:00Z;255;171;0;426;426;18497[Hauptwache];2021-11-17T21:17:01.355Z
0.4617647;open;2021-11-17T21:13:00Z;314;366;0;680;680;18495[Am Gericht];2021-11-17T21:17:01.355Z
0.1484375;open;2021-11-17T21:13:00Z;133;763;70;966;896;109240[MyZeil];2021-11-17T21:17:01.355Z
0.43059936;open;2021-11-17T21:13:00Z;273;361;0;634;634;18494[Konrad-Adenauer-Straße];2021-11-17T21:17:01.355Z
0.335;open;2021-11-17T21:29:00Z;67;133;150;350;200;24276[Turmcenter];2021-11-17T21:32:01.058Z
0.22358723;open;2021-11-17T21:29:00Z;91;316;0;407;407;18944[Alte Oper];2021-11-17T21:32:01.058Z
0.03021978;open;2021-11-17T21:29:00Z;11;353;0;364;364;24281[Hauptbahnhof Süd];2021-11-17T21:32:01.058Z
0.3473424;open;2021-11-17T21:29:00Z;281;528;0;809;809;24279[Konstabler];2021-11-17T21:32:01.058Z
0.58685446;open;2021-11-17T21:29:00Z;250;176;0;426;426;18497[Hauptwache];2021-11-17T21:32:01.058Z
0.45882353;open;2021-11-17T21:29:00Z;312;368;0;680;680;18495[Am Gericht];2021-11-17T21:32:01.058Z
0.14174107;open;2021-11-17T21:29:00Z;127;769;70;966;896;109240[MyZeil];2021-11-17T21:32:01.058Z
0.42113563;open;2021-11-17T21:29:00Z;267;367;0;634;634;18494[Konrad-Adenauer-Straße];2021-11-17T21:32:01.058Z
0.28;open;2021-11-17T21:44:00Z;56;144;150;350;200;24276[Turmcenter];2021-11-17T21:47:01.689Z
0.2113022;open;2021-11-17T21:44:00Z;86;321;0;407;407;18944[Alte Oper];2021-11-17T21:47:01.689Z
0.027472528;open;2021-11-17T21:44:00Z;10;354;0;364;364;24281[Hauptbahnhof Süd];2021-11-17T21:47:01.689Z
0.33250928;open;2021-11-17T21:44:00Z;269;540;0;809;809;24279[Konstabler];2021-11-17T21:47:01.689Z
0.5680751;open;2021-11-17T21:44:00Z;242;184;0;426;426;18497[Hauptwache];2021-11-17T21:47:01.689Z
0.45441177;open;2021-11-17T21:44:00Z;309;371;0;680;680;18495[Am Gericht];2021-11-17T21:47:01.689Z
0.13950893;open;2021-11-17T21:44:00Z;125;771;70;966;896;109240[MyZeil];2021-11-17T21:47:01.689Z
0.4148265;open;2021-11-17T21:44:00Z;263;371;0;634;634;18494[Konrad-Adenauer-Straße];2021-11-17T21:47:01.689Z
0.22;open;2021-11-17T21:59:00Z;44;156;150;350;200;24276[Turmcenter];2021-11-17T22:02:00.287Z
0.19656019;open;2021-11-17T21:59:00Z;80;327;0;407;407;18944[Alte Oper];2021-11-17T22:02:00.287Z
0.027472528;open;2021-11-17T21:59:00Z;10;354;0;364;364;24281[Hauptbahnhof Süd];2021-11-17T22:02:00.287Z
0.3226205;open;2021-11-17T21:59:00Z;261;548;0;809;809;24279[Konstabler];2021-11-17T22:02:00.287Z
0.5539906;open;2021-11-17T21:59:00Z;236;190;0;426;426;18497[Hauptwache];2021-11-17T22:02:00.287Z
0.45441177;open;2021-11-17T21:59:00Z;309;371;0;680;680;18495[Am Gericht];2021-11-17T22:02:00.287Z
0.13727678;open;2021-11-17T21:59:00Z;123;773;70;966;896;109240[MyZeil];2021-11-17T22:02:00.287Z
0.40851736;open;2021-11-17T21:59:00Z;259;375;0;634;634;18494[Konrad-Adenauer-Straße];2021-11-17T22:02:00.287Z
0.185;open;2021-11-17T22:20:00Z;37;163;150;350;200;24276[Turmcenter];2021-11-17T22:22:00.094Z
0.18181819;open;2021-11-17T22:20:00Z;74;333;0;407;407;18944[Alte Oper];2021-11-17T22:22:00.094Z
0.027472528;open;2021-11-17T22:20:00Z;10;354;0;364;364;24281[Hauptbahnhof Süd];2021-11-17T22:22:00.094Z
0.3077874;open;2021-11-17T22:20:00Z;249;560;0;809;809;24279[Konstabler];2021-11-17T22:22:00.094Z
0.5399061;open;2021-11-17T22:20:00Z;230;196;0;426;426;18497[Hauptwache];2021-11-17T22:22:00.094Z
0.45588234;open;2021-11-17T22:20:00Z;310;370;0;680;680;18495[Am Gericht];2021-11-17T22:22:00.094Z
0.13504465;open;2021-11-17T22:20:00Z;121;775;70;966;896;109240[MyZeil];2021-11-17T22:22:00.094Z
0.4022082;open;2021-11-17T22:20:00Z;255;379;0;634;634;18494[Konrad-Adenauer-Straße];2021-11-17T22:22:00.094Z
0.18;open;2021-11-17T22:35:00Z;36;164;150;350;200;24276[Turmcenter];2021-11-17T22:37:00.598Z
0.17199017;open;2021-11-17T22:35:00Z;70;337;0;407;407;18944[Alte Oper];2021-11-17T22:37:00.598Z
0.03021978;open;2021-11-17T22:35:00Z;11;353;0;364;364;24281[Hauptbahnhof Süd];2021-11-17T22:37:00.598Z
0.289246;open;2021-11-17T22:35:00Z;234;575;0;809;809;24279[Konstabler];2021-11-17T22:37:00.598Z
0.5375587;open;2021-11-17T22:35:00Z;229;197;0;426;426;18497[Hauptwache];2021-11-17T22:37:00.598Z
0.45441177;open;2021-11-17T22:35:00Z;309;371;0;680;680;18495[Am Gericht];2021-11-17T22:37:00.598Z
0.13169643;open;2021-11-17T22:35:00Z;118;778;70;966;896;109240[MyZeil];2021-11-17T22:37:00.598Z
0.39905363;open;2021-11-17T22:35:00Z;253;381;0;634;634;18494[Konrad-Adenauer-Straße];2021-11-17T22:37:00.598Z
0.16;open;2021-11-17T22:50:00Z;32;168;150;350;200;24276[Turmcenter];2021-11-17T22:52:00.613Z
0.16216215;open;2021-11-17T22:50:00Z;66;341;0;407;407;18944[Alte Oper];2021-11-17T22:52:00.613Z
0.027472528;open;2021-11-17T22:50:00Z;10;354;0;364;364;24281[Hauptbahnhof Süd];2021-11-17T22:52:00.613Z
0.27935722;open;2021-11-17T22:50:00Z;226;583;0;809;809;24279[Konstabler];2021-11-17T22:52:00.613Z
0.5375587;open;2021-11-17T22:50:00Z;229;197;0;426;426;18497[Hauptwache];2021-11-17T22:52:00.613Z
0.43529412;open;2021-11-17T22:50:00Z;296;384;0;680;680;18495[Am Gericht];2021-11-17T22:52:00.613Z
0.12834822;open;2021-11-17T22:50:00Z;115;781;70;966;896;109240[MyZeil];2021-11-17T22:52:00.613Z
0.39589906;open;2021-11-17T22:50:00Z;251;383;0;634;634;18494[Konrad-Adenauer-Straße];2021-11-17T22:52:00.613Z
0.16;open;2021-11-17T22:55:00Z;32;168;150;350;200;24276[Turmcenter];2021-11-17T22:57:03.020Z
0.15970516;open;2021-11-17T22:55:00Z;65;342;0;407;407;18944[Alte Oper];2021-11-17T22:57:03.020Z
0.024725275;open;2021-11-17T22:55:00Z;9;355;0;364;364;24281[Hauptbahnhof Süd];2021-11-17T22:57:03.020Z
0.27812114;open;2021-11-17T22:55:00Z;225;584;0;809;809;24279[Konstabler];2021-11-17T22:57:03.020Z
0.53286386;open;2021-11-17T22:55:00Z;227;199;0;426;426;18497[Hauptwache];2021-11-17T22:57:03.020Z
0.43382353;open;2021-11-17T22:55:00Z;295;385;0;680;680;18495[Am Gericht];2021-11-17T22:57:03.020Z
0.12611607;open;2021-11-17T22:55:00Z;113;783;70;966;896;109240[MyZeil];2021-11-17T22:57:03.020Z
0.39589906;open;2021-11-17T22:55:00Z;251;383;0;634;634;18494[Konrad-Adenauer-Straße];2021-11-17T22:57:03.020Z
0.15;open;2021-11-17T23:21:00Z;30;170;150;350;200;24276[Turmcenter];2021-11-17T23:22:00.701Z
0.14004914;open;2021-11-17T23:21:00Z;57;350;0;407;407;18944[Alte Oper];2021-11-17T23:22:00.701Z
0.021978023;open;2021-11-17T23:21:00Z;8;356;0;364;364;24281[Hauptbahnhof Süd];2021-11-17T23:22:00.701Z
0.27564895;open;2021-11-17T23:21:00Z;223;586;0;809;809;24279[Konstabler];2021-11-17T23:22:00.701Z
0.52582157;open;2021-11-17T23:21:00Z;224;202;0;426;426;18497[Hauptwache];2021-11-17T23:22:00.701Z
0;closed;2021-11-17T23:21:00Z;;385;0;0;0;18495[Am Gericht];2021-11-17T23:22:00.701Z
0.125;open;2021-11-17T23:21:00Z;112;784;70;966;896;109240[MyZeil];2021-11-17T23:22:00.701Z
0.3895899;open;2021-11-17T23:21:00Z;247;387;0;634;634;18494[Konrad-Adenauer-Straße];2021-11-17T23:22:00.701Z
0.15;open;2021-11-17T23:41:00Z;30;170;150;350;200;24276[Turmcenter];2021-11-17T23:42:00.163Z
0.14004914;open;2021-11-17T23:41:00Z;57;350;0;407;407;18944[Alte Oper];2021-11-17T23:42:00.163Z
0.021978023;open;2021-11-17T23:41:00Z;8;356;0;364;364;24281[Hauptbahnhof Süd];2021-11-17T23:42:00.163Z
0.27194068;open;2021-11-17T23:41:00Z;220;589;0;809;809;24279[Konstabler];2021-11-17T23:42:00.163Z
0.5164319;open;2021-11-17T23:41:00Z;220;206;0;426;426;18497[Hauptwache];2021-11-17T23:42:00.163Z
0;closed;2021-11-17T23:41:00Z;;385;0;0;0;18495[Am Gericht];2021-11-17T23:42:00.163Z
0.123883925;open;2021-11-17T23:41:00Z;111;785;70;966;896;109240[MyZeil];2021-11-17T23:42:00.163Z
0.3895899;open;2021-11-17T23:41:00Z;247;387;0;634;634;18494[Konrad-Adenauer-Straße];2021-11-17T23:42:00.163Z
0.15;open;2021-11-17T23:51:00Z;30;170;150;350;200;24276[Turmcenter];2021-11-17T23:52:01.807Z
0.14004914;open;2021-11-17T23:51:00Z;57;350;0;407;407;18944[Alte Oper];2021-11-17T23:52:01.807Z
0.021978023;open;2021-11-17T23:51:00Z;8;356;0;364;364;24281[Hauptbahnhof Süd];2021-11-17T23:52:01.807Z
0.27194068;open;2021-11-17T23:51:00Z;220;589;0;809;809;24279[Konstabler];2021-11-17T23:52:01.807Z
0.5164319;open;2021-11-17T23:51:00Z;220;206;0;426;426;18497[Hauptwache];2021-11-17T23:52:01.807Z
0;closed;2021-11-17T23:51:00Z;;385;0;0;0;18495[Am Gericht];2021-11-17T23:52:01.807Z
0.12276786;open;2021-11-17T23:51:00Z;110;786;70;966;896;109240[MyZeil];2021-11-17T23:52:01.807Z
0.3895899;open;2021-11-17T23:51:00Z;247;387;0;634;634;18494[Konrad-Adenauer-Straße];2021-11-17T23:52:01.807Z
0.15;open;2021-11-18T00:16:00Z;30;170;150;350;200;24276[Turmcenter];2021-11-18T00:22:01.112Z
0.13759214;open;2021-11-18T00:16:00Z;56;351;0;407;407;18944[Alte Oper];2021-11-18T00:22:01.112Z
0.021978023;open;2021-11-18T00:16:00Z;8;356;0;364;364;24281[Hauptbahnhof Süd];2021-11-18T00:22:01.112Z
0.27194068;open;2021-11-18T00:16:00Z;220;589;0;809;809;24279[Konstabler];2021-11-18T00:22:01.112Z
0.5117371;open;2021-11-18T00:16:00Z;218;208;0;426;426;18497[Hauptwache];2021-11-18T00:22:01.112Z
0;closed;2021-11-18T00:16:00Z;;385;0;0;0;18495[Am Gericht];2021-11-18T00:22:01.112Z
0.12276786;open;2021-11-18T00:16:00Z;110;786;70;966;896;109240[MyZeil];2021-11-18T00:22:01.112Z
0.3895899;open;2021-11-18T00:16:00Z;247;387;0;634;634;18494[Konrad-Adenauer-Straße];2021-11-18T00:22:01.112Z
0.155;open;2021-11-18T01:33:00Z;31;169;150;350;200;24276[Turmcenter];2021-11-18T01:37:00.583Z
0.12776412;open;2021-11-18T01:33:00Z;52;355;0;407;407;18944[Alte Oper];2021-11-18T01:37:00.583Z
0.021978023;open;2021-11-18T01:33:00Z;8;356;0;364;364;24281[Hauptbahnhof Süd];2021-11-18T01:37:00.583Z
0.26823238;open;2021-11-18T01:33:00Z;217;592;0;809;809;24279[Konstabler];2021-11-18T01:37:00.583Z
0.5117371;open;2021-11-18T01:33:00Z;218;208;0;426;426;18497[Hauptwache];2021-11-18T01:37:00.583Z
0;closed;2021-11-18T01:33:00Z;;385;0;0;0;18495[Am Gericht];2021-11-18T01:37:00.583Z
0.12276786;open;2021-11-18T01:33:00Z;110;786;70;966;896;109240[MyZeil];2021-11-18T01:37:00.583Z
0.3895899;open;2021-11-18T01:33:00Z;247;387;0;634;634;18494[Konrad-Adenauer-Straße];2021-11-18T01:37:00.583Z
0.155;open;2021-11-18T02:13:00Z;31;169;150;350;200;24276[Turmcenter];2021-11-18T02:17:01.523Z
0.12530713;open;2021-11-18T02:13:00Z;51;356;0;407;407;18944[Alte Oper];2021-11-18T02:17:01.523Z
0.021978023;open;2021-11-18T02:13:00Z;8;356;0;364;364;24281[Hauptbahnhof Süd];2021-11-18T02:17:01.523Z
0.26823238;open;2021-11-18T02:13:00Z;217;592;0;809;809;24279[Konstabler];2021-11-18T02:17:01.523Z
0.5093897;open;2021-11-18T02:13:00Z;217;209;0;426;426;18497[Hauptwache];2021-11-18T02:17:01.523Z
0;closed;2021-11-18T02:13:00Z;;385;0;0;0;18495[Am Gericht];2021-11-18T02:17:01.523Z
0.12276786;open;2021-11-18T02:13:00Z;110;786;70;966;896;109240[MyZeil];2021-11-18T02:17:01.523Z
0.39432177;open;2021-11-18T02:13:00Z;250;384;0;634;634;18494[Konrad-Adenauer-Straße];2021-11-18T02:17:01.523Z
0.155;open;2021-11-18T02:43:00Z;31;169;150;350;200;24276[Turmcenter];2021-11-18T02:47:02.931Z
0.12530713;open;2021-11-18T02:43:00Z;51;356;0;407;407;18944[Alte Oper];2021-11-18T02:47:02.931Z
0.021978023;open;2021-11-18T02:43:00Z;8;356;0;364;364;24281[Hauptbahnhof Süd];2021-11-18T02:47:02.931Z
0.2694685;open;2021-11-18T02:43:00Z;218;591;0;809;809;24279[Konstabler];2021-11-18T02:47:02.931Z
0.5093897;open;2021-11-18T02:43:00Z;217;209;0;426;426;18497[Hauptwache];2021-11-18T02:47:02.931Z
0;closed;2021-11-18T02:43:00Z;;385;0;0;0;18495[Am Gericht];2021-11-18T02:47:02.931Z
0.12276786;open;2021-11-18T02:43:00Z;110;786;70;966;896;109240[MyZeil];2021-11-18T02:47:02.931Z
0.3895899;open;2021-11-18T02:43:00Z;247;387;0;634;634;18494[Konrad-Adenauer-Straße];2021-11-18T02:47:02.931Z
0.155;open;2021-11-18T02:53:00Z;31;169;150;350;200;24276[Turmcenter];2021-11-18T02:57:02.598Z
0.12530713;open;2021-11-18T02:53:00Z;51;356;0;407;407;18944[Alte Oper];2021-11-18T02:57:02.598Z
0.021978023;open;2021-11-18T02:53:00Z;8;356;0;364;364;24281[Hauptbahnhof Süd];2021-11-18T02:57:02.598Z
0.2694685;open;2021-11-18T02:53:00Z;218;591;0;809;809;24279[Konstabler];2021-11-18T02:57:02.598Z
0.5093897;open;2021-11-18T02:53:00Z;217;209;0;426;426;18497[Hauptwache];2021-11-18T02:57:02.598Z
0;closed;2021-11-18T02:53:00Z;;385;0;0;0;18495[Am Gericht];2021-11-18T02:57:02.598Z
0.12165178;open;2021-11-18T02:53:00Z;109;787;70;966;896;109240[MyZeil];2021-11-18T02:57:02.598Z
0.3895899;open;2021-11-18T02:53:00Z;247;387;0;634;634;18494[Konrad-Adenauer-Straße];2021-11-18T02:57:02.598Z
0.155;open;2021-11-18T03:19:00Z;31;169;150;350;200;24276[Turmcenter];2021-11-18T03:22:01.701Z
0.12530713;open;2021-11-18T03:19:00Z;51;356;0;407;407;18944[Alte Oper];2021-11-18T03:22:01.701Z
0.021978023;open;2021-11-18T03:19:00Z;8;356;0;364;364;24281[Hauptbahnhof Süd];2021-11-18T03:22:01.701Z
0.2694685;open;2021-11-18T03:19:00Z;218;591;0;809;809;24279[Konstabler];2021-11-18T03:22:01.701Z
0.5070422;open;2021-11-18T03:19:00Z;216;210;0;426;426;18497[Hauptwache];2021-11-18T03:22:01.701Z
0;closed;2021-11-18T03:19:00Z;;;0;0;0;18495[Am Gericht];2021-11-18T03:22:01.701Z
0.12165178;open;2021-11-18T03:19:00Z;109;787;70;966;896;109240[MyZeil];2021-11-18T03:22:01.701Z
0.39274448;open;2021-11-18T03:19:00Z;249;385;0;634;634;18494[Konrad-Adenauer-Straße];2021-11-18T03:22:01.701Z
0.155;open;2021-11-18T03:39:00Z;31;169;150;350;200;24276[Turmcenter];2021-11-18T03:42:01.481Z
0.12530713;open;2021-11-18T03:39:00Z;51;356;0;407;407;18944[Alte Oper];2021-11-18T03:42:01.481Z
0.021978023;open;2021-11-18T03:39:00Z;8;356;0;364;364;24281[Hauptbahnhof Süd];2021-11-18T03:42:01.481Z
0.27070457;open;2021-11-18T03:39:00Z;219;590;0;809;809;24279[Konstabler];2021-11-18T03:42:01.481Z
0.5070422;open;2021-11-18T03:39:00Z;216;210;0;426;426;18497[Hauptwache];2021-11-18T03:42:01.481Z
0;closed;2021-11-18T03:39:00Z;;;0;0;0;18495[Am Gericht];2021-11-18T03:42:01.481Z
0.12165178;open;2021-11-18T03:39:00Z;109;787;70;966;896;109240[MyZeil];2021-11-18T03:42:01.481Z
0.39589906;open;2021-11-18T03:39:00Z;251;383;0;634;634;18494[Konrad-Adenauer-Straße];2021-11-18T03:42:01.481Z
0.155;open;2021-11-18T03:54:00Z;31;169;150;350;200;24276[Turmcenter];2021-11-18T03:57:02.507Z
0.12530713;open;2021-11-18T03:54:00Z;51;356;0;407;407;18944[Alte Oper];2021-11-18T03:57:02.507Z
0.024725275;open;2021-11-18T03:54:00Z;9;355;0;364;364;24281[Hauptbahnhof Süd];2021-11-18T03:57:02.507Z
0.27070457;open;2021-11-18T03:54:00Z;219;590;0;809;809;24279[Konstabler];2021-11-18T03:57:02.507Z
0.5070422;open;2021-11-18T03:54:00Z;216;210;0;426;426;18497[Hauptwache];2021-11-18T03:57:02.507Z
0;closed;2021-11-18T03:54:00Z;;;0;0;0;18495[Am Gericht];2021-11-18T03:57:02.507Z
0.12165178;open;2021-11-18T03:54:00Z;109;787;70;966;896;109240[MyZeil];2021-11-18T03:57:02.507Z
0.39589906;open;2021-11-18T03:54:00Z;251;383;0;634;634;18494[Konrad-Adenauer-Straße];2021-11-18T03:57:02.507Z
0.16;open;2021-11-18T04:29:00Z;32;168;150;350;200;24276[Turmcenter];2021-11-18T04:32:01.255Z
0.12530713;open;2021-11-18T04:29:00Z;51;356;0;407;407;18944[Alte Oper];2021-11-18T04:32:01.255Z
0.024725275;open;2021-11-18T04:29:00Z;9;355;0;364;364;24281[Hauptbahnhof Süd];2021-11-18T04:32:01.255Z
0.27070457;open;2021-11-18T04:29:00Z;219;590;0;809;809;24279[Konstabler];2021-11-18T04:32:01.255Z
0.5070422;open;2021-11-18T04:29:00Z;216;210;0;426;426;18497[Hauptwache];2021-11-18T04:32:01.255Z
0;closed;2021-11-18T04:29:00Z;;;0;0;0;18495[Am Gericht];2021-11-18T04:32:01.255Z
0.12165178;open;2021-11-18T04:29:00Z;109;787;70;966;896;109240[MyZeil];2021-11-18T04:32:01.255Z
0.40063092;open;2021-11-18T04:29:00Z;254;380;0;634;634;18494[Konrad-Adenauer-Straße];2021-11-18T04:32:01.255Z
0.165;open;2021-11-18T04:49:00Z;33;167;150;350;200;24276[Turmcenter];2021-11-18T04:52:00.368Z
0.12530713;open;2021-11-18T04:49:00Z;51;356;0;407;407;18944[Alte Oper];2021-11-18T04:52:00.368Z
0.035714287;open;2021-11-18T04:49:00Z;13;351;0;364;364;24281[Hauptbahnhof Süd];2021-11-18T04:52:00.368Z
0.27070457;open;2021-11-18T04:49:00Z;219;590;0;809;809;24279[Konstabler];2021-11-18T04:52:00.368Z
0.5070422;open;2021-11-18T04:49:00Z;216;210;0;426;426;18497[Hauptwache];2021-11-18T04:52:00.368Z
0;closed;2021-11-18T04:49:00Z;;;0;0;0;18495[Am Gericht];2021-11-18T04:52:00.368Z
0.123883925;open;2021-11-18T04:49:00Z;111;785;70;966;896;109240[MyZeil];2021-11-18T04:52:00.368Z
0.40536278;open;2021-11-18T04:49:00Z;257;377;0;634;634;18494[Konrad-Adenauer-Straße];2021-11-18T04:52:00.368Z
0.22;open;2021-11-18T05:19:00Z;33;117;200;350;150;24276[Turmcenter];2021-11-18T05:22:00.128Z
0.12530713;open;2021-11-18T05:19:00Z;51;356;0;407;407;18944[Alte Oper];2021-11-18T05:22:00.128Z
0.07967033;open;2021-11-18T05:19:00Z;29;335;0;364;364;24281[Hauptbahnhof Süd];2021-11-18T05:22:00.128Z
0.27564895;open;2021-11-18T05:19:00Z;223;586;0;809;809;24279[Konstabler];2021-11-18T05:22:00.128Z
0.5070422;open;2021-11-18T05:19:00Z;216;210;0;426;426;18497[Hauptwache];2021-11-18T05:22:00.128Z
0.44411764;open;2021-11-18T05:19:00Z;302;378;0;680;680;18495[Am Gericht];2021-11-18T05:22:00.128Z
0.125;open;2021-11-18T05:19:00Z;112;784;70;966;896;109240[MyZeil];2021-11-18T05:22:00.128Z
0.41324922;open;2021-11-18T05:19:00Z;262;372;0;634;634;18494[Konrad-Adenauer-Straße];2021-11-18T05:22:00.128Z
0.22;open;2021-11-18T05:29:00Z;33;117;200;350;150;24276[Turmcenter];2021-11-18T05:32:00.874Z
0.12530713;open;2021-11-18T05:29:00Z;51;356;0;407;407;18944[Alte Oper];2021-11-18T05:32:00.874Z
0.104395606;open;2021-11-18T05:29:00Z;38;326;0;364;364;24281[Hauptbahnhof Süd];2021-11-18T05:32:00.874Z
0.27935722;open;2021-11-18T05:29:00Z;226;583;0;809;809;24279[Konstabler];2021-11-18T05:32:00.874Z
0.5117371;open;2021-11-18T05:29:00Z;218;208;0;426;426;18497[Hauptwache];2021-11-18T05:32:00.874Z
0.45;open;2021-11-18T05:29:00Z;306;374;0;680;680;18495[Am Gericht];2021-11-18T05:32:00.874Z
0.125;open;2021-11-18T05:29:00Z;112;784;70;966;896;109240[MyZeil];2021-11-18T05:32:00.874Z
0.41324922;open;2021-11-18T05:29:00Z;262;372;0;634;634;18494[Konrad-Adenauer-Straße];2021-11-18T05:32:00.874Z
0.22;open;2021-11-18T05:39:00Z;33;117;200;350;150;24276[Turmcenter];2021-11-18T05:42:01.732Z
0.12530713;open;2021-11-18T05:39:00Z;51;356;0;407;407;18944[Alte Oper];2021-11-18T05:42:01.732Z
0.11263736;open;2021-11-18T05:39:00Z;41;323;0;364;364;24281[Hauptbahnhof Süd];2021-11-18T05:42:01.732Z
0.27812114;open;2021-11-18T05:39:00Z;225;584;0;809;809;24279[Konstabler];2021-11-18T05:42:01.732Z
0.5093897;open;2021-11-18T05:39:00Z;217;209;0;426;426;18497[Hauptwache];2021-11-18T05:42:01.732Z
0.45294118;open;2021-11-18T05:39:00Z;308;372;0;680;680;18495[Am Gericht];2021-11-18T05:42:01.732Z
0.12611607;open;2021-11-18T05:39:00Z;113;783;70;966;896;109240[MyZeil];2021-11-18T05:42:01.732Z
0.4148265;open;2021-11-18T05:39:00Z;263;371;0;634;634;18494[Konrad-Adenauer-Straße];2021-11-18T05:42:01.732Z
0.22;open;2021-11-18T05:54:00Z;33;117;200;350;150;24276[Turmcenter];2021-11-18T05:57:01.801Z
0.12776412;open;2021-11-18T05:54:00Z;52;355;0;407;407;18944[Alte Oper];2021-11-18T05:57:01.801Z
0.13186814;open;2021-11-18T05:54:00Z;48;316;0;364;364;24281[Hauptbahnhof Süd];2021-11-18T05:57:01.801Z
0.2855377;open;2021-11-18T05:54:00Z;231;578;0;809;809;24279[Konstabler];2021-11-18T05:57:01.801Z
0.5164319;open;2021-11-18T05:54:00Z;220;206;0;426;426;18497[Hauptwache];2021-11-18T05:57:01.801Z
0.45441177;open;2021-11-18T05:54:00Z;309;371;0;680;680;18495[Am Gericht];2021-11-18T05:57:01.801Z
0.12723215;open;2021-11-18T05:54:00Z;114;782;70;966;896;109240[MyZeil];2021-11-18T05:57:01.801Z
0.42113563;open;2021-11-18T05:54:00Z;267;367;0;634;634;18494[Konrad-Adenauer-Straße];2021-11-18T05:57:01.801Z
0.24;open;2021-11-18T06:25:00Z;36;114;200;350;150;24276[Turmcenter];2021-11-18T06:27:00.030Z
0.13759214;open;2021-11-18T06:25:00Z;56;351;0;407;407;18944[Alte Oper];2021-11-18T06:27:00.030Z
0.17582418;open;2021-11-18T06:25:00Z;64;300;0;364;364;24281[Hauptbahnhof Süd];2021-11-18T06:27:00.030Z
0.2855377;open;2021-11-18T06:25:00Z;231;578;0;809;809;24279[Konstabler];2021-11-18T06:27:00.030Z
0.54460096;open;2021-11-18T06:25:00Z;232;194;0;426;426;18497[Hauptwache];2021-11-18T06:27:00.030Z
0.47941175;open;2021-11-18T06:25:00Z;326;354;0;680;680;18495[Am Gericht];2021-11-18T06:27:00.030Z
0.13058035;open;2021-11-18T06:25:00Z;117;779;70;966;896;109240[MyZeil];2021-11-18T06:27:00.030Z
0.4258675;open;2021-11-18T06:25:00Z;270;364;0;634;634;18494[Konrad-Adenauer-Straße];2021-11-18T06:27:00.030Z
0.29333332;open;2021-11-18T06:45:00Z;44;106;200;350;150;24276[Turmcenter];2021-11-18T06:47:02.479Z
0.14987715;open;2021-11-18T06:45:00Z;61;346;0;407;407;18944[Alte Oper];2021-11-18T06:47:02.479Z
0.21978022;open;2021-11-18T06:45:00Z;80;284;0;364;364;24281[Hauptbahnhof Süd];2021-11-18T06:47:02.479Z
0.29419035;open;2021-11-18T06:45:00Z;238;571;0;809;809;24279[Konstabler];2021-11-18T06:47:02.479Z
0.5539906;open;2021-11-18T06:45:00Z;236;190;0;426;426;18497[Hauptwache];2021-11-18T06:47:02.479Z
0.5132353;open;2021-11-18T06:45:00Z;349;331;0;680;680;18495[Am Gericht];2021-11-18T06:47:02.479Z
0.13616072;open;2021-11-18T06:45:00Z;122;774;70;966;896;109240[MyZeil];2021-11-18T06:47:02.479Z
0.4274448;open;2021-11-18T06:45:00Z;271;363;0;634;634;18494[Konrad-Adenauer-Straße];2021-11-18T06:47:02.479Z
0.47333333;open;2021-11-18T07:20:00Z;71;79;200;350;150;24276[Turmcenter];2021-11-18T07:22:01.082Z
0.19656019;open;2021-11-18T07:20:00Z;80;327;0;407;407;18944[Alte Oper];2021-11-18T07:22:01.082Z
0.28296703;open;2021-11-18T07:20:00Z;103;261;0;364;364;24281[Hauptbahnhof Süd];2021-11-18T07:22:01.082Z
0.32014832;open;2021-11-18T07:20:00Z;259;550;0;809;809;24279[Konstabler];2021-11-18T07:22:01.082Z
0.6126761;open;2021-11-18T07:20:00Z;261;165;0;426;426;18497[Hauptwache];2021-11-18T07:22:01.082Z
0.59705883;open;2021-11-18T07:20:00Z;406;274;0;680;680;18495[Am Gericht];2021-11-18T07:22:01.082Z
0.14620535;open;2021-11-18T07:20:00Z;131;765;70;966;896;109240[MyZeil];2021-11-18T07:22:01.082Z
0.4731861;open;2021-11-18T07:20:00Z;300;334;0;634;634;18494[Konrad-Adenauer-Straße];2021-11-18T07:22:01.082Z
0.5733333;open;2021-11-18T07:30:00Z;86;64;200;350;150;24276[Turmcenter];2021-11-18T07:32:00.711Z
0.22604422;open;2021-11-18T07:30:00Z;92;315;0;407;407;18944[Alte Oper];2021-11-18T07:32:00.711Z
0.31868133;open;2021-11-18T07:30:00Z;116;248;0;364;364;24281[Hauptbahnhof Süd];2021-11-18T07:32:00.711Z
0.33374536;open;2021-11-18T07:30:00Z;270;539;0;809;809;24279[Konstabler];2021-11-18T07:32:00.711Z
0.62441313;open;2021-11-18T07:30:00Z;266;160;0;426;426;18497[Hauptwache];2021-11-18T07:32:00.711Z
0.60588235;open;2021-11-18T07:30:00Z;412;268;0;680;680;18495[Am Gericht];2021-11-18T07:32:00.711Z
0.15513393;open;2021-11-18T07:30:00Z;139;757;70;966;896;109240[MyZeil];2021-11-18T07:32:00.711Z
0.4873817;open;2021-11-18T07:30:00Z;309;325;0;634;634;18494[Konrad-Adenauer-Straße];2021-11-18T07:32:00.711Z
0.67333335;open;2021-11-18T07:40:00Z;101;49;200;350;150;24276[Turmcenter];2021-11-18T07:42:00.863Z
0.24324325;open;2021-11-18T07:40:00Z;99;308;0;407;407;18944[Alte Oper];2021-11-18T07:42:00.863Z
0.34615386;open;2021-11-18T07:40:00Z;126;238;0;364;364;24281[Hauptbahnhof Süd];2021-11-18T07:42:00.863Z
0.3448702;open;2021-11-18T07:40:00Z;279;530;0;809;809;24279[Konstabler];2021-11-18T07:42:00.863Z
0.62676054;open;2021-11-18T07:40:00Z;267;159;0;426;426;18497[Hauptwache];2021-11-18T07:42:00.863Z
0.62058824;open;2021-11-18T07:40:00Z;422;258;0;680;680;18495[Am Gericht];2021-11-18T07:42:00.863Z
0.15959822;open;2021-11-18T07:40:00Z;143;753;70;966;896;109240[MyZeil];2021-11-18T07:42:00.863Z
0.49526814;open;2021-11-18T07:40:00Z;314;320;0;634;634;18494[Konrad-Adenauer-Straße];2021-11-18T07:42:00.863Z
0.8466667;open;2021-11-18T07:55:00Z;127;23;200;350;150;24276[Turmcenter];2021-11-18T07:57:01.033Z
0.27764127;open;2021-11-18T07:55:00Z;113;294;0;407;407;18944[Alte Oper];2021-11-18T07:57:01.033Z
0.3598901;open;2021-11-18T07:55:00Z;131;233;0;364;364;24281[Hauptbahnhof Süd];2021-11-18T07:57:01.033Z
0.36464772;open;2021-11-18T07:55:00Z;295;514;0;809;809;24279[Konstabler];2021-11-18T07:57:01.033Z
0.64319247;open;2021-11-18T07:55:00Z;274;152;0;426;426;18497[Hauptwache];2021-11-18T07:57:01.033Z
0.65294117;open;2021-11-18T07:55:00Z;444;236;0;680;680;18495[Am Gericht];2021-11-18T07:57:01.033Z
0.15736607;open;2021-11-18T07:55:00Z;141;755;70;966;896;109240[MyZeil];2021-11-18T07:57:01.033Z
0.5078864;open;2021-11-18T07:55:00Z;322;312;0;634;634;18494[Konrad-Adenauer-Straße];2021-11-18T07:57:01.033Z
1;open;2021-11-18T08:25:00Z;150;0;200;350;150;24276[Turmcenter];2021-11-18T08:27:01.877Z
0.33906633;open;2021-11-18T08:25:00Z;138;269;0;407;407;18944[Alte Oper];2021-11-18T08:27:01.877Z
0.40384614;open;2021-11-18T08:25:00Z;147;217;0;364;364;24281[Hauptbahnhof Süd];2021-11-18T08:27:01.877Z
0.40049443;open;2021-11-18T08:25:00Z;324;485;0;809;809;24279[Konstabler];2021-11-18T08:27:01.877Z
0.6971831;open;2021-11-18T08:25:00Z;297;129;0;426;426;18497[Hauptwache];2021-11-18T08:27:01.877Z
0.73382354;open;2021-11-18T08:25:00Z;499;181;0;680;680;18495[Am Gericht];2021-11-18T08:27:01.877Z
0.171875;open;2021-11-18T08:25:00Z;154;742;70;966;896;109240[MyZeil];2021-11-18T08:27:01.877Z
0.5157729;open;2021-11-18T08:25:00Z;327;307;0;634;634;18494[Konrad-Adenauer-Straße];2021-11-18T08:27:01.877Z
1;open;2021-11-18T08:46:00Z;150;0;200;350;150;24276[Turmcenter];2021-11-18T08:47:01.124Z
0.3980344;open;2021-11-18T08:46:00Z;162;245;0;407;407;18944[Alte Oper];2021-11-18T08:47:01.124Z
0.42307693;open;2021-11-18T08:46:00Z;154;210;0;364;364;24281[Hauptbahnhof Süd];2021-11-18T08:47:01.124Z
0.44499382;open;2021-11-18T08:46:00Z;360;449;0;809;809;24279[Konstabler];2021-11-18T08:47:01.124Z
0.74647886;open;2021-11-18T08:46:00Z;318;108;0;426;426;18497[Hauptwache];2021-11-18T08:47:01.124Z
0.78088236;open;2021-11-18T08:46:00Z;531;149;0;680;680;18495[Am Gericht];2021-11-18T08:47:01.124Z
0.18303572;open;2021-11-18T08:46:00Z;164;732;70;966;896;109240[MyZeil];2021-11-18T08:47:01.124Z
0.5378549;open;2021-11-18T08:46:00Z;341;293;0;634;634;18494[Konrad-Adenauer-Straße];2021-11-18T08:47:01.124Z
1;open;2021-11-18T09:01:00Z;150;0;200;350;150;24276[Turmcenter];2021-11-18T09:02:01.512Z
0.44226044;open;2021-11-18T09:01:00Z;180;227;0;407;407;18944[Alte Oper];2021-11-18T09:02:01.512Z
0.43956044;open;2021-11-18T09:01:00Z;160;204;0;364;364;24281[Hauptbahnhof Süd];2021-11-18T09:02:01.512Z
0.48331273;open;2021-11-18T09:01:00Z;391;418;0;809;809;24279[Konstabler];2021-11-18T09:02:01.512Z
0.79577464;open;2021-11-18T09:01:00Z;339;87;0;426;426;18497[Hauptwache];2021-11-18T09:02:01.512Z
0.8117647;open;2021-11-18T09:01:00Z;552;128;0;680;680;18495[Am Gericht];2021-11-18T09:02:01.512Z
0.19977678;open;2021-11-18T09:01:00Z;179;717;70;966;896;109240[MyZeil];2021-11-18T09:02:01.512Z
0.5536278;open;2021-11-18T09:01:00Z;351;283;0;634;634;18494[Konrad-Adenauer-Straße];2021-11-18T09:02:01.512Z
1;open;2021-11-18T09:25:00Z;150;0;200;350;150;24276[Turmcenter];2021-11-18T09:27:00.916Z
0.5208845;open;2021-11-18T09:25:00Z;212;195;0;407;407;18944[Alte Oper];2021-11-18T09:27:00.916Z
0.44230768;open;2021-11-18T09:25:00Z;161;203;0;364;364;24281[Hauptbahnhof Süd];2021-11-18T09:27:00.916Z
0.5463535;open;2021-11-18T09:25:00Z;442;367;0;809;809;24279[Konstabler];2021-11-18T09:27:00.916Z
0.90375584;open;2021-11-18T09:25:00Z;385;41;0;426;426;18497[Hauptwache];2021-11-18T09:27:00.916Z
0.8455882;open;2021-11-18T09:25:00Z;575;105;0;680;680;18495[Am Gericht];2021-11-18T09:27:00.916Z
0.22991072;open;2021-11-18T09:25:00Z;206;690;70;966;896;109240[MyZeil];2021-11-18T09:27:00.916Z
0.5709779;open;2021-11-18T09:25:00Z;362;272;0;634;634;18494[Konrad-Adenauer-Straße];2021-11-18T09:27:00.916Z
1;open;2021-11-18T09:36:00Z;150;0;200;350;150;24276[Turmcenter];2021-11-18T09:37:00.105Z
0.55773956;open;2021-11-18T09:36:00Z;227;180;0;407;407;18944[Alte Oper];2021-11-18T09:37:00.105Z
0.4532967;open;2021-11-18T09:36:00Z;165;199;0;364;364;24281[Hauptbahnhof Süd];2021-11-18T09:37:00.105Z
0.5723115;open;2021-11-18T09:36:00Z;463;346;0;809;809;24279[Konstabler];2021-11-18T09:37:00.105Z
0.9319249;open;2021-11-18T09:36:00Z;397;29;0;426;426;18497[Hauptwache];2021-11-18T09:37:00.105Z
0.84705883;open;2021-11-18T09:36:00Z;576;104;0;680;680;18495[Am Gericht];2021-11-18T09:37:00.105Z
0.24107143;open;2021-11-18T09:36:00Z;216;680;70;966;896;109240[MyZeil];2021-11-18T09:37:00.105Z
0.59148264;open;2021-11-18T09:36:00Z;375;259;0;634;634;18494[Konrad-Adenauer-Straße];2021-11-18T09:37:00.105Z
0.9866667;open;2021-11-18T09:51:00Z;148;2;200;350;150;24276[Turmcenter];2021-11-18T09:52:02.668Z
0.5970516;open;2021-11-18T09:51:00Z;243;164;0;407;407;18944[Alte Oper];2021-11-18T09:52:02.668Z
0.45054945;open;2021-11-18T09:51:00Z;164;200;0;364;364;24281[Hauptbahnhof Süd];2021-11-18T09:52:02.668Z
0.6143387;open;2021-11-18T09:51:00Z;497;312;0;809;809;24279[Konstabler];2021-11-18T09:52:02.668Z
0.9882629;open;2021-11-18T09:51:00Z;421;5;0;426;426;18497[Hauptwache];2021-11-18T09:52:02.668Z
0.84705883;open;2021-11-18T09:51:00Z;576;104;0;680;680;18495[Am Gericht];2021-11-18T09:52:02.668Z
0.26004463;open;2021-11-18T09:51:00Z;233;663;70;966;896;109240[MyZeil];2021-11-18T09:52:02.668Z
0.6230284;open;2021-11-18T09:51:00Z;395;239;0;634;634;18494[Konrad-Adenauer-Straße];2021-11-18T09:52:02.668Z
0.97333336;open;2021-11-18T09:56:00Z;146;4;200;350;150;24276[Turmcenter];2021-11-18T09:57:02.780Z
0.61179364;open;2021-11-18T09:56:00Z;249;158;0;407;407;18944[Alte Oper];2021-11-18T09:57:02.780Z
0.4532967;open;2021-11-18T09:56:00Z;165;199;0;364;364;24281[Hauptbahnhof Süd];2021-11-18T09:57:02.780Z
0.62422746;open;2021-11-18T09:56:00Z;505;304;0;809;809;24279[Konstabler];2021-11-18T09:57:02.780Z
0.9835681;open;2021-11-18T09:56:00Z;419;7;0;426;426;18497[Hauptwache];2021-11-18T09:57:02.780Z
0.8485294;open;2021-11-18T09:56:00Z;577;103;0;680;680;18495[Am Gericht];2021-11-18T09:57:02.780Z
0.2622768;open;2021-11-18T09:56:00Z;235;661;70;966;896;109240[MyZeil];2021-11-18T09:57:02.780Z
0.6340694;open;2021-11-18T09:56:00Z;402;232;0;634;634;18494[Konrad-Adenauer-Straße];2021-11-18T09:57:02.780Z
0.99333334;open;2021-11-18T10:26:00Z;149;1;200;350;150;24276[Turmcenter];2021-11-18T10:27:02.301Z
0.68550366;open;2021-11-18T10:26:00Z;279;128;0;407;407;18944[Alte Oper];2021-11-18T10:27:02.301Z
0.43956044;open;2021-11-18T10:26:00Z;160;204;0;364;364;24281[Hauptbahnhof Süd];2021-11-18T10:27:02.301Z
0.7156984;open;2021-11-18T10:26:00Z;579;230;0;809;809;24279[Konstabler];2021-11-18T10:27:02.301Z
1;open;2021-11-18T10:26:00Z;426;0;0;426;426;18497[Hauptwache];2021-11-18T10:27:02.301Z
0.85294116;open;2021-11-18T10:26:00Z;580;100;0;680;680;18495[Am Gericht];2021-11-18T10:27:02.301Z
0.2857143;open;2021-11-18T10:26:00Z;256;640;70;966;896;109240[MyZeil];2021-11-18T10:27:02.301Z
0.65457416;open;2021-11-18T10:26:00Z;415;219;0;634;634;18494[Konrad-Adenauer-Straße];2021-11-18T10:27:02.301Z
1;open;2021-11-18T10:41:00Z;150;0;200;350;150;24276[Turmcenter];2021-11-18T10:42:00.709Z
0.7027027;open;2021-11-18T10:41:00Z;286;121;0;407;407;18944[Alte Oper];2021-11-18T10:42:00.709Z
0.4478022;open;2021-11-18T10:41:00Z;163;201;0;364;364;24281[Hauptbahnhof Süd];2021-11-18T10:42:00.709Z
0.7404203;open;2021-11-18T10:41:00Z;599;210;0;809;809;24279[Konstabler];2021-11-18T10:42:00.709Z
1;open;2021-11-18T10:41:00Z;426;0;0;426;426;18497[Hauptwache];2021-11-18T10:42:00.709Z
0.8602941;open;2021-11-18T10:41:00Z;585;95;0;680;680;18495[Am Gericht];2021-11-18T10:42:00.709Z
0.29464287;open;2021-11-18T10:41:00Z;264;632;70;966;896;109240[MyZeil];2021-11-18T10:42:00.709Z
0.6671924;open;2021-11-18T10:41:00Z;423;211;0;634;634;18494[Konrad-Adenauer-Straße];2021-11-18T10:42:00.709Z
1;open;2021-11-18T10:51:00Z;150;0;200;350;150;24276[Turmcenter];2021-11-18T10:57:01.148Z
0.73218673;open;2021-11-18T10:51:00Z;298;109;0;407;407;18944[Alte Oper];2021-11-18T10:57:01.148Z
0.44505495;open;2021-11-18T10:51:00Z;162;202;0;364;364;24281[Hauptbahnhof Süd];2021-11-18T10:57:01.148Z
0.7540173;open;2021-11-18T10:51:00Z;610;199;0;809;809;24279[Konstabler];2021-11-18T10:57:01.148Z
0.9976526;open;2021-11-18T10:51:00Z;425;1;0;426;426;18497[Hauptwache];2021-11-18T10:57:01.148Z
0.85588235;open;2021-11-18T10:51:00Z;582;98;0;680;680;18495[Am Gericht];2021-11-18T10:57:01.148Z
0.28794643;open;2021-11-18T10:51:00Z;258;638;70;966;896;109240[MyZeil];2021-11-18T10:57:01.148Z
0.67507887;open;2021-11-18T10:51:00Z;428;206;0;634;634;18494[Konrad-Adenauer-Straße];2021-11-18T10:57:01.148Z
1;open;2021-11-18T11:11:00Z;150;0;200;350;150;24276[Turmcenter];2021-11-18T11:17:02.819Z
0.7690418;open;2021-11-18T11:11:00Z;313;94;0;407;407;18944[Alte Oper];2021-11-18T11:17:02.819Z
0.44230768;open;2021-11-18T11:11:00Z;161;203;0;364;364;24281[Hauptbahnhof Süd];2021-11-18T11:17:02.819Z
0.76267;open;2021-11-18T11:11:00Z;617;192;0;809;809;24279[Konstabler];2021-11-18T11:17:02.819Z
1;open;2021-11-18T11:11:00Z;426;0;0;426;426;18497[Hauptwache];2021-11-18T11:17:02.819Z
0.86470586;open;2021-11-18T11:11:00Z;588;92;0;680;680;18495[Am Gericht];2021-11-18T11:17:02.819Z
0.2935268;open;2021-11-18T11:11:00Z;263;633;70;966;896;109240[MyZeil];2021-11-18T11:17:02.819Z
0.70189273;open;2021-11-18T11:11:00Z;445;189;0;634;634;18494[Konrad-Adenauer-Straße];2021-11-18T11:17:02.819Z
1;open;2021-11-18T11:27:00Z;150;0;200;350;150;24276[Turmcenter];2021-11-18T11:32:02.613Z
0.7960688;open;2021-11-18T11:27:00Z;324;83;0;407;407;18944[Alte Oper];2021-11-18T11:32:02.613Z
0.4532967;open;2021-11-18T11:27:00Z;165;199;0;364;364;24281[Hauptbahnhof Süd];2021-11-18T11:32:02.613Z
0.7589617;open;2021-11-18T11:27:00Z;614;195;0;809;809;24279[Konstabler];2021-11-18T11:32:02.613Z
1;open;2021-11-18T11:27:00Z;426;0;0;426;426;18497[Hauptwache];2021-11-18T11:32:02.613Z
0.8617647;open;2021-11-18T11:27:00Z;586;94;0;680;680;18495[Am Gericht];2021-11-18T11:32:02.613Z
0.29799107;open;2021-11-18T11:27:00Z;267;629;70;966;896;109240[MyZeil];2021-11-18T11:32:02.613Z
0.681388;open;2021-11-18T11:27:00Z;432;202;0;634;634;18494[Konrad-Adenauer-Straße];2021-11-18T11:32:02.613Z
1;open;2021-11-18T11:37:00Z;150;0;200;350;150;24276[Turmcenter];2021-11-18T11:42:01.956Z
0.8181818;open;2021-11-18T11:37:00Z;333;74;0;407;407;18944[Alte Oper];2021-11-18T11:42:01.956Z
0.4478022;open;2021-11-18T11:37:00Z;163;201;0;364;364;24281[Hauptbahnhof Süd];2021-11-18T11:42:01.956Z
0.7552534;open;2021-11-18T11:37:00Z;611;198;0;809;809;24279[Konstabler];2021-11-18T11:42:01.956Z
0.96713614;open;2021-11-18T11:37:00Z;412;14;0;426;426;18497[Hauptwache];2021-11-18T11:42:01.956Z
0.84117645;open;2021-11-18T11:37:00Z;572;108;0;680;680;18495[Am Gericht];2021-11-18T11:42:01.956Z
0.2935268;open;2021-11-18T11:37:00Z;263;633;70;966;896;109240[MyZeil];2021-11-18T11:42:01.956Z
0.681388;open;2021-11-18T11:37:00Z;432;202;0;634;634;18494[Konrad-Adenauer-Straße];2021-11-18T11:42:01.956Z
1;open;2021-11-18T11:52:00Z;150;0;200;350;150;24276[Turmcenter];2021-11-18T11:57:02.105Z
0.82800984;open;2021-11-18T11:52:00Z;337;70;0;407;407;18944[Alte Oper];2021-11-18T11:57:02.105Z
0.43681318;open;2021-11-18T11:52:00Z;159;205;0;364;364;24281[Hauptbahnhof Süd];2021-11-18T11:57:02.105Z
0.7441285;open;2021-11-18T11:52:00Z;602;207;0;809;809;24279[Konstabler];2021-11-18T11:57:02.105Z
0.9953052;open;2021-11-18T11:52:00Z;424;2;0;426;426;18497[Hauptwache];2021-11-18T11:57:02.105Z
0.84411764;open;2021-11-18T11:52:00Z;574;106;0;680;680;18495[Am Gericht];2021-11-18T11:57:02.105Z
0.2935268;open;2021-11-18T11:52:00Z;263;633;70;966;896;109240[MyZeil];2021-11-18T11:57:02.105Z
0.6940063;open;2021-11-18T11:52:00Z;440;194;0;634;634;18494[Konrad-Adenauer-Straße];2021-11-18T11:57:02.105Z
1;open;2021-11-18T12:32:00Z;150;0;200;350;150;24276[Turmcenter];2021-11-18T12:37:02.568Z
0.8329238;open;2021-11-18T12:32:00Z;339;68;0;407;407;18944[Alte Oper];2021-11-18T12:37:02.568Z
0.41758242;open;2021-11-18T12:32:00Z;152;212;0;364;364;24281[Hauptbahnhof Süd];2021-11-18T12:37:02.568Z
0.71940666;open;2021-11-18T12:32:00Z;582;227;0;809;809;24279[Konstabler];2021-11-18T12:37:02.568Z
1;open;2021-11-18T12:32:00Z;426;0;0;426;426;18497[Hauptwache];2021-11-18T12:37:02.568Z
0.79558825;open;2021-11-18T12:32:00Z;541;139;0;680;680;18495[Am Gericht];2021-11-18T12:37:02.568Z
0.29575893;open;2021-11-18T12:32:00Z;265;631;70;966;896;109240[MyZeil];2021-11-18T12:37:02.568Z
0.670347;open;2021-11-18T12:32:00Z;425;209;0;634;634;18494[Konrad-Adenauer-Straße];2021-11-18T12:37:02.568Z
1;open;2021-11-18T13:02:00Z;150;0;200;350;150;24276[Turmcenter];2021-11-18T13:07:01.398Z
0.8157248;open;2021-11-18T13:02:00Z;332;75;0;407;407;18944[Alte Oper];2021-11-18T13:07:01.398Z
0.40934065;open;2021-11-18T13:02:00Z;149;215;0;364;364;24281[Hauptbahnhof Süd];2021-11-18T13:07:01.398Z
0.71075404;open;2021-11-18T13:02:00Z;575;234;0;809;809;24279[Konstabler];2021-11-18T13:07:01.398Z
1;open;2021-11-18T13:02:00Z;426;0;0;426;426;18497[Hauptwache];2021-11-18T13:07:01.398Z
0.8117647;open;2021-11-18T13:02:00Z;552;128;0;680;680;18495[Am Gericht];2021-11-18T13:07:01.398Z
0.28794643;open;2021-11-18T13:02:00Z;258;638;70;966;896;109240[MyZeil];2021-11-18T13:07:01.398Z
0.66246057;open;2021-11-18T13:02:00Z;420;214;0;634;634;18494[Konrad-Adenauer-Straße];2021-11-18T13:07:01.398Z
1;open;2021-11-18T13:33:00Z;150;0;200;350;150;24276[Turmcenter];2021-11-18T13:37:00.857Z
0.75921375;open;2021-11-18T13:33:00Z;309;98;0;407;407;18944[Alte Oper];2021-11-18T13:37:00.857Z
0.3791209;open;2021-11-18T13:33:00Z;138;226;0;364;364;24281[Hauptbahnhof Süd];2021-11-18T13:37:00.857Z
0.72929543;open;2021-11-18T13:33:00Z;590;219;0;809;809;24279[Konstabler];2021-11-18T13:37:00.857Z
1;open;2021-11-18T13:33:00Z;426;0;0;426;426;18497[Hauptwache];2021-11-18T13:37:00.857Z
0.7897059;open;2021-11-18T13:33:00Z;537;143;0;680;680;18495[Am Gericht];2021-11-18T13:37:00.857Z
0.2779018;open;2021-11-18T13:33:00Z;249;647;70;966;896;109240[MyZeil];2021-11-18T13:37:00.857Z
0.66246057;open;2021-11-18T13:33:00Z;420;214;0;634;634;18494[Konrad-Adenauer-Straße];2021-11-18T13:37:00.857Z
1;open;2021-11-18T13:43:00Z;150;0;200;350;150;24276[Turmcenter];2021-11-18T13:47:03.004Z
0.7444717;open;2021-11-18T13:43:00Z;303;104;0;407;407;18944[Alte Oper];2021-11-18T13:47:03.004Z
0.38736263;open;2021-11-18T13:43:00Z;141;223;0;364;364;24281[Hauptbahnhof Süd];2021-11-18T13:47:03.004Z
0.72805935;open;2021-11-18T13:43:00Z;589;220;0;809;809;24279[Konstabler];2021-11-18T13:47:03.004Z
1;open;2021-11-18T13:43:00Z;426;0;0;426;426;18497[Hauptwache];2021-11-18T13:47:03.004Z
0.78088236;open;2021-11-18T13:43:00Z;531;149;0;680;680;18495[Am Gericht];2021-11-18T13:47:03.004Z
0.27901787;open;2021-11-18T13:43:00Z;250;646;70;966;896;109240[MyZeil];2021-11-18T13:47:03.004Z
0.670347;open;2021-11-18T13:43:00Z;425;209;0;634;634;18494[Konrad-Adenauer-Straße];2021-11-18T13:47:03.004Z
1;open;2021-11-18T13:58:00Z;150;0;200;350;150;24276[Turmcenter];2021-11-18T14:02:00.710Z
0.7100737;open;2021-11-18T13:58:00Z;289;118;0;407;407;18944[Alte Oper];2021-11-18T14:02:00.710Z
0.3708791;open;2021-11-18T13:58:00Z;135;229;0;364;364;24281[Hauptbahnhof Süd];2021-11-18T14:02:00.710Z
0.7218789;open;2021-11-18T13:58:00Z;584;225;0;809;809;24279[Konstabler];2021-11-18T14:02:00.710Z
0.9906103;open;2021-11-18T13:58:00Z;422;4;0;426;426;18497[Hauptwache];2021-11-18T14:02:00.710Z
0.7735294;open;2021-11-18T13:58:00Z;526;154;0;680;680;18495[Am Gericht];2021-11-18T14:02:00.710Z
0.265625;open;2021-11-18T13:58:00Z;238;658;70;966;896;109240[MyZeil];2021-11-18T14:02:00.710Z
0.65772873;open;2021-11-18T13:58:00Z;417;217;0;634;634;18494[Konrad-Adenauer-Straße];2021-11-18T14:02:00.710Z
0.9866667;open;2021-11-18T14:18:00Z;148;2;200;350;150;24276[Turmcenter];2021-11-18T14:22:02.424Z
0.6805897;open;2021-11-18T14:18:00Z;277;130;0;407;407;18944[Alte Oper];2021-11-18T14:22:02.424Z
0.3434066;open;2021-11-18T14:18:00Z;125;239;0;364;364;24281[Hauptbahnhof Süd];2021-11-18T14:22:02.424Z
0.7095179;open;2021-11-18T14:18:00Z;574;235;0;809;809;24279[Konstabler];2021-11-18T14:22:02.424Z
0.9835681;open;2021-11-18T14:18:00Z;419;7;0;426;426;18497[Hauptwache];2021-11-18T14:22:02.424Z
0.7470588;open;2021-11-18T14:18:00Z;508;172;0;680;680;18495[Am Gericht];2021-11-18T14:22:02.424Z
0.26450893;open;2021-11-18T14:18:00Z;237;659;70;966;896;109240[MyZeil];2021-11-18T14:22:02.424Z
0.6356467;open;2021-11-18T14:18:00Z;403;231;0;634;634;18494[Konrad-Adenauer-Straße];2021-11-18T14:22:02.424Z
1;open;2021-11-18T14:38:00Z;150;0;200;350;150;24276[Turmcenter];2021-11-18T14:42:01.631Z
0.66339064;open;2021-11-18T14:38:00Z;270;137;0;407;407;18944[Alte Oper];2021-11-18T14:42:01.631Z
0.31868133;open;2021-11-18T14:38:00Z;116;248;0;364;364;24281[Hauptbahnhof Süd];2021-11-18T14:42:01.631Z
0.7082818;open;2021-11-18T14:38:00Z;573;236;0;809;809;24279[Konstabler];2021-11-18T14:42:01.631Z
0.98122066;open;2021-11-18T14:38:00Z;418;8;0;426;426;18497[Hauptwache];2021-11-18T14:42:01.631Z
0.7147059;open;2021-11-18T14:38:00Z;486;194;0;680;680;18495[Am Gericht];2021-11-18T14:42:01.631Z
0.2734375;open;2021-11-18T14:38:00Z;245;651;70;966;896;109240[MyZeil];2021-11-18T14:42:01.631Z
0.626183;open;2021-11-18T14:38:00Z;397;237;0;634;634;18494[Konrad-Adenauer-Straße];2021-11-18T14:42:01.631Z
1;open;2021-11-18T14:48:00Z;150;0;200;350;150;24276[Turmcenter];2021-11-18T14:52:01.566Z
0.66584766;open;2021-11-18T14:48:00Z;271;136;0;407;407;18944[Alte Oper];2021-11-18T14:52:01.566Z
0.30494505;open;2021-11-18T14:48:00Z;111;253;0;364;364;24281[Hauptbahnhof Süd];2021-11-18T14:52:01.566Z
0.7144623;open;2021-11-18T14:48:00Z;578;231;0;809;809;24279[Konstabler];2021-11-18T14:52:01.566Z
0.9976526;open;2021-11-18T14:48:00Z;425;1;0;426;426;18497[Hauptwache];2021-11-18T14:52:01.566Z
0.70441175;open;2021-11-18T14:48:00Z;479;201;0;680;680;18495[Am Gericht];2021-11-18T14:52:01.566Z
0.2779018;open;2021-11-18T14:48:00Z;249;647;70;966;896;109240[MyZeil];2021-11-18T14:52:01.566Z
0.6230284;open;2021-11-18T14:48:00Z;395;239;0;634;634;18494[Konrad-Adenauer-Straße];2021-11-18T14:52:01.566Z
1;open;2021-11-18T14:58:00Z;150;0;200;350;150;24276[Turmcenter];2021-11-18T15:02:00.431Z
0.67813265;open;2021-11-18T14:58:00Z;276;131;0;407;407;18944[Alte Oper];2021-11-18T15:02:00.431Z
0.2857143;open;2021-11-18T14:58:00Z;104;260;0;364;364;24281[Hauptbahnhof Süd];2021-11-18T15:02:00.431Z
0.7132262;open;2021-11-18T14:58:00Z;577;232;0;809;809;24279[Konstabler];2021-11-18T15:02:00.431Z
0.9976526;open;2021-11-18T14:58:00Z;425;1;0;426;426;18497[Hauptwache];2021-11-18T15:02:00.431Z
0.6838235;open;2021-11-18T14:58:00Z;465;215;0;680;680;18495[Am Gericht];2021-11-18T15:02:00.431Z
0.27901787;open;2021-11-18T14:58:00Z;250;646;70;966;896;109240[MyZeil];2021-11-18T15:02:00.431Z
0.626183;open;2021-11-18T14:58:00Z;397;237;0;634;634;18494[Konrad-Adenauer-Straße];2021-11-18T15:02:00.431Z
1;open;2021-11-18T15:23:00Z;150;0;200;350;150;24276[Turmcenter];2021-11-18T15:27:01.450Z
0.6683047;open;2021-11-18T15:23:00Z;272;135;0;407;407;18944[Alte Oper];2021-11-18T15:27:01.450Z
0.23901099;open;2021-11-18T15:23:00Z;87;277;0;364;364;24281[Hauptbahnhof Süd];2021-11-18T15:27:01.450Z
0.6909765;open;2021-11-18T15:23:00Z;559;250;0;809;809;24279[Konstabler];2021-11-18T15:27:01.450Z
0.97183096;open;2021-11-18T15:23:00Z;414;12;0;426;426;18497[Hauptwache];2021-11-18T15:27:01.450Z
0.65294117;open;2021-11-18T15:23:00Z;444;236;0;680;680;18495[Am Gericht];2021-11-18T15:27:01.450Z
0.2734375;open;2021-11-18T15:23:00Z;245;651;70;966;896;109240[MyZeil];2021-11-18T15:27:01.450Z
0.5993691;open;2021-11-18T15:23:00Z;380;254;0;634;634;18494[Konrad-Adenauer-Straße];2021-11-18T15:27:01.450Z
0.98;open;2021-11-18T15:39:00Z;147;3;200;350;150;24276[Turmcenter];2021-11-18T15:42:02.179Z
0.65356266;open;2021-11-18T15:39:00Z;266;141;0;407;407;18944[Alte Oper];2021-11-18T15:42:02.179Z
0.21703297;open;2021-11-18T15:39:00Z;79;285;0;364;364;24281[Hauptbahnhof Süd];2021-11-18T15:42:02.179Z
0.68726826;open;2021-11-18T15:39:00Z;556;253;0;809;809;24279[Konstabler];2021-11-18T15:42:02.179Z
0.9342723;open;2021-11-18T15:39:00Z;398;28;0;426;426;18497[Hauptwache];2021-11-18T15:42:02.179Z
0.64705884;open;2021-11-18T15:39:00Z;440;240;0;680;680;18495[Am Gericht];2021-11-18T15:42:02.179Z
0.2734375;open;2021-11-18T15:39:00Z;245;651;70;966;896;109240[MyZeil];2021-11-18T15:42:02.179Z
0.58832806;open;2021-11-18T15:39:00Z;373;261;0;634;634;18494[Konrad-Adenauer-Straße];2021-11-18T15:42:02.179Z
0.93333334;open;2021-11-18T15:54:00Z;140;10;200;350;150;24276[Turmcenter];2021-11-18T15:57:02.508Z
0.63144964;open;2021-11-18T15:54:00Z;257;150;0;407;407;18944[Alte Oper];2021-11-18T15:57:02.508Z
0.2032967;open;2021-11-18T15:54:00Z;74;290;0;364;364;24281[Hauptbahnhof Süd];2021-11-18T15:57:02.508Z
0.671199;open;2021-11-18T15:54:00Z;543;266;0;809;809;24279[Konstabler];2021-11-18T15:57:02.508Z
0.90375584;open;2021-11-18T15:54:00Z;385;41;0;426;426;18497[Hauptwache];2021-11-18T15:57:02.508Z
0.62352943;open;2021-11-18T15:54:00Z;424;256;0;680;680;18495[Am Gericht];2021-11-18T15:57:02.508Z
0.26785713;open;2021-11-18T15:54:00Z;240;656;70;966;896;109240[MyZeil];2021-11-18T15:57:02.508Z
0.5867508;open;2021-11-18T15:54:00Z;372;262;0;634;634;18494[Konrad-Adenauer-Straße];2021-11-18T15:57:02.508Z
0.82;open;2021-11-18T16:29:00Z;123;27;200;350;150;24276[Turmcenter];2021-11-18T16:32:01.506Z
0.55773956;open;2021-11-18T16:29:00Z;227;180;0;407;407;18944[Alte Oper];2021-11-18T16:32:01.506Z
0.12362637;open;2021-11-18T16:29:00Z;45;319;0;364;364;24281[Hauptbahnhof Süd];2021-11-18T16:32:01.506Z
0.6588381;open;2021-11-18T16:29:00Z;533;276;0;809;809;24279[Konstabler];2021-11-18T16:32:01.506Z
0.90140843;open;2021-11-18T16:29:00Z;384;42;0;426;426;18497[Hauptwache];2021-11-18T16:32:01.506Z
0.59705883;open;2021-11-18T16:29:00Z;406;274;0;680;680;18495[Am Gericht];2021-11-18T16:32:01.506Z
0.26339287;open;2021-11-18T16:29:00Z;236;660;70;966;896;109240[MyZeil];2021-11-18T16:32:01.506Z
0.59305996;open;2021-11-18T16:29:00Z;376;258;0;634;634;18494[Konrad-Adenauer-Straße];2021-11-18T16:32:01.506Z
0.72;open;2021-11-18T17:05:00Z;108;42;200;350;150;24276[Turmcenter];2021-11-18T17:07:02.431Z
0.5012285;open;2021-11-18T17:05:00Z;204;203;0;407;407;18944[Alte Oper];2021-11-18T17:07:02.431Z
0.104395606;open;2021-11-18T17:05:00Z;38;326;0;364;364;24281[Hauptbahnhof Süd];2021-11-18T17:07:02.431Z
0.6365884;open;2021-11-18T17:05:00Z;515;294;0;809;809;24279[Konstabler];2021-11-18T17:07:02.431Z
0.87089205;open;2021-11-18T17:05:00Z;371;55;0;426;426;18497[Hauptwache];2021-11-18T17:07:02.431Z
0.58235294;open;2021-11-18T17:05:00Z;396;284;0;680;680;18495[Am Gericht];2021-11-18T17:07:02.431Z
0.25223213;open;2021-11-18T17:05:00Z;226;670;70;966;896;109240[MyZeil];2021-11-18T17:07:02.431Z
0.5741325;open;2021-11-18T17:05:00Z;364;270;0;634;634;18494[Konrad-Adenauer-Straße];2021-11-18T17:07:02.431Z
0.505;open;2021-11-18T17:30:00Z;101;99;150;350;200;24276[Turmcenter];2021-11-18T17:32:01.310Z
0.47665846;open;2021-11-18T17:30:00Z;194;213;0;407;407;18944[Alte Oper];2021-11-18T17:32:01.310Z
0.071428575;open;2021-11-18T17:30:00Z;26;338;0;364;364;24281[Hauptbahnhof Süd];2021-11-18T17:32:01.310Z
0.64771324;open;2021-11-18T17:30:00Z;524;285;0;809;809;24279[Konstabler];2021-11-18T17:32:01.310Z
0.90140843;open;2021-11-18T17:30:00Z;384;42;0;426;426;18497[Hauptwache];2021-11-18T17:32:01.310Z
0.5838235;open;2021-11-18T17:30:00Z;397;283;0;680;680;18495[Am Gericht];2021-11-18T17:32:01.310Z
0.2421875;open;2021-11-18T17:30:00Z;217;679;70;966;896;109240[MyZeil];2021-11-18T17:32:01.310Z
0.5772871;open;2021-11-18T17:30:00Z;366;268;0;634;634;18494[Konrad-Adenauer-Straße];2021-11-18T17:32:01.310Z
0.47;open;2021-11-18T17:45:00Z;94;106;150;350;200;24276[Turmcenter];2021-11-18T17:47:01.010Z
0.4938575;open;2021-11-18T17:45:00Z;201;206;0;407;407;18944[Alte Oper];2021-11-18T17:47:01.010Z
0.06593407;open;2021-11-18T17:45:00Z;24;340;0;364;364;24281[Hauptbahnhof Süd];2021-11-18T17:47:01.010Z
0.64771324;open;2021-11-18T17:45:00Z;524;285;0;809;809;24279[Konstabler];2021-11-18T17:47:01.010Z
0.8826291;open;2021-11-18T17:45:00Z;376;50;0;426;426;18497[Hauptwache];2021-11-18T17:47:01.010Z
0.5926471;open;2021-11-18T17:45:00Z;403;277;0;680;680;18495[Am Gericht];2021-11-18T17:47:01.010Z
0.24776785;open;2021-11-18T17:45:00Z;222;674;70;966;896;109240[MyZeil];2021-11-18T17:47:01.010Z
0.5867508;open;2021-11-18T17:45:00Z;372;262;0;634;634;18494[Konrad-Adenauer-Straße];2021-11-18T17:47:01.010Z
0.475;open;2021-11-18T18:01:00Z;95;105;150;350;200;24276[Turmcenter];2021-11-18T18:02:00.646Z
0.4987715;open;2021-11-18T18:01:00Z;203;204;0;407;407;18944[Alte Oper];2021-11-18T18:02:00.646Z
0.052197803;open;2021-11-18T18:01:00Z;19;345;0;364;364;24281[Hauptbahnhof Süd];2021-11-18T18:02:00.646Z
0.6551298;open;2021-11-18T18:01:00Z;530;279;0;809;809;24279[Konstabler];2021-11-18T18:02:00.646Z
0.8873239;open;2021-11-18T18:01:00Z;378;48;0;426;426;18497[Hauptwache];2021-11-18T18:02:00.646Z
0.5955882;open;2021-11-18T18:01:00Z;405;275;0;680;680;18495[Am Gericht];2021-11-18T18:02:00.646Z
0.25111607;open;2021-11-18T18:01:00Z;225;671;70;966;896;109240[MyZeil];2021-11-18T18:02:00.646Z
0.5946372;open;2021-11-18T18:01:00Z;377;257;0;634;634;18494[Konrad-Adenauer-Straße];2021-11-18T18:02:00.646Z
0.475;open;2021-11-18T18:26:00Z;95;105;150;350;200;24276[Turmcenter];2021-11-18T18:27:02.774Z
0.4987715;open;2021-11-18T18:26:00Z;203;204;0;407;407;18944[Alte Oper];2021-11-18T18:27:02.774Z
0.043956045;open;2021-11-18T18:26:00Z;16;348;0;364;364;24281[Hauptbahnhof Süd];2021-11-18T18:27:02.774Z
0.6600742;open;2021-11-18T18:26:00Z;534;275;0;809;809;24279[Konstabler];2021-11-18T18:27:02.774Z
0.8779343;open;2021-11-18T18:26:00Z;374;52;0;426;426;18497[Hauptwache];2021-11-18T18:27:02.774Z
0.5897059;open;2021-11-18T18:26:00Z;401;279;0;680;680;18495[Am Gericht];2021-11-18T18:27:02.774Z
0.24330357;open;2021-11-18T18:26:00Z;218;678;70;966;896;109240[MyZeil];2021-11-18T18:27:02.774Z
0.5946372;open;2021-11-18T18:26:00Z;377;257;0;634;634;18494[Konrad-Adenauer-Straße];2021-11-18T18:27:02.774Z
0.5;open;2021-11-18T18:41:00Z;100;100;150;350;200;24276[Turmcenter];2021-11-18T18:42:02.779Z
0.49140048;open;2021-11-18T18:41:00Z;200;207;0;407;407;18944[Alte Oper];2021-11-18T18:42:02.779Z
0.043956045;open;2021-11-18T18:41:00Z;16;348;0;364;364;24281[Hauptbahnhof Süd];2021-11-18T18:42:02.779Z
0.6514215;open;2021-11-18T18:41:00Z;527;282;0;809;809;24279[Konstabler];2021-11-18T18:42:02.779Z
0.86619717;open;2021-11-18T18:41:00Z;369;57;0;426;426;18497[Hauptwache];2021-11-18T18:42:02.779Z
0.5808824;open;2021-11-18T18:41:00Z;395;285;0;680;680;18495[Am Gericht];2021-11-18T18:42:02.779Z
0.23549107;open;2021-11-18T18:41:00Z;211;685;70;966;896;109240[MyZeil];2021-11-18T18:42:02.779Z
0.60567826;open;2021-11-18T18:41:00Z;384;250;0;634;634;18494[Konrad-Adenauer-Straße];2021-11-18T18:42:02.779Z
0.495;open;2021-11-18T18:56:00Z;99;101;150;350;200;24276[Turmcenter];2021-11-18T18:57:01.910Z
0.46191648;open;2021-11-18T18:56:00Z;188;219;0;407;407;18944[Alte Oper];2021-11-18T18:57:01.910Z
0.04945055;open;2021-11-18T18:56:00Z;18;346;0;364;364;24281[Hauptbahnhof Süd];2021-11-18T18:57:01.910Z
0.6526576;open;2021-11-18T18:56:00Z;528;281;0;809;809;24279[Konstabler];2021-11-18T18:57:01.910Z
0.8450704;open;2021-11-18T18:56:00Z;360;66;0;426;426;18497[Hauptwache];2021-11-18T18:57:01.910Z
0.57941175;open;2021-11-18T18:56:00Z;394;286;0;680;680;18495[Am Gericht];2021-11-18T18:57:01.910Z
0.21875;open;2021-11-18T18:56:00Z;196;700;70;966;896;109240[MyZeil];2021-11-18T18:57:01.910Z
0.5946372;open;2021-11-18T18:56:00Z;377;257;0;634;634;18494[Konrad-Adenauer-Straße];2021-11-18T18:57:01.910Z
0.495;open;2021-11-18T19:11:00Z;99;101;150;350;200;24276[Turmcenter];2021-11-18T19:17:02.100Z
0.42014742;open;2021-11-18T19:11:00Z;171;236;0;407;407;18944[Alte Oper];2021-11-18T19:17:02.100Z
0.046703298;open;2021-11-18T19:11:00Z;17;347;0;364;364;24281[Hauptbahnhof Süd];2021-11-18T19:17:02.100Z
0.6341162;open;2021-11-18T19:11:00Z;513;296;0;809;809;24279[Konstabler];2021-11-18T19:17:02.100Z
0.814554;open;2021-11-18T19:11:00Z;347;79;0;426;426;18497[Hauptwache];2021-11-18T19:17:02.100Z
0.5779412;open;2021-11-18T19:11:00Z;393;287;0;680;680;18495[Am Gericht];2021-11-18T19:17:02.100Z
0.21875;open;2021-11-18T19:11:00Z;196;700;70;966;896;109240[MyZeil];2021-11-18T19:17:02.100Z
0.57886434;open;2021-11-18T19:11:00Z;367;267;0;634;634;18494[Konrad-Adenauer-Straße];2021-11-18T19:17:02.100Z
0.48;open;2021-11-18T19:27:00Z;96;104;150;350;200;24276[Turmcenter];2021-11-18T19:32:01.736Z
0.37592137;open;2021-11-18T19:27:00Z;153;254;0;407;407;18944[Alte Oper];2021-11-18T19:32:01.736Z
0.046703298;open;2021-11-18T19:27:00Z;17;347;0;364;364;24281[Hauptbahnhof Süd];2021-11-18T19:32:01.736Z
0.6279357;open;2021-11-18T19:27:00Z;508;301;0;809;809;24279[Konstabler];2021-11-18T19:32:01.736Z
0.78403753;open;2021-11-18T19:27:00Z;334;92;0;426;426;18497[Hauptwache];2021-11-18T19:32:01.736Z
0.5735294;open;2021-11-18T19:27:00Z;390;290;0;680;680;18495[Am Gericht];2021-11-18T19:32:01.736Z
0.203125;open;2021-11-18T19:27:00Z;182;714;70;966;896;109240[MyZeil];2021-11-18T19:32:01.736Z
0.56309146;open;2021-11-18T19:27:00Z;357;277;0;634;634;18494[Konrad-Adenauer-Straße];2021-11-18T19:32:01.736Z
0.47;open;2021-11-18T19:42:00Z;94;106;150;350;200;24276[Turmcenter];2021-11-18T19:47:00.115Z
0.36855036;open;2021-11-18T19:42:00Z;150;257;0;407;407;18944[Alte Oper];2021-11-18T19:47:00.115Z
0.046703298;open;2021-11-18T19:42:00Z;17;347;0;364;364;24281[Hauptbahnhof Süd];2021-11-18T19:47:00.115Z
0.62175524;open;2021-11-18T19:42:00Z;503;306;0;809;809;24279[Konstabler];2021-11-18T19:47:00.115Z
0.7699531;open;2021-11-18T19:42:00Z;328;98;0;426;426;18497[Hauptwache];2021-11-18T19:47:00.115Z
0.5632353;open;2021-11-18T19:42:00Z;383;297;0;680;680;18495[Am Gericht];2021-11-18T19:47:00.115Z
0.1953125;open;2021-11-18T19:42:00Z;175;721;70;966;896;109240[MyZeil];2021-11-18T19:47:00.115Z
0.54731864;open;2021-11-18T19:42:00Z;347;287;0;634;634;18494[Konrad-Adenauer-Straße];2021-11-18T19:47:00.115Z
0.47;open;2021-11-18T19:47:00Z;94;106;150;350;200;24276[Turmcenter];2021-11-18T19:52:00.567Z
0.36117935;open;2021-11-18T19:47:00Z;147;260;0;407;407;18944[Alte Oper];2021-11-18T19:52:00.567Z
0.046703298;open;2021-11-18T19:47:00Z;17;347;0;364;364;24281[Hauptbahnhof Süd];2021-11-18T19:52:00.567Z
0.62051916;open;2021-11-18T19:47:00Z;502;307;0;809;809;24279[Konstabler];2021-11-18T19:52:00.567Z
0.7699531;open;2021-11-18T19:47:00Z;328;98;0;426;426;18497[Hauptwache];2021-11-18T19:52:00.567Z
0.5617647;open;2021-11-18T19:47:00Z;382;298;0;680;680;18495[Am Gericht];2021-11-18T19:52:00.567Z
0.19196428;open;2021-11-18T19:47:00Z;172;724;70;966;896;109240[MyZeil];2021-11-18T19:52:00.567Z
0.54258674;open;2021-11-18T19:47:00Z;344;290;0;634;634;18494[Konrad-Adenauer-Straße];2021-11-18T19:52:00.567Z
0.415;open;2021-11-18T20:02:00Z;83;117;150;350;200;24276[Turmcenter];2021-11-18T20:07:00.096Z
0.33660933;open;2021-11-18T20:02:00Z;137;270;0;407;407;18944[Alte Oper];2021-11-18T20:07:00.096Z
0.046703298;open;2021-11-18T20:02:00Z;17;347;0;364;364;24281[Hauptbahnhof Süd];2021-11-18T20:07:00.096Z
0.58961684;open;2021-11-18T20:02:00Z;477;332;0;809;809;24279[Konstabler];2021-11-18T20:07:00.096Z
0.74647886;open;2021-11-18T20:02:00Z;318;108;0;426;426;18497[Hauptwache];2021-11-18T20:07:00.096Z
0.54264706;open;2021-11-18T20:02:00Z;369;311;0;680;680;18495[Am Gericht];2021-11-18T20:07:00.096Z
0.18973215;open;2021-11-18T20:02:00Z;170;726;70;966;896;109240[MyZeil];2021-11-18T20:07:00.096Z
0.5283912;open;2021-11-18T20:02:00Z;335;299;0;634;634;18494[Konrad-Adenauer-Straße];2021-11-18T20:07:00.096Z
0.395;open;2021-11-18T20:27:00Z;79;121;150;350;200;24276[Turmcenter];2021-11-18T20:32:01.041Z
0.3144963;open;2021-11-18T20:27:00Z;128;279;0;407;407;18944[Alte Oper];2021-11-18T20:32:01.041Z
0.041208792;open;2021-11-18T20:27:00Z;15;349;0;364;364;24281[Hauptbahnhof Süd];2021-11-18T20:32:01.041Z
0.54140913;open;2021-11-18T20:27:00Z;438;371;0;809;809;24279[Konstabler];2021-11-18T20:32:01.041Z
0.69953054;open;2021-11-18T20:27:00Z;298;128;0;426;426;18497[Hauptwache];2021-11-18T20:32:01.041Z
0.5235294;open;2021-11-18T20:27:00Z;356;324;0;680;680;18495[Am Gericht];2021-11-18T20:32:01.041Z
0.17745535;open;2021-11-18T20:27:00Z;159;737;70;966;896;109240[MyZeil];2021-11-18T20:32:01.041Z
0.52208203;open;2021-11-18T20:27:00Z;331;303;0;634;634;18494[Konrad-Adenauer-Straße];2021-11-18T20:32:01.041Z
0.38;open;2021-11-18T20:38:00Z;76;124;150;350;200;24276[Turmcenter];2021-11-18T20:42:00.222Z
0.2997543;open;2021-11-18T20:38:00Z;122;285;0;407;407;18944[Alte Oper];2021-11-18T20:42:00.222Z
0.041208792;open;2021-11-18T20:38:00Z;15;349;0;364;364;24281[Hauptbahnhof Süd];2021-11-18T20:42:00.222Z
0.52163166;open;2021-11-18T20:38:00Z;422;387;0;809;809;24279[Konstabler];2021-11-18T20:42:00.222Z
0.68075114;open;2021-11-18T20:38:00Z;290;136;0;426;426;18497[Hauptwache];2021-11-18T20:42:00.222Z
0.51911765;open;2021-11-18T20:38:00Z;353;327;0;680;680;18495[Am Gericht];2021-11-18T20:42:00.222Z
0.17633928;open;2021-11-18T20:38:00Z;158;738;70;966;896;109240[MyZeil];2021-11-18T20:42:00.222Z
0.5157729;open;2021-11-18T20:38:00Z;327;307;0;634;634;18494[Konrad-Adenauer-Straße];2021-11-18T20:42:00.222Z
0.385;open;2021-11-18T20:48:00Z;77;123;150;350;200;24276[Turmcenter];2021-11-18T20:52:02.585Z
0.2800983;open;2021-11-18T20:48:00Z;114;293;0;407;407;18944[Alte Oper];2021-11-18T20:52:02.585Z
0.03846154;open;2021-11-18T20:48:00Z;14;350;0;364;364;24281[Hauptbahnhof Süd];2021-11-18T20:52:02.585Z
0.50432634;open;2021-11-18T20:48:00Z;408;401;0;809;809;24279[Konstabler];2021-11-18T20:52:02.585Z
0.6596244;open;2021-11-18T20:48:00Z;281;145;0;426;426;18497[Hauptwache];2021-11-18T20:52:02.585Z
0.5117647;open;2021-11-18T20:48:00Z;348;332;0;680;680;18495[Am Gericht];2021-11-18T20:52:02.585Z
0.17633928;open;2021-11-18T20:48:00Z;158;738;70;966;896;109240[MyZeil];2021-11-18T20:52:02.585Z
0.5078864;open;2021-11-18T20:48:00Z;322;312;0;634;634;18494[Konrad-Adenauer-Straße];2021-11-18T20:52:02.585Z
0.37;open;2021-11-18T20:58:00Z;74;126;150;350;200;24276[Turmcenter];2021-11-18T21:02:01.441Z
0.2800983;open;2021-11-18T20:58:00Z;114;293;0;407;407;18944[Alte Oper];2021-11-18T21:02:01.441Z
0.032967035;open;2021-11-18T20:58:00Z;12;352;0;364;364;24281[Hauptbahnhof Süd];2021-11-18T21:02:01.441Z
0.4882571;open;2021-11-18T20:58:00Z;395;414;0;809;809;24279[Konstabler];2021-11-18T21:02:01.441Z
0.64788735;open;2021-11-18T20:58:00Z;276;150;0;426;426;18497[Hauptwache];2021-11-18T21:02:01.441Z
0.5088235;open;2021-11-18T20:58:00Z;346;334;0;680;680;18495[Am Gericht];2021-11-18T21:02:01.441Z
0.17522322;open;2021-11-18T20:58:00Z;157;739;70;966;896;109240[MyZeil];2021-11-18T21:02:01.441Z
0.50157726;open;2021-11-18T20:58:00Z;318;316;0;634;634;18494[Konrad-Adenauer-Straße];2021-11-18T21:02:01.441Z
0.335;open;2021-11-18T21:18:00Z;67;133;150;350;200;24276[Turmcenter];2021-11-18T21:22:02.728Z
0.25798526;open;2021-11-18T21:18:00Z;105;302;0;407;407;18944[Alte Oper];2021-11-18T21:22:02.728Z
0.03846154;open;2021-11-18T21:18:00Z;14;350;0;364;364;24281[Hauptbahnhof Süd];2021-11-18T21:22:02.728Z
0.4462299;open;2021-11-18T21:18:00Z;361;448;0;809;809;24279[Konstabler];2021-11-18T21:22:02.728Z
0.6197183;open;2021-11-18T21:18:00Z;264;162;0;426;426;18497[Hauptwache];2021-11-18T21:22:02.728Z
0.5029412;open;2021-11-18T21:18:00Z;342;338;0;680;680;18495[Am Gericht];2021-11-18T21:22:02.728Z
0.16629465;open;2021-11-18T21:18:00Z;149;747;70;966;896;109240[MyZeil];2021-11-18T21:22:02.728Z
0.49211356;open;2021-11-18T21:18:00Z;312;322;0;634;634;18494[Konrad-Adenauer-Straße];2021-11-18T21:22:02.728Z
0.32;open;2021-11-18T21:33:00Z;64;136;150;350;200;24276[Turmcenter];2021-11-18T21:37:01.220Z
0.23587224;open;2021-11-18T21:33:00Z;96;311;0;407;407;18944[Alte Oper];2021-11-18T21:37:01.220Z
0.032967035;open;2021-11-18T21:33:00Z;12;352;0;364;364;24281[Hauptbahnhof Süd];2021-11-18T21:37:01.220Z
0.41409147;open;2021-11-18T21:33:00Z;335;474;0;809;809;24279[Konstabler];2021-11-18T21:37:01.220Z
0.59624416;open;2021-11-18T21:33:00Z;254;172;0;426;426;18497[Hauptwache];2021-11-18T21:37:01.220Z
0.50147057;open;2021-11-18T21:33:00Z;341;339;0;680;680;18495[Am Gericht];2021-11-18T21:37:01.220Z
0.1640625;open;2021-11-18T21:33:00Z;147;749;70;966;896;109240[MyZeil];2021-11-18T21:37:01.220Z
0.47634068;open;2021-11-18T21:33:00Z;302;332;0;634;634;18494[Konrad-Adenauer-Straße];2021-11-18T21:37:01.220Z
0.315;open;2021-11-18T21:44:00Z;63;137;150;350;200;24276[Turmcenter];2021-11-18T21:47:01.207Z
0.21867321;open;2021-11-18T21:44:00Z;89;318;0;407;407;18944[Alte Oper];2021-11-18T21:47:01.207Z
0.032967035;open;2021-11-18T21:44:00Z;12;352;0;364;364;24281[Hauptbahnhof Süd];2021-11-18T21:47:01.207Z
0.40296662;open;2021-11-18T21:44:00Z;326;483;0;809;809;24279[Konstabler];2021-11-18T21:47:01.207Z
0.58215964;open;2021-11-18T21:44:00Z;248;178;0;426;426;18497[Hauptwache];2021-11-18T21:47:01.207Z
0.50147057;open;2021-11-18T21:44:00Z;341;339;0;680;680;18495[Am Gericht];2021-11-18T21:47:01.207Z
0.1640625;open;2021-11-18T21:44:00Z;147;749;70;966;896;109240[MyZeil];2021-11-18T21:47:01.207Z
0.46056783;open;2021-11-18T21:44:00Z;292;342;0;634;634;18494[Konrad-Adenauer-Straße];2021-11-18T21:47:01.207Z
0.305;open;2021-11-18T21:59:00Z;61;139;150;350;200;24276[Turmcenter];2021-11-18T22:02:02.425Z
0.2039312;open;2021-11-18T21:59:00Z;83;324;0;407;407;18944[Alte Oper];2021-11-18T22:02:02.425Z
0.032967035;open;2021-11-18T21:59:00Z;12;352;0;364;364;24281[Hauptbahnhof Süd];2021-11-18T22:02:02.425Z
0.3856613;open;2021-11-18T21:59:00Z;312;497;0;809;809;24279[Konstabler];2021-11-18T22:02:02.425Z
0.5610329;open;2021-11-18T21:59:00Z;239;187;0;426;426;18497[Hauptwache];2021-11-18T22:02:02.425Z
0.4985294;open;2021-11-18T21:59:00Z;339;341;0;680;680;18495[Am Gericht];2021-11-18T22:02:02.425Z
0.1484375;open;2021-11-18T21:59:00Z;133;763;70;966;896;109240[MyZeil];2021-11-18T22:02:02.425Z
0.44479495;open;2021-11-18T21:59:00Z;282;352;0;634;634;18494[Konrad-Adenauer-Straße];2021-11-18T22:02:02.425Z
0.255;open;2021-11-18T22:24:00Z;51;149;150;350;200;24276[Turmcenter];2021-11-18T22:27:01.761Z
0.17690417;open;2021-11-18T22:24:00Z;72;335;0;407;407;18944[Alte Oper];2021-11-18T22:27:01.761Z
0.021978023;open;2021-11-18T22:24:00Z;8;356;0;364;364;24281[Hauptbahnhof Süd];2021-11-18T22:27:01.761Z
0.35846725;open;2021-11-18T22:24:00Z;290;519;0;809;809;24279[Konstabler];2021-11-18T22:27:01.761Z
0.5375587;open;2021-11-18T22:24:00Z;229;197;0;426;426;18497[Hauptwache];2021-11-18T22:27:01.761Z
0.49411765;open;2021-11-18T22:24:00Z;336;344;0;680;680;18495[Am Gericht];2021-11-18T22:27:01.761Z
0.14285715;open;2021-11-18T22:24:00Z;128;768;70;966;896;109240[MyZeil];2021-11-18T22:27:01.761Z
0.4258675;open;2021-11-18T22:24:00Z;270;364;0;634;634;18494[Konrad-Adenauer-Straße];2021-11-18T22:27:01.761Z
0.25;open;2021-11-18T22:40:00Z;50;150;150;350;200;24276[Turmcenter];2021-11-18T22:42:01.057Z
0.16707617;open;2021-11-18T22:40:00Z;68;339;0;407;407;18944[Alte Oper];2021-11-18T22:42:01.057Z
0.024725275;open;2021-11-18T22:40:00Z;9;355;0;364;364;24281[Hauptbahnhof Süd];2021-11-18T22:42:01.057Z
0.3522868;open;2021-11-18T22:40:00Z;285;524;0;809;809;24279[Konstabler];2021-11-18T22:42:01.057Z
0.53051645;open;2021-11-18T22:40:00Z;226;200;0;426;426;18497[Hauptwache];2021-11-18T22:42:01.057Z
0.4970588;open;2021-11-18T22:40:00Z;338;342;0;680;680;18495[Am Gericht];2021-11-18T22:42:01.057Z
0.13839285;open;2021-11-18T22:40:00Z;124;772;70;966;896;109240[MyZeil];2021-11-18T22:42:01.057Z
0.42271292;open;2021-11-18T22:40:00Z;268;366;0;634;634;18494[Konrad-Adenauer-Straße];2021-11-18T22:42:01.057Z
0.21;open;2021-11-18T22:55:00Z;42;158;150;350;200;24276[Turmcenter];2021-11-18T22:57:00.746Z
0.15970516;open;2021-11-18T22:55:00Z;65;342;0;407;407;18944[Alte Oper];2021-11-18T22:57:00.746Z
0.01923077;open;2021-11-18T22:55:00Z;7;357;0;364;364;24281[Hauptbahnhof Süd];2021-11-18T22:57:00.746Z
0.3448702;open;2021-11-18T22:55:00Z;279;530;0;809;809;24279[Konstabler];2021-11-18T22:57:00.746Z
0.52816904;open;2021-11-18T22:55:00Z;225;201;0;426;426;18497[Hauptwache];2021-11-18T22:57:00.746Z
0.47205883;open;2021-11-18T22:55:00Z;321;359;0;680;680;18495[Am Gericht];2021-11-18T22:57:00.746Z
0.13616072;open;2021-11-18T22:55:00Z;122;774;70;966;896;109240[MyZeil];2021-11-18T22:57:00.746Z
0.42271292;open;2021-11-18T22:55:00Z;268;366;0;634;634;18494[Konrad-Adenauer-Straße];2021-11-18T22:57:00.746Z
0.165;open;2021-11-18T23:21:00Z;33;167;150;350;200;24276[Turmcenter];2021-11-18T23:22:02Z
0.14987715;open;2021-11-18T23:21:00Z;61;346;0;407;407;18944[Alte Oper];2021-11-18T23:22:02Z
0.016483517;open;2021-11-18T23:21:00Z;6;358;0;364;364;24281[Hauptbahnhof Süd];2021-11-18T23:22:02Z
0.32138443;open;2021-11-18T23:21:00Z;260;549;0;809;809;24279[Konstabler];2021-11-18T23:22:02Z
0.5117371;open;2021-11-18T23:21:00Z;218;208;0;426;426;18497[Hauptwache];2021-11-18T23:22:02Z
0;closed;2021-11-18T23:21:00Z;;359;0;0;0;18495[Am Gericht];2021-11-18T23:22:02Z
0.13058035;open;2021-11-18T23:21:00Z;117;779;70;966;896;109240[MyZeil];2021-11-18T23:22:02Z
0.4164038;open;2021-11-18T23:21:00Z;264;370;0;634;634;18494[Konrad-Adenauer-Straße];2021-11-18T23:22:02Z
0.155;open;2021-11-18T23:36:00Z;31;169;150;350;200;24276[Turmcenter];2021-11-18T23:37:02.988Z
0.14496315;open;2021-11-18T23:36:00Z;59;348;0;407;407;18944[Alte Oper];2021-11-18T23:37:02.988Z
0.016483517;open;2021-11-18T23:36:00Z;6;358;0;364;364;24281[Hauptbahnhof Süd];2021-11-18T23:37:02.988Z
0.31644005;open;2021-11-18T23:36:00Z;256;553;0;809;809;24279[Konstabler];2021-11-18T23:37:02.988Z
0.5070422;open;2021-11-18T23:36:00Z;216;210;0;426;426;18497[Hauptwache];2021-11-18T23:37:02.988Z
0;closed;2021-11-18T23:36:00Z;;359;0;0;0;18495[Am Gericht];2021-11-18T23:37:02.988Z
0.12946428;open;2021-11-18T23:36:00Z;116;780;70;966;896;109240[MyZeil];2021-11-18T23:37:02.988Z
0.40851736;open;2021-11-18T23:36:00Z;259;375;0;634;634;18494[Konrad-Adenauer-Straße];2021-11-18T23:37:02.988Z
0.16;open;2021-11-18T23:57:00Z;32;168;150;350;200;24276[Turmcenter];2021-11-19T00:02:02.523Z
0.14250614;open;2021-11-18T23:57:00Z;58;349;0;407;407;18944[Alte Oper];2021-11-19T00:02:02.523Z
0.016483517;open;2021-11-18T23:57:00Z;6;358;0;364;364;24281[Hauptbahnhof Süd];2021-11-19T00:02:02.523Z
0.3077874;open;2021-11-18T23:57:00Z;249;560;0;809;809;24279[Konstabler];2021-11-19T00:02:02.523Z
0.5046948;open;2021-11-18T23:57:00Z;215;211;0;426;426;18497[Hauptwache];2021-11-19T00:02:02.523Z
0;closed;2021-11-18T23:57:00Z;;359;0;0;0;18495[Am Gericht];2021-11-19T00:02:02.523Z
0.12834822;open;2021-11-18T23:57:00Z;115;781;70;966;896;109240[MyZeil];2021-11-19T00:02:02.523Z
0.41167194;open;2021-11-18T23:57:00Z;261;373;0;634;634;18494[Konrad-Adenauer-Straße];2021-11-19T00:02:02.523Z
0.16;open;2021-11-19T01:07:00Z;32;168;150;350;200;24276[Turmcenter];2021-11-19T01:12:02.728Z
0.13267814;open;2021-11-19T01:07:00Z;54;353;0;407;407;18944[Alte Oper];2021-11-19T01:12:02.728Z
0.016483517;open;2021-11-19T01:07:00Z;6;358;0;364;364;24281[Hauptbahnhof Süd];2021-11-19T01:12:02.728Z
0.29666254;open;2021-11-19T01:07:00Z;240;569;0;809;809;24279[Konstabler];2021-11-19T01:12:02.728Z
0.4976526;open;2021-11-19T01:07:00Z;212;214;0;426;426;18497[Hauptwache];2021-11-19T01:12:02.728Z
0;closed;2021-11-19T01:07:00Z;;359;0;0;0;18495[Am Gericht];2021-11-19T01:12:02.728Z
0.12834822;open;2021-11-19T01:07:00Z;115;781;70;966;896;109240[MyZeil];2021-11-19T01:12:02.728Z
0.41167194;open;2021-11-19T01:07:00Z;261;373;0;634;634;18494[Konrad-Adenauer-Straße];2021-11-19T01:12:02.728Z
0.16;open;2021-11-19T02:08:00Z;32;168;150;350;200;24276[Turmcenter];2021-11-19T02:12:01.588Z
0.13267814;open;2021-11-19T02:08:00Z;54;353;0;407;407;18944[Alte Oper];2021-11-19T02:12:01.588Z
0.016483517;open;2021-11-19T02:08:00Z;6;358;0;364;364;24281[Hauptbahnhof Süd];2021-11-19T02:12:01.588Z
0.2867738;open;2021-11-19T02:08:00Z;232;577;0;809;809;24279[Konstabler];2021-11-19T02:12:01.588Z
0.49530515;open;2021-11-19T02:08:00Z;211;215;0;426;426;18497[Hauptwache];2021-11-19T02:12:01.588Z
0;closed;2021-11-19T02:08:00Z;;359;0;0;0;18495[Am Gericht];2021-11-19T02:12:01.588Z
0.12834822;open;2021-11-19T02:08:00Z;115;781;70;966;896;109240[MyZeil];2021-11-19T02:12:01.588Z
0.41324922;open;2021-11-19T02:08:00Z;262;372;0;634;634;18494[Konrad-Adenauer-Straße];2021-11-19T02:12:01.588Z
0.16;open;2021-11-19T02:39:00Z;32;168;150;350;200;24276[Turmcenter];2021-11-19T02:42:02.502Z
0.13267814;open;2021-11-19T02:39:00Z;54;353;0;407;407;18944[Alte Oper];2021-11-19T02:42:02.502Z
0.016483517;open;2021-11-19T02:39:00Z;6;358;0;364;364;24281[Hauptbahnhof Süd];2021-11-19T02:42:02.502Z
0.28059334;open;2021-11-19T02:39:00Z;227;582;0;809;809;24279[Konstabler];2021-11-19T02:42:02.502Z
0.49530515;open;2021-11-19T02:39:00Z;211;215;0;426;426;18497[Hauptwache];2021-11-19T02:42:02.502Z
0;closed;2021-11-19T02:39:00Z;;359;0;0;0;18495[Am Gericht];2021-11-19T02:42:02.502Z
0.4164038;open;2021-11-19T02:39:00Z;264;370;0;634;634;18494[Konrad-Adenauer-Straße];2021-11-19T02:42:02.502Z
0.16;open;2021-11-19T02:54:00Z;32;168;150;350;200;24276[Turmcenter];2021-11-19T02:57:01.583Z
0.13267814;open;2021-11-19T02:54:00Z;54;353;0;407;407;18944[Alte Oper];2021-11-19T02:57:01.583Z
0.016483517;open;2021-11-19T02:54:00Z;6;358;0;364;364;24281[Hauptbahnhof Süd];2021-11-19T02:57:01.583Z
0.28182942;open;2021-11-19T02:54:00Z;228;581;0;809;809;24279[Konstabler];2021-11-19T02:57:01.583Z
0.49530515;open;2021-11-19T02:54:00Z;211;215;0;426;426;18497[Hauptwache];2021-11-19T02:57:01.583Z
0;closed;2021-11-19T02:54:00Z;;359;0;0;0;18495[Am Gericht];2021-11-19T02:57:01.583Z
0.12834822;open;2021-11-19T02:54:00Z;115;781;70;966;896;109240[MyZeil];2021-11-19T02:57:01.583Z
0.4164038;open;2021-11-19T02:54:00Z;264;370;0;634;634;18494[Konrad-Adenauer-Straße];2021-11-19T02:57:01.583Z
0.16;open;2021-11-19T03:24:00Z;32;168;150;350;200;24276[Turmcenter];2021-11-19T03:27:01.615Z
0.13267814;open;2021-11-19T03:24:00Z;54;353;0;407;407;18944[Alte Oper];2021-11-19T03:27:01.615Z
0.016483517;open;2021-11-19T03:24:00Z;6;358;0;364;364;24281[Hauptbahnhof Süd];2021-11-19T03:27:01.615Z
0.27935722;open;2021-11-19T03:24:00Z;226;583;0;809;809;24279[Konstabler];2021-11-19T03:27:01.615Z
0.49530515;open;2021-11-19T03:24:00Z;211;215;0;426;426;18497[Hauptwache];2021-11-19T03:27:01.615Z
0;closed;2021-11-19T03:24:00Z;;;0;0;0;18495[Am Gericht];2021-11-19T03:27:01.615Z
0.12834822;open;2021-11-19T03:24:00Z;115;781;70;966;896;109240[MyZeil];2021-11-19T03:27:01.615Z
0.41955835;open;2021-11-19T03:24:00Z;266;368;0;634;634;18494[Konrad-Adenauer-Straße];2021-11-19T03:27:01.615Z
0.16;open;2021-11-19T03:44:00Z;32;168;150;350;200;24276[Turmcenter];2021-11-19T03:47:01.825Z
0.13267814;open;2021-11-19T03:44:00Z;54;353;0;407;407;18944[Alte Oper];2021-11-19T03:47:01.825Z
0.01923077;open;2021-11-19T03:44:00Z;7;357;0;364;364;24281[Hauptbahnhof Süd];2021-11-19T03:47:01.825Z
0.27688503;open;2021-11-19T03:44:00Z;224;585;0;809;809;24279[Konstabler];2021-11-19T03:47:01.825Z
0.49530515;open;2021-11-19T03:44:00Z;211;215;0;426;426;18497[Hauptwache];2021-11-19T03:47:01.825Z
0;closed;2021-11-19T03:44:00Z;;;0;0;0;18495[Am Gericht];2021-11-19T03:47:01.825Z
0.12834822;open;2021-11-19T03:44:00Z;115;781;70;966;896;109240[MyZeil];2021-11-19T03:47:01.825Z
0.42113563;open;2021-11-19T03:44:00Z;267;367;0;634;634;18494[Konrad-Adenauer-Straße];2021-11-19T03:47:01.825Z
0.165;open;2021-11-19T03:59:00Z;33;167;150;350;200;24276[Turmcenter];2021-11-19T04:02:02.216Z
0.13267814;open;2021-11-19T03:59:00Z;54;353;0;407;407;18944[Alte Oper];2021-11-19T04:02:02.216Z
0.01923077;open;2021-11-19T03:59:00Z;7;357;0;364;364;24281[Hauptbahnhof Süd];2021-11-19T04:02:02.216Z
0.27317676;open;2021-11-19T03:59:00Z;221;588;0;809;809;24279[Konstabler];2021-11-19T04:02:02.216Z
0.49530515;open;2021-11-19T03:59:00Z;211;215;0;426;426;18497[Hauptwache];2021-11-19T04:02:02.216Z
0;closed;2021-11-19T03:59:00Z;;;0;0;0;18495[Am Gericht];2021-11-19T04:02:02.216Z
0.12834822;open;2021-11-19T03:59:00Z;115;781;70;966;896;109240[MyZeil];2021-11-19T04:02:02.216Z
0.41955835;open;2021-11-19T03:59:00Z;266;368;0;634;634;18494[Konrad-Adenauer-Straße];2021-11-19T04:02:02.216Z
0.165;open;2021-11-19T04:29:00Z;33;167;150;350;200;24276[Turmcenter];2021-11-19T04:32:01.292Z
0.13267814;open;2021-11-19T04:29:00Z;54;353;0;407;407;18944[Alte Oper];2021-11-19T04:32:01.292Z
0.021978023;open;2021-11-19T04:29:00Z;8;356;0;364;364;24281[Hauptbahnhof Süd];2021-11-19T04:32:01.292Z
0.2694685;open;2021-11-19T04:29:00Z;218;591;0;809;809;24279[Konstabler];2021-11-19T04:32:01.292Z
0.49530515;open;2021-11-19T04:29:00Z;211;215;0;426;426;18497[Hauptwache];2021-11-19T04:32:01.292Z
0;closed;2021-11-19T04:29:00Z;;;0;0;0;18495[Am Gericht];2021-11-19T04:32:01.292Z
0.13053349;open;2021-11-19T04:29:00Z;115;766;70;951;881;109240[MyZeil];2021-11-19T04:32:01.292Z
0.42271292;open;2021-11-19T04:29:00Z;268;366;0;634;634;18494[Konrad-Adenauer-Straße];2021-11-19T04:32:01.292Z
0.165;open;2021-11-19T04:49:00Z;33;167;150;350;200;24276[Turmcenter];2021-11-19T04:52:02.598Z
0.13022113;open;2021-11-19T04:49:00Z;53;354;0;407;407;18944[Alte Oper];2021-11-19T04:52:02.598Z
0.041208792;open;2021-11-19T04:49:00Z;15;349;0;364;364;24281[Hauptbahnhof Süd];2021-11-19T04:52:02.598Z
0.2669963;open;2021-11-19T04:49:00Z;216;593;0;809;809;24279[Konstabler];2021-11-19T04:52:02.598Z
0.49530515;open;2021-11-19T04:49:00Z;211;215;0;426;426;18497[Hauptwache];2021-11-19T04:52:02.598Z
0;closed;2021-11-19T04:49:00Z;;;0;0;0;18495[Am Gericht];2021-11-19T04:52:02.598Z
0.13280363;open;2021-11-19T04:49:00Z;117;764;70;951;881;109240[MyZeil];2021-11-19T04:52:02.598Z
0.4258675;open;2021-11-19T04:49:00Z;270;364;0;634;634;18494[Konrad-Adenauer-Straße];2021-11-19T04:52:02.598Z
0.22;open;2021-11-19T05:19:00Z;33;117;200;350;150;24276[Turmcenter];2021-11-19T05:22:00.189Z
0.13267814;open;2021-11-19T05:19:00Z;54;353;0;407;407;18944[Alte Oper];2021-11-19T05:22:00.189Z
0.07692308;open;2021-11-19T05:19:00Z;28;336;0;364;364;24281[Hauptbahnhof Süd];2021-11-19T05:22:00.189Z
0.27070457;open;2021-11-19T05:19:00Z;219;590;0;809;809;24279[Konstabler];2021-11-19T05:22:00.189Z
0.4976526;open;2021-11-19T05:19:00Z;212;214;0;426;426;18497[Hauptwache];2021-11-19T05:22:00.189Z
0.45441177;open;2021-11-19T05:19:00Z;309;371;0;680;680;18495[Am Gericht];2021-11-19T05:22:00.189Z
0.13507378;open;2021-11-19T05:19:00Z;119;762;70;951;881;109240[MyZeil];2021-11-19T05:22:00.189Z
0.42902207;open;2021-11-19T05:19:00Z;272;362;0;634;634;18494[Konrad-Adenauer-Straße];2021-11-19T05:22:00.189Z
0.22;open;2021-11-19T05:29:00Z;33;117;200;350;150;24276[Turmcenter];2021-11-19T05:32:00.984Z
0.13513513;open;2021-11-19T05:29:00Z;55;352;0;407;407;18944[Alte Oper];2021-11-19T05:32:00.984Z
0.093406595;open;2021-11-19T05:29:00Z;34;330;0;364;364;24281[Hauptbahnhof Süd];2021-11-19T05:32:00.984Z
0.27070457;open;2021-11-19T05:29:00Z;219;590;0;809;809;24279[Konstabler];2021-11-19T05:32:00.984Z
0.49530515;open;2021-11-19T05:29:00Z;211;215;0;426;426;18497[Hauptwache];2021-11-19T05:32:00.984Z
0.45882353;open;2021-11-19T05:29:00Z;312;368;0;680;680;18495[Am Gericht];2021-11-19T05:32:00.984Z
0.13507378;open;2021-11-19T05:29:00Z;119;762;70;951;881;109240[MyZeil];2021-11-19T05:32:00.984Z
0.43217665;open;2021-11-19T05:29:00Z;274;360;0;634;634;18494[Konrad-Adenauer-Straße];2021-11-19T05:32:00.984Z
0.22;open;2021-11-19T05:40:00Z;33;117;200;350;150;24276[Turmcenter];2021-11-19T05:42:01.886Z
0.13759214;open;2021-11-19T05:40:00Z;56;351;0;407;407;18944[Alte Oper];2021-11-19T05:42:01.886Z
0.104395606;open;2021-11-19T05:40:00Z;38;326;0;364;364;24281[Hauptbahnhof Süd];2021-11-19T05:42:01.886Z
0.27317676;open;2021-11-19T05:40:00Z;221;588;0;809;809;24279[Konstabler];2021-11-19T05:42:01.886Z
0.49530515;open;2021-11-19T05:40:00Z;211;215;0;426;426;18497[Hauptwache];2021-11-19T05:42:01.886Z
0.4617647;open;2021-11-19T05:40:00Z;314;366;0;680;680;18495[Am Gericht];2021-11-19T05:42:01.886Z
0.13507378;open;2021-11-19T05:40:00Z;119;762;70;951;881;109240[MyZeil];2021-11-19T05:42:01.886Z
0.43533123;open;2021-11-19T05:40:00Z;276;358;0;634;634;18494[Konrad-Adenauer-Straße];2021-11-19T05:42:01.886Z
0.22666667;open;2021-11-19T06:00:00Z;34;116;200;350;150;24276[Turmcenter];2021-11-19T06:02:00.649Z
0.14250614;open;2021-11-19T06:00:00Z;58;349;0;407;407;18944[Alte Oper];2021-11-19T06:02:00.649Z
0.11813187;open;2021-11-19T06:00:00Z;43;321;0;364;364;24281[Hauptbahnhof Süd];2021-11-19T06:02:00.649Z
0.27935722;open;2021-11-19T06:00:00Z;226;583;0;809;809;24279[Konstabler];2021-11-19T06:02:00.649Z
0.5;open;2021-11-19T06:00:00Z;213;213;0;426;426;18497[Hauptwache];2021-11-19T06:02:00.649Z
0.46764705;open;2021-11-19T06:00:00Z;318;362;0;680;680;18495[Am Gericht];2021-11-19T06:02:00.649Z
0.13507378;open;2021-11-19T06:00:00Z;119;762;70;951;881;109240[MyZeil];2021-11-19T06:02:00.649Z
0.4400631;open;2021-11-19T06:00:00Z;279;355;0;634;634;18494[Konrad-Adenauer-Straße];2021-11-19T06:02:00.649Z
0.27333334;open;2021-11-19T06:25:00Z;41;109;200;350;150;24276[Turmcenter];2021-11-19T06:27:00.700Z
0.15479116;open;2021-11-19T06:25:00Z;63;344;0;407;407;18944[Alte Oper];2021-11-19T06:27:00.700Z
0.13736264;open;2021-11-19T06:25:00Z;50;314;0;364;364;24281[Hauptbahnhof Süd];2021-11-19T06:27:00.700Z
0.27688503;open;2021-11-19T06:25:00Z;224;585;0;809;809;24279[Konstabler];2021-11-19T06:27:00.700Z
0.5093897;open;2021-11-19T06:25:00Z;217;209;0;426;426;18497[Hauptwache];2021-11-19T06:27:00.700Z
0.4779412;open;2021-11-19T06:25:00Z;325;355;0;680;680;18495[Am Gericht];2021-11-19T06:27:00.700Z
0.44164038;open;2021-11-19T06:25:00Z;280;354;0;634;634;18494[Konrad-Adenauer-Straße];2021-11-19T06:27:00.700Z
0.32666665;open;2021-11-19T06:50:00Z;49;101;200;350;150;24276[Turmcenter];2021-11-19T06:52:00.101Z
0.16461916;open;2021-11-19T06:50:00Z;67;340;0;407;407;18944[Alte Oper];2021-11-19T06:52:00.101Z
0.18681319;open;2021-11-19T06:50:00Z;68;296;0;364;364;24281[Hauptbahnhof Süd];2021-11-19T06:52:00.101Z
0.27812114;open;2021-11-19T06:50:00Z;225;584;0;809;809;24279[Konstabler];2021-11-19T06:52:00.101Z
0.53051645;open;2021-11-19T06:50:00Z;226;200;0;426;426;18497[Hauptwache];2021-11-19T06:52:00.101Z
0.5058824;open;2021-11-19T06:50:00Z;344;336;0;680;680;18495[Am Gericht];2021-11-19T06:52:00.101Z
0.14074914;open;2021-11-19T06:50:00Z;124;757;70;951;881;109240[MyZeil];2021-11-19T06:52:00.101Z
0.44794953;open;2021-11-19T06:50:00Z;284;350;0;634;634;18494[Konrad-Adenauer-Straße];2021-11-19T06:52:00.101Z
0.34666666;open;2021-11-19T06:55:00Z;52;98;200;350;150;24276[Turmcenter];2021-11-19T06:57:02.636Z
0.16707617;open;2021-11-19T06:55:00Z;68;339;0;407;407;18944[Alte Oper];2021-11-19T06:57:02.636Z
0.18681319;open;2021-11-19T06:55:00Z;68;296;0;364;364;24281[Hauptbahnhof Süd];2021-11-19T06:57:02.636Z
0.28306553;open;2021-11-19T06:55:00Z;229;580;0;809;809;24279[Konstabler];2021-11-19T06:57:02.636Z
0.53521127;open;2021-11-19T06:55:00Z;228;198;0;426;426;18497[Hauptwache];2021-11-19T06:57:02.636Z
0.5132353;open;2021-11-19T06:55:00Z;349;331;0;680;680;18495[Am Gericht];2021-11-19T06:57:02.636Z
0.14074914;open;2021-11-19T06:55:00Z;124;757;70;951;881;109240[MyZeil];2021-11-19T06:57:02.636Z
0.45425868;open;2021-11-19T06:55:00Z;288;346;0;634;634;18494[Konrad-Adenauer-Straße];2021-11-19T06:57:02.636Z
0.56;open;2021-11-19T07:25:00Z;84;66;200;350;150;24276[Turmcenter];2021-11-19T07:27:02.044Z
0.2113022;open;2021-11-19T07:25:00Z;86;321;0;407;407;18944[Alte Oper];2021-11-19T07:27:02.044Z
0.23076923;open;2021-11-19T07:25:00Z;84;280;0;364;364;24281[Hauptbahnhof Süd];2021-11-19T07:27:02.044Z
0.30160692;open;2021-11-19T07:25:00Z;244;565;0;809;809;24279[Konstabler];2021-11-19T07:27:02.044Z
0.6056338;open;2021-11-19T07:25:00Z;258;168;0;426;426;18497[Hauptwache];2021-11-19T07:27:02.044Z
0.5764706;open;2021-11-19T07:25:00Z;392;288;0;680;680;18495[Am Gericht];2021-11-19T07:27:02.044Z
0.14415437;open;2021-11-19T07:25:00Z;127;754;70;951;881;109240[MyZeil];2021-11-19T07:27:02.044Z
0.4873817;open;2021-11-19T07:25:00Z;309;325;0;634;634;18494[Konrad-Adenauer-Straße];2021-11-19T07:27:02.044Z
0.6666667;open;2021-11-19T07:41:00Z;100;50;200;350;150;24276[Turmcenter];2021-11-19T07:42:00.516Z
0.25307125;open;2021-11-19T07:41:00Z;103;304;0;407;407;18944[Alte Oper];2021-11-19T07:42:00.516Z
0.25274727;open;2021-11-19T07:41:00Z;92;272;0;364;364;24281[Hauptbahnhof Süd];2021-11-19T07:42:00.516Z
0.31149566;open;2021-11-19T07:41:00Z;252;557;0;809;809;24279[Konstabler];2021-11-19T07:42:00.516Z
0.63849765;open;2021-11-19T07:41:00Z;272;154;0;426;426;18497[Hauptwache];2021-11-19T07:42:00.516Z
0.6014706;open;2021-11-19T07:41:00Z;409;271;0;680;680;18495[Am Gericht];2021-11-19T07:42:00.516Z
0.14982975;open;2021-11-19T07:41:00Z;132;749;70;951;881;109240[MyZeil];2021-11-19T07:42:00.516Z
0.48895898;open;2021-11-19T07:41:00Z;310;324;0;634;634;18494[Konrad-Adenauer-Straße];2021-11-19T07:42:00.516Z
0.7;open;2021-11-19T07:50:00Z;105;45;200;350;150;24276[Turmcenter];2021-11-19T07:52:02.583Z
0.27027026;open;2021-11-19T07:50:00Z;110;297;0;407;407;18944[Alte Oper];2021-11-19T07:52:02.583Z
0.27197802;open;2021-11-19T07:50:00Z;99;265;0;364;364;24281[Hauptbahnhof Süd];2021-11-19T07:52:02.583Z
0.3263288;open;2021-11-19T07:50:00Z;264;545;0;809;809;24279[Konstabler];2021-11-19T07:52:02.583Z
0.65258217;open;2021-11-19T07:50:00Z;278;148;0;426;426;18497[Hauptwache];2021-11-19T07:52:02.583Z
0.62058824;open;2021-11-19T07:50:00Z;422;258;0;680;680;18495[Am Gericht];2021-11-19T07:52:02.583Z
0.1555051;open;2021-11-19T07:50:00Z;137;744;70;951;881;109240[MyZeil];2021-11-19T07:52:02.583Z
0.49684542;open;2021-11-19T07:50:00Z;315;319;0;634;634;18494[Konrad-Adenauer-Straße];2021-11-19T07:52:02.583Z
0.8;open;2021-11-19T08:01:00Z;120;30;200;350;150;24276[Turmcenter];2021-11-19T08:02:02.501Z
0.27764127;open;2021-11-19T08:01:00Z;113;294;0;407;407;18944[Alte Oper];2021-11-19T08:02:02.501Z
0.2802198;open;2021-11-19T08:01:00Z;102;262;0;364;364;24281[Hauptbahnhof Süd];2021-11-19T08:02:02.501Z
0.33868974;open;2021-11-19T08:01:00Z;274;535;0;809;809;24279[Konstabler];2021-11-19T08:02:02.501Z
0.657277;open;2021-11-19T08:01:00Z;280;146;0;426;426;18497[Hauptwache];2021-11-19T08:02:02.501Z
0.64411765;open;2021-11-19T08:01:00Z;438;242;0;680;680;18495[Am Gericht];2021-11-19T08:02:02.501Z
0.1600454;open;2021-11-19T08:01:00Z;141;740;70;951;881;109240[MyZeil];2021-11-19T08:02:02.501Z
0.49684542;open;2021-11-19T08:01:00Z;315;319;0;634;634;18494[Konrad-Adenauer-Straße];2021-11-19T08:02:02.501Z
0.91333336;open;2021-11-19T08:31:00Z;137;13;200;350;150;24276[Turmcenter];2021-11-19T08:32:01.172Z
0.31695333;open;2021-11-19T08:31:00Z;129;278;0;407;407;18944[Alte Oper];2021-11-19T08:32:01.172Z
0.31318682;open;2021-11-19T08:31:00Z;114;250;0;364;364;24281[Hauptbahnhof Süd];2021-11-19T08:32:01.172Z
0.3831891;open;2021-11-19T08:31:00Z;310;499;0;809;809;24279[Konstabler];2021-11-19T08:32:01.172Z
0.7206573;open;2021-11-19T08:31:00Z;307;119;0;426;426;18497[Hauptwache];2021-11-19T08:32:01.172Z
0.69558823;open;2021-11-19T08:31:00Z;473;207;0;680;680;18495[Am Gericht];2021-11-19T08:32:01.172Z
0.17253122;open;2021-11-19T08:31:00Z;152;729;70;951;881;109240[MyZeil];2021-11-19T08:32:01.172Z
0.51892745;open;2021-11-19T08:31:00Z;329;305;0;634;634;18494[Konrad-Adenauer-Straße];2021-11-19T08:32:01.172Z
0.98;open;2021-11-19T08:46:00Z;147;3;200;350;150;24276[Turmcenter];2021-11-19T08:47:02.860Z
0.33415234;open;2021-11-19T08:46:00Z;136;271;0;407;407;18944[Alte Oper];2021-11-19T08:47:02.860Z
0.31868133;open;2021-11-19T08:46:00Z;116;248;0;364;364;24281[Hauptbahnhof Süd];2021-11-19T08:47:02.860Z
0.4054388;open;2021-11-19T08:46:00Z;328;481;0;809;809;24279[Konstabler];2021-11-19T08:47:02.860Z
0.75352114;open;2021-11-19T08:46:00Z;321;105;0;426;426;18497[Hauptwache];2021-11-19T08:47:02.860Z
0.7088235;open;2021-11-19T08:46:00Z;482;198;0;680;680;18495[Am Gericht];2021-11-19T08:47:02.860Z
0.17934166;open;2021-11-19T08:46:00Z;158;723;70;951;881;109240[MyZeil];2021-11-19T08:47:02.860Z
0.52996844;open;2021-11-19T08:46:00Z;336;298;0;634;634;18494[Konrad-Adenauer-Straße];2021-11-19T08:47:02.860Z
1;open;2021-11-19T08:56:00Z;150;0;200;350;150;24276[Turmcenter];2021-11-19T08:57:02.043Z
0.3783784;open;2021-11-19T08:56:00Z;154;253;0;407;407;18944[Alte Oper];2021-11-19T08:57:02.043Z
0.32692307;open;2021-11-19T08:56:00Z;119;245;0;364;364;24281[Hauptbahnhof Süd];2021-11-19T08:57:02.043Z
0.4437577;open;2021-11-19T08:56:00Z;359;450;0;809;809;24279[Konstabler];2021-11-19T08:57:02.043Z
0.7605634;open;2021-11-19T08:56:00Z;324;102;0;426;426;18497[Hauptwache];2021-11-19T08:57:02.043Z
0.7352941;open;2021-11-19T08:56:00Z;500;180;0;680;680;18495[Am Gericht];2021-11-19T08:57:02.043Z
0.19750284;open;2021-11-19T08:56:00Z;174;707;70;951;881;109240[MyZeil];2021-11-19T08:57:02.043Z
0.53943217;open;2021-11-19T08:56:00Z;342;292;0;634;634;18494[Konrad-Adenauer-Straße];2021-11-19T08:57:02.043Z
1;open;2021-11-19T09:21:00Z;150;0;200;350;150;24276[Turmcenter];2021-11-19T09:22:01.813Z
0.4152334;open;2021-11-19T09:21:00Z;169;238;0;407;407;18944[Alte Oper];2021-11-19T09:22:01.813Z
0.34615386;open;2021-11-19T09:21:00Z;126;238;0;364;364;24281[Hauptbahnhof Süd];2021-11-19T09:22:01.813Z
0.48454884;open;2021-11-19T09:21:00Z;392;417;0;809;809;24279[Konstabler];2021-11-19T09:22:01.813Z
0.81220657;open;2021-11-19T09:21:00Z;346;80;0;426;426;18497[Hauptwache];2021-11-19T09:22:01.813Z
0.7735294;open;2021-11-19T09:21:00Z;526;154;0;680;680;18495[Am Gericht];2021-11-19T09:22:01.813Z
0.2247446;open;2021-11-19T09:21:00Z;198;683;70;951;881;109240[MyZeil];2021-11-19T09:22:01.813Z
0.5646688;open;2021-11-19T09:21:00Z;358;276;0;634;634;18494[Konrad-Adenauer-Straße];2021-11-19T09:22:01.813Z
1;open;2021-11-19T09:36:00Z;150;0;200;350;150;24276[Turmcenter];2021-11-19T09:37:02.146Z
0.45208845;open;2021-11-19T09:36:00Z;184;223;0;407;407;18944[Alte Oper];2021-11-19T09:37:02.146Z
0.35714287;open;2021-11-19T09:36:00Z;130;234;0;364;364;24281[Hauptbahnhof Süd];2021-11-19T09:37:02.146Z
0.51792336;open;2021-11-19T09:36:00Z;419;390;0;809;809;24279[Konstabler];2021-11-19T09:37:02.146Z
0.8403756;open;2021-11-19T09:36:00Z;358;68;0;426;426;18497[Hauptwache];2021-11-19T09:37:02.146Z
0.80735296;open;2021-11-19T09:36:00Z;549;131;0;680;680;18495[Am Gericht];2021-11-19T09:37:02.146Z
0.23723042;open;2021-11-19T09:36:00Z;209;672;70;951;881;109240[MyZeil];2021-11-19T09:37:02.146Z
0.5741325;open;2021-11-19T09:36:00Z;364;270;0;634;634;18494[Konrad-Adenauer-Straße];2021-11-19T09:37:02.146Z
1;open;2021-11-19T09:56:00Z;150;0;200;350;150;24276[Turmcenter];2021-11-19T10:02:00.729Z
0.4963145;open;2021-11-19T09:56:00Z;202;205;0;407;407;18944[Alte Oper];2021-11-19T10:02:00.729Z
0.35714287;open;2021-11-19T09:56:00Z;130;234;0;364;364;24281[Hauptbahnhof Süd];2021-11-19T10:02:00.729Z
0.578492;open;2021-11-19T09:56:00Z;468;341;0;809;809;24279[Konstabler];2021-11-19T10:02:00.729Z
0.91784036;open;2021-11-19T09:56:00Z;391;35;0;426;426;18497[Hauptwache];2021-11-19T10:02:00.729Z
0.84411764;open;2021-11-19T09:56:00Z;574;106;0;680;680;18495[Am Gericht];2021-11-19T10:02:00.729Z
0.2508513;open;2021-11-19T09:56:00Z;221;660;70;951;881;109240[MyZeil];2021-11-19T10:02:00.729Z
0.5899054;open;2021-11-19T09:56:00Z;374;260;0;634;634;18494[Konrad-Adenauer-Straße];2021-11-19T10:02:00.729Z
1;open;2021-11-19T10:22:00Z;150;0;200;350;150;24276[Turmcenter];2021-11-19T10:27:02.626Z
0.53071254;open;2021-11-19T10:22:00Z;216;191;0;407;407;18944[Alte Oper];2021-11-19T10:27:02.626Z
0.36263737;open;2021-11-19T10:22:00Z;132;232;0;364;364;24281[Hauptbahnhof Süd];2021-11-19T10:27:02.626Z
0.6143387;open;2021-11-19T10:22:00Z;497;312;0;809;809;24279[Konstabler];2021-11-19T10:27:02.626Z
1;open;2021-11-19T10:22:00Z;426;0;0;426;426;18497[Hauptwache];2021-11-19T10:27:02.626Z
0.8352941;open;2021-11-19T10:22:00Z;568;112;0;680;680;18495[Am Gericht];2021-11-19T10:27:02.626Z
0.2644722;open;2021-11-19T10:22:00Z;233;648;70;951;881;109240[MyZeil];2021-11-19T10:27:02.626Z
0.6230284;open;2021-11-19T10:22:00Z;395;239;0;634;634;18494[Konrad-Adenauer-Straße];2021-11-19T10:27:02.626Z
1;open;2021-11-19T10:37:00Z;150;0;200;350;150;24276[Turmcenter];2021-11-19T10:42:01.227Z
0.55282557;open;2021-11-19T10:37:00Z;225;182;0;407;407;18944[Alte Oper];2021-11-19T10:42:01.227Z
0.35714287;open;2021-11-19T10:37:00Z;130;234;0;364;364;24281[Hauptbahnhof Süd];2021-11-19T10:42:01.227Z
0.6304079;open;2021-11-19T10:37:00Z;510;299;0;809;809;24279[Konstabler];2021-11-19T10:42:01.227Z
0.9976526;open;2021-11-19T10:37:00Z;425;1;0;426;426;18497[Hauptwache];2021-11-19T10:42:01.227Z
0.81911767;open;2021-11-19T10:37:00Z;557;123;0;680;680;18495[Am Gericht];2021-11-19T10:42:01.227Z
0.27355278;open;2021-11-19T10:37:00Z;241;640;70;951;881;109240[MyZeil];2021-11-19T10:42:01.227Z
0.6340694;open;2021-11-19T10:37:00Z;402;232;0;634;634;18494[Konrad-Adenauer-Straße];2021-11-19T10:42:01.227Z
1;open;2021-11-19T10:52:00Z;150;0;200;350;150;24276[Turmcenter];2021-11-19T10:57:02.728Z
0.5921376;open;2021-11-19T10:52:00Z;241;166;0;407;407;18944[Alte Oper];2021-11-19T10:57:02.728Z
0.36263737;open;2021-11-19T10:52:00Z;132;232;0;364;364;24281[Hauptbahnhof Süd];2021-11-19T10:57:02.728Z
0.66625464;open;2021-11-19T10:52:00Z;539;270;0;809;809;24279[Konstabler];2021-11-19T10:57:02.728Z
1;open;2021-11-19T10:52:00Z;426;0;0;426;426;18497[Hauptwache];2021-11-19T10:57:02.728Z
0.8029412;open;2021-11-19T10:52:00Z;546;134;0;680;680;18495[Am Gericht];2021-11-19T10:57:02.728Z
0.276958;open;2021-11-19T10:52:00Z;244;637;70;951;881;109240[MyZeil];2021-11-19T10:57:02.728Z
0.6466877;open;2021-11-19T10:52:00Z;410;224;0;634;634;18494[Konrad-Adenauer-Straße];2021-11-19T10:57:02.728Z
1;open;2021-11-19T11:17:00Z;150;0;200;350;150;24276[Turmcenter];2021-11-19T11:22:01.922Z
0.6093366;open;2021-11-19T11:17:00Z;248;159;0;407;407;18944[Alte Oper];2021-11-19T11:22:01.922Z
0.33241758;open;2021-11-19T11:17:00Z;121;243;0;364;364;24281[Hauptbahnhof Süd];2021-11-19T11:22:01.922Z
0.6773795;open;2021-11-19T11:17:00Z;548;261;0;809;809;24279[Konstabler];2021-11-19T11:22:01.922Z
1;open;2021-11-19T11:17:00Z;426;0;0;426;426;18497[Hauptwache];2021-11-19T11:22:01.922Z
0.79558825;open;2021-11-19T11:17:00Z;541;139;0;680;680;18495[Am Gericht];2021-11-19T11:22:01.922Z
0.28830874;open;2021-11-19T11:17:00Z;254;627;70;951;881;109240[MyZeil];2021-11-19T11:22:01.922Z
0.6356467;open;2021-11-19T11:17:00Z;403;231;0;634;634;18494[Konrad-Adenauer-Straße];2021-11-19T11:22:01.922Z
1;open;2021-11-19T11:27:00Z;150;0;200;350;150;24276[Turmcenter];2021-11-19T11:32:00.324Z
0.63144964;open;2021-11-19T11:27:00Z;257;150;0;407;407;18944[Alte Oper];2021-11-19T11:32:00.324Z
0.31318682;open;2021-11-19T11:27:00Z;114;250;0;364;364;24281[Hauptbahnhof Süd];2021-11-19T11:32:00.324Z
0.68355995;open;2021-11-19T11:27:00Z;553;256;0;809;809;24279[Konstabler];2021-11-19T11:32:00.324Z
1;open;2021-11-19T11:27:00Z;426;0;0;426;426;18497[Hauptwache];2021-11-19T11:32:00.324Z
0.7882353;open;2021-11-19T11:27:00Z;536;144;0;680;680;18495[Am Gericht];2021-11-19T11:32:00.324Z
0.29398412;open;2021-11-19T11:27:00Z;259;622;70;951;881;109240[MyZeil];2021-11-19T11:32:00.324Z
0.62776023;open;2021-11-19T11:27:00Z;398;236;0;634;634;18494[Konrad-Adenauer-Straße];2021-11-19T11:32:00.324Z
1;open;2021-11-19T11:42:00Z;150;0;200;350;150;24276[Turmcenter];2021-11-19T11:47:00.416Z
0.64619166;open;2021-11-19T11:42:00Z;263;144;0;407;407;18944[Alte Oper];2021-11-19T11:47:00.416Z
0.2857143;open;2021-11-19T11:42:00Z;104;260;0;364;364;24281[Hauptbahnhof Süd];2021-11-19T11:47:00.416Z
0.7045736;open;2021-11-19T11:42:00Z;570;239;0;809;809;24279[Konstabler];2021-11-19T11:47:00.416Z
1;open;2021-11-19T11:42:00Z;426;0;0;426;426;18497[Hauptwache];2021-11-19T11:47:00.416Z
0.7735294;open;2021-11-19T11:42:00Z;526;154;0;680;680;18495[Am Gericht];2021-11-19T11:47:00.416Z
0.2996595;open;2021-11-19T11:42:00Z;264;617;70;951;881;109240[MyZeil];2021-11-19T11:47:00.416Z
0.62933755;open;2021-11-19T11:42:00Z;399;235;0;634;634;18494[Konrad-Adenauer-Straße];2021-11-19T11:47:00.416Z
1;open;2021-11-19T11:57:00Z;150;0;200;350;150;24276[Turmcenter];2021-11-19T12:02:00.898Z
0.6560196;open;2021-11-19T11:57:00Z;267;140;0;407;407;18944[Alte Oper];2021-11-19T12:02:00.898Z
0.25824177;open;2021-11-19T11:57:00Z;94;270;0;364;364;24281[Hauptbahnhof Süd];2021-11-19T12:02:00.898Z
0.6996292;open;2021-11-19T11:57:00Z;566;243;0;809;809;24279[Konstabler];2021-11-19T12:02:00.898Z
0.9976526;open;2021-11-19T11:57:00Z;425;1;0;426;426;18497[Hauptwache];2021-11-19T12:02:00.898Z
0.76617646;open;2021-11-19T11:57:00Z;521;159;0;680;680;18495[Am Gericht];2021-11-19T12:02:00.898Z
0.2996595;open;2021-11-19T11:57:00Z;264;617;70;951;881;109240[MyZeil];2021-11-19T12:02:00.898Z
0.63722396;open;2021-11-19T11:57:00Z;404;230;0;634;634;18494[Konrad-Adenauer-Straße];2021-11-19T12:02:00.898Z
1;open;2021-11-19T12:33:00Z;150;0;200;350;150;24276[Turmcenter];2021-11-19T12:37:02.074Z
0.65356266;open;2021-11-19T12:33:00Z;266;141;0;407;407;18944[Alte Oper];2021-11-19T12:37:02.074Z
0.24175824;open;2021-11-19T12:33:00Z;88;276;0;364;364;24281[Hauptbahnhof Süd];2021-11-19T12:37:02.074Z
0.7119901;open;2021-11-19T12:33:00Z;576;233;0;809;809;24279[Konstabler];2021-11-19T12:37:02.074Z
0.9835681;open;2021-11-19T12:33:00Z;419;7;0;426;426;18497[Hauptwache];2021-11-19T12:37:02.074Z
0.7323529;open;2021-11-19T12:33:00Z;498;182;0;680;680;18495[Am Gericht];2021-11-19T12:37:02.074Z
0.30646992;open;2021-11-19T12:33:00Z;270;611;70;951;881;109240[MyZeil];2021-11-19T12:37:02.074Z
0.6388013;open;2021-11-19T12:33:00Z;405;229;0;634;634;18494[Konrad-Adenauer-Straße];2021-11-19T12:37:02.074Z
0.98;open;2021-11-19T13:03:00Z;147;3;200;350;150;24276[Turmcenter];2021-11-19T13:07:02.955Z
0.63882065;open;2021-11-19T13:03:00Z;260;147;0;407;407;18944[Alte Oper];2021-11-19T13:07:02.955Z
0.23351648;open;2021-11-19T13:03:00Z;85;279;0;364;364;24281[Hauptbahnhof Süd];2021-11-19T13:07:02.955Z
0.68355995;open;2021-11-19T13:03:00Z;553;256;0;809;809;24279[Konstabler];2021-11-19T13:07:02.955Z
1;open;2021-11-19T13:03:00Z;426;0;0;426;426;18497[Hauptwache];2021-11-19T13:07:02.955Z
0.7147059;open;2021-11-19T13:03:00Z;486;194;0;680;680;18495[Am Gericht];2021-11-19T13:07:02.955Z
0.2985244;open;2021-11-19T13:03:00Z;263;618;70;951;881;109240[MyZeil];2021-11-19T13:07:02.955Z
0.6151419;open;2021-11-19T13:03:00Z;390;244;0;634;634;18494[Konrad-Adenauer-Straße];2021-11-19T13:07:02.955Z
0.96;open;2021-11-19T13:28:00Z;144;6;200;350;150;24276[Turmcenter];2021-11-19T13:32:01.625Z
0.6044226;open;2021-11-19T13:28:00Z;246;161;0;407;407;18944[Alte Oper];2021-11-19T13:32:01.625Z
0.21153846;open;2021-11-19T13:28:00Z;77;287;0;364;364;24281[Hauptbahnhof Süd];2021-11-19T13:32:01.625Z
0.6934487;open;2021-11-19T13:28:00Z;561;248;0;809;809;24279[Konstabler];2021-11-19T13:32:01.625Z
0.97887325;open;2021-11-19T13:28:00Z;417;9;0;426;426;18497[Hauptwache];2021-11-19T13:32:01.625Z
0.7014706;open;2021-11-19T13:28:00Z;477;203;0;680;680;18495[Am Gericht];2021-11-19T13:32:01.625Z
0.27922815;open;2021-11-19T13:28:00Z;246;635;70;951;881;109240[MyZeil];2021-11-19T13:32:01.625Z
0.61198735;open;2021-11-19T13:28:00Z;388;246;0;634;634;18494[Konrad-Adenauer-Straße];2021-11-19T13:32:01.625Z
0.88666666;open;2021-11-19T13:48:00Z;133;17;200;350;150;24276[Turmcenter];2021-11-19T13:52:01.658Z
0.5945946;open;2021-11-19T13:48:00Z;242;165;0;407;407;18944[Alte Oper];2021-11-19T13:52:01.658Z
0.18956044;open;2021-11-19T13:48:00Z;69;295;0;364;364;24281[Hauptbahnhof Süd];2021-11-19T13:52:01.658Z
0.6946848;open;2021-11-19T13:48:00Z;562;247;0;809;809;24279[Konstabler];2021-11-19T13:52:01.658Z
0.97652584;open;2021-11-19T13:48:00Z;416;10;0;426;426;18497[Hauptwache];2021-11-19T13:52:01.658Z
0.6852941;open;2021-11-19T13:48:00Z;466;214;0;680;680;18495[Am Gericht];2021-11-19T13:52:01.658Z
0.28830874;open;2021-11-19T13:48:00Z;254;627;70;951;881;109240[MyZeil];2021-11-19T13:52:01.658Z
0.59621453;open;2021-11-19T13:48:00Z;378;256;0;634;634;18494[Konrad-Adenauer-Straße];2021-11-19T13:52:01.658Z
0.87333333;open;2021-11-19T13:59:00Z;131;19;200;350;150;24276[Turmcenter];2021-11-19T14:02:01.666Z
0.5896806;open;2021-11-19T13:59:00Z;240;167;0;407;407;18944[Alte Oper];2021-11-19T14:02:01.666Z
0.17582418;open;2021-11-19T13:59:00Z;64;300;0;364;364;24281[Hauptbahnhof Süd];2021-11-19T14:02:01.666Z
0.6996292;open;2021-11-19T13:59:00Z;566;243;0;809;809;24279[Konstabler];2021-11-19T14:02:01.666Z
0.9600939;open;2021-11-19T13:59:00Z;409;17;0;426;426;18497[Hauptwache];2021-11-19T14:02:01.666Z
0.6735294;open;2021-11-19T13:59:00Z;458;222;0;680;680;18495[Am Gericht];2021-11-19T14:02:01.666Z
0.2860386;open;2021-11-19T13:59:00Z;252;629;70;951;881;109240[MyZeil];2021-11-19T14:02:01.666Z
0.5946372;open;2021-11-19T13:59:00Z;377;257;0;634;634;18494[Konrad-Adenauer-Straße];2021-11-19T14:02:01.666Z
0.85333335;open;2021-11-19T14:19:00Z;128;22;200;350;150;24276[Turmcenter];2021-11-19T14:22:02.189Z
0.58476657;open;2021-11-19T14:19:00Z;238;169;0;407;407;18944[Alte Oper];2021-11-19T14:22:02.189Z
0.1510989;open;2021-11-19T14:19:00Z;55;309;0;364;364;24281[Hauptbahnhof Süd];2021-11-19T14:22:02.189Z
0.7144623;open;2021-11-19T14:19:00Z;578;231;0;809;809;24279[Konstabler];2021-11-19T14:22:02.189Z
0.97652584;open;2021-11-19T14:19:00Z;416;10;0;426;426;18497[Hauptwache];2021-11-19T14:22:02.189Z
0.6455882;open;2021-11-19T14:19:00Z;439;241;0;680;680;18495[Am Gericht];2021-11-19T14:22:02.189Z
0.29398412;open;2021-11-19T14:19:00Z;259;622;70;951;881;109240[MyZeil];2021-11-19T14:22:02.189Z
0.59148264;open;2021-11-19T14:19:00Z;375;259;0;634;634;18494[Konrad-Adenauer-Straße];2021-11-19T14:22:02.189Z
0.88666666;open;2021-11-19T14:39:00Z;133;17;200;350;150;24276[Turmcenter];2021-11-19T14:42:02.138Z
0.5675676;open;2021-11-19T14:39:00Z;231;176;0;407;407;18944[Alte Oper];2021-11-19T14:42:02.138Z
0.14285715;open;2021-11-19T14:39:00Z;52;312;0;364;364;24281[Hauptbahnhof Süd];2021-11-19T14:42:02.138Z
0.7404203;open;2021-11-19T14:39:00Z;599;210;0;809;809;24279[Konstabler];2021-11-19T14:42:02.138Z
0.97652584;open;2021-11-19T14:39:00Z;416;10;0;426;426;18497[Hauptwache];2021-11-19T14:42:02.138Z
0.62647057;open;2021-11-19T14:39:00Z;426;254;0;680;680;18495[Am Gericht];2021-11-19T14:42:02.138Z
0.28149828;open;2021-11-19T14:39:00Z;248;633;70;951;881;109240[MyZeil];2021-11-19T14:42:02.138Z
0.59305996;open;2021-11-19T14:39:00Z;376;258;0;634;634;18494[Konrad-Adenauer-Straße];2021-11-19T14:42:02.138Z
0.87333333;open;2021-11-19T14:49:00Z;131;19;200;350;150;24276[Turmcenter];2021-11-19T14:52:01.791Z
0.56265354;open;2021-11-19T14:49:00Z;229;178;0;407;407;18944[Alte Oper];2021-11-19T14:52:01.791Z
0.13461539;open;2021-11-19T14:49:00Z;49;315;0;364;364;24281[Hauptbahnhof Süd];2021-11-19T14:52:01.791Z
0.7552534;open;2021-11-19T14:49:00Z;611;198;0;809;809;24279[Konstabler];2021-11-19T14:52:01.791Z
0.9953052;open;2021-11-19T14:49:00Z;424;2;0;426;426;18497[Hauptwache];2021-11-19T14:52:01.791Z
0.6279412;open;2021-11-19T14:49:00Z;427;253;0;680;680;18495[Am Gericht];2021-11-19T14:52:01.791Z
0.28263336;open;2021-11-19T14:49:00Z;249;632;70;951;881;109240[MyZeil];2021-11-19T14:52:01.791Z
0.59621453;open;2021-11-19T14:49:00Z;378;256;0;634;634;18494[Konrad-Adenauer-Straße];2021-11-19T14:52:01.791Z
0.85333335;open;2021-11-19T14:59:00Z;128;22;200;350;150;24276[Turmcenter];2021-11-19T15:02:00.440Z
0.55036855;open;2021-11-19T14:59:00Z;224;183;0;407;407;18944[Alte Oper];2021-11-19T15:02:00.440Z
0.12637363;open;2021-11-19T14:59:00Z;46;318;0;364;364;24281[Hauptbahnhof Süd];2021-11-19T15:02:00.440Z
0.74536467;open;2021-11-19T14:59:00Z;603;206;0;809;809;24279[Konstabler];2021-11-19T15:02:00.440Z
0.97887325;open;2021-11-19T14:59:00Z;417;9;0;426;426;18497[Hauptwache];2021-11-19T15:02:00.440Z
0.62941176;open;2021-11-19T14:59:00Z;428;252;0;680;680;18495[Am Gericht];2021-11-19T15:02:00.440Z
0.28490353;open;2021-11-19T14:59:00Z;251;630;70;951;881;109240[MyZeil];2021-11-19T15:02:00.440Z
0.5899054;open;2021-11-19T14:59:00Z;374;260;0;634;634;18494[Konrad-Adenauer-Straße];2021-11-19T15:02:00.440Z
0.86;open;2021-11-19T15:30:00Z;129;21;200;350;150;24276[Turmcenter];2021-11-19T15:32:02.807Z
0.5135135;open;2021-11-19T15:30:00Z;209;198;0;407;407;18944[Alte Oper];2021-11-19T15:32:02.807Z
0.08516484;open;2021-11-19T15:30:00Z;31;333;0;364;364;24281[Hauptbahnhof Süd];2021-11-19T15:32:02.807Z
0.7552534;open;2021-11-19T15:30:00Z;611;198;0;809;809;24279[Konstabler];2021-11-19T15:32:02.807Z
0.98122066;open;2021-11-19T15:30:00Z;418;8;0;426;426;18497[Hauptwache];2021-11-19T15:32:02.807Z
0.6220588;open;2021-11-19T15:30:00Z;423;257;0;680;680;18495[Am Gericht];2021-11-19T15:32:02.807Z
0.29171395;open;2021-11-19T15:30:00Z;257;624;70;951;881;109240[MyZeil];2021-11-19T15:32:02.807Z
0.59148264;open;2021-11-19T15:30:00Z;375;259;0;634;634;18494[Konrad-Adenauer-Straße];2021-11-19T15:32:02.807Z
0.81333333;open;2021-11-19T15:50:00Z;122;28;200;350;150;24276[Turmcenter];2021-11-19T15:52:01.025Z
0.46191648;open;2021-11-19T15:50:00Z;188;219;0;407;407;18944[Alte Oper];2021-11-19T15:52:01.025Z
0.07692308;open;2021-11-19T15:50:00Z;28;336;0;364;364;24281[Hauptbahnhof Süd];2021-11-19T15:52:01.025Z
0.75030905;open;2021-11-19T15:50:00Z;607;202;0;809;809;24279[Konstabler];2021-11-19T15:52:01.025Z
0.9929578;open;2021-11-19T15:50:00Z;423;3;0;426;426;18497[Hauptwache];2021-11-19T15:52:01.025Z
0.6279412;open;2021-11-19T15:50:00Z;427;253;0;680;680;18495[Am Gericht];2021-11-19T15:52:01.025Z
0.2996595;open;2021-11-19T15:50:00Z;264;617;70;951;881;109240[MyZeil];2021-11-19T15:52:01.025Z
0.5820189;open;2021-11-19T15:50:00Z;369;265;0;634;634;18494[Konrad-Adenauer-Straße];2021-11-19T15:52:01.025Z
0.79333335;open;2021-11-19T16:00:00Z;119;31;200;350;150;24276[Turmcenter];2021-11-19T16:02:02.292Z
0.46683046;open;2021-11-19T16:00:00Z;190;217;0;407;407;18944[Alte Oper];2021-11-19T16:02:02.292Z
0.07692308;open;2021-11-19T16:00:00Z;28;336;0;364;364;24281[Hauptbahnhof Süd];2021-11-19T16:02:02.292Z
0.76143384;open;2021-11-19T16:00:00Z;616;193;0;809;809;24279[Konstabler];2021-11-19T16:02:02.292Z
1;open;2021-11-19T16:00:00Z;426;0;0;426;426;18497[Hauptwache];2021-11-19T16:02:02.292Z
0.62647057;open;2021-11-19T16:00:00Z;426;254;0;680;680;18495[Am Gericht];2021-11-19T16:02:02.292Z
0.30419978;open;2021-11-19T16:00:00Z;268;613;70;951;881;109240[MyZeil];2021-11-19T16:02:02.292Z
0.5772871;open;2021-11-19T16:00:00Z;366;268;0;634;634;18494[Konrad-Adenauer-Straße];2021-11-19T16:02:02.292Z
0.78;open;2021-11-19T16:41:00Z;117;33;200;350;150;24276[Turmcenter];2021-11-19T16:42:01.060Z
0.4791155;open;2021-11-19T16:41:00Z;195;212;0;407;407;18944[Alte Oper];2021-11-19T16:42:01.060Z
0.06593407;open;2021-11-19T16:41:00Z;24;340;0;364;364;24281[Hauptbahnhof Süd];2021-11-19T16:42:01.060Z
0.7218789;open;2021-11-19T16:41:00Z;584;225;0;809;809;24279[Konstabler];2021-11-19T16:42:01.060Z
0.97652584;open;2021-11-19T16:41:00Z;416;10;0;426;426;18497[Hauptwache];2021-11-19T16:42:01.060Z
0.60588235;open;2021-11-19T16:41:00Z;412;268;0;680;680;18495[Am Gericht];2021-11-19T16:42:01.060Z
0.5520505;open;2021-11-19T16:41:00Z;350;284;0;634;634;18494[Konrad-Adenauer-Straße];2021-11-19T16:42:01.060Z
0.78;open;2021-11-19T17:11:00Z;117;33;200;350;150;24276[Turmcenter];2021-11-19T17:12:00.268Z
0.47420147;open;2021-11-19T17:11:00Z;193;214;0;407;407;18944[Alte Oper];2021-11-19T17:12:00.268Z
0.052197803;open;2021-11-19T17:11:00Z;19;345;0;364;364;24281[Hauptbahnhof Süd];2021-11-19T17:12:00.268Z
0.67861557;open;2021-11-19T17:11:00Z;549;260;0;809;809;24279[Konstabler];2021-11-19T17:12:00.268Z
0.96478873;open;2021-11-19T17:11:00Z;411;15;0;426;426;18497[Hauptwache];2021-11-19T17:12:00.268Z
0.60294116;open;2021-11-19T17:11:00Z;410;270;0;680;680;18495[Am Gericht];2021-11-19T17:12:00.268Z
0.28376845;open;2021-11-19T17:11:00Z;250;631;70;951;881;109240[MyZeil];2021-11-19T17:12:00.268Z
0.5835962;open;2021-11-19T17:11:00Z;370;264;0;634;634;18494[Konrad-Adenauer-Straße];2021-11-19T17:12:00.268Z
0.655;open;2021-11-19T17:36:00Z;131;69;150;350;200;24276[Turmcenter];2021-11-19T17:37:02.433Z
0.47420147;open;2021-11-19T17:36:00Z;193;214;0;407;407;18944[Alte Oper];2021-11-19T17:37:02.433Z
0.04945055;open;2021-11-19T17:36:00Z;18;346;0;364;364;24281[Hauptbahnhof Süd];2021-11-19T17:37:02.433Z
0.66996294;open;2021-11-19T17:36:00Z;542;267;0;809;809;24279[Konstabler];2021-11-19T17:37:02.433Z
0.96948355;open;2021-11-19T17:36:00Z;413;13;0;426;426;18497[Hauptwache];2021-11-19T17:37:02.433Z
0.61764705;open;2021-11-19T17:36:00Z;420;260;0;680;680;18495[Am Gericht];2021-11-19T17:37:02.433Z
0.5946372;open;2021-11-19T17:36:00Z;377;257;0;634;634;18494[Konrad-Adenauer-Straße];2021-11-19T17:37:02.433Z
0.71;open;2021-11-19T17:57:00Z;142;58;150;350;200;24276[Turmcenter];2021-11-19T18:02:02.443Z
0.5282555;open;2021-11-19T17:57:00Z;215;192;0;407;407;18944[Alte Oper];2021-11-19T18:02:02.443Z
0.041208792;open;2021-11-19T17:57:00Z;15;349;0;364;364;24281[Hauptbahnhof Süd];2021-11-19T18:02:02.443Z
0.6959209;open;2021-11-19T17:57:00Z;563;246;0;809;809;24279[Konstabler];2021-11-19T18:02:02.443Z
0.9530516;open;2021-11-19T17:57:00Z;406;20;0;426;426;18497[Hauptwache];2021-11-19T18:02:02.443Z
0.6279412;open;2021-11-19T17:57:00Z;427;253;0;680;680;18495[Am Gericht];2021-11-19T18:02:02.443Z
0.2633371;open;2021-11-19T17:57:00Z;232;649;70;951;881;109240[MyZeil];2021-11-19T18:02:02.443Z
0.5867508;open;2021-11-19T17:57:00Z;372;262;0;634;634;18494[Konrad-Adenauer-Straße];2021-11-19T18:02:02.443Z
0.695;open;2021-11-19T18:27:00Z;139;61;150;350;200;24276[Turmcenter];2021-11-19T18:32:01.865Z
0.6560196;open;2021-11-19T18:27:00Z;267;140;0;407;407;18944[Alte Oper];2021-11-19T18:32:01.865Z
0.035714287;open;2021-11-19T18:27:00Z;13;351;0;364;364;24281[Hauptbahnhof Süd];2021-11-19T18:32:01.865Z
0.7478368;open;2021-11-19T18:27:00Z;605;204;0;809;809;24279[Konstabler];2021-11-19T18:32:01.865Z
1;open;2021-11-19T18:27:00Z;426;0;0;426;426;18497[Hauptwache];2021-11-19T18:32:01.865Z
0.6382353;open;2021-11-19T18:27:00Z;434;246;0;680;680;18495[Am Gericht];2021-11-19T18:32:01.865Z
0.27468786;open;2021-11-19T18:27:00Z;242;639;70;951;881;109240[MyZeil];2021-11-19T18:32:01.865Z
0.5820189;open;2021-11-19T18:27:00Z;369;265;0;634;634;18494[Konrad-Adenauer-Straße];2021-11-19T18:32:01.865Z
0.72;open;2021-11-19T18:47:00Z;144;56;150;350;200;24276[Turmcenter];2021-11-19T18:52:01.822Z
0.7002457;open;2021-11-19T18:47:00Z;285;122;0;407;407;18944[Alte Oper];2021-11-19T18:52:01.822Z
0.032967035;open;2021-11-19T18:47:00Z;12;352;0;364;364;24281[Hauptbahnhof Süd];2021-11-19T18:52:01.822Z
0.7478368;open;2021-11-19T18:47:00Z;605;204;0;809;809;24279[Konstabler];2021-11-19T18:52:01.822Z
1;open;2021-11-19T18:47:00Z;426;0;0;426;426;18497[Hauptwache];2021-11-19T18:52:01.822Z
0.64117646;open;2021-11-19T18:47:00Z;436;244;0;680;680;18495[Am Gericht];2021-11-19T18:52:01.822Z
0.25312147;open;2021-11-19T18:47:00Z;223;658;70;951;881;109240[MyZeil];2021-11-19T18:52:01.822Z
0.5694006;open;2021-11-19T18:47:00Z;361;273;0;634;634;18494[Konrad-Adenauer-Straße];2021-11-19T18:52:01.822Z
0.715;open;2021-11-19T18:57:00Z;143;57;150;350;200;24276[Turmcenter];2021-11-19T19:02:01.393Z
0.69287467;open;2021-11-19T18:57:00Z;282;125;0;407;407;18944[Alte Oper];2021-11-19T19:02:01.393Z
0.035714287;open;2021-11-19T18:57:00Z;13;351;0;364;364;24281[Hauptbahnhof Süd];2021-11-19T19:02:01.393Z
0.74660075;open;2021-11-19T18:57:00Z;604;205;0;809;809;24279[Konstabler];2021-11-19T19:02:01.393Z
0.9882629;open;2021-11-19T18:57:00Z;421;5;0;426;426;18497[Hauptwache];2021-11-19T19:02:01.393Z
0.6338235;open;2021-11-19T18:57:00Z;431;249;0;680;680;18495[Am Gericht];2021-11-19T19:02:01.393Z
0.24631101;open;2021-11-19T18:57:00Z;217;664;70;951;881;109240[MyZeil];2021-11-19T19:02:01.393Z
0.58044165;open;2021-11-19T18:57:00Z;368;266;0;634;634;18494[Konrad-Adenauer-Straße];2021-11-19T19:02:01.393Z
0.735;open;2021-11-19T19:18:00Z;147;53;150;350;200;24276[Turmcenter];2021-11-19T19:22:02.644Z
0.67813265;open;2021-11-19T19:18:00Z;276;131;0;407;407;18944[Alte Oper];2021-11-19T19:22:02.644Z
0.032967035;open;2021-11-19T19:18:00Z;12;352;0;364;364;24281[Hauptbahnhof Süd];2021-11-19T19:22:02.644Z
0.73794806;open;2021-11-19T19:18:00Z;597;212;0;809;809;24279[Konstabler];2021-11-19T19:22:02.644Z
0.9389671;open;2021-11-19T19:18:00Z;400;26;0;426;426;18497[Hauptwache];2021-11-19T19:22:02.644Z
0.6514706;open;2021-11-19T19:18:00Z;443;237;0;680;680;18495[Am Gericht];2021-11-19T19:22:02.644Z
0.2383655;open;2021-11-19T19:18:00Z;210;671;70;951;881;109240[MyZeil];2021-11-19T19:22:02.644Z
0.57886434;open;2021-11-19T19:18:00Z;367;267;0;634;634;18494[Konrad-Adenauer-Straße];2021-11-19T19:22:02.644Z
0.735;open;2021-11-19T19:28:00Z;147;53;150;350;200;24276[Turmcenter];2021-11-19T19:32:01.952Z
0.66339064;open;2021-11-19T19:28:00Z;270;137;0;407;407;18944[Alte Oper];2021-11-19T19:32:01.952Z
0.032967035;open;2021-11-19T19:28:00Z;12;352;0;364;364;24281[Hauptbahnhof Süd];2021-11-19T19:32:01.952Z
0.7255871;open;2021-11-19T19:28:00Z;587;222;0;809;809;24279[Konstabler];2021-11-19T19:32:01.952Z
0.92253524;open;2021-11-19T19:28:00Z;393;33;0;426;426;18497[Hauptwache];2021-11-19T19:32:01.952Z
0.6514706;open;2021-11-19T19:28:00Z;443;237;0;680;680;18495[Am Gericht];2021-11-19T19:32:01.952Z
0.23609534;open;2021-11-19T19:28:00Z;208;673;70;951;881;109240[MyZeil];2021-11-19T19:32:01.952Z
0.5694006;open;2021-11-19T19:28:00Z;361;273;0;634;634;18494[Konrad-Adenauer-Straße];2021-11-19T19:32:01.952Z
0.74;open;2021-11-19T19:38:00Z;148;52;150;350;200;24276[Turmcenter];2021-11-19T19:42:02.610Z
0.66584766;open;2021-11-19T19:38:00Z;271;136;0;407;407;18944[Alte Oper];2021-11-19T19:42:02.610Z
0.027472528;open;2021-11-19T19:38:00Z;10;354;0;364;364;24281[Hauptbahnhof Süd];2021-11-19T19:42:02.610Z
0.7181706;open;2021-11-19T19:38:00Z;581;228;0;809;809;24279[Konstabler];2021-11-19T19:42:02.610Z
0.8896714;open;2021-11-19T19:38:00Z;379;47;0;426;426;18497[Hauptwache];2021-11-19T19:42:02.610Z
0.65294117;open;2021-11-19T19:38:00Z;444;236;0;680;680;18495[Am Gericht];2021-11-19T19:42:02.610Z
0.23609534;open;2021-11-19T19:38:00Z;208;673;70;951;881;109240[MyZeil];2021-11-19T19:42:02.610Z
0.5646688;open;2021-11-19T19:38:00Z;358;276;0;634;634;18494[Konrad-Adenauer-Straße];2021-11-19T19:42:02.610Z
0.735;open;2021-11-19T19:53:00Z;147;53;150;350;200;24276[Turmcenter];2021-11-19T19:57:00.237Z
0.65356266;open;2021-11-19T19:53:00Z;266;141;0;407;407;18944[Alte Oper];2021-11-19T19:57:00.237Z
0.027472528;open;2021-11-19T19:53:00Z;10;354;0;364;364;24281[Hauptbahnhof Süd];2021-11-19T19:57:00.237Z
0.7181706;open;2021-11-19T19:53:00Z;581;228;0;809;809;24279[Konstabler];2021-11-19T19:57:00.237Z
0.8826291;open;2021-11-19T19:53:00Z;376;50;0;426;426;18497[Hauptwache];2021-11-19T19:57:00.237Z
0.65294117;open;2021-11-19T19:53:00Z;444;236;0;680;680;18495[Am Gericht];2021-11-19T19:57:00.237Z
0.23609534;open;2021-11-19T19:53:00Z;208;673;70;951;881;109240[MyZeil];2021-11-19T19:57:00.237Z
0.55520505;open;2021-11-19T19:53:00Z;352;282;0;634;634;18494[Konrad-Adenauer-Straße];2021-11-19T19:57:00.237Z
0.705;open;2021-11-19T20:19:00Z;141;59;150;350;200;24276[Turmcenter];2021-11-19T20:22:00.648Z
0.62407863;open;2021-11-19T20:19:00Z;254;153;0;407;407;18944[Alte Oper];2021-11-19T20:22:00.648Z
0.03021978;open;2021-11-19T20:19:00Z;11;353;0;364;364;24281[Hauptbahnhof Süd];2021-11-19T20:22:00.648Z
0.6959209;open;2021-11-19T20:19:00Z;563;246;0;809;809;24279[Konstabler];2021-11-19T20:22:00.648Z
0.9061033;open;2021-11-19T20:19:00Z;386;40;0;426;426;18497[Hauptwache];2021-11-19T20:22:00.648Z
0.6485294;open;2021-11-19T20:19:00Z;441;239;0;680;680;18495[Am Gericht];2021-11-19T20:22:00.648Z
0.2247446;open;2021-11-19T20:19:00Z;198;683;70;951;881;109240[MyZeil];2021-11-19T20:22:00.648Z
0.5488959;open;2021-11-19T20:19:00Z;348;286;0;634;634;18494[Konrad-Adenauer-Straße];2021-11-19T20:22:00.648Z
0.685;open;2021-11-19T20:34:00Z;137;63;150;350;200;24276[Turmcenter];2021-11-19T20:37:02.914Z
0.6142506;open;2021-11-19T20:34:00Z;250;157;0;407;407;18944[Alte Oper];2021-11-19T20:37:02.914Z
0.027472528;open;2021-11-19T20:34:00Z;10;354;0;364;364;24281[Hauptbahnhof Süd];2021-11-19T20:37:02.914Z
0.6922126;open;2021-11-19T20:34:00Z;560;249;0;809;809;24279[Konstabler];2021-11-19T20:37:02.914Z
0.87089205;open;2021-11-19T20:34:00Z;371;55;0;426;426;18497[Hauptwache];2021-11-19T20:37:02.914Z
0.6132353;open;2021-11-19T20:34:00Z;417;263;0;680;680;18495[Am Gericht];2021-11-19T20:37:02.914Z
0.21793416;open;2021-11-19T20:34:00Z;192;689;70;951;881;109240[MyZeil];2021-11-19T20:37:02.914Z
0.54416406;open;2021-11-19T20:34:00Z;345;289;0;634;634;18494[Konrad-Adenauer-Straße];2021-11-19T20:37:02.914Z
0.68;open;2021-11-19T20:44:00Z;136;64;150;350;200;24276[Turmcenter];2021-11-19T20:47:02.239Z
0.6093366;open;2021-11-19T20:44:00Z;248;159;0;407;407;18944[Alte Oper];2021-11-19T20:47:02.239Z
0.032967035;open;2021-11-19T20:44:00Z;12;352;0;364;364;24281[Hauptbahnhof Süd];2021-11-19T20:47:02.239Z
0.6674907;open;2021-11-19T20:44:00Z;540;269;0;809;809;24279[Konstabler];2021-11-19T20:47:02.239Z
0.86384976;open;2021-11-19T20:44:00Z;368;58;0;426;426;18497[Hauptwache];2021-11-19T20:47:02.239Z
0.6;open;2021-11-19T20:44:00Z;408;272;0;680;680;18495[Am Gericht];2021-11-19T20:47:02.239Z
0.5362776;open;2021-11-19T20:44:00Z;340;294;0;634;634;18494[Konrad-Adenauer-Straße];2021-11-19T20:47:02.239Z
0.66;open;2021-11-19T20:59:00Z;132;68;150;350;200;24276[Turmcenter];2021-11-19T21:02:01.743Z
0.5970516;open;2021-11-19T20:59:00Z;243;164;0;407;407;18944[Alte Oper];2021-11-19T21:02:01.743Z
0.03021978;open;2021-11-19T20:59:00Z;11;353;0;364;364;24281[Hauptbahnhof Süd];2021-11-19T21:02:01.743Z
0.66625464;open;2021-11-19T20:59:00Z;539;270;0;809;809;24279[Konstabler];2021-11-19T21:02:01.743Z
0.85680753;open;2021-11-19T20:59:00Z;365;61;0;426;426;18497[Hauptwache];2021-11-19T21:02:01.743Z
0.5882353;open;2021-11-19T20:59:00Z;400;280;0;680;680;18495[Am Gericht];2021-11-19T21:02:01.743Z
0.2122588;open;2021-11-19T20:59:00Z;187;694;70;951;881;109240[MyZeil];2021-11-19T21:02:01.743Z
0.53154576;open;2021-11-19T20:59:00Z;337;297;0;634;634;18494[Konrad-Adenauer-Straße];2021-11-19T21:02:01.743Z
0.6;open;2021-11-19T21:20:00Z;120;80;150;350;200;24276[Turmcenter];2021-11-19T21:22:01.848Z
0.37592137;open;2021-11-19T21:20:00Z;153;254;0;407;407;18944[Alte Oper];2021-11-19T21:22:01.848Z
0.021978023;open;2021-11-19T21:20:00Z;8;356;0;364;364;24281[Hauptbahnhof Süd];2021-11-19T21:22:01.848Z
0.64771324;open;2021-11-19T21:20:00Z;524;285;0;809;809;24279[Konstabler];2021-11-19T21:22:01.848Z
0.7816901;open;2021-11-19T21:20:00Z;333;93;0;426;426;18497[Hauptwache];2021-11-19T21:22:01.848Z
0.5720588;open;2021-11-19T21:20:00Z;389;291;0;680;680;18495[Am Gericht];2021-11-19T21:22:01.848Z
0.5252366;open;2021-11-19T21:20:00Z;333;301;0;634;634;18494[Konrad-Adenauer-Straße];2021-11-19T21:22:01.848Z
0.545;open;2021-11-19T21:35:00Z;109;91;150;350;200;24276[Turmcenter];2021-11-19T21:37:02.995Z
0.31695333;open;2021-11-19T21:35:00Z;129;278;0;407;407;18944[Alte Oper];2021-11-19T21:37:02.995Z
0.016483517;open;2021-11-19T21:35:00Z;6;358;0;364;364;24281[Hauptbahnhof Süd];2021-11-19T21:37:02.995Z
0.62175524;open;2021-11-19T21:35:00Z;503;306;0;809;809;24279[Konstabler];2021-11-19T21:37:02.995Z
0.74882627;open;2021-11-19T21:35:00Z;319;107;0;426;426;18497[Hauptwache];2021-11-19T21:37:02.995Z
0.55441177;open;2021-11-19T21:35:00Z;377;303;0;680;680;18495[Am Gericht];2021-11-19T21:37:02.995Z
0.20090806;open;2021-11-19T21:35:00Z;177;704;70;951;881;109240[MyZeil];2021-11-19T21:37:02.995Z
0.5236593;open;2021-11-19T21:35:00Z;332;302;0;634;634;18494[Konrad-Adenauer-Straße];2021-11-19T21:37:02.995Z
0.51;open;2021-11-19T21:45:00Z;102;98;150;350;200;24276[Turmcenter];2021-11-19T21:47:02.396Z
0.3071253;open;2021-11-19T21:45:00Z;125;282;0;407;407;18944[Alte Oper];2021-11-19T21:47:02.396Z
0.016483517;open;2021-11-19T21:45:00Z;6;358;0;364;364;24281[Hauptbahnhof Süd];2021-11-19T21:47:02.396Z
0.6106304;open;2021-11-19T21:45:00Z;494;315;0;809;809;24279[Konstabler];2021-11-19T21:47:02.396Z
0.74178404;open;2021-11-19T21:45:00Z;316;110;0;426;426;18497[Hauptwache];2021-11-19T21:47:02.396Z
0.5470588;open;2021-11-19T21:45:00Z;372;308;0;680;680;18495[Am Gericht];2021-11-19T21:47:02.396Z
0.19636777;open;2021-11-19T21:45:00Z;173;708;70;951;881;109240[MyZeil];2021-11-19T21:47:02.396Z
0.5157729;open;2021-11-19T21:45:00Z;327;307;0;634;634;18494[Konrad-Adenauer-Straße];2021-11-19T21:47:02.396Z
0.48;open;2021-11-19T21:55:00Z;96;104;150;350;200;24276[Turmcenter];2021-11-19T21:57:02.382Z
0.27764127;open;2021-11-19T21:55:00Z;113;294;0;407;407;18944[Alte Oper];2021-11-19T21:57:02.382Z
0.016483517;open;2021-11-19T21:55:00Z;6;358;0;364;364;24281[Hauptbahnhof Süd];2021-11-19T21:57:02.382Z
0.5822002;open;2021-11-19T21:55:00Z;471;338;0;809;809;24279[Konstabler];2021-11-19T21:57:02.382Z
0.7300469;open;2021-11-19T21:55:00Z;311;115;0;426;426;18497[Hauptwache];2021-11-19T21:57:02.382Z
0.5397059;open;2021-11-19T21:55:00Z;367;313;0;680;680;18495[Am Gericht];2021-11-19T21:57:02.382Z
0.50473183;open;2021-11-19T21:55:00Z;320;314;0;634;634;18494[Konrad-Adenauer-Straße];2021-11-19T21:57:02.382Z
0.39;open;2021-11-19T22:21:00Z;78;122;150;350;200;24276[Turmcenter];2021-11-19T22:22:00.157Z
0.24324325;open;2021-11-19T22:21:00Z;99;308;0;407;407;18944[Alte Oper];2021-11-19T22:22:00.157Z
0.013736264;open;2021-11-19T22:21:00Z;5;359;0;364;364;24281[Hauptbahnhof Süd];2021-11-19T22:22:00.157Z
0.5278121;open;2021-11-19T22:21:00Z;427;382;0;809;809;24279[Konstabler];2021-11-19T22:22:00.157Z
0.713615;open;2021-11-19T22:21:00Z;304;122;0;426;426;18497[Hauptwache];2021-11-19T22:22:00.157Z
0.5235294;open;2021-11-19T22:21:00Z;356;324;0;680;680;18495[Am Gericht];2021-11-19T22:22:00.157Z
0.18274687;open;2021-11-19T22:21:00Z;161;720;70;951;881;109240[MyZeil];2021-11-19T22:22:00.157Z
0.47949526;open;2021-11-19T22:21:00Z;304;330;0;634;634;18494[Konrad-Adenauer-Straße];2021-11-19T22:22:00.157Z
0.385;open;2021-11-19T22:36:00Z;77;123;150;350;200;24276[Turmcenter];2021-11-19T22:42:00.129Z
0.24324325;open;2021-11-19T22:36:00Z;99;308;0;407;407;18944[Alte Oper];2021-11-19T22:42:00.129Z
0.008241759;open;2021-11-19T22:36:00Z;3;361;0;364;364;24281[Hauptbahnhof Süd];2021-11-19T22:42:00.129Z
0.5241038;open;2021-11-19T22:36:00Z;424;385;0;809;809;24279[Konstabler];2021-11-19T22:42:00.129Z
0.68779343;open;2021-11-19T22:36:00Z;293;133;0;426;426;18497[Hauptwache];2021-11-19T22:42:00.129Z
0.5176471;open;2021-11-19T22:36:00Z;352;328;0;680;680;18495[Am Gericht];2021-11-19T22:42:00.129Z
0.17707151;open;2021-11-19T22:36:00Z;156;725;70;951;881;109240[MyZeil];2021-11-19T22:42:00.129Z
0.47949526;open;2021-11-19T22:36:00Z;304;330;0;634;634;18494[Konrad-Adenauer-Straße];2021-11-19T22:42:00.129Z
0.38;open;2021-11-19T22:47:00Z;76;124;150;350;200;24276[Turmcenter];2021-11-19T22:52:02.444Z
0.23587224;open;2021-11-19T22:47:00Z;96;311;0;407;407;18944[Alte Oper];2021-11-19T22:52:02.444Z
0.010989011;open;2021-11-19T22:47:00Z;4;360;0;364;364;24281[Hauptbahnhof Süd];2021-11-19T22:52:02.444Z
0.4907293;open;2021-11-19T22:47:00Z;397;412;0;809;809;24279[Konstabler];2021-11-19T22:52:02.444Z
0.6666667;open;2021-11-19T22:47:00Z;284;142;0;426;426;18497[Hauptwache];2021-11-19T22:52:02.444Z
0.51029414;open;2021-11-19T22:47:00Z;347;333;0;680;680;18495[Am Gericht];2021-11-19T22:52:02.444Z
0.17480136;open;2021-11-19T22:47:00Z;154;727;70;951;881;109240[MyZeil];2021-11-19T22:52:02.444Z
0.47791797;open;2021-11-19T22:47:00Z;303;331;0;634;634;18494[Konrad-Adenauer-Straße];2021-11-19T22:52:02.444Z
0.34;open;2021-11-19T23:18:00Z;68;132;150;350;200;24276[Turmcenter];2021-11-19T23:22:01.142Z
0.2039312;open;2021-11-19T23:18:00Z;83;324;0;407;407;18944[Alte Oper];2021-11-19T23:22:01.142Z
0.008241759;open;2021-11-19T23:18:00Z;3;361;0;364;364;24281[Hauptbahnhof Süd];2021-11-19T23:22:01.142Z
0.4511743;open;2021-11-19T23:18:00Z;365;444;0;809;809;24279[Konstabler];2021-11-19T23:22:01.142Z
0.62910795;open;2021-11-19T23:18:00Z;268;158;0;426;426;18497[Hauptwache];2021-11-19T23:22:01.142Z
0;closed;2021-11-19T23:18:00Z;;336;0;0;0;18495[Am Gericht];2021-11-19T23:22:01.142Z
0.1645857;open;2021-11-19T23:18:00Z;145;736;70;951;881;109240[MyZeil];2021-11-19T23:22:01.142Z
0.47003156;open;2021-11-19T23:18:00Z;298;336;0;634;634;18494[Konrad-Adenauer-Straße];2021-11-19T23:22:01.142Z
0.295;open;2021-11-19T23:38:00Z;59;141;150;350;200;24276[Turmcenter];2021-11-19T23:42:00.569Z
0.19656019;open;2021-11-19T23:38:00Z;80;327;0;407;407;18944[Alte Oper];2021-11-19T23:42:00.569Z
0.008241759;open;2021-11-19T23:38:00Z;3;361;0;364;364;24281[Hauptbahnhof Süd];2021-11-19T23:42:00.569Z
0.43757725;open;2021-11-19T23:38:00Z;354;455;0;809;809;24279[Konstabler];2021-11-19T23:42:00.569Z
0.6150235;open;2021-11-19T23:38:00Z;262;164;0;426;426;18497[Hauptwache];2021-11-19T23:42:00.569Z
0;closed;2021-11-19T23:38:00Z;;336;0;0;0;18495[Am Gericht];2021-11-19T23:42:00.569Z
0.15777525;open;2021-11-19T23:38:00Z;139;742;70;951;881;109240[MyZeil];2021-11-19T23:42:00.569Z
0.46056783;open;2021-11-19T23:38:00Z;292;342;0;634;634;18494[Konrad-Adenauer-Straße];2021-11-19T23:42:00.569Z
0.285;open;2021-11-19T23:48:00Z;57;143;150;350;200;24276[Turmcenter];2021-11-19T23:52:02Z
0.19656019;open;2021-11-19T23:48:00Z;80;327;0;407;407;18944[Alte Oper];2021-11-19T23:52:02Z
0.008241759;open;2021-11-19T23:48:00Z;3;361;0;364;364;24281[Hauptbahnhof Süd];2021-11-19T23:52:02Z
0.4289246;open;2021-11-19T23:48:00Z;347;462;0;809;809;24279[Konstabler];2021-11-19T23:52:02Z
0.6056338;open;2021-11-19T23:48:00Z;258;168;0;426;426;18497[Hauptwache];2021-11-19T23:52:02Z
0;closed;2021-11-19T23:48:00Z;;336;0;0;0;18495[Am Gericht];2021-11-19T23:52:02Z
0.45899054;open;2021-11-19T23:48:00Z;291;343;0;634;634;18494[Konrad-Adenauer-Straße];2021-11-19T23:52:02Z
0.27;open;2021-11-19T23:58:00Z;54;146;150;350;200;24276[Turmcenter];2021-11-20T00:02:02.697Z
0.1891892;open;2021-11-19T23:58:00Z;77;330;0;407;407;18944[Alte Oper];2021-11-20T00:02:02.697Z
0.008241759;open;2021-11-19T23:58:00Z;3;361;0;364;364;24281[Hauptbahnhof Süd];2021-11-20T00:02:02.697Z
0.42027193;open;2021-11-19T23:58:00Z;340;469;0;809;809;24279[Konstabler];2021-11-20T00:02:02.697Z
0.5938967;open;2021-11-19T23:58:00Z;253;173;0;426;426;18497[Hauptwache];2021-11-20T00:02:02.697Z
0;closed;2021-11-19T23:58:00Z;;336;0;0;0;18495[Am Gericht];2021-11-20T00:02:02.697Z
0.15664019;open;2021-11-19T23:58:00Z;138;743;70;951;881;109240[MyZeil];2021-11-20T00:02:02.697Z
0.46056783;open;2021-11-19T23:58:00Z;292;342;0;634;634;18494[Konrad-Adenauer-Straße];2021-11-20T00:02:02.697Z
0.225;open;2021-11-20T01:08:00Z;45;155;150;350;200;24276[Turmcenter];2021-11-20T01:12:00.863Z
0.16216215;open;2021-11-20T01:08:00Z;66;341;0;407;407;18944[Alte Oper];2021-11-20T01:12:00.863Z
0.008241759;open;2021-11-20T01:08:00Z;3;361;0;364;364;24281[Hauptbahnhof Süd];2021-11-20T01:12:00.863Z
0.37577257;open;2021-11-20T01:08:00Z;304;505;0;809;809;24279[Konstabler];2021-11-20T01:12:00.863Z
0.5422535;open;2021-11-20T01:08:00Z;231;195;0;426;426;18497[Hauptwache];2021-11-20T01:12:00.863Z
0;closed;2021-11-20T01:08:00Z;;336;0;0;0;18495[Am Gericht];2021-11-20T01:12:00.863Z
0.15437004;open;2021-11-20T01:08:00Z;136;745;70;951;881;109240[MyZeil];2021-11-20T01:12:00.863Z
0.44164038;open;2021-11-20T01:08:00Z;280;354;0;634;634;18494[Konrad-Adenauer-Straße];2021-11-20T01:12:00.863Z
0.225;open;2021-11-20T02:04:00Z;45;155;150;350;200;24276[Turmcenter];2021-11-20T02:07:00.884Z
0.15233415;open;2021-11-20T02:04:00Z;62;345;0;407;407;18944[Alte Oper];2021-11-20T02:07:00.884Z
0.008241759;open;2021-11-20T02:04:00Z;3;361;0;364;364;24281[Hauptbahnhof Süd];2021-11-20T02:07:00.884Z
0.35475895;open;2021-11-20T02:04:00Z;287;522;0;809;809;24279[Konstabler];2021-11-20T02:07:00.884Z
0.52112675;open;2021-11-20T02:04:00Z;222;204;0;426;426;18497[Hauptwache];2021-11-20T02:07:00.884Z
0;closed;2021-11-20T02:04:00Z;;336;0;0;0;18495[Am Gericht];2021-11-20T02:07:00.884Z
0.15437004;open;2021-11-20T02:04:00Z;136;745;70;951;881;109240[MyZeil];2021-11-20T02:07:00.884Z
0.43533123;open;2021-11-20T02:04:00Z;276;358;0;634;634;18494[Konrad-Adenauer-Straße];2021-11-20T02:07:00.884Z
0.225;open;2021-11-20T02:39:00Z;45;155;150;350;200;24276[Turmcenter];2021-11-20T02:42:02.153Z
0.14004914;open;2021-11-20T02:39:00Z;57;350;0;407;407;18944[Alte Oper];2021-11-20T02:42:02.153Z
0.008241759;open;2021-11-20T02:39:00Z;3;361;0;364;364;24281[Hauptbahnhof Süd];2021-11-20T02:42:02.153Z
0.33745363;open;2021-11-20T02:39:00Z;273;536;0;809;809;24279[Konstabler];2021-11-20T02:42:02.153Z
0.5046948;open;2021-11-20T02:39:00Z;215;211;0;426;426;18497[Hauptwache];2021-11-20T02:42:02.153Z
0;closed;2021-11-20T02:39:00Z;;336;0;0;0;18495[Am Gericht];2021-11-20T02:42:02.153Z
0.4369085;open;2021-11-20T02:39:00Z;277;357;0;634;634;18494[Konrad-Adenauer-Straße];2021-11-20T02:42:02.153Z
0.225;open;2021-11-20T02:59:00Z;45;155;150;350;200;24276[Turmcenter];2021-11-20T03:02:02.421Z
0.13267814;open;2021-11-20T02:59:00Z;54;353;0;407;407;18944[Alte Oper];2021-11-20T03:02:02.421Z
0.008241759;open;2021-11-20T02:59:00Z;3;361;0;364;364;24281[Hauptbahnhof Süd];2021-11-20T03:02:02.421Z
0.3275649;open;2021-11-20T02:59:00Z;265;544;0;809;809;24279[Konstabler];2021-11-20T03:02:02.421Z
0.5046948;open;2021-11-20T02:59:00Z;215;211;0;426;426;18497[Hauptwache];2021-11-20T03:02:02.421Z
0;closed;2021-11-20T02:59:00Z;;;0;0;0;18495[Am Gericht];2021-11-20T03:02:02.421Z
0.15323496;open;2021-11-20T02:59:00Z;135;746;70;951;881;109240[MyZeil];2021-11-20T03:02:02.421Z
0.4369085;open;2021-11-20T02:59:00Z;277;357;0;634;634;18494[Konrad-Adenauer-Straße];2021-11-20T03:02:02.421Z
0.225;open;2021-11-20T03:19:00Z;45;155;150;350;200;24276[Turmcenter];2021-11-20T03:22:00.652Z
0.13022113;open;2021-11-20T03:19:00Z;53;354;0;407;407;18944[Alte Oper];2021-11-20T03:22:00.652Z
0.008241759;open;2021-11-20T03:19:00Z;3;361;0;364;364;24281[Hauptbahnhof Süd];2021-11-20T03:22:00.652Z
0.32385662;open;2021-11-20T03:19:00Z;262;547;0;809;809;24279[Konstabler];2021-11-20T03:22:00.652Z
0.49530515;open;2021-11-20T03:19:00Z;211;215;0;426;426;18497[Hauptwache];2021-11-20T03:22:00.652Z
0;closed;2021-11-20T03:19:00Z;;;0;0;0;18495[Am Gericht];2021-11-20T03:22:00.652Z
0.43375394;open;2021-11-20T03:19:00Z;275;359;0;634;634;18494[Konrad-Adenauer-Straße];2021-11-20T03:22:00.652Z
0.23;open;2021-11-20T03:40:00Z;46;154;150;350;200;24276[Turmcenter];2021-11-20T03:42:02.755Z
0.12776412;open;2021-11-20T03:40:00Z;52;355;0;407;407;18944[Alte Oper];2021-11-20T03:42:02.755Z
0.0054945056;open;2021-11-20T03:40:00Z;2;362;0;364;364;24281[Hauptbahnhof Süd];2021-11-20T03:42:02.755Z
0.31396785;open;2021-11-20T03:40:00Z;254;555;0;809;809;24279[Konstabler];2021-11-20T03:42:02.755Z
0.49530515;open;2021-11-20T03:40:00Z;211;215;0;426;426;18497[Hauptwache];2021-11-20T03:42:02.755Z
0;closed;2021-11-20T03:40:00Z;;;0;0;0;18495[Am Gericht];2021-11-20T03:42:02.755Z
0.1555051;open;2021-11-20T03:40:00Z;137;744;70;951;881;109240[MyZeil];2021-11-20T03:42:02.755Z
0.43059936;open;2021-11-20T03:40:00Z;273;361;0;634;634;18494[Konrad-Adenauer-Straße];2021-11-20T03:42:02.755Z
0.23;open;2021-11-20T04:00:00Z;46;154;150;350;200;24276[Turmcenter];2021-11-20T04:02:00.177Z
0.12530713;open;2021-11-20T04:00:00Z;51;356;0;407;407;18944[Alte Oper];2021-11-20T04:02:00.177Z
0.0054945056;open;2021-11-20T04:00:00Z;2;362;0;364;364;24281[Hauptbahnhof Süd];2021-11-20T04:02:00.177Z
0.3065513;open;2021-11-20T04:00:00Z;248;561;0;809;809;24279[Konstabler];2021-11-20T04:02:00.177Z
0.49530515;open;2021-11-20T04:00:00Z;211;215;0;426;426;18497[Hauptwache];2021-11-20T04:02:00.177Z
0;closed;2021-11-20T04:00:00Z;;;0;0;0;18495[Am Gericht];2021-11-20T04:02:00.177Z
0.4258675;open;2021-11-20T04:00:00Z;270;364;0;634;634;18494[Konrad-Adenauer-Straße];2021-11-20T04:02:00.177Z
0.23;open;2021-11-20T04:30:00Z;46;154;150;350;200;24276[Turmcenter];2021-11-20T04:32:00.194Z
0.12530713;open;2021-11-20T04:30:00Z;51;356;0;407;407;18944[Alte Oper];2021-11-20T04:32:00.194Z
0.0054945056;open;2021-11-20T04:30:00Z;2;362;0;364;364;24281[Hauptbahnhof Süd];2021-11-20T04:32:00.194Z
0.30407912;open;2021-11-20T04:30:00Z;246;563;0;809;809;24279[Konstabler];2021-11-20T04:32:00.194Z
0.49295774;open;2021-11-20T04:30:00Z;210;216;0;426;426;18497[Hauptwache];2021-11-20T04:32:00.194Z
0;closed;2021-11-20T04:30:00Z;;;0;0;0;18495[Am Gericht];2021-11-20T04:32:00.194Z
0.14225942;open;2021-11-20T04:30:00Z;136;820;70;1026;956;109240[MyZeil];2021-11-20T04:32:00.194Z
0.42113563;open;2021-11-20T04:30:00Z;267;367;0;634;634;18494[Konrad-Adenauer-Straße];2021-11-20T04:32:00.194Z
0.23;open;2021-11-20T04:50:00Z;46;154;150;350;200;24276[Turmcenter];2021-11-20T04:52:02.477Z
0.12530713;open;2021-11-20T04:50:00Z;51;356;0;407;407;18944[Alte Oper];2021-11-20T04:52:02.477Z
0.0054945056;open;2021-11-20T04:50:00Z;2;362;0;364;364;24281[Hauptbahnhof Süd];2021-11-20T04:52:02.477Z
0.29789865;open;2021-11-20T04:50:00Z;241;568;0;809;809;24279[Konstabler];2021-11-20T04:52:02.477Z
0.49530515;open;2021-11-20T04:50:00Z;211;215;0;426;426;18497[Hauptwache];2021-11-20T04:52:02.477Z
0;closed;2021-11-20T04:50:00Z;;;0;0;0;18495[Am Gericht];2021-11-20T04:52:02.477Z
0.14330544;open;2021-11-20T04:50:00Z;137;819;70;1026;956;109240[MyZeil];2021-11-20T04:52:02.477Z
0.42271292;open;2021-11-20T04:50:00Z;268;366;0;634;634;18494[Konrad-Adenauer-Straße];2021-11-20T04:52:02.477Z
0.23;open;2021-11-20T05:15:00Z;46;154;150;350;200;24276[Turmcenter];2021-11-20T05:17:00.594Z
0.12530713;open;2021-11-20T05:15:00Z;51;356;0;407;407;18944[Alte Oper];2021-11-20T05:17:00.594Z
0.0054945056;open;2021-11-20T05:15:00Z;2;362;0;364;364;24281[Hauptbahnhof Süd];2021-11-20T05:17:00.594Z
0.29542646;open;2021-11-20T05:15:00Z;239;570;0;809;809;24279[Konstabler];2021-11-20T05:17:00.594Z
0.48826292;open;2021-11-20T05:15:00Z;208;218;0;426;426;18497[Hauptwache];2021-11-20T05:17:00.594Z
0.42352942;open;2021-11-20T05:15:00Z;288;392;0;680;680;18495[Am Gericht];2021-11-20T05:17:00.594Z
0.14225942;open;2021-11-20T05:15:00Z;136;820;70;1026;956;109240[MyZeil];2021-11-20T05:17:00.594Z
0.42271292;open;2021-11-20T05:15:00Z;268;366;0;634;634;18494[Konrad-Adenauer-Straße];2021-11-20T05:17:00.594Z
0.23;open;2021-11-20T05:30:00Z;46;154;150;350;200;24276[Turmcenter];2021-11-20T05:32:00.726Z
0.12530713;open;2021-11-20T05:30:00Z;51;356;0;407;407;18944[Alte Oper];2021-11-20T05:32:00.726Z
0.013736264;open;2021-11-20T05:30:00Z;5;359;0;364;364;24281[Hauptbahnhof Süd];2021-11-20T05:32:00.726Z
0.28800988;open;2021-11-20T05:30:00Z;233;576;0;809;809;24279[Konstabler];2021-11-20T05:32:00.726Z
0.48826292;open;2021-11-20T05:30:00Z;208;218;0;426;426;18497[Hauptwache];2021-11-20T05:32:00.726Z
0.42058823;open;2021-11-20T05:30:00Z;286;394;0;680;680;18495[Am Gericht];2021-11-20T05:32:00.726Z
0.42113563;open;2021-11-20T05:30:00Z;267;367;0;634;634;18494[Konrad-Adenauer-Straße];2021-11-20T05:32:00.726Z
0.23;open;2021-11-20T05:40:00Z;46;154;150;350;200;24276[Turmcenter];2021-11-20T05:42:01.921Z
0.12530713;open;2021-11-20T05:40:00Z;51;356;0;407;407;18944[Alte Oper];2021-11-20T05:42:01.921Z
0.013736264;open;2021-11-20T05:40:00Z;5;359;0;364;364;24281[Hauptbahnhof Süd];2021-11-20T05:42:01.921Z
0.28800988;open;2021-11-20T05:40:00Z;233;576;0;809;809;24279[Konstabler];2021-11-20T05:42:01.921Z
0.48826292;open;2021-11-20T05:40:00Z;208;218;0;426;426;18497[Hauptwache];2021-11-20T05:42:01.921Z
0.42058823;open;2021-11-20T05:40:00Z;286;394;0;680;680;18495[Am Gericht];2021-11-20T05:42:01.921Z
0.14225942;open;2021-11-20T05:40:00Z;136;820;70;1026;956;109240[MyZeil];2021-11-20T05:42:01.921Z
0.42113563;open;2021-11-20T05:40:00Z;267;367;0;634;634;18494[Konrad-Adenauer-Straße];2021-11-20T05:42:01.921Z
0.23;open;2021-11-20T05:50:00Z;46;154;150;350;200;24276[Turmcenter];2021-11-20T05:52:00.192Z
0.12530713;open;2021-11-20T05:50:00Z;51;356;0;407;407;18944[Alte Oper];2021-11-20T05:52:00.192Z
0.016483517;open;2021-11-20T05:50:00Z;6;358;0;364;364;24281[Hauptbahnhof Süd];2021-11-20T05:52:00.192Z
0.2843016;open;2021-11-20T05:50:00Z;230;579;0;809;809;24279[Konstabler];2021-11-20T05:52:00.192Z
0.48826292;open;2021-11-20T05:50:00Z;208;218;0;426;426;18497[Hauptwache];2021-11-20T05:52:00.192Z
0.42058823;open;2021-11-20T05:50:00Z;286;394;0;680;680;18495[Am Gericht];2021-11-20T05:52:00.192Z
0.41955835;open;2021-11-20T05:50:00Z;266;368;0;634;634;18494[Konrad-Adenauer-Straße];2021-11-20T05:52:00.192Z
0.23;open;2021-11-20T06:20:00Z;46;154;150;350;200;24276[Turmcenter];2021-11-20T06:22:01.118Z
0.12776412;open;2021-11-20T06:20:00Z;52;355;0;407;407;18944[Alte Oper];2021-11-20T06:22:01.118Z
0.01923077;open;2021-11-20T06:20:00Z;7;357;0;364;364;24281[Hauptbahnhof Süd];2021-11-20T06:22:01.118Z
0.28182942;open;2021-11-20T06:20:00Z;228;581;0;809;809;24279[Konstabler];2021-11-20T06:22:01.118Z
0.48826292;open;2021-11-20T06:20:00Z;208;218;0;426;426;18497[Hauptwache];2021-11-20T06:22:01.118Z
0.41911766;open;2021-11-20T06:20:00Z;285;395;0;680;680;18495[Am Gericht];2021-11-20T06:22:01.118Z
0.14225942;open;2021-11-20T06:20:00Z;136;820;70;1026;956;109240[MyZeil];2021-11-20T06:22:01.118Z
0.41955835;open;2021-11-20T06:20:00Z;266;368;0;634;634;18494[Konrad-Adenauer-Straße];2021-11-20T06:22:01.118Z
0.23;open;2021-11-20T06:40:00Z;46;154;150;350;200;24276[Turmcenter];2021-11-20T06:42:01.897Z
0.13022113;open;2021-11-20T06:40:00Z;53;354;0;407;407;18944[Alte Oper];2021-11-20T06:42:01.897Z
0.01923077;open;2021-11-20T06:40:00Z;7;357;0;364;364;24281[Hauptbahnhof Süd];2021-11-20T06:42:01.897Z
0.28306553;open;2021-11-20T06:40:00Z;229;580;0;809;809;24279[Konstabler];2021-11-20T06:42:01.897Z
0.48826292;open;2021-11-20T06:40:00Z;208;218;0;426;426;18497[Hauptwache];2021-11-20T06:42:01.897Z
0.41764706;open;2021-11-20T06:40:00Z;284;396;0;680;680;18495[Am Gericht];2021-11-20T06:42:01.897Z
0.41955835;open;2021-11-20T06:40:00Z;266;368;0;634;634;18494[Konrad-Adenauer-Straße];2021-11-20T06:42:01.897Z
0.23;open;2021-11-20T06:55:00Z;46;154;150;350;200;24276[Turmcenter];2021-11-20T06:57:01.435Z
0.13022113;open;2021-11-20T06:55:00Z;53;354;0;407;407;18944[Alte Oper];2021-11-20T06:57:01.435Z
0.01923077;open;2021-11-20T06:55:00Z;7;357;0;364;364;24281[Hauptbahnhof Süd];2021-11-20T06:57:01.435Z
0.2843016;open;2021-11-20T06:55:00Z;230;579;0;809;809;24279[Konstabler];2021-11-20T06:57:01.435Z
0.49061033;open;2021-11-20T06:55:00Z;209;217;0;426;426;18497[Hauptwache];2021-11-20T06:57:01.435Z
0.41764706;open;2021-11-20T06:55:00Z;284;396;0;680;680;18495[Am Gericht];2021-11-20T06:57:01.435Z
0.14121339;open;2021-11-20T06:55:00Z;135;821;70;1026;956;109240[MyZeil];2021-11-20T06:57:01.435Z
0.42113563;open;2021-11-20T06:55:00Z;267;367;0;634;634;18494[Konrad-Adenauer-Straße];2021-11-20T06:57:01.435Z
0.23;open;2021-11-20T07:20:00Z;46;154;150;350;200;24276[Turmcenter];2021-11-20T07:22:01.957Z
0.13267814;open;2021-11-20T07:20:00Z;54;353;0;407;407;18944[Alte Oper];2021-11-20T07:22:01.957Z
0.01923077;open;2021-11-20T07:20:00Z;7;357;0;364;364;24281[Hauptbahnhof Süd];2021-11-20T07:22:01.957Z
0.29048207;open;2021-11-20T07:20:00Z;235;574;0;809;809;24279[Konstabler];2021-11-20T07:22:01.957Z
0.49530515;open;2021-11-20T07:20:00Z;211;215;0;426;426;18497[Hauptwache];2021-11-20T07:22:01.957Z
0.42058823;open;2021-11-20T07:20:00Z;286;394;0;680;680;18495[Am Gericht];2021-11-20T07:22:01.957Z
0.14748953;open;2021-11-20T07:20:00Z;141;815;70;1026;956;109240[MyZeil];2021-11-20T07:22:01.957Z
0.41798106;open;2021-11-20T07:20:00Z;265;369;0;634;634;18494[Konrad-Adenauer-Straße];2021-11-20T07:22:01.957Z
0.235;open;2021-11-20T07:31:00Z;47;153;150;350;200;24276[Turmcenter];2021-11-20T07:32:00.900Z
0.13513513;open;2021-11-20T07:31:00Z;55;352;0;407;407;18944[Alte Oper];2021-11-20T07:32:00.900Z
0.01923077;open;2021-11-20T07:31:00Z;7;357;0;364;364;24281[Hauptbahnhof Süd];2021-11-20T07:32:00.900Z
0.29419035;open;2021-11-20T07:31:00Z;238;571;0;809;809;24279[Konstabler];2021-11-20T07:32:00.900Z
0.49295774;open;2021-11-20T07:31:00Z;210;216;0;426;426;18497[Hauptwache];2021-11-20T07:32:00.900Z
0.425;open;2021-11-20T07:31:00Z;289;391;0;680;680;18495[Am Gericht];2021-11-20T07:32:00.900Z
0.14748953;open;2021-11-20T07:31:00Z;141;815;70;1026;956;109240[MyZeil];2021-11-20T07:32:00.900Z
0.41955835;open;2021-11-20T07:31:00Z;266;368;0;634;634;18494[Konrad-Adenauer-Straße];2021-11-20T07:32:00.900Z
0.235;open;2021-11-20T07:46:00Z;47;153;150;350;200;24276[Turmcenter];2021-11-20T07:47:01.500Z
0.14004914;open;2021-11-20T07:46:00Z;57;350;0;407;407;18944[Alte Oper];2021-11-20T07:47:01.500Z
0.021978023;open;2021-11-20T07:46:00Z;8;356;0;364;364;24281[Hauptbahnhof Süd];2021-11-20T07:47:01.500Z
0.302843;open;2021-11-20T07:46:00Z;245;564;0;809;809;24279[Konstabler];2021-11-20T07:47:01.500Z
0.5046948;open;2021-11-20T07:46:00Z;215;211;0;426;426;18497[Hauptwache];2021-11-20T07:47:01.500Z
0.43235293;open;2021-11-20T07:46:00Z;294;386;0;680;680;18495[Am Gericht];2021-11-20T07:47:01.500Z
0.14853556;open;2021-11-20T07:46:00Z;142;814;70;1026;956;109240[MyZeil];2021-11-20T07:47:01.500Z
0.42902207;open;2021-11-20T07:46:00Z;272;362;0;634;634;18494[Konrad-Adenauer-Straße];2021-11-20T07:47:01.500Z
0.25;open;2021-11-20T07:56:00Z;50;150;150;350;200;24276[Turmcenter];2021-11-20T07:57:00.999Z
0.14250614;open;2021-11-20T07:56:00Z;58;349;0;407;407;18944[Alte Oper];2021-11-20T07:57:00.999Z
0.013736264;open;2021-11-20T07:56:00Z;5;359;0;364;364;24281[Hauptbahnhof Süd];2021-11-20T07:57:00.999Z
0.31273177;open;2021-11-20T07:56:00Z;253;556;0;809;809;24279[Konstabler];2021-11-20T07:57:00.999Z
0.5070422;open;2021-11-20T07:56:00Z;216;210;0;426;426;18497[Hauptwache];2021-11-20T07:57:00.999Z
0.43529412;open;2021-11-20T07:56:00Z;296;384;0;680;680;18495[Am Gericht];2021-11-20T07:57:00.999Z
0.15062761;open;2021-11-20T07:56:00Z;144;812;70;1026;956;109240[MyZeil];2021-11-20T07:57:00.999Z
0.43375394;open;2021-11-20T07:56:00Z;275;359;0;634;634;18494[Konrad-Adenauer-Straße];2021-11-20T07:57:00.999Z
0.275;open;2021-11-20T08:26:00Z;55;145;150;350;200;24276[Turmcenter];2021-11-20T08:27:02.469Z
0.18181819;open;2021-11-20T08:26:00Z;74;333;0;407;407;18944[Alte Oper];2021-11-20T08:27:02.469Z
0.016483517;open;2021-11-20T08:26:00Z;6;358;0;364;364;24281[Hauptbahnhof Süd];2021-11-20T08:27:02.469Z
0.34857848;open;2021-11-20T08:26:00Z;282;527;0;809;809;24279[Konstabler];2021-11-20T08:27:02.469Z
0.52347416;open;2021-11-20T08:26:00Z;223;203;0;426;426;18497[Hauptwache];2021-11-20T08:27:02.469Z
0.44558823;open;2021-11-20T08:26:00Z;303;377;0;680;680;18495[Am Gericht];2021-11-20T08:27:02.469Z
0.16317992;open;2021-11-20T08:26:00Z;156;800;70;1026;956;109240[MyZeil];2021-11-20T08:27:02.469Z
0.44794953;open;2021-11-20T08:26:00Z;284;350;0;634;634;18494[Konrad-Adenauer-Straße];2021-11-20T08:27:02.469Z
0.305;open;2021-11-20T08:41:00Z;61;139;150;350;200;24276[Turmcenter];2021-11-20T08:42:01.158Z
0.17936118;open;2021-11-20T08:41:00Z;73;334;0;407;407;18944[Alte Oper];2021-11-20T08:42:01.158Z
0.013736264;open;2021-11-20T08:41:00Z;5;359;0;364;364;24281[Hauptbahnhof Süd];2021-11-20T08:42:01.158Z
0.38071692;open;2021-11-20T08:41:00Z;308;501;0;809;809;24279[Konstabler];2021-11-20T08:42:01.158Z
0.5539906;open;2021-11-20T08:41:00Z;236;190;0;426;426;18497[Hauptwache];2021-11-20T08:42:01.158Z
0.45735294;open;2021-11-20T08:41:00Z;311;369;0;680;680;18495[Am Gericht];2021-11-20T08:42:01.158Z
0.1705021;open;2021-11-20T08:41:00Z;163;793;70;1026;956;109240[MyZeil];2021-11-20T08:42:01.158Z
0.47160885;open;2021-11-20T08:41:00Z;299;335;0;634;634;18494[Konrad-Adenauer-Straße];2021-11-20T08:42:01.158Z
0.37;open;2021-11-20T08:56:00Z;74;126;150;350;200;24276[Turmcenter];2021-11-20T08:57:02.246Z
0.22358723;open;2021-11-20T08:56:00Z;91;316;0;407;407;18944[Alte Oper];2021-11-20T08:57:02.246Z
0.021978023;open;2021-11-20T08:56:00Z;8;356;0;364;364;24281[Hauptbahnhof Süd];2021-11-20T08:57:02.246Z
0.42398024;open;2021-11-20T08:56:00Z;343;466;0;809;809;24279[Konstabler];2021-11-20T08:57:02.246Z
0.6056338;open;2021-11-20T08:56:00Z;258;168;0;426;426;18497[Hauptwache];2021-11-20T08:57:02.246Z
0.4764706;open;2021-11-20T08:56:00Z;324;356;0;680;680;18495[Am Gericht];2021-11-20T08:57:02.246Z
0.19351465;open;2021-11-20T08:56:00Z;185;771;70;1026;956;109240[MyZeil];2021-11-20T08:57:02.246Z
0.49053627;open;2021-11-20T08:56:00Z;311;323;0;634;634;18494[Konrad-Adenauer-Straße];2021-11-20T08:57:02.246Z
0.365;open;2021-11-20T09:21:00Z;73;127;150;350;200;24276[Turmcenter];2021-11-20T09:22:00.067Z
0.2972973;open;2021-11-20T09:21:00Z;121;286;0;407;407;18944[Alte Oper];2021-11-20T09:22:00.067Z
0.021978023;open;2021-11-20T09:21:00Z;8;356;0;364;364;24281[Hauptbahnhof Süd];2021-11-20T09:22:00.067Z
0.5203956;open;2021-11-20T09:21:00Z;421;388;0;809;809;24279[Konstabler];2021-11-20T09:22:00.067Z
0.7183099;open;2021-11-20T09:21:00Z;306;120;0;426;426;18497[Hauptwache];2021-11-20T09:22:00.067Z
0.49558824;open;2021-11-20T09:21:00Z;337;343;0;680;680;18495[Am Gericht];2021-11-20T09:22:00.067Z
0.23535565;open;2021-11-20T09:21:00Z;225;731;70;1026;956;109240[MyZeil];2021-11-20T09:22:00.067Z
0.5378549;open;2021-11-20T09:21:00Z;341;293;0;634;634;18494[Konrad-Adenauer-Straße];2021-11-20T09:22:00.067Z
0.405;open;2021-11-20T09:42:00Z;81;119;150;350;200;24276[Turmcenter];2021-11-20T09:47:02.406Z
0.35626537;open;2021-11-20T09:42:00Z;145;262;0;407;407;18944[Alte Oper];2021-11-20T09:47:02.406Z
0.01923077;open;2021-11-20T09:42:00Z;7;357;0;364;364;24281[Hauptbahnhof Süd];2021-11-20T09:47:02.406Z
0.592089;open;2021-11-20T09:42:00Z;479;330;0;809;809;24279[Konstabler];2021-11-20T09:47:02.406Z
0.7769953;open;2021-11-20T09:42:00Z;331;95;0;426;426;18497[Hauptwache];2021-11-20T09:47:02.406Z
0.5176471;open;2021-11-20T09:42:00Z;352;328;0;680;680;18495[Am Gericht];2021-11-20T09:47:02.406Z
0.26778242;open;2021-11-20T09:42:00Z;256;700;70;1026;956;109240[MyZeil];2021-11-20T09:47:02.406Z
0.59148264;open;2021-11-20T09:42:00Z;375;259;0;634;634;18494[Konrad-Adenauer-Straße];2021-11-20T09:47:02.406Z
0.42;open;2021-11-20T09:52:00Z;84;116;150;350;200;24276[Turmcenter];2021-11-20T09:57:02.558Z
0.3783784;open;2021-11-20T09:52:00Z;154;253;0;407;407;18944[Alte Oper];2021-11-20T09:57:02.558Z
0.021978023;open;2021-11-20T09:52:00Z;8;356;0;364;364;24281[Hauptbahnhof Süd];2021-11-20T09:57:02.558Z
0.6378245;open;2021-11-20T09:52:00Z;516;293;0;809;809;24279[Konstabler];2021-11-20T09:57:02.558Z
0.80516434;open;2021-11-20T09:52:00Z;343;83;0;426;426;18497[Hauptwache];2021-11-20T09:57:02.558Z
0.525;open;2021-11-20T09:52:00Z;357;323;0;680;680;18495[Am Gericht];2021-11-20T09:57:02.558Z
0.2761506;open;2021-11-20T09:52:00Z;264;692;70;1026;956;109240[MyZeil];2021-11-20T09:57:02.558Z
0.60883284;open;2021-11-20T09:52:00Z;386;248;0;634;634;18494[Konrad-Adenauer-Straße];2021-11-20T09:57:02.558Z
0.405;open;2021-11-20T10:22:00Z;81;119;150;350;200;24276[Turmcenter];2021-11-20T10:27:00.137Z
0.46437347;open;2021-11-20T10:22:00Z;189;218;0;407;407;18944[Alte Oper];2021-11-20T10:27:00.137Z
0.024725275;open;2021-11-20T10:22:00Z;9;355;0;364;364;24281[Hauptbahnhof Süd];2021-11-20T10:27:00.137Z
0.70704573;open;2021-11-20T10:22:00Z;572;237;0;809;809;24279[Konstabler];2021-11-20T10:27:00.137Z
0.9061033;open;2021-11-20T10:22:00Z;386;40;0;426;426;18497[Hauptwache];2021-11-20T10:27:00.137Z
0.55;open;2021-11-20T10:22:00Z;374;306;0;680;680;18495[Am Gericht];2021-11-20T10:27:00.137Z
0.29079497;open;2021-11-20T10:22:00Z;278;678;70;1026;956;109240[MyZeil];2021-11-20T10:27:00.137Z
0.6561514;open;2021-11-20T10:22:00Z;416;218;0;634;634;18494[Konrad-Adenauer-Straße];2021-11-20T10:27:00.137Z
0.415;open;2021-11-20T10:37:00Z;83;117;150;350;200;24276[Turmcenter];2021-11-20T10:42:00.269Z
0.47665846;open;2021-11-20T10:37:00Z;194;213;0;407;407;18944[Alte Oper];2021-11-20T10:42:00.269Z
0.021978023;open;2021-11-20T10:37:00Z;8;356;0;364;364;24281[Hauptbahnhof Süd];2021-11-20T10:42:00.269Z
0.73794806;open;2021-11-20T10:37:00Z;597;212;0;809;809;24279[Konstabler];2021-11-20T10:42:00.269Z
0.943662;open;2021-11-20T10:37:00Z;402;24;0;426;426;18497[Hauptwache];2021-11-20T10:42:00.269Z
0.56911767;open;2021-11-20T10:37:00Z;387;293;0;680;680;18495[Am Gericht];2021-11-20T10:42:00.269Z
0.30648535;open;2021-11-20T10:37:00Z;293;663;70;1026;956;109240[MyZeil];2021-11-20T10:42:00.269Z
0.6766561;open;2021-11-20T10:37:00Z;429;205;0;634;634;18494[Konrad-Adenauer-Straße];2021-11-20T10:42:00.269Z
0.445;open;2021-11-20T10:52:00Z;89;111;150;350;200;24276[Turmcenter];2021-11-20T10:57:02.825Z
0.5085995;open;2021-11-20T10:52:00Z;207;200;0;407;407;18944[Alte Oper];2021-11-20T10:57:02.825Z
0.01923077;open;2021-11-20T10:52:00Z;7;357;0;364;364;24281[Hauptbahnhof Süd];2021-11-20T10:57:02.825Z
0.7725587;open;2021-11-20T10:52:00Z;625;184;0;809;809;24279[Konstabler];2021-11-20T10:57:02.825Z
1;open;2021-11-20T10:52:00Z;426;0;0;426;426;18497[Hauptwache];2021-11-20T10:57:02.825Z
0.5838235;open;2021-11-20T10:52:00Z;397;283;0;680;680;18495[Am Gericht];2021-11-20T10:57:02.825Z
0.6940063;open;2021-11-20T10:52:00Z;440;194;0;634;634;18494[Konrad-Adenauer-Straße];2021-11-20T10:57:02.825Z
0.44;open;2021-11-20T11:12:00Z;88;112;150;350;200;24276[Turmcenter];2021-11-20T11:17:00.345Z
0.55773956;open;2021-11-20T11:12:00Z;227;180;0;407;407;18944[Alte Oper];2021-11-20T11:17:00.345Z
0.021978023;open;2021-11-20T11:12:00Z;8;356;0;364;364;24281[Hauptbahnhof Süd];2021-11-20T11:17:00.345Z
0.8220025;open;2021-11-20T11:12:00Z;665;144;0;809;809;24279[Konstabler];2021-11-20T11:17:00.345Z
1;open;2021-11-20T11:12:00Z;426;0;0;426;426;18497[Hauptwache];2021-11-20T11:17:00.345Z
0.5852941;open;2021-11-20T11:12:00Z;398;282;0;680;680;18495[Am Gericht];2021-11-20T11:17:00.345Z
0.72712934;open;2021-11-20T11:12:00Z;461;173;0;634;634;18494[Konrad-Adenauer-Straße];2021-11-20T11:17:00.345Z
0.445;open;2021-11-20T11:27:00Z;89;111;150;350;200;24276[Turmcenter];2021-11-20T11:32:00.760Z
0.5675676;open;2021-11-20T11:27:00Z;231;176;0;407;407;18944[Alte Oper];2021-11-20T11:32:00.760Z
0.027472528;open;2021-11-20T11:27:00Z;10;354;0;364;364;24281[Hauptbahnhof Süd];2021-11-20T11:32:00.760Z
0.86773795;open;2021-11-20T11:27:00Z;702;107;0;809;809;24279[Konstabler];2021-11-20T11:32:00.760Z
1;open;2021-11-20T11:27:00Z;426;0;0;426;426;18497[Hauptwache];2021-11-20T11:32:00.760Z
0.6014706;open;2021-11-20T11:27:00Z;409;271;0;680;680;18495[Am Gericht];2021-11-20T11:32:00.760Z
0.32492432;open;2021-11-20T11:27:00Z;322;669;70;1061;991;109240[MyZeil];2021-11-20T11:32:00.760Z
0.76340693;open;2021-11-20T11:27:00Z;484;150;0;634;634;18494[Konrad-Adenauer-Straße];2021-11-20T11:32:00.760Z
0.465;open;2021-11-20T11:37:00Z;93;107;150;350;200;24276[Turmcenter];2021-11-20T11:42:00.167Z
0.5749386;open;2021-11-20T11:37:00Z;234;173;0;407;407;18944[Alte Oper];2021-11-20T11:42:00.167Z
0.027472528;open;2021-11-20T11:37:00Z;10;354;0;364;364;24281[Hauptbahnhof Süd];2021-11-20T11:42:00.167Z
0.8788628;open;2021-11-20T11:37:00Z;711;98;0;809;809;24279[Konstabler];2021-11-20T11:42:00.167Z
0.9976526;open;2021-11-20T11:37:00Z;425;1;0;426;426;18497[Hauptwache];2021-11-20T11:42:00.167Z
0.6117647;open;2021-11-20T11:37:00Z;416;264;0;680;680;18495[Am Gericht];2021-11-20T11:42:00.167Z
0.7697161;open;2021-11-20T11:37:00Z;488;146;0;634;634;18494[Konrad-Adenauer-Straße];2021-11-20T11:42:00.167Z
0.475;open;2021-11-20T11:47:00Z;95;105;150;350;200;24276[Turmcenter];2021-11-20T11:52:02.425Z
0.6142506;open;2021-11-20T11:47:00Z;250;157;0;407;407;18944[Alte Oper];2021-11-20T11:52:02.425Z
0.024725275;open;2021-11-20T11:47:00Z;9;355;0;364;364;24281[Hauptbahnhof Süd];2021-11-20T11:52:02.425Z
0.9023486;open;2021-11-20T11:47:00Z;730;79;0;809;809;24279[Konstabler];2021-11-20T11:52:02.425Z
0.9976526;open;2021-11-20T11:47:00Z;425;1;0;426;426;18497[Hauptwache];2021-11-20T11:52:02.425Z
0.62058824;open;2021-11-20T11:47:00Z;422;258;0;680;680;18495[Am Gericht];2021-11-20T11:52:02.425Z
0.34207872;open;2021-11-20T11:47:00Z;339;652;70;1061;991;109240[MyZeil];2021-11-20T11:52:02.425Z
0.7823344;open;2021-11-20T11:47:00Z;496;138;0;634;634;18494[Konrad-Adenauer-Straße];2021-11-20T11:52:02.425Z
0.5;open;2021-11-20T12:28:00Z;100;100;150;350;200;24276[Turmcenter];2021-11-20T12:32:02.586Z
0.63390666;open;2021-11-20T12:28:00Z;258;149;0;407;407;18944[Alte Oper];2021-11-20T12:32:02.586Z
0.027472528;open;2021-11-20T12:28:00Z;10;354;0;364;364;24281[Hauptbahnhof Süd];2021-11-20T12:32:02.586Z
1;open;2021-11-20T12:28:00Z;809;0;0;809;809;24279[Konstabler];2021-11-20T12:32:02.586Z
0.9976526;open;2021-11-20T12:28:00Z;425;1;0;426;426;18497[Hauptwache];2021-11-20T12:32:02.586Z
0.6455882;open;2021-11-20T12:28:00Z;439;241;0;680;680;18495[Am Gericht];2021-11-20T12:32:02.586Z
0.38950554;open;2021-11-20T12:28:00Z;386;605;70;1061;991;109240[MyZeil];2021-11-20T12:32:02.586Z
0.81072557;open;2021-11-20T12:28:00Z;514;120;0;634;634;18494[Konrad-Adenauer-Straße];2021-11-20T12:32:02.586Z
0.515;open;2021-11-20T12:53:00Z;103;97;150;350;200;24276[Turmcenter];2021-11-20T12:57:02.685Z
0.6560196;open;2021-11-20T12:53:00Z;267;140;0;407;407;18944[Alte Oper];2021-11-20T12:57:02.685Z
0.024725275;open;2021-11-20T12:53:00Z;9;355;0;364;364;24281[Hauptbahnhof Süd];2021-11-20T12:57:02.685Z
0.9913473;open;2021-11-20T12:53:00Z;802;7;0;809;809;24279[Konstabler];2021-11-20T12:57:02.685Z
1;open;2021-11-20T12:53:00Z;426;0;0;426;426;18497[Hauptwache];2021-11-20T12:57:02.685Z
0.68088233;open;2021-11-20T12:53:00Z;463;217;0;680;680;18495[Am Gericht];2021-11-20T12:57:02.685Z
0.4147326;open;2021-11-20T12:53:00Z;411;580;70;1061;991;109240[MyZeil];2021-11-20T12:57:02.685Z
0.8328076;open;2021-11-20T12:53:00Z;528;106;0;634;634;18494[Konrad-Adenauer-Straße];2021-11-20T12:57:02.685Z
0.53;open;2021-11-20T13:23:00Z;106;94;150;350;200;24276[Turmcenter];2021-11-20T13:27:00.566Z
0.6953317;open;2021-11-20T13:23:00Z;283;124;0;407;407;18944[Alte Oper];2021-11-20T13:27:00.566Z
0.021978023;open;2021-11-20T13:23:00Z;8;356;0;364;364;24281[Hauptbahnhof Süd];2021-11-20T13:27:00.566Z
0.98887515;open;2021-11-20T13:23:00Z;800;9;0;809;809;24279[Konstabler];2021-11-20T13:27:00.566Z
1;open;2021-11-20T13:23:00Z;426;0;0;426;426;18497[Hauptwache];2021-11-20T13:27:00.566Z
0.7264706;open;2021-11-20T13:23:00Z;494;186;0;680;680;18495[Am Gericht];2021-11-20T13:27:00.566Z
0.42771083;open;2021-11-20T13:23:00Z;426;570;70;1066;996;109240[MyZeil];2021-11-20T13:27:00.566Z
0.851735;open;2021-11-20T13:23:00Z;540;94;0;634;634;18494[Konrad-Adenauer-Straße];2021-11-20T13:27:00.566Z
0.52;open;2021-11-20T13:33:00Z;104;96;150;350;200;24276[Turmcenter];2021-11-20T13:37:01.131Z
0.7297297;open;2021-11-20T13:33:00Z;297;110;0;407;407;18944[Alte Oper];2021-11-20T13:37:01.131Z
0.024725275;open;2021-11-20T13:33:00Z;9;355;0;364;364;24281[Hauptbahnhof Süd];2021-11-20T13:37:01.131Z
0.98763907;open;2021-11-20T13:33:00Z;799;10;0;809;809;24279[Konstabler];2021-11-20T13:37:01.131Z
1;open;2021-11-20T13:33:00Z;426;0;0;426;426;18497[Hauptwache];2021-11-20T13:37:01.131Z
0.7323529;open;2021-11-20T13:33:00Z;498;182;0;680;680;18495[Am Gericht];2021-11-20T13:37:01.131Z
0.4307229;open;2021-11-20T13:33:00Z;429;567;70;1066;996;109240[MyZeil];2021-11-20T13:37:01.131Z
0.87539434;open;2021-11-20T13:33:00Z;555;79;0;634;634;18494[Konrad-Adenauer-Straße];2021-11-20T13:37:01.131Z
0.515;open;2021-11-20T13:48:00Z;103;97;150;350;200;24276[Turmcenter];2021-11-20T13:52:01.114Z
0.8108108;open;2021-11-20T13:48:00Z;330;77;0;407;407;18944[Alte Oper];2021-11-20T13:52:01.114Z
0.03021978;open;2021-11-20T13:48:00Z;11;353;0;364;364;24281[Hauptbahnhof Süd];2021-11-20T13:52:01.114Z
1;open;2021-11-20T13:48:00Z;809;0;0;809;809;24279[Konstabler];2021-11-20T13:52:01.114Z
1;open;2021-11-20T13:48:00Z;426;0;0;426;426;18497[Hauptwache];2021-11-20T13:52:01.114Z
0.75441176;open;2021-11-20T13:48:00Z;513;167;0;680;680;18495[Am Gericht];2021-11-20T13:52:01.114Z
0.87539434;open;2021-11-20T13:48:00Z;555;79;0;634;634;18494[Konrad-Adenauer-Straße];2021-11-20T13:52:01.114Z
0.545;open;2021-11-20T13:58:00Z;109;91;150;350;200;24276[Turmcenter];2021-11-20T14:02:00.893Z
0.8009828;open;2021-11-20T13:58:00Z;326;81;0;407;407;18944[Alte Oper];2021-11-20T14:02:00.893Z
0.032967035;open;2021-11-20T13:58:00Z;12;352;0;364;364;24281[Hauptbahnhof Süd];2021-11-20T14:02:00.893Z
0.9913473;open;2021-11-20T13:58:00Z;802;7;0;809;809;24279[Konstabler];2021-11-20T14:02:00.893Z
1;open;2021-11-20T13:58:00Z;426;0;0;426;426;18497[Hauptwache];2021-11-20T14:02:00.893Z
0.7588235;open;2021-11-20T13:58:00Z;516;164;0;680;680;18495[Am Gericht];2021-11-20T14:02:00.893Z
0.44678715;open;2021-11-20T13:58:00Z;445;551;70;1066;996;109240[MyZeil];2021-11-20T14:02:00.893Z
0.8848581;open;2021-11-20T13:58:00Z;561;73;0;634;634;18494[Konrad-Adenauer-Straße];2021-11-20T14:02:00.893Z
0.59;open;2021-11-20T14:24:00Z;118;82;150;350;200;24276[Turmcenter];2021-11-20T14:27:02.562Z
0.8034398;open;2021-11-20T14:24:00Z;327;80;0;407;407;18944[Alte Oper];2021-11-20T14:27:02.562Z
0.041208792;open;2021-11-20T14:24:00Z;15;349;0;364;364;24281[Hauptbahnhof Süd];2021-11-20T14:27:02.562Z
1;open;2021-11-20T14:24:00Z;809;0;0;809;809;24279[Konstabler];2021-11-20T14:27:02.562Z
1;open;2021-11-20T14:24:00Z;426;0;0;426;426;18497[Hauptwache];2021-11-20T14:27:02.562Z
0.7588235;open;2021-11-20T14:24:00Z;516;164;0;680;680;18495[Am Gericht];2021-11-20T14:27:02.562Z
0.44277108;open;2021-11-20T14:24:00Z;441;555;70;1066;996;109240[MyZeil];2021-11-20T14:27:02.562Z
0.87539434;open;2021-11-20T14:24:00Z;555;79;0;634;634;18494[Konrad-Adenauer-Straße];2021-11-20T14:27:02.562Z
0.59;open;2021-11-20T14:39:00Z;118;82;150;350;200;24276[Turmcenter];2021-11-20T14:42:02.505Z
0.8034398;open;2021-11-20T14:39:00Z;327;80;0;407;407;18944[Alte Oper];2021-11-20T14:42:02.505Z
0.046703298;open;2021-11-20T14:39:00Z;17;347;0;364;364;24281[Hauptbahnhof Süd];2021-11-20T14:42:02.505Z
1;open;2021-11-20T14:39:00Z;809;0;0;809;809;24279[Konstabler];2021-11-20T14:42:02.505Z
0.9976526;open;2021-11-20T14:39:00Z;425;1;0;426;426;18497[Hauptwache];2021-11-20T14:42:02.505Z
0.77205884;open;2021-11-20T14:39:00Z;525;155;0;680;680;18495[Am Gericht];2021-11-20T14:42:02.505Z
0.44779116;open;2021-11-20T14:39:00Z;446;550;70;1066;996;109240[MyZeil];2021-11-20T14:42:02.505Z
0.85962147;open;2021-11-20T14:39:00Z;545;89;0;634;634;18494[Konrad-Adenauer-Straße];2021-11-20T14:42:02.505Z
0.585;open;2021-11-20T14:44:00Z;117;83;150;350;200;24276[Turmcenter];2021-11-20T14:47:00.753Z
0.7985258;open;2021-11-20T14:44:00Z;325;82;0;407;407;18944[Alte Oper];2021-11-20T14:47:00.753Z
0.046703298;open;2021-11-20T14:44:00Z;17;347;0;364;364;24281[Hauptbahnhof Süd];2021-11-20T14:47:00.753Z
0.98887515;open;2021-11-20T14:44:00Z;800;9;0;809;809;24279[Konstabler];2021-11-20T14:47:00.753Z
1;open;2021-11-20T14:44:00Z;426;0;0;426;426;18497[Hauptwache];2021-11-20T14:47:00.753Z
0.7823529;open;2021-11-20T14:44:00Z;532;148;0;680;680;18495[Am Gericht];2021-11-20T14:47:00.753Z
0.4497992;open;2021-11-20T14:44:00Z;448;548;70;1066;996;109240[MyZeil];2021-11-20T14:47:00.753Z
0.8690852;open;2021-11-20T14:44:00Z;551;83;0;634;634;18494[Konrad-Adenauer-Straße];2021-11-20T14:47:00.753Z
0.59;open;2021-11-20T14:59:00Z;118;82;150;350;200;24276[Turmcenter];2021-11-20T15:02:01.284Z
0.7960688;open;2021-11-20T14:59:00Z;324;83;0;407;407;18944[Alte Oper];2021-11-20T15:02:01.284Z
0.041208792;open;2021-11-20T14:59:00Z;15;349;0;364;364;24281[Hauptbahnhof Süd];2021-11-20T15:02:01.284Z
0.98887515;open;2021-11-20T14:59:00Z;800;9;0;809;809;24279[Konstabler];2021-11-20T15:02:01.284Z
0.9976526;open;2021-11-20T14:59:00Z;425;1;0;426;426;18497[Hauptwache];2021-11-20T15:02:01.284Z
0.79264706;open;2021-11-20T14:59:00Z;539;141;0;680;680;18495[Am Gericht];2021-11-20T15:02:01.284Z
0.44477913;open;2021-11-20T14:59:00Z;443;553;70;1066;996;109240[MyZeil];2021-11-20T15:02:01.284Z
0.87223977;open;2021-11-20T14:59:00Z;553;81;0;634;634;18494[Konrad-Adenauer-Straße];2021-11-20T15:02:01.284Z
0.58;open;2021-11-20T15:19:00Z;116;84;150;350;200;24276[Turmcenter];2021-11-20T15:22:02.672Z
0.8722359;open;2021-11-20T15:19:00Z;355;52;0;407;407;18944[Alte Oper];2021-11-20T15:22:02.672Z
0.041208792;open;2021-11-20T15:19:00Z;15;349;0;364;364;24281[Hauptbahnhof Süd];2021-11-20T15:22:02.672Z
0.98763907;open;2021-11-20T15:19:00Z;799;10;0;809;809;24279[Konstabler];2021-11-20T15:22:02.672Z
1;open;2021-11-20T15:19:00Z;426;0;0;426;426;18497[Hauptwache];2021-11-20T15:22:02.672Z
0.7867647;open;2021-11-20T15:19:00Z;535;145;0;680;680;18495[Am Gericht];2021-11-20T15:22:02.672Z
0.42753622;open;2021-11-20T15:19:00Z;413;553;70;1036;966;109240[MyZeil];2021-11-20T15:22:02.672Z
0.8391167;open;2021-11-20T15:19:00Z;532;102;0;634;634;18494[Konrad-Adenauer-Straße];2021-11-20T15:22:02.672Z
0.61;open;2021-11-20T15:40:00Z;122;78;150;350;200;24276[Turmcenter];2021-11-20T15:42:00.180Z
0.8796069;open;2021-11-20T15:40:00Z;358;49;0;407;407;18944[Alte Oper];2021-11-20T15:42:00.180Z
0.041208792;open;2021-11-20T15:40:00Z;15;349;0;364;364;24281[Hauptbahnhof Süd];2021-11-20T15:42:00.180Z
1;open;2021-11-20T15:40:00Z;809;0;0;809;809;24279[Konstabler];2021-11-20T15:42:00.180Z
1;open;2021-11-20T15:40:00Z;426;0;0;426;426;18497[Hauptwache];2021-11-20T15:42:00.180Z
0.78382355;open;2021-11-20T15:40:00Z;533;147;0;680;680;18495[Am Gericht];2021-11-20T15:42:00.180Z
0.83438486;open;2021-11-20T15:40:00Z;529;105;0;634;634;18494[Konrad-Adenauer-Straße];2021-11-20T15:42:00.180Z
0.65;open;2021-11-20T16:00:00Z;130;70;150;350;200;24276[Turmcenter];2021-11-20T16:02:00.706Z
0.8329238;open;2021-11-20T16:00:00Z;339;68;0;407;407;18944[Alte Oper];2021-11-20T16:02:00.706Z
0.035714287;open;2021-11-20T16:00:00Z;13;351;0;364;364;24281[Hauptbahnhof Süd];2021-11-20T16:02:00.706Z
0.99258345;open;2021-11-20T16:00:00Z;803;6;0;809;809;24279[Konstabler];2021-11-20T16:02:00.706Z
1;open;2021-11-20T16:00:00Z;426;0;0;426;426;18497[Hauptwache];2021-11-20T16:02:00.706Z
0.79558825;open;2021-11-20T16:00:00Z;541;139;0;680;680;18495[Am Gericht];2021-11-20T16:02:00.706Z
0.33472803;open;2021-11-20T16:00:00Z;320;636;70;1026;956;109240[MyZeil];2021-11-20T16:02:00.706Z
0.8312303;open;2021-11-20T16:00:00Z;527;107;0;634;634;18494[Konrad-Adenauer-Straße];2021-11-20T16:02:00.706Z
0.6;open;2021-11-20T16:30:00Z;120;80;150;350;200;24276[Turmcenter];2021-11-20T16:32:00.714Z
0.73464376;open;2021-11-20T16:30:00Z;299;108;0;407;407;18944[Alte Oper];2021-11-20T16:32:00.714Z
0.035714287;open;2021-11-20T16:30:00Z;13;351;0;364;364;24281[Hauptbahnhof Süd];2021-11-20T16:32:00.714Z
0.98516685;open;2021-11-20T16:30:00Z;797;12;0;809;809;24279[Konstabler];2021-11-20T16:32:00.714Z
1;open;2021-11-20T16:30:00Z;426;0;0;426;426;18497[Hauptwache];2021-11-20T16:32:00.714Z
0.8264706;open;2021-11-20T16:30:00Z;562;118;0;680;680;18495[Am Gericht];2021-11-20T16:32:00.714Z
0.7996845;open;2021-11-20T16:30:00Z;507;127;0;634;634;18494[Konrad-Adenauer-Straße];2021-11-20T16:32:00.714Z
0.64;open;2021-11-20T17:00:00Z;128;72;150;350;200;24276[Turmcenter];2021-11-20T17:02:01.736Z
0.6486486;open;2021-11-20T17:00:00Z;264;143;0;407;407;18944[Alte Oper];2021-11-20T17:02:01.736Z
0.032967035;open;2021-11-20T17:00:00Z;12;352;0;364;364;24281[Hauptbahnhof Süd];2021-11-20T17:02:01.736Z
0.9777503;open;2021-11-20T17:00:00Z;791;18;0;809;809;24279[Konstabler];2021-11-20T17:02:01.736Z
1;open;2021-11-20T17:00:00Z;426;0;0;426;426;18497[Hauptwache];2021-11-20T17:02:01.736Z
0.8132353;open;2021-11-20T17:00:00Z;553;127;0;680;680;18495[Am Gericht];2021-11-20T17:02:01.736Z
0.33054394;open;2021-11-20T17:00:00Z;316;640;70;1026;956;109240[MyZeil];2021-11-20T17:02:01.736Z
0.7791798;open;2021-11-20T17:00:00Z;494;140;0;634;634;18494[Konrad-Adenauer-Straße];2021-11-20T17:02:01.736Z
0.645;open;2021-11-20T17:31:00Z;129;71;150;350;200;24276[Turmcenter];2021-11-20T17:32:02.728Z
0.65356266;open;2021-11-20T17:31:00Z;266;141;0;407;407;18944[Alte Oper];2021-11-20T17:32:02.728Z
0.041208792;open;2021-11-20T17:31:00Z;15;349;0;364;364;24281[Hauptbahnhof Süd];2021-11-20T17:32:02.728Z
0.9579728;open;2021-11-20T17:31:00Z;775;34;0;809;809;24279[Konstabler];2021-11-20T17:32:02.728Z
0.9882629;open;2021-11-20T17:31:00Z;421;5;0;426;426;18497[Hauptwache];2021-11-20T17:32:02.728Z
0.80735296;open;2021-11-20T17:31:00Z;549;131;0;680;680;18495[Am Gericht];2021-11-20T17:32:02.728Z
0.7618297;open;2021-11-20T17:31:00Z;483;151;0;634;634;18494[Konrad-Adenauer-Straße];2021-11-20T17:32:02.728Z
0.61;open;2021-11-20T17:51:00Z;122;78;150;350;200;24276[Turmcenter];2021-11-20T17:52:01.030Z
0.6216216;open;2021-11-20T17:51:00Z;253;154;0;407;407;18944[Alte Oper];2021-11-20T17:52:01.030Z
0.032967035;open;2021-11-20T17:51:00Z;12;352;0;364;364;24281[Hauptbahnhof Süd];2021-11-20T17:52:01.030Z
0.9542645;open;2021-11-20T17:51:00Z;772;37;0;809;809;24279[Konstabler];2021-11-20T17:52:01.030Z
0.9953052;open;2021-11-20T17:51:00Z;424;2;0;426;426;18497[Hauptwache];2021-11-20T17:52:01.030Z
0.8382353;open;2021-11-20T17:51:00Z;570;110;0;680;680;18495[Am Gericht];2021-11-20T17:52:01.030Z
0.33158997;open;2021-11-20T17:51:00Z;317;639;70;1026;956;109240[MyZeil];2021-11-20T17:52:01.030Z
0.7539432;open;2021-11-20T17:51:00Z;478;156;0;634;634;18494[Konrad-Adenauer-Straße];2021-11-20T17:52:01.030Z
0.62;open;2021-11-20T18:01:00Z;124;76;150;350;200;24276[Turmcenter];2021-11-20T18:02:00.522Z
0.6289926;open;2021-11-20T18:01:00Z;256;151;0;407;407;18944[Alte Oper];2021-11-20T18:02:00.522Z
0.032967035;open;2021-11-20T18:01:00Z;12;352;0;364;364;24281[Hauptbahnhof Süd];2021-11-20T18:02:00.522Z
0.9592089;open;2021-11-20T18:01:00Z;776;33;0;809;809;24279[Konstabler];2021-11-20T18:02:00.522Z
1;open;2021-11-20T18:01:00Z;426;0;0;426;426;18497[Hauptwache];2021-11-20T18:02:00.522Z
0.85;open;2021-11-20T18:01:00Z;578;102;0;680;680;18495[Am Gericht];2021-11-20T18:02:00.522Z
0.3211297;open;2021-11-20T18:01:00Z;307;649;70;1026;956;109240[MyZeil];2021-11-20T18:02:00.522Z
0.76340693;open;2021-11-20T18:01:00Z;484;150;0;634;634;18494[Konrad-Adenauer-Straße];2021-11-20T18:02:00.522Z
0.6;open;2021-11-20T18:27:00Z;120;80;150;350;200;24276[Turmcenter];2021-11-20T18:32:02.594Z
0.6560196;open;2021-11-20T18:27:00Z;267;140;0;407;407;18944[Alte Oper];2021-11-20T18:32:02.594Z
0.03021978;open;2021-11-20T18:27:00Z;11;353;0;364;364;24281[Hauptbahnhof Süd];2021-11-20T18:32:02.594Z
0.9765142;open;2021-11-20T18:27:00Z;790;19;0;809;809;24279[Konstabler];2021-11-20T18:32:02.594Z
1;open;2021-11-20T18:27:00Z;426;0;0;426;426;18497[Hauptwache];2021-11-20T18:32:02.594Z
0.84411764;open;2021-11-20T18:27:00Z;574;106;0;680;680;18495[Am Gericht];2021-11-20T18:32:02.594Z
0.29497907;open;2021-11-20T18:27:00Z;282;674;70;1026;956;109240[MyZeil];2021-11-20T18:32:02.594Z
0.7429022;open;2021-11-20T18:27:00Z;471;163;0;634;634;18494[Konrad-Adenauer-Straße];2021-11-20T18:32:02.594Z
0.595;open;2021-11-20T18:47:00Z;119;81;150;350;200;24276[Turmcenter];2021-11-20T18:52:00.192Z
0.65110564;open;2021-11-20T18:47:00Z;265;142;0;407;407;18944[Alte Oper];2021-11-20T18:52:00.192Z
0.024725275;open;2021-11-20T18:47:00Z;9;355;0;364;364;24281[Hauptbahnhof Süd];2021-11-20T18:52:00.192Z
0.9505562;open;2021-11-20T18:47:00Z;769;40;0;809;809;24279[Konstabler];2021-11-20T18:52:00.192Z
0.98122066;open;2021-11-20T18:47:00Z;418;8;0;426;426;18497[Hauptwache];2021-11-20T18:52:00.192Z
0.8132353;open;2021-11-20T18:47:00Z;553;127;0;680;680;18495[Am Gericht];2021-11-20T18:52:00.192Z
0.2876569;open;2021-11-20T18:47:00Z;275;681;70;1026;956;109240[MyZeil];2021-11-20T18:52:00.192Z
0.7318612;open;2021-11-20T18:47:00Z;464;170;0;634;634;18494[Konrad-Adenauer-Straße];2021-11-20T18:52:00.192Z
0.635;open;2021-11-20T18:52:00Z;127;73;150;350;200;24276[Turmcenter];2021-11-20T18:57:02.771Z
0.65356266;open;2021-11-20T18:52:00Z;266;141;0;407;407;18944[Alte Oper];2021-11-20T18:57:02.771Z
0.027472528;open;2021-11-20T18:52:00Z;10;354;0;364;364;24281[Hauptbahnhof Süd];2021-11-20T18:57:02.771Z
0.9431397;open;2021-11-20T18:52:00Z;763;46;0;809;809;24279[Konstabler];2021-11-20T18:57:02.771Z
0.9859155;open;2021-11-20T18:52:00Z;420;6;0;426;426;18497[Hauptwache];2021-11-20T18:57:02.771Z
0.8161765;open;2021-11-20T18:52:00Z;555;125;0;680;680;18495[Am Gericht];2021-11-20T18:57:02.771Z
0.2792887;open;2021-11-20T18:52:00Z;267;689;70;1026;956;109240[MyZeil];2021-11-20T18:57:02.771Z
0.72397476;open;2021-11-20T18:52:00Z;459;175;0;634;634;18494[Konrad-Adenauer-Straße];2021-11-20T18:57:02.771Z
0.655;open;2021-11-20T19:12:00Z;131;69;150;350;200;24276[Turmcenter];2021-11-20T19:17:00.984Z
0.6486486;open;2021-11-20T19:12:00Z;264;143;0;407;407;18944[Alte Oper];2021-11-20T19:17:00.984Z
0.032967035;open;2021-11-20T19:12:00Z;12;352;0;364;364;24281[Hauptbahnhof Süd];2021-11-20T19:17:00.984Z
0.9320148;open;2021-11-20T19:12:00Z;754;55;0;809;809;24279[Konstabler];2021-11-20T19:17:00.984Z
0.92488265;open;2021-11-20T19:12:00Z;394;32;0;426;426;18497[Hauptwache];2021-11-20T19:17:00.984Z
0.79558825;open;2021-11-20T19:12:00Z;541;139;0;680;680;18495[Am Gericht];2021-11-20T19:17:00.984Z
0.2667364;open;2021-11-20T19:12:00Z;255;701;70;1026;956;109240[MyZeil];2021-11-20T19:17:00.984Z
0.7097792;open;2021-11-20T19:12:00Z;450;184;0;634;634;18494[Konrad-Adenauer-Straße];2021-11-20T19:17:00.984Z
0.66;open;2021-11-20T19:22:00Z;132;68;150;350;200;24276[Turmcenter];2021-11-20T19:27:01.365Z
0.62407863;open;2021-11-20T19:22:00Z;254;153;0;407;407;18944[Alte Oper];2021-11-20T19:27:01.365Z
0.032967035;open;2021-11-20T19:22:00Z;12;352;0;364;364;24281[Hauptbahnhof Süd];2021-11-20T19:27:01.365Z
0.9184178;open;2021-11-20T19:22:00Z;743;66;0;809;809;24279[Konstabler];2021-11-20T19:27:01.365Z
0.9201878;open;2021-11-20T19:22:00Z;392;34;0;426;426;18497[Hauptwache];2021-11-20T19:27:01.365Z
0.77205884;open;2021-11-20T19:22:00Z;525;155;0;680;680;18495[Am Gericht];2021-11-20T19:27:01.365Z
0.24790795;open;2021-11-20T19:22:00Z;237;719;70;1026;956;109240[MyZeil];2021-11-20T19:27:01.365Z
0.6798107;open;2021-11-20T19:22:00Z;431;203;0;634;634;18494[Konrad-Adenauer-Straße];2021-11-20T19:27:01.365Z
0.685;open;2021-11-20T19:37:00Z;137;63;150;350;200;24276[Turmcenter];2021-11-20T19:42:00.479Z
0.5970516;open;2021-11-20T19:37:00Z;243;164;0;407;407;18944[Alte Oper];2021-11-20T19:42:00.479Z
0.032967035;open;2021-11-20T19:37:00Z;12;352;0;364;364;24281[Hauptbahnhof Süd];2021-11-20T19:42:00.479Z
0.88627934;open;2021-11-20T19:37:00Z;717;92;0;809;809;24279[Konstabler];2021-11-20T19:42:00.479Z
0.90375584;open;2021-11-20T19:37:00Z;385;41;0;426;426;18497[Hauptwache];2021-11-20T19:42:00.479Z
0.7441176;open;2021-11-20T19:37:00Z;506;174;0;680;680;18495[Am Gericht];2021-11-20T19:42:00.479Z
0.23117155;open;2021-11-20T19:37:00Z;221;735;70;1026;956;109240[MyZeil];2021-11-20T19:42:00.479Z
0.6640379;open;2021-11-20T19:37:00Z;421;213;0;634;634;18494[Konrad-Adenauer-Straße];2021-11-20T19:42:00.479Z
0.675;open;2021-11-20T19:48:00Z;135;65;150;350;200;24276[Turmcenter];2021-11-20T19:52:02.793Z
0.5896806;open;2021-11-20T19:48:00Z;240;167;0;407;407;18944[Alte Oper];2021-11-20T19:52:02.793Z
0.03021978;open;2021-11-20T19:48:00Z;11;353;0;364;364;24281[Hauptbahnhof Süd];2021-11-20T19:52:02.793Z
0.8776267;open;2021-11-20T19:48:00Z;710;99;0;809;809;24279[Konstabler];2021-11-20T19:52:02.793Z
0.8943662;open;2021-11-20T19:48:00Z;381;45;0;426;426;18497[Hauptwache];2021-11-20T19:52:02.793Z
0.7411765;open;2021-11-20T19:48:00Z;504;176;0;680;680;18495[Am Gericht];2021-11-20T19:52:02.793Z
0.22175732;open;2021-11-20T19:48:00Z;212;744;70;1026;956;109240[MyZeil];2021-11-20T19:52:02.793Z
0.659306;open;2021-11-20T19:48:00Z;418;216;0;634;634;18494[Konrad-Adenauer-Straße];2021-11-20T19:52:02.793Z
0.685;open;2021-11-20T19:58:00Z;137;63;150;350;200;24276[Turmcenter];2021-11-20T20:02:01.373Z
0.5921376;open;2021-11-20T19:58:00Z;241;166;0;407;407;18944[Alte Oper];2021-11-20T20:02:01.373Z
0.03021978;open;2021-11-20T19:58:00Z;11;353;0;364;364;24281[Hauptbahnhof Süd];2021-11-20T20:02:01.373Z
0.8838072;open;2021-11-20T19:58:00Z;715;94;0;809;809;24279[Konstabler];2021-11-20T20:02:01.373Z
0.8896714;open;2021-11-20T19:58:00Z;379;47;0;426;426;18497[Hauptwache];2021-11-20T20:02:01.373Z
0.7411765;open;2021-11-20T19:58:00Z;504;176;0;680;680;18495[Am Gericht];2021-11-20T20:02:01.373Z
0.21757323;open;2021-11-20T19:58:00Z;208;748;70;1026;956;109240[MyZeil];2021-11-20T20:02:01.373Z
0.64984226;open;2021-11-20T19:58:00Z;412;222;0;634;634;18494[Konrad-Adenauer-Straße];2021-11-20T20:02:01.373Z
0.67;open;2021-11-20T20:23:00Z;134;66;150;350;200;24276[Turmcenter];2021-11-20T20:27:00.130Z
0.5823096;open;2021-11-20T20:23:00Z;237;170;0;407;407;18944[Alte Oper];2021-11-20T20:27:00.130Z
0.032967035;open;2021-11-20T20:23:00Z;12;352;0;364;364;24281[Hauptbahnhof Süd];2021-11-20T20:27:00.130Z
0.84425217;open;2021-11-20T20:23:00Z;683;126;0;809;809;24279[Konstabler];2021-11-20T20:27:00.130Z
0.9061033;open;2021-11-20T20:23:00Z;386;40;0;426;426;18497[Hauptwache];2021-11-20T20:27:00.130Z
0.70735294;open;2021-11-20T20:23:00Z;481;199;0;680;680;18495[Am Gericht];2021-11-20T20:27:00.130Z
0.20188284;open;2021-11-20T20:23:00Z;193;763;70;1026;956;109240[MyZeil];2021-11-20T20:27:00.130Z
0.62933755;open;2021-11-20T20:23:00Z;399;235;0;634;634;18494[Konrad-Adenauer-Straße];2021-11-20T20:27:00.130Z
0.665;open;2021-11-20T20:39:00Z;133;67;150;350;200;24276[Turmcenter];2021-11-20T20:42:00.591Z
0.5724816;open;2021-11-20T20:39:00Z;233;174;0;407;407;18944[Alte Oper];2021-11-20T20:42:00.591Z
0.035714287;open;2021-11-20T20:39:00Z;13;351;0;364;364;24281[Hauptbahnhof Süd];2021-11-20T20:42:00.591Z
0.8170581;open;2021-11-20T20:39:00Z;661;148;0;809;809;24279[Konstabler];2021-11-20T20:42:00.591Z
0.90140843;open;2021-11-20T20:39:00Z;384;42;0;426;426;18497[Hauptwache];2021-11-20T20:42:00.591Z
0.6544118;open;2021-11-20T20:39:00Z;445;235;0;680;680;18495[Am Gericht];2021-11-20T20:42:00.591Z
0.1956067;open;2021-11-20T20:39:00Z;187;769;70;1026;956;109240[MyZeil];2021-11-20T20:42:00.591Z
0.6182965;open;2021-11-20T20:39:00Z;392;242;0;634;634;18494[Konrad-Adenauer-Straße];2021-11-20T20:42:00.591Z
0.67;open;2021-11-20T20:49:00Z;134;66;150;350;200;24276[Turmcenter];2021-11-20T20:52:00.222Z
0.5601966;open;2021-11-20T20:49:00Z;228;179;0;407;407;18944[Alte Oper];2021-11-20T20:52:00.222Z
0.035714287;open;2021-11-20T20:49:00Z;13;351;0;364;364;24281[Hauptbahnhof Süd];2021-11-20T20:52:00.222Z
0.78368354;open;2021-11-20T20:49:00Z;634;175;0;809;809;24279[Konstabler];2021-11-20T20:52:00.222Z
0.8826291;open;2021-11-20T20:49:00Z;376;50;0;426;426;18497[Hauptwache];2021-11-20T20:52:00.222Z
0.65294117;open;2021-11-20T20:49:00Z;444;236;0;680;680;18495[Am Gericht];2021-11-20T20:52:00.222Z
0.19246861;open;2021-11-20T20:49:00Z;184;772;70;1026;956;109240[MyZeil];2021-11-20T20:52:00.222Z
0.6230284;open;2021-11-20T20:49:00Z;395;239;0;634;634;18494[Konrad-Adenauer-Straße];2021-11-20T20:52:00.222Z
0.625;open;2021-11-20T21:14:00Z;125;75;150;350;200;24276[Turmcenter];2021-11-20T21:17:00.409Z
0.53808355;open;2021-11-20T21:14:00Z;219;188;0;407;407;18944[Alte Oper];2021-11-20T21:17:00.409Z
0.035714287;open;2021-11-20T21:14:00Z;13;351;0;364;364;24281[Hauptbahnhof Süd];2021-11-20T21:17:00.409Z
0.75030905;open;2021-11-20T21:14:00Z;607;202;0;809;809;24279[Konstabler];2021-11-20T21:17:00.409Z
0.8802817;open;2021-11-20T21:14:00Z;375;51;0;426;426;18497[Hauptwache];2021-11-20T21:17:00.409Z
0.6382353;open;2021-11-20T21:14:00Z;434;246;0;680;680;18495[Am Gericht];2021-11-20T21:17:00.409Z
0.17573221;open;2021-11-20T21:14:00Z;168;788;70;1026;956;109240[MyZeil];2021-11-20T21:17:00.409Z
0.5899054;open;2021-11-20T21:14:00Z;374;260;0;634;634;18494[Konrad-Adenauer-Straße];2021-11-20T21:17:00.409Z
0.595;open;2021-11-20T21:29:00Z;119;81;150;350;200;24276[Turmcenter];2021-11-20T21:32:00.223Z
0.54545456;open;2021-11-20T21:29:00Z;222;185;0;407;407;18944[Alte Oper];2021-11-20T21:32:00.223Z
0.032967035;open;2021-11-20T21:29:00Z;12;352;0;364;364;24281[Hauptbahnhof Süd];2021-11-20T21:32:00.223Z
0.7181706;open;2021-11-20T21:29:00Z;581;228;0;809;809;24279[Konstabler];2021-11-20T21:32:00.223Z
0.85915494;open;2021-11-20T21:29:00Z;366;60;0;426;426;18497[Hauptwache];2021-11-20T21:32:00.223Z
0.62352943;open;2021-11-20T21:29:00Z;424;256;0;680;680;18495[Am Gericht];2021-11-20T21:32:00.223Z
0.1705021;open;2021-11-20T21:29:00Z;163;793;70;1026;956;109240[MyZeil];2021-11-20T21:32:00.223Z
0.58832806;open;2021-11-20T21:29:00Z;373;261;0;634;634;18494[Konrad-Adenauer-Straße];2021-11-20T21:32:00.223Z
0.57;open;2021-11-20T21:39:00Z;114;86;150;350;200;24276[Turmcenter];2021-11-20T21:42:02.246Z
0.54545456;open;2021-11-20T21:39:00Z;222;185;0;407;407;18944[Alte Oper];2021-11-20T21:42:02.246Z
0.032967035;open;2021-11-20T21:39:00Z;12;352;0;364;364;24281[Hauptbahnhof Süd];2021-11-20T21:42:02.246Z
0.7169345;open;2021-11-20T21:39:00Z;580;229;0;809;809;24279[Konstabler];2021-11-20T21:42:02.246Z
0.8286385;open;2021-11-20T21:39:00Z;353;73;0;426;426;18497[Hauptwache];2021-11-20T21:42:02.246Z
0.6117647;open;2021-11-20T21:39:00Z;416;264;0;680;680;18495[Am Gericht];2021-11-20T21:42:02.246Z
0.16841005;open;2021-11-20T21:39:00Z;161;795;70;1026;956;109240[MyZeil];2021-11-20T21:42:02.246Z
0.5899054;open;2021-11-20T21:39:00Z;374;260;0;634;634;18494[Konrad-Adenauer-Straße];2021-11-20T21:42:02.246Z
0.55;open;2021-11-20T21:55:00Z;110;90;150;350;200;24276[Turmcenter];2021-11-20T21:57:01.162Z
0.53071254;open;2021-11-20T21:55:00Z;216;191;0;407;407;18944[Alte Oper];2021-11-20T21:57:01.162Z
0.03021978;open;2021-11-20T21:55:00Z;11;353;0;364;364;24281[Hauptbahnhof Süd];2021-11-20T21:57:01.162Z
0.66996294;open;2021-11-20T21:55:00Z;542;267;0;809;809;24279[Konstabler];2021-11-20T21:57:01.162Z
0.7910798;open;2021-11-20T21:55:00Z;337;89;0;426;426;18497[Hauptwache];2021-11-20T21:57:01.162Z
0.5882353;open;2021-11-20T21:55:00Z;400;280;0;680;680;18495[Am Gericht];2021-11-20T21:57:01.162Z
0.16527197;open;2021-11-20T21:55:00Z;158;798;70;1026;956;109240[MyZeil];2021-11-20T21:57:01.162Z
0.5946372;open;2021-11-20T21:55:00Z;377;257;0;634;634;18494[Konrad-Adenauer-Straße];2021-11-20T21:57:01.162Z
0.435;open;2021-11-20T22:20:00Z;87;113;150;350;200;24276[Turmcenter];2021-11-20T22:22:01.155Z
0.48157248;open;2021-11-20T22:20:00Z;196;211;0;407;407;18944[Alte Oper];2021-11-20T22:22:01.155Z
0.024725275;open;2021-11-20T22:20:00Z;9;355;0;364;364;24281[Hauptbahnhof Süd];2021-11-20T22:22:01.155Z
0.6155748;open;2021-11-20T22:20:00Z;498;311;0;809;809;24279[Konstabler];2021-11-20T22:22:01.155Z
0.7605634;open;2021-11-20T22:20:00Z;324;102;0;426;426;18497[Hauptwache];2021-11-20T22:22:01.155Z
0.5485294;open;2021-11-20T22:20:00Z;373;307;0;680;680;18495[Am Gericht];2021-11-20T22:22:01.155Z
0.15167364;open;2021-11-20T22:20:00Z;145;811;70;1026;956;109240[MyZeil];2021-11-20T22:22:01.155Z
0.5725552;open;2021-11-20T22:20:00Z;363;271;0;634;634;18494[Konrad-Adenauer-Straße];2021-11-20T22:22:01.155Z
0.41;open;2021-11-20T22:31:00Z;82;118;150;350;200;24276[Turmcenter];2021-11-20T22:32:00.919Z
0.4226044;open;2021-11-20T22:31:00Z;172;235;0;407;407;18944[Alte Oper];2021-11-20T22:32:00.919Z
0.01923077;open;2021-11-20T22:31:00Z;7;357;0;364;364;24281[Hauptbahnhof Süd];2021-11-20T22:32:00.919Z
0.59456116;open;2021-11-20T22:31:00Z;481;328;0;809;809;24279[Konstabler];2021-11-20T22:32:00.919Z
0.75821596;open;2021-11-20T22:31:00Z;323;103;0;426;426;18497[Hauptwache];2021-11-20T22:32:00.919Z
0.5411765;open;2021-11-20T22:31:00Z;368;312;0;680;680;18495[Am Gericht];2021-11-20T22:32:00.919Z
0.15167364;open;2021-11-20T22:31:00Z;145;811;70;1026;956;109240[MyZeil];2021-11-20T22:32:00.919Z
0.5694006;open;2021-11-20T22:31:00Z;361;273;0;634;634;18494[Konrad-Adenauer-Straße];2021-11-20T22:32:00.919Z
0.39;open;2021-11-20T22:46:00Z;78;122;150;350;200;24276[Turmcenter];2021-11-20T22:47:02.318Z
0.34152335;open;2021-11-20T22:46:00Z;139;268;0;407;407;18944[Alte Oper];2021-11-20T22:47:02.318Z
0.01923077;open;2021-11-20T22:46:00Z;7;357;0;364;364;24281[Hauptbahnhof Süd];2021-11-20T22:47:02.318Z
0.5648949;open;2021-11-20T22:46:00Z;457;352;0;809;809;24279[Konstabler];2021-11-20T22:47:02.318Z
0.74178404;open;2021-11-20T22:46:00Z;316;110;0;426;426;18497[Hauptwache];2021-11-20T22:47:02.318Z
0.5235294;open;2021-11-20T22:46:00Z;356;324;0;680;680;18495[Am Gericht];2021-11-20T22:47:02.318Z
0.14539748;open;2021-11-20T22:46:00Z;139;817;70;1026;956;109240[MyZeil];2021-11-20T22:47:02.318Z
0.5615142;open;2021-11-20T22:46:00Z;356;278;0;634;634;18494[Konrad-Adenauer-Straße];2021-11-20T22:47:02.318Z
0.355;open;2021-11-20T22:56:00Z;71;129;150;350;200;24276[Turmcenter];2021-11-20T22:57:02.972Z
0.27518427;open;2021-11-20T22:56:00Z;112;295;0;407;407;18944[Alte Oper];2021-11-20T22:57:02.972Z
0.01923077;open;2021-11-20T22:56:00Z;7;357;0;364;364;24281[Hauptbahnhof Süd];2021-11-20T22:57:02.972Z
0.54511744;open;2021-11-20T22:56:00Z;441;368;0;809;809;24279[Konstabler];2021-11-20T22:57:02.972Z
0.74178404;open;2021-11-20T22:56:00Z;316;110;0;426;426;18497[Hauptwache];2021-11-20T22:57:02.972Z
0.50735295;open;2021-11-20T22:56:00Z;345;335;0;680;680;18495[Am Gericht];2021-11-20T22:57:02.972Z
0.14121339;open;2021-11-20T22:56:00Z;135;821;70;1026;956;109240[MyZeil];2021-11-20T22:57:02.972Z
0.5504732;open;2021-11-20T22:56:00Z;349;285;0;634;634;18494[Konrad-Adenauer-Straße];2021-11-20T22:57:02.972Z
0.305;open;2021-11-20T23:21:00Z;61;139;150;350;200;24276[Turmcenter];2021-11-20T23:27:02.942Z
0.2014742;open;2021-11-20T23:21:00Z;82;325;0;407;407;18944[Alte Oper];2021-11-20T23:27:02.942Z
0.01923077;open;2021-11-20T23:21:00Z;7;357;0;364;364;24281[Hauptbahnhof Süd];2021-11-20T23:27:02.942Z
0.5117429;open;2021-11-20T23:21:00Z;414;395;0;809;809;24279[Konstabler];2021-11-20T23:27:02.942Z
0.713615;open;2021-11-20T23:21:00Z;304;122;0;426;426;18497[Hauptwache];2021-11-20T23:27:02.942Z
0;closed;2021-11-20T23:21:00Z;;335;0;0;0;18495[Am Gericht];2021-11-20T23:27:02.942Z
0.12866108;open;2021-11-20T23:21:00Z;123;833;70;1026;956;109240[MyZeil];2021-11-20T23:27:02.942Z
0.53470033;open;2021-11-20T23:21:00Z;339;295;0;634;634;18494[Konrad-Adenauer-Straße];2021-11-20T23:27:02.942Z
0.3;open;2021-11-20T23:31:00Z;60;140;150;350;200;24276[Turmcenter];2021-11-20T23:37:02.051Z
0.2014742;open;2021-11-20T23:31:00Z;82;325;0;407;407;18944[Alte Oper];2021-11-20T23:37:02.051Z
0.01923077;open;2021-11-20T23:31:00Z;7;357;0;364;364;24281[Hauptbahnhof Süd];2021-11-20T23:37:02.051Z
0.487021;open;2021-11-20T23:31:00Z;394;415;0;809;809;24279[Konstabler];2021-11-20T23:37:02.051Z
0.69483566;open;2021-11-20T23:31:00Z;296;130;0;426;426;18497[Hauptwache];2021-11-20T23:37:02.051Z
0;closed;2021-11-20T23:31:00Z;;335;0;0;0;18495[Am Gericht];2021-11-20T23:37:02.051Z
0.12133891;open;2021-11-20T23:31:00Z;116;840;70;1026;956;109240[MyZeil];2021-11-20T23:37:02.051Z
0.533123;open;2021-11-20T23:31:00Z;338;296;0;634;634;18494[Konrad-Adenauer-Straße];2021-11-20T23:37:02.051Z
0.3;open;2021-11-20T23:47:00Z;60;140;150;350;200;24276[Turmcenter];2021-11-20T23:52:01.342Z
0.1990172;open;2021-11-20T23:47:00Z;81;326;0;407;407;18944[Alte Oper];2021-11-20T23:52:01.342Z
0.01923077;open;2021-11-20T23:47:00Z;7;357;0;364;364;24281[Hauptbahnhof Süd];2021-11-20T23:52:01.342Z
0.47589618;open;2021-11-20T23:47:00Z;385;424;0;809;809;24279[Konstabler];2021-11-20T23:52:01.342Z
0.6690141;open;2021-11-20T23:47:00Z;285;141;0;426;426;18497[Hauptwache];2021-11-20T23:52:01.342Z
0;closed;2021-11-20T23:47:00Z;;335;0;0;0;18495[Am Gericht];2021-11-20T23:52:01.342Z
0.11506276;open;2021-11-20T23:47:00Z;110;846;70;1026;956;109240[MyZeil];2021-11-20T23:52:01.342Z
0.52681386;open;2021-11-20T23:47:00Z;334;300;0;634;634;18494[Konrad-Adenauer-Straße];2021-11-20T23:52:01.342Z
0.275;open;2021-11-21T00:17:00Z;55;145;150;350;200;24276[Turmcenter];2021-11-21T00:22:02.531Z
0.1941032;open;2021-11-21T00:17:00Z;79;328;0;407;407;18944[Alte Oper];2021-11-21T00:22:02.531Z
0.01923077;open;2021-11-21T00:17:00Z;7;357;0;364;364;24281[Hauptbahnhof Süd];2021-11-21T00:22:02.531Z
0.4487021;open;2021-11-21T00:17:00Z;363;446;0;809;809;24279[Konstabler];2021-11-21T00:22:02.531Z
0.6314554;open;2021-11-21T00:17:00Z;269;157;0;426;426;18497[Hauptwache];2021-11-21T00:22:02.531Z
0;closed;2021-11-21T00:17:00Z;;335;0;0;0;18495[Am Gericht];2021-11-21T00:22:02.531Z
0.11610879;open;2021-11-21T00:17:00Z;111;845;70;1026;956;109240[MyZeil];2021-11-21T00:22:02.531Z
0.50157726;open;2021-11-21T00:17:00Z;318;316;0;634;634;18494[Konrad-Adenauer-Straße];2021-11-21T00:22:02.531Z
0.22;open;2021-11-21T01:32:00Z;44;156;150;350;200;24276[Turmcenter];2021-11-21T01:37:01.033Z
0.14987715;open;2021-11-21T01:32:00Z;61;346;0;407;407;18944[Alte Oper];2021-11-21T01:37:01.033Z
0.01923077;open;2021-11-21T01:32:00Z;7;357;0;364;364;24281[Hauptbahnhof Süd];2021-11-21T01:37:01.033Z
0.3893696;open;2021-11-21T01:32:00Z;315;494;0;809;809;24279[Konstabler];2021-11-21T01:37:01.033Z
0.57746476;open;2021-11-21T01:32:00Z;246;180;0;426;426;18497[Hauptwache];2021-11-21T01:37:01.033Z
0;closed;2021-11-21T01:32:00Z;;335;0;0;0;18495[Am Gericht];2021-11-21T01:37:01.033Z
0.11610879;open;2021-11-21T01:32:00Z;111;845;70;1026;956;109240[MyZeil];2021-11-21T01:37:01.033Z
0.48895898;open;2021-11-21T01:32:00Z;310;324;0;634;634;18494[Konrad-Adenauer-Straße];2021-11-21T01:37:01.033Z
0.205;open;2021-11-21T02:19:00Z;41;159;150;350;200;24276[Turmcenter];2021-11-21T02:22:01.725Z
0.14496315;open;2021-11-21T02:19:00Z;59;348;0;407;407;18944[Alte Oper];2021-11-21T02:22:01.725Z
0.024725275;open;2021-11-21T02:19:00Z;9;355;0;364;364;24281[Hauptbahnhof Süd];2021-11-21T02:22:01.725Z
0.35599506;open;2021-11-21T02:19:00Z;288;521;0;809;809;24279[Konstabler];2021-11-21T02:22:01.725Z
0.53521127;open;2021-11-21T02:19:00Z;228;198;0;426;426;18497[Hauptwache];2021-11-21T02:22:01.725Z
0;closed;2021-11-21T02:19:00Z;;335;0;0;0;18495[Am Gericht];2021-11-21T02:22:01.725Z
0.11506276;open;2021-11-21T02:19:00Z;110;846;70;1026;956;109240[MyZeil];2021-11-21T02:22:01.725Z
0.47791797;open;2021-11-21T02:19:00Z;303;331;0;634;634;18494[Konrad-Adenauer-Straße];2021-11-21T02:22:01.725Z
0.205;open;2021-11-21T02:44:00Z;41;159;150;350;200;24276[Turmcenter];2021-11-21T02:47:02.755Z
0.14250614;open;2021-11-21T02:44:00Z;58;349;0;407;407;18944[Alte Oper];2021-11-21T02:47:02.755Z
0.01923077;open;2021-11-21T02:44:00Z;7;357;0;364;364;24281[Hauptbahnhof Süd];2021-11-21T02:47:02.755Z
0.34239802;open;2021-11-21T02:44:00Z;277;532;0;809;809;24279[Konstabler];2021-11-21T02:47:02.755Z
0.52112675;open;2021-11-21T02:44:00Z;222;204;0;426;426;18497[Hauptwache];2021-11-21T02:47:02.755Z
0;closed;2021-11-21T02:44:00Z;;335;0;0;0;18495[Am Gericht];2021-11-21T02:47:02.755Z
0.11506276;open;2021-11-21T02:44:00Z;110;846;70;1026;956;109240[MyZeil];2021-11-21T02:47:02.755Z
0.46845427;open;2021-11-21T02:44:00Z;297;337;0;634;634;18494[Konrad-Adenauer-Straße];2021-11-21T02:47:02.755Z
0.205;open;2021-11-21T02:59:00Z;41;159;150;350;200;24276[Turmcenter];2021-11-21T03:02:04.466Z
0.14250614;open;2021-11-21T02:59:00Z;58;349;0;407;407;18944[Alte Oper];2021-11-21T03:02:04.466Z
0.01923077;open;2021-11-21T02:59:00Z;7;357;0;364;364;24281[Hauptbahnhof Süd];2021-11-21T03:02:04.466Z
0.33868974;open;2021-11-21T02:59:00Z;274;535;0;809;809;24279[Konstabler];2021-11-21T03:02:04.466Z
0.51877934;open;2021-11-21T02:59:00Z;221;205;0;426;426;18497[Hauptwache];2021-11-21T03:02:04.466Z
0;closed;2021-11-21T02:59:00Z;;;0;0;0;18495[Am Gericht];2021-11-21T03:02:04.466Z
0.11506276;open;2021-11-21T02:59:00Z;110;846;70;1026;956;109240[MyZeil];2021-11-21T03:02:04.466Z
0.4652997;open;2021-11-21T02:59:00Z;295;339;0;634;634;18494[Konrad-Adenauer-Straße];2021-11-21T03:02:04.466Z
0.205;open;2021-11-21T03:24:00Z;41;159;150;350;200;24276[Turmcenter];2021-11-21T03:27:02.421Z
0.14250614;open;2021-11-21T03:24:00Z;58;349;0;407;407;18944[Alte Oper];2021-11-21T03:27:02.421Z
0.016483517;open;2021-11-21T03:24:00Z;6;358;0;364;364;24281[Hauptbahnhof Süd];2021-11-21T03:27:02.421Z
0.31396785;open;2021-11-21T03:24:00Z;254;555;0;809;809;24279[Konstabler];2021-11-21T03:27:02.421Z
0.5164319;open;2021-11-21T03:24:00Z;220;206;0;426;426;18497[Hauptwache];2021-11-21T03:27:02.421Z
0;closed;2021-11-21T03:24:00Z;;;0;0;0;18495[Am Gericht];2021-11-21T03:27:02.421Z
0.11506276;open;2021-11-21T03:24:00Z;110;846;70;1026;956;109240[MyZeil];2021-11-21T03:27:02.421Z
0.45425868;open;2021-11-21T03:24:00Z;288;346;0;634;634;18494[Konrad-Adenauer-Straße];2021-11-21T03:27:02.421Z
0.205;open;2021-11-21T03:39:00Z;41;159;150;350;200;24276[Turmcenter];2021-11-21T03:42:01.144Z
0.14250614;open;2021-11-21T03:39:00Z;58;349;0;407;407;18944[Alte Oper];2021-11-21T03:42:01.144Z
0.016483517;open;2021-11-21T03:39:00Z;6;358;0;364;364;24281[Hauptbahnhof Süd];2021-11-21T03:42:01.144Z
0.30407912;open;2021-11-21T03:39:00Z;246;563;0;809;809;24279[Konstabler];2021-11-21T03:42:01.144Z
0.5117371;open;2021-11-21T03:39:00Z;218;208;0;426;426;18497[Hauptwache];2021-11-21T03:42:01.144Z
0;closed;2021-11-21T03:39:00Z;;;0;0;0;18495[Am Gericht];2021-11-21T03:42:01.144Z
0.11506276;open;2021-11-21T03:39:00Z;110;846;70;1026;956;109240[MyZeil];2021-11-21T03:42:01.144Z
0.4511041;open;2021-11-21T03:39:00Z;286;348;0;634;634;18494[Konrad-Adenauer-Straße];2021-11-21T03:42:01.144Z
0.205;open;2021-11-21T03:54:00Z;41;159;150;350;200;24276[Turmcenter];2021-11-21T03:57:02.217Z
0.14250614;open;2021-11-21T03:54:00Z;58;349;0;407;407;18944[Alte Oper];2021-11-21T03:57:02.217Z
0.016483517;open;2021-11-21T03:54:00Z;6;358;0;364;364;24281[Hauptbahnhof Süd];2021-11-21T03:57:02.217Z
0.29913473;open;2021-11-21T03:54:00Z;242;567;0;809;809;24279[Konstabler];2021-11-21T03:57:02.217Z
0.5093897;open;2021-11-21T03:54:00Z;217;209;0;426;426;18497[Hauptwache];2021-11-21T03:57:02.217Z
0;closed;2021-11-21T03:54:00Z;;;0;0;0;18495[Am Gericht];2021-11-21T03:57:02.217Z
0.114016734;open;2021-11-21T03:54:00Z;109;847;70;1026;956;109240[MyZeil];2021-11-21T03:57:02.217Z
0.44479495;open;2021-11-21T03:54:00Z;282;352;0;634;634;18494[Konrad-Adenauer-Straße];2021-11-21T03:57:02.217Z
0.205;open;2021-11-21T04:25:00Z;41;159;150;350;200;24276[Turmcenter];2021-11-21T04:27:00.480Z
0.14004914;open;2021-11-21T04:25:00Z;57;350;0;407;407;18944[Alte Oper];2021-11-21T04:27:00.480Z
0.016483517;open;2021-11-21T04:25:00Z;6;358;0;364;364;24281[Hauptbahnhof Süd];2021-11-21T04:27:00.480Z
0.289246;open;2021-11-21T04:25:00Z;234;575;0;809;809;24279[Konstabler];2021-11-21T04:27:00.480Z
0.5;open;2021-11-21T04:25:00Z;213;213;0;426;426;18497[Hauptwache];2021-11-21T04:27:00.480Z
0;closed;2021-11-21T04:25:00Z;;;0;0;0;18495[Am Gericht];2021-11-21T04:27:00.480Z
0.11342352;open;2021-11-21T04:25:00Z;109;852;70;1031;961;109240[MyZeil];2021-11-21T04:27:00.480Z
0.43375394;open;2021-11-21T04:25:00Z;275;359;0;634;634;18494[Konrad-Adenauer-Straße];2021-11-21T04:27:00.480Z
0.205;open;2021-11-21T04:50:00Z;41;159;150;350;200;24276[Turmcenter];2021-11-21T04:52:01.525Z
0.14004914;open;2021-11-21T04:50:00Z;57;350;0;407;407;18944[Alte Oper];2021-11-21T04:52:01.525Z
0.016483517;open;2021-11-21T04:50:00Z;6;358;0;364;364;24281[Hauptbahnhof Süd];2021-11-21T04:52:01.525Z
0.28182942;open;2021-11-21T04:50:00Z;228;581;0;809;809;24279[Konstabler];2021-11-21T04:52:01.525Z
0.4976526;open;2021-11-21T04:50:00Z;212;214;0;426;426;18497[Hauptwache];2021-11-21T04:52:01.525Z
0;closed;2021-11-21T04:50:00Z;;;0;0;0;18495[Am Gericht];2021-11-21T04:52:01.525Z
0.11238293;open;2021-11-21T04:50:00Z;108;853;70;1031;961;109240[MyZeil];2021-11-21T04:52:01.525Z
0.43533123;open;2021-11-21T04:50:00Z;276;358;0;634;634;18494[Konrad-Adenauer-Straße];2021-11-21T04:52:01.525Z
0.205;open;2021-11-21T05:15:00Z;41;159;150;350;200;24276[Turmcenter];2021-11-21T05:17:00.553Z
0.14250614;open;2021-11-21T05:15:00Z;58;349;0;407;407;18944[Alte Oper];2021-11-21T05:17:00.553Z
0.01923077;open;2021-11-21T05:15:00Z;7;357;0;364;364;24281[Hauptbahnhof Süd];2021-11-21T05:17:00.553Z
0.27564895;open;2021-11-21T05:15:00Z;223;586;0;809;809;24279[Konstabler];2021-11-21T05:17:00.553Z
0.49061033;open;2021-11-21T05:15:00Z;209;217;0;426;426;18497[Hauptwache];2021-11-21T05:17:00.553Z
0.42058823;open;2021-11-21T05:15:00Z;286;394;0;680;680;18495[Am Gericht];2021-11-21T05:17:00.553Z
0.11238293;open;2021-11-21T05:15:00Z;108;853;70;1031;961;109240[MyZeil];2021-11-21T05:17:00.553Z
0.43217665;open;2021-11-21T05:15:00Z;274;360;0;634;634;18494[Konrad-Adenauer-Straße];2021-11-21T05:17:00.553Z
0.205;open;2021-11-21T05:30:00Z;41;159;150;350;200;24276[Turmcenter];2021-11-21T05:32:01.301Z
0.14250614;open;2021-11-21T05:30:00Z;58;349;0;407;407;18944[Alte Oper];2021-11-21T05:32:01.301Z
0.021978023;open;2021-11-21T05:30:00Z;8;356;0;364;364;24281[Hauptbahnhof Süd];2021-11-21T05:32:01.301Z
0.27564895;open;2021-11-21T05:30:00Z;223;586;0;809;809;24279[Konstabler];2021-11-21T05:32:01.301Z
0.49061033;open;2021-11-21T05:30:00Z;209;217;0;426;426;18497[Hauptwache];2021-11-21T05:32:01.301Z
0.42205882;open;2021-11-21T05:30:00Z;287;393;0;680;680;18495[Am Gericht];2021-11-21T05:32:01.301Z
0.11238293;open;2021-11-21T05:30:00Z;108;853;70;1031;961;109240[MyZeil];2021-11-21T05:32:01.301Z
0.43217665;open;2021-11-21T05:30:00Z;274;360;0;634;634;18494[Konrad-Adenauer-Straße];2021-11-21T05:32:01.301Z
0.2;open;2021-11-21T05:40:00Z;40;160;150;350;200;24276[Turmcenter];2021-11-21T05:42:02.520Z
0.14250614;open;2021-11-21T05:40:00Z;58;349;0;407;407;18944[Alte Oper];2021-11-21T05:42:02.520Z
0.021978023;open;2021-11-21T05:40:00Z;8;356;0;364;364;24281[Hauptbahnhof Süd];2021-11-21T05:42:02.520Z
0.27441284;open;2021-11-21T05:40:00Z;222;587;0;809;809;24279[Konstabler];2021-11-21T05:42:02.520Z
0.49061033;open;2021-11-21T05:40:00Z;209;217;0;426;426;18497[Hauptwache];2021-11-21T05:42:02.520Z
0.42205882;open;2021-11-21T05:40:00Z;287;393;0;680;680;18495[Am Gericht];2021-11-21T05:42:02.520Z
0.11238293;open;2021-11-21T05:40:00Z;108;853;70;1031;961;109240[MyZeil];2021-11-21T05:42:02.520Z
0.43217665;open;2021-11-21T05:40:00Z;274;360;0;634;634;18494[Konrad-Adenauer-Straße];2021-11-21T05:42:02.520Z
0.2;open;2021-11-21T05:50:00Z;40;160;150;350;200;24276[Turmcenter];2021-11-21T05:52:00.633Z
0.14250614;open;2021-11-21T05:50:00Z;58;349;0;407;407;18944[Alte Oper];2021-11-21T05:52:00.633Z
0.021978023;open;2021-11-21T05:50:00Z;8;356;0;364;364;24281[Hauptbahnhof Süd];2021-11-21T05:52:00.633Z
0.27070457;open;2021-11-21T05:50:00Z;219;590;0;809;809;24279[Konstabler];2021-11-21T05:52:00.633Z
0.49061033;open;2021-11-21T05:50:00Z;209;217;0;426;426;18497[Hauptwache];2021-11-21T05:52:00.633Z
0.42205882;open;2021-11-21T05:50:00Z;287;393;0;680;680;18495[Am Gericht];2021-11-21T05:52:00.633Z
0.11238293;open;2021-11-21T05:50:00Z;108;853;70;1031;961;109240[MyZeil];2021-11-21T05:52:00.633Z
0.43217665;open;2021-11-21T05:50:00Z;274;360;0;634;634;18494[Konrad-Adenauer-Straße];2021-11-21T05:52:00.633Z
0.2;open;2021-11-21T06:20:00Z;40;160;150;350;200;24276[Turmcenter];2021-11-21T06:22:00.913Z
0.14250614;open;2021-11-21T06:20:00Z;58;349;0;407;407;18944[Alte Oper];2021-11-21T06:22:00.913Z
0.021978023;open;2021-11-21T06:20:00Z;8;356;0;364;364;24281[Hauptbahnhof Süd];2021-11-21T06:22:00.913Z
0.2669963;open;2021-11-21T06:20:00Z;216;593;0;809;809;24279[Konstabler];2021-11-21T06:22:00.913Z
0.49061033;open;2021-11-21T06:20:00Z;209;217;0;426;426;18497[Hauptwache];2021-11-21T06:22:00.913Z
0.42205882;open;2021-11-21T06:20:00Z;287;393;0;680;680;18495[Am Gericht];2021-11-21T06:22:00.913Z
0.11238293;open;2021-11-21T06:20:00Z;108;853;70;1031;961;109240[MyZeil];2021-11-21T06:22:00.913Z
0.42902207;open;2021-11-21T06:20:00Z;272;362;0;634;634;18494[Konrad-Adenauer-Straße];2021-11-21T06:22:00.913Z
0.2;open;2021-11-21T06:40:00Z;40;160;150;350;200;24276[Turmcenter];2021-11-21T06:42:00.596Z
0.14250614;open;2021-11-21T06:40:00Z;58;349;0;407;407;18944[Alte Oper];2021-11-21T06:42:00.596Z
0.021978023;open;2021-11-21T06:40:00Z;8;356;0;364;364;24281[Hauptbahnhof Süd];2021-11-21T06:42:00.596Z
0.26576018;open;2021-11-21T06:40:00Z;215;594;0;809;809;24279[Konstabler];2021-11-21T06:42:00.596Z
0.49061033;open;2021-11-21T06:40:00Z;209;217;0;426;426;18497[Hauptwache];2021-11-21T06:42:00.596Z
0.42205882;open;2021-11-21T06:40:00Z;287;393;0;680;680;18495[Am Gericht];2021-11-21T06:42:00.596Z
0.11238293;open;2021-11-21T06:40:00Z;108;853;70;1031;961;109240[MyZeil];2021-11-21T06:42:00.596Z
0.4258675;open;2021-11-21T06:40:00Z;270;364;0;634;634;18494[Konrad-Adenauer-Straße];2021-11-21T06:42:00.596Z
0.2;open;2021-11-21T06:55:00Z;40;160;150;350;200;24276[Turmcenter];2021-11-21T06:57:01.414Z
0.14250614;open;2021-11-21T06:55:00Z;58;349;0;407;407;18944[Alte Oper];2021-11-21T06:57:01.414Z
0.024725275;open;2021-11-21T06:55:00Z;9;355;0;364;364;24281[Hauptbahnhof Süd];2021-11-21T06:57:01.414Z
0.2645241;open;2021-11-21T06:55:00Z;214;595;0;809;809;24279[Konstabler];2021-11-21T06:57:01.414Z
0.49061033;open;2021-11-21T06:55:00Z;209;217;0;426;426;18497[Hauptwache];2021-11-21T06:57:01.414Z
0.42058823;open;2021-11-21T06:55:00Z;286;394;0;680;680;18495[Am Gericht];2021-11-21T06:57:01.414Z
0.11238293;open;2021-11-21T06:55:00Z;108;853;70;1031;961;109240[MyZeil];2021-11-21T06:57:01.414Z
0.42271292;open;2021-11-21T06:55:00Z;268;366;0;634;634;18494[Konrad-Adenauer-Straße];2021-11-21T06:57:01.414Z
0.2;open;2021-11-21T07:20:00Z;40;160;150;350;200;24276[Turmcenter];2021-11-21T07:22:02.626Z
0.14496315;open;2021-11-21T07:20:00Z;59;348;0;407;407;18944[Alte Oper];2021-11-21T07:22:02.626Z
0.027472528;open;2021-11-21T07:20:00Z;10;354;0;364;364;24281[Hauptbahnhof Süd];2021-11-21T07:22:02.626Z
0.2645241;open;2021-11-21T07:20:00Z;214;595;0;809;809;24279[Konstabler];2021-11-21T07:22:02.626Z
0.48826292;open;2021-11-21T07:20:00Z;208;218;0;426;426;18497[Hauptwache];2021-11-21T07:22:02.626Z
0.41764706;open;2021-11-21T07:20:00Z;284;396;0;680;680;18495[Am Gericht];2021-11-21T07:22:02.626Z
0.11342352;open;2021-11-21T07:20:00Z;109;852;70;1031;961;109240[MyZeil];2021-11-21T07:22:02.626Z
0.41955835;open;2021-11-21T07:20:00Z;266;368;0;634;634;18494[Konrad-Adenauer-Straße];2021-11-21T07:22:02.626Z
0.21;open;2021-11-21T07:36:00Z;42;158;150;350;200;24276[Turmcenter];2021-11-21T07:37:00.392Z
0.14496315;open;2021-11-21T07:36:00Z;59;348;0;407;407;18944[Alte Oper];2021-11-21T07:37:00.392Z
0.024725275;open;2021-11-21T07:36:00Z;9;355;0;364;364;24281[Hauptbahnhof Süd];2021-11-21T07:37:00.392Z
0.26576018;open;2021-11-21T07:36:00Z;215;594;0;809;809;24279[Konstabler];2021-11-21T07:37:00.392Z
0.48826292;open;2021-11-21T07:36:00Z;208;218;0;426;426;18497[Hauptwache];2021-11-21T07:37:00.392Z
0.41617647;open;2021-11-21T07:36:00Z;283;397;0;680;680;18495[Am Gericht];2021-11-21T07:37:00.392Z
0.1144641;open;2021-11-21T07:36:00Z;110;851;70;1031;961;109240[MyZeil];2021-11-21T07:37:00.392Z
0.4164038;open;2021-11-21T07:36:00Z;264;370;0;634;634;18494[Konrad-Adenauer-Straße];2021-11-21T07:37:00.392Z
0.21;open;2021-11-21T07:46:00Z;42;158;150;350;200;24276[Turmcenter];2021-11-21T07:47:01.572Z
0.14496315;open;2021-11-21T07:46:00Z;59;348;0;407;407;18944[Alte Oper];2021-11-21T07:47:01.572Z
0.024725275;open;2021-11-21T07:46:00Z;9;355;0;364;364;24281[Hauptbahnhof Süd];2021-11-21T07:47:01.572Z
0.2645241;open;2021-11-21T07:46:00Z;214;595;0;809;809;24279[Konstabler];2021-11-21T07:47:01.572Z
0.48826292;open;2021-11-21T07:46:00Z;208;218;0;426;426;18497[Hauptwache];2021-11-21T07:47:01.572Z
0.41617647;open;2021-11-21T07:46:00Z;283;397;0;680;680;18495[Am Gericht];2021-11-21T07:47:01.572Z
0.1144641;open;2021-11-21T07:46:00Z;110;851;70;1031;961;109240[MyZeil];2021-11-21T07:47:01.572Z
0.4148265;open;2021-11-21T07:46:00Z;263;371;0;634;634;18494[Konrad-Adenauer-Straße];2021-11-21T07:47:01.572Z
0.21;open;2021-11-21T08:01:00Z;42;158;150;350;200;24276[Turmcenter];2021-11-21T08:02:01.903Z
0.14742015;open;2021-11-21T08:01:00Z;60;347;0;407;407;18944[Alte Oper];2021-11-21T08:02:01.903Z
0.01923077;open;2021-11-21T08:01:00Z;7;357;0;364;364;24281[Hauptbahnhof Süd];2021-11-21T08:02:01.903Z
0.2645241;open;2021-11-21T08:01:00Z;214;595;0;809;809;24279[Konstabler];2021-11-21T08:02:01.903Z
0.49061033;open;2021-11-21T08:01:00Z;209;217;0;426;426;18497[Hauptwache];2021-11-21T08:02:01.903Z
0.41470587;open;2021-11-21T08:01:00Z;282;398;0;680;680;18495[Am Gericht];2021-11-21T08:02:01.903Z
0.1144641;open;2021-11-21T08:01:00Z;110;851;70;1031;961;109240[MyZeil];2021-11-21T08:02:01.903Z
0.4148265;open;2021-11-21T08:01:00Z;263;371;0;634;634;18494[Konrad-Adenauer-Straße];2021-11-21T08:02:01.903Z
0.225;open;2021-11-21T08:31:00Z;45;155;150;350;200;24276[Turmcenter];2021-11-21T08:32:00.961Z
0.15724815;open;2021-11-21T08:31:00Z;64;343;0;407;407;18944[Alte Oper];2021-11-21T08:32:00.961Z
0.024725275;open;2021-11-21T08:31:00Z;9;355;0;364;364;24281[Hauptbahnhof Süd];2021-11-21T08:32:00.961Z
0.2645241;open;2021-11-21T08:31:00Z;214;595;0;809;809;24279[Konstabler];2021-11-21T08:32:00.961Z
0.49530515;open;2021-11-21T08:31:00Z;211;215;0;426;426;18497[Hauptwache];2021-11-21T08:32:00.961Z
0.41470587;open;2021-11-21T08:31:00Z;282;398;0;680;680;18495[Am Gericht];2021-11-21T08:32:00.961Z
0.119667016;open;2021-11-21T08:31:00Z;115;846;70;1031;961;109240[MyZeil];2021-11-21T08:32:00.961Z
0.41324922;open;2021-11-21T08:31:00Z;262;372;0;634;634;18494[Konrad-Adenauer-Straße];2021-11-21T08:32:00.961Z
0.225;open;2021-11-21T08:41:00Z;45;155;150;350;200;24276[Turmcenter];2021-11-21T08:42:00.186Z
0.15724815;open;2021-11-21T08:41:00Z;64;343;0;407;407;18944[Alte Oper];2021-11-21T08:42:00.186Z
0.024725275;open;2021-11-21T08:41:00Z;9;355;0;364;364;24281[Hauptbahnhof Süd];2021-11-21T08:42:00.186Z
0.26576018;open;2021-11-21T08:41:00Z;215;594;0;809;809;24279[Konstabler];2021-11-21T08:42:00.186Z
0.4976526;open;2021-11-21T08:41:00Z;212;214;0;426;426;18497[Hauptwache];2021-11-21T08:42:00.186Z
0.4132353;open;2021-11-21T08:41:00Z;281;399;0;680;680;18495[Am Gericht];2021-11-21T08:42:00.186Z
0.12382934;open;2021-11-21T08:41:00Z;119;842;70;1031;961;109240[MyZeil];2021-11-21T08:42:00.186Z
0.4148265;open;2021-11-21T08:41:00Z;263;371;0;634;634;18494[Konrad-Adenauer-Straße];2021-11-21T08:42:00.186Z
0.235;open;2021-11-21T08:56:00Z;47;153;150;350;200;24276[Turmcenter];2021-11-21T08:57:00.787Z
0.16461916;open;2021-11-21T08:56:00Z;67;340;0;407;407;18944[Alte Oper];2021-11-21T08:57:00.787Z
0.021978023;open;2021-11-21T08:56:00Z;8;356;0;364;364;24281[Hauptbahnhof Süd];2021-11-21T08:57:00.787Z
0.2669963;open;2021-11-21T08:56:00Z;216;593;0;809;809;24279[Konstabler];2021-11-21T08:57:00.787Z
0.5070422;open;2021-11-21T08:56:00Z;216;210;0;426;426;18497[Hauptwache];2021-11-21T08:57:00.787Z
0.40735295;open;2021-11-21T08:56:00Z;277;403;0;680;680;18495[Am Gericht];2021-11-21T08:57:00.787Z
0.12382934;open;2021-11-21T08:56:00Z;119;842;70;1031;961;109240[MyZeil];2021-11-21T08:57:00.787Z
0.41324922;open;2021-11-21T08:56:00Z;262;372;0;634;634;18494[Konrad-Adenauer-Straße];2021-11-21T08:57:00.787Z
0.23;open;2021-11-21T09:21:00Z;46;154;150;350;200;24276[Turmcenter];2021-11-21T09:22:01.404Z
0.17444718;open;2021-11-21T09:21:00Z;71;336;0;407;407;18944[Alte Oper];2021-11-21T09:22:01.404Z
0.013736264;open;2021-11-21T09:21:00Z;5;359;0;364;364;24281[Hauptbahnhof Süd];2021-11-21T09:22:01.404Z
0.26823238;open;2021-11-21T09:21:00Z;217;592;0;809;809;24279[Konstabler];2021-11-21T09:22:01.404Z
0.5117371;open;2021-11-21T09:21:00Z;218;208;0;426;426;18497[Hauptwache];2021-11-21T09:22:01.404Z
0.40588236;open;2021-11-21T09:21:00Z;276;404;0;680;680;18495[Am Gericht];2021-11-21T09:22:01.404Z
0.12382934;open;2021-11-21T09:21:00Z;119;842;70;1031;961;109240[MyZeil];2021-11-21T09:22:01.404Z
0.4164038;open;2021-11-21T09:21:00Z;264;370;0;634;634;18494[Konrad-Adenauer-Straße];2021-11-21T09:22:01.404Z
0.23;open;2021-11-21T09:32:00Z;46;154;150;350;200;24276[Turmcenter];2021-11-21T09:37:01.460Z
0.17690417;open;2021-11-21T09:32:00Z;72;335;0;407;407;18944[Alte Oper];2021-11-21T09:37:01.460Z
0.021978023;open;2021-11-21T09:32:00Z;8;356;0;364;364;24281[Hauptbahnhof Süd];2021-11-21T09:37:01.460Z
0.2669963;open;2021-11-21T09:32:00Z;216;593;0;809;809;24279[Konstabler];2021-11-21T09:37:01.460Z
0.5140845;open;2021-11-21T09:32:00Z;219;207;0;426;426;18497[Hauptwache];2021-11-21T09:37:01.460Z
0.40735295;open;2021-11-21T09:32:00Z;277;403;0;680;680;18495[Am Gericht];2021-11-21T09:37:01.460Z
0.1269511;open;2021-11-21T09:32:00Z;122;839;70;1031;961;109240[MyZeil];2021-11-21T09:37:01.460Z
0.41798106;open;2021-11-21T09:32:00Z;265;369;0;634;634;18494[Konrad-Adenauer-Straße];2021-11-21T09:37:01.460Z
0.245;open;2021-11-21T09:42:00Z;49;151;150;350;200;24276[Turmcenter];2021-11-21T09:47:02.236Z
0.18181819;open;2021-11-21T09:42:00Z;74;333;0;407;407;18944[Alte Oper];2021-11-21T09:47:02.236Z
0.024725275;open;2021-11-21T09:42:00Z;9;355;0;364;364;24281[Hauptbahnhof Süd];2021-11-21T09:47:02.236Z
0.2694685;open;2021-11-21T09:42:00Z;218;591;0;809;809;24279[Konstabler];2021-11-21T09:47:02.236Z
0.5164319;open;2021-11-21T09:42:00Z;220;206;0;426;426;18497[Hauptwache];2021-11-21T09:47:02.236Z
0.40882352;open;2021-11-21T09:42:00Z;278;402;0;680;680;18495[Am Gericht];2021-11-21T09:47:02.236Z
0.13007285;open;2021-11-21T09:42:00Z;125;836;70;1031;961;109240[MyZeil];2021-11-21T09:47:02.236Z
0.4164038;open;2021-11-21T09:42:00Z;264;370;0;634;634;18494[Konrad-Adenauer-Straße];2021-11-21T09:47:02.236Z
0.24;open;2021-11-21T09:52:00Z;48;152;150;350;200;24276[Turmcenter];2021-11-21T09:57:00.866Z
0.18673219;open;2021-11-21T09:52:00Z;76;331;0;407;407;18944[Alte Oper];2021-11-21T09:57:00.866Z
0.021978023;open;2021-11-21T09:52:00Z;8;356;0;364;364;24281[Hauptbahnhof Süd];2021-11-21T09:57:00.866Z
0.27317676;open;2021-11-21T09:52:00Z;221;588;0;809;809;24279[Konstabler];2021-11-21T09:57:00.866Z
0.52112675;open;2021-11-21T09:52:00Z;222;204;0;426;426;18497[Hauptwache];2021-11-21T09:57:00.866Z
0.41029412;open;2021-11-21T09:52:00Z;279;401;0;680;680;18495[Am Gericht];2021-11-21T09:57:00.866Z
0.12903225;open;2021-11-21T09:52:00Z;124;837;70;1031;961;109240[MyZeil];2021-11-21T09:57:00.866Z
0.41324922;open;2021-11-21T09:52:00Z;262;372;0;634;634;18494[Konrad-Adenauer-Straße];2021-11-21T09:57:00.866Z
0.24;open;2021-11-21T10:22:00Z;48;152;150;350;200;24276[Turmcenter];2021-11-21T10:27:01.630Z
0.2039312;open;2021-11-21T10:22:00Z;83;324;0;407;407;18944[Alte Oper];2021-11-21T10:27:01.630Z
0.013736264;open;2021-11-21T10:22:00Z;5;359;0;364;364;24281[Hauptbahnhof Süd];2021-11-21T10:27:01.630Z
0.27812114;open;2021-11-21T10:22:00Z;225;584;0;809;809;24279[Konstabler];2021-11-21T10:27:01.630Z
0.5399061;open;2021-11-21T10:22:00Z;230;196;0;426;426;18497[Hauptwache];2021-11-21T10:27:01.630Z
0.4117647;open;2021-11-21T10:22:00Z;280;400;0;680;680;18495[Am Gericht];2021-11-21T10:27:01.630Z
0.13111342;open;2021-11-21T10:22:00Z;126;835;70;1031;961;109240[MyZeil];2021-11-21T10:27:01.630Z
0.40536278;open;2021-11-21T10:22:00Z;257;377;0;634;634;18494[Konrad-Adenauer-Straße];2021-11-21T10:27:01.630Z
0.245;open;2021-11-21T10:37:00Z;49;151;150;350;200;24276[Turmcenter];2021-11-21T10:42:02.607Z
0.2063882;open;2021-11-21T10:37:00Z;84;323;0;407;407;18944[Alte Oper];2021-11-21T10:42:02.607Z
0.016483517;open;2021-11-21T10:37:00Z;6;358;0;364;364;24281[Hauptbahnhof Süd];2021-11-21T10:42:02.607Z
0.28306553;open;2021-11-21T10:37:00Z;229;580;0;809;809;24279[Konstabler];2021-11-21T10:42:02.607Z
0.5492958;open;2021-11-21T10:37:00Z;234;192;0;426;426;18497[Hauptwache];2021-11-21T10:42:02.607Z
0.4117647;open;2021-11-21T10:37:00Z;280;400;0;680;680;18495[Am Gericht];2021-11-21T10:42:02.607Z
0.13007285;open;2021-11-21T10:37:00Z;125;836;70;1031;961;109240[MyZeil];2021-11-21T10:42:02.607Z
0.40063092;open;2021-11-21T10:37:00Z;254;380;0;634;634;18494[Konrad-Adenauer-Straße];2021-11-21T10:42:02.607Z
0.245;open;2021-11-21T10:52:00Z;49;151;150;350;200;24276[Turmcenter];2021-11-21T10:57:00.914Z
0.20884521;open;2021-11-21T10:52:00Z;85;322;0;407;407;18944[Alte Oper];2021-11-21T10:57:00.914Z
0.016483517;open;2021-11-21T10:52:00Z;6;358;0;364;364;24281[Hauptbahnhof Süd];2021-11-21T10:57:00.914Z
0.2867738;open;2021-11-21T10:52:00Z;232;577;0;809;809;24279[Konstabler];2021-11-21T10:57:00.914Z
0.556338;open;2021-11-21T10:52:00Z;237;189;0;426;426;18497[Hauptwache];2021-11-21T10:57:00.914Z
0.41617647;open;2021-11-21T10:52:00Z;283;397;0;680;680;18495[Am Gericht];2021-11-21T10:57:00.914Z
0.13007285;open;2021-11-21T10:52:00Z;125;836;70;1031;961;109240[MyZeil];2021-11-21T10:57:00.914Z
0.3895899;open;2021-11-21T10:52:00Z;247;387;0;634;634;18494[Konrad-Adenauer-Straße];2021-11-21T10:57:00.914Z
0.245;open;2021-11-21T11:12:00Z;49;151;150;350;200;24276[Turmcenter];2021-11-21T11:17:00.252Z
0.1990172;open;2021-11-21T11:12:00Z;81;326;0;407;407;18944[Alte Oper];2021-11-21T11:17:00.252Z
0.027472528;open;2021-11-21T11:12:00Z;10;354;0;364;364;24281[Hauptbahnhof Süd];2021-11-21T11:17:00.252Z
0.29419035;open;2021-11-21T11:12:00Z;238;571;0;809;809;24279[Konstabler];2021-11-21T11:17:00.252Z
0.5586854;open;2021-11-21T11:12:00Z;238;188;0;426;426;18497[Hauptwache];2021-11-21T11:17:00.252Z
0.42352942;open;2021-11-21T11:12:00Z;288;392;0;680;680;18495[Am Gericht];2021-11-21T11:17:00.252Z
0.12903225;open;2021-11-21T11:12:00Z;124;837;70;1031;961;109240[MyZeil];2021-11-21T11:17:00.252Z
0.38485804;open;2021-11-21T11:12:00Z;244;390;0;634;634;18494[Konrad-Adenauer-Straße];2021-11-21T11:17:00.252Z
0.25;open;2021-11-21T11:27:00Z;50;150;150;350;200;24276[Turmcenter];2021-11-21T11:32:00.928Z
0.20884521;open;2021-11-21T11:27:00Z;85;322;0;407;407;18944[Alte Oper];2021-11-21T11:32:00.928Z
0.021978023;open;2021-11-21T11:27:00Z;8;356;0;364;364;24281[Hauptbahnhof Süd];2021-11-21T11:32:00.928Z
0.302843;open;2021-11-21T11:27:00Z;245;564;0;809;809;24279[Konstabler];2021-11-21T11:32:00.928Z
0.57042253;open;2021-11-21T11:27:00Z;243;183;0;426;426;18497[Hauptwache];2021-11-21T11:32:00.928Z
0.42647058;open;2021-11-21T11:27:00Z;290;390;0;680;680;18495[Am Gericht];2021-11-21T11:32:00.928Z
0.13007285;open;2021-11-21T11:27:00Z;125;836;70;1031;961;109240[MyZeil];2021-11-21T11:32:00.928Z
0.38328075;open;2021-11-21T11:27:00Z;243;391;0;634;634;18494[Konrad-Adenauer-Straße];2021-11-21T11:32:00.928Z
0.25;open;2021-11-21T11:37:00Z;50;150;150;350;200;24276[Turmcenter];2021-11-21T11:42:00.664Z
0.2063882;open;2021-11-21T11:37:00Z;84;323;0;407;407;18944[Alte Oper];2021-11-21T11:42:00.664Z
0.021978023;open;2021-11-21T11:37:00Z;8;356;0;364;364;24281[Hauptbahnhof Süd];2021-11-21T11:42:00.664Z
0.29789865;open;2021-11-21T11:37:00Z;241;568;0;809;809;24279[Konstabler];2021-11-21T11:42:00.664Z
0.58215964;open;2021-11-21T11:37:00Z;248;178;0;426;426;18497[Hauptwache];2021-11-21T11:42:00.664Z
0.42794117;open;2021-11-21T11:37:00Z;291;389;0;680;680;18495[Am Gericht];2021-11-21T11:42:00.664Z
0.1331946;open;2021-11-21T11:37:00Z;128;833;70;1031;961;109240[MyZeil];2021-11-21T11:42:00.664Z
0.38643533;open;2021-11-21T11:37:00Z;245;389;0;634;634;18494[Konrad-Adenauer-Straße];2021-11-21T11:42:00.664Z
0.255;open;2021-11-21T11:53:00Z;51;149;150;350;200;24276[Turmcenter];2021-11-21T11:57:00.837Z
0.21867321;open;2021-11-21T11:53:00Z;89;318;0;407;407;18944[Alte Oper];2021-11-21T11:57:00.837Z
0.024725275;open;2021-11-21T11:53:00Z;9;355;0;364;364;24281[Hauptbahnhof Süd];2021-11-21T11:57:00.837Z
0.3077874;open;2021-11-21T11:53:00Z;249;560;0;809;809;24279[Konstabler];2021-11-21T11:57:00.837Z
0.58450705;open;2021-11-21T11:53:00Z;249;177;0;426;426;18497[Hauptwache];2021-11-21T11:57:00.837Z
0.43088236;open;2021-11-21T11:53:00Z;293;387;0;680;680;18495[Am Gericht];2021-11-21T11:57:00.837Z
0.132154;open;2021-11-21T11:53:00Z;127;834;70;1031;961;109240[MyZeil];2021-11-21T11:57:00.837Z
0.38643533;open;2021-11-21T11:53:00Z;245;389;0;634;634;18494[Konrad-Adenauer-Straße];2021-11-21T11:57:00.837Z
0.275;open;2021-11-21T12:23:00Z;55;145;150;350;200;24276[Turmcenter];2021-11-21T12:27:02.490Z
0.21867321;open;2021-11-21T12:23:00Z;89;318;0;407;407;18944[Alte Oper];2021-11-21T12:27:02.490Z
0.01923077;open;2021-11-21T12:23:00Z;7;357;0;364;364;24281[Hauptbahnhof Süd];2021-11-21T12:27:02.490Z
0.32880098;open;2021-11-21T12:23:00Z;266;543;0;809;809;24279[Konstabler];2021-11-21T12:27:02.490Z
0.6150235;open;2021-11-21T12:23:00Z;262;164;0;426;426;18497[Hauptwache];2021-11-21T12:27:02.490Z
0.44411764;open;2021-11-21T12:23:00Z;302;378;0;680;680;18495[Am Gericht];2021-11-21T12:27:02.490Z
0.132154;open;2021-11-21T12:23:00Z;127;834;70;1031;961;109240[MyZeil];2021-11-21T12:27:02.490Z
0.3753943;open;2021-11-21T12:23:00Z;238;396;0;634;634;18494[Konrad-Adenauer-Straße];2021-11-21T12:27:02.490Z
0.285;open;2021-11-21T12:58:00Z;57;143;150;350;200;24276[Turmcenter];2021-11-21T13:02:01.169Z
0.21867321;open;2021-11-21T12:58:00Z;89;318;0;407;407;18944[Alte Oper];2021-11-21T13:02:01.169Z
0.027472528;open;2021-11-21T12:58:00Z;10;354;0;364;364;24281[Hauptbahnhof Süd];2021-11-21T13:02:01.169Z
0.34857848;open;2021-11-21T12:58:00Z;282;527;0;809;809;24279[Konstabler];2021-11-21T13:02:01.169Z
0.65023476;open;2021-11-21T12:58:00Z;277;149;0;426;426;18497[Hauptwache];2021-11-21T13:02:01.169Z
0.44411764;open;2021-11-21T12:58:00Z;302;378;0;680;680;18495[Am Gericht];2021-11-21T13:02:01.169Z
0.13735692;open;2021-11-21T12:58:00Z;132;829;70;1031;961;109240[MyZeil];2021-11-21T13:02:01.169Z
0.38643533;open;2021-11-21T12:58:00Z;245;389;0;634;634;18494[Konrad-Adenauer-Straße];2021-11-21T13:02:01.169Z
0.31;open;2021-11-21T13:23:00Z;62;138;150;350;200;24276[Turmcenter];2021-11-21T13:27:01.917Z
0.21867321;open;2021-11-21T13:23:00Z;89;318;0;407;407;18944[Alte Oper];2021-11-21T13:27:01.917Z
0.01923077;open;2021-11-21T13:23:00Z;7;357;0;364;364;24281[Hauptbahnhof Süd];2021-11-21T13:27:01.917Z
0.35475895;open;2021-11-21T13:23:00Z;287;522;0;809;809;24279[Konstabler];2021-11-21T13:27:01.917Z
0.6713615;open;2021-11-21T13:23:00Z;286;140;0;426;426;18497[Hauptwache];2021-11-21T13:27:01.917Z
0.45441177;open;2021-11-21T13:23:00Z;309;371;0;680;680;18495[Am Gericht];2021-11-21T13:27:01.917Z
0.14047867;open;2021-11-21T13:23:00Z;135;826;70;1031;961;109240[MyZeil];2021-11-21T13:27:01.917Z
0.38801262;open;2021-11-21T13:23:00Z;246;388;0;634;634;18494[Konrad-Adenauer-Straße];2021-11-21T13:27:01.917Z
0.32;open;2021-11-21T13:38:00Z;64;136;150;350;200;24276[Turmcenter];2021-11-21T13:42:02.279Z
0.23587224;open;2021-11-21T13:38:00Z;96;311;0;407;407;18944[Alte Oper];2021-11-21T13:42:02.279Z
0.016483517;open;2021-11-21T13:38:00Z;6;358;0;364;364;24281[Hauptbahnhof Süd];2021-11-21T13:42:02.279Z
0.35970333;open;2021-11-21T13:38:00Z;291;518;0;809;809;24279[Konstabler];2021-11-21T13:42:02.279Z
0.68075114;open;2021-11-21T13:38:00Z;290;136;0;426;426;18497[Hauptwache];2021-11-21T13:42:02.279Z
0.45588234;open;2021-11-21T13:38:00Z;310;370;0;680;680;18495[Am Gericht];2021-11-21T13:42:02.279Z
0.1394381;open;2021-11-21T13:38:00Z;134;827;70;1031;961;109240[MyZeil];2021-11-21T13:42:02.279Z
0.39274448;open;2021-11-21T13:38:00Z;249;385;0;634;634;18494[Konrad-Adenauer-Straße];2021-11-21T13:42:02.279Z
0.33;open;2021-11-21T13:48:00Z;66;134;150;350;200;24276[Turmcenter];2021-11-21T13:52:00.146Z
0.22604422;open;2021-11-21T13:48:00Z;92;315;0;407;407;18944[Alte Oper];2021-11-21T13:52:00.146Z
0.016483517;open;2021-11-21T13:48:00Z;6;358;0;364;364;24281[Hauptbahnhof Süd];2021-11-21T13:52:00.146Z
0.37330037;open;2021-11-21T13:48:00Z;302;507;0;809;809;24279[Konstabler];2021-11-21T13:52:00.146Z
0.6690141;open;2021-11-21T13:48:00Z;285;141;0;426;426;18497[Hauptwache];2021-11-21T13:52:00.146Z
0.45441177;open;2021-11-21T13:48:00Z;309;371;0;680;680;18495[Am Gericht];2021-11-21T13:52:00.146Z
0.13735692;open;2021-11-21T13:48:00Z;132;829;70;1031;961;109240[MyZeil];2021-11-21T13:52:00.146Z
0.3911672;open;2021-11-21T13:48:00Z;248;386;0;634;634;18494[Konrad-Adenauer-Straße];2021-11-21T13:52:00.146Z
0.355;open;2021-11-21T14:03:00Z;71;129;150;350;200;24276[Turmcenter];2021-11-21T14:07:00.368Z
0.24078624;open;2021-11-21T14:03:00Z;98;309;0;407;407;18944[Alte Oper];2021-11-21T14:07:00.368Z
0.01923077;open;2021-11-21T14:03:00Z;7;357;0;364;364;24281[Hauptbahnhof Süd];2021-11-21T14:07:00.368Z
0.3695921;open;2021-11-21T14:03:00Z;299;510;0;809;809;24279[Konstabler];2021-11-21T14:07:00.368Z
0.69953054;open;2021-11-21T14:03:00Z;298;128;0;426;426;18497[Hauptwache];2021-11-21T14:07:00.368Z
0.45;open;2021-11-21T14:03:00Z;306;374;0;680;680;18495[Am Gericht];2021-11-21T14:07:00.368Z
0.13423517;open;2021-11-21T14:03:00Z;129;832;70;1031;961;109240[MyZeil];2021-11-21T14:07:00.368Z
0.38485804;open;2021-11-21T14:03:00Z;244;390;0;634;634;18494[Konrad-Adenauer-Straße];2021-11-21T14:07:00.368Z
0.36;open;2021-11-21T14:24:00Z;72;128;150;350;200;24276[Turmcenter];2021-11-21T14:27:02.590Z
0.2800983;open;2021-11-21T14:24:00Z;114;293;0;407;407;18944[Alte Oper];2021-11-21T14:27:02.590Z
0.010989011;open;2021-11-21T14:24:00Z;4;360;0;364;364;24281[Hauptbahnhof Süd];2021-11-21T14:27:02.590Z
0.38071692;open;2021-11-21T14:24:00Z;308;501;0;809;809;24279[Konstabler];2021-11-21T14:27:02.590Z
0.7065728;open;2021-11-21T14:24:00Z;301;125;0;426;426;18497[Hauptwache];2021-11-21T14:27:02.590Z
0.45735294;open;2021-11-21T14:24:00Z;311;369;0;680;680;18495[Am Gericht];2021-11-21T14:27:02.590Z
0.1331946;open;2021-11-21T14:24:00Z;128;833;70;1031;961;109240[MyZeil];2021-11-21T14:27:02.590Z
0.39589906;open;2021-11-21T14:24:00Z;251;383;0;634;634;18494[Konrad-Adenauer-Straße];2021-11-21T14:27:02.590Z
0.36;open;2021-11-21T14:34:00Z;72;128;150;350;200;24276[Turmcenter];2021-11-21T14:37:00.767Z
0.33415234;open;2021-11-21T14:34:00Z;136;271;0;407;407;18944[Alte Oper];2021-11-21T14:37:00.767Z
0.016483517;open;2021-11-21T14:34:00Z;6;358;0;364;364;24281[Hauptbahnhof Süd];2021-11-21T14:37:00.767Z
0.3881335;open;2021-11-21T14:34:00Z;314;495;0;809;809;24279[Konstabler];2021-11-21T14:37:00.767Z
0.7065728;open;2021-11-21T14:34:00Z;301;125;0;426;426;18497[Hauptwache];2021-11-21T14:37:00.767Z
0.46911764;open;2021-11-21T14:34:00Z;319;361;0;680;680;18495[Am Gericht];2021-11-21T14:37:00.767Z
0.13007285;open;2021-11-21T14:34:00Z;125;836;70;1031;961;109240[MyZeil];2021-11-21T14:37:00.767Z
0.39589906;open;2021-11-21T14:34:00Z;251;383;0;634;634;18494[Konrad-Adenauer-Straße];2021-11-21T14:37:00.767Z
0.375;open;2021-11-21T14:49:00Z;75;125;150;350;200;24276[Turmcenter];2021-11-21T14:52:00.441Z
0.3882064;open;2021-11-21T14:49:00Z;158;249;0;407;407;18944[Alte Oper];2021-11-21T14:52:00.441Z
0.01923077;open;2021-11-21T14:49:00Z;7;357;0;364;364;24281[Hauptbahnhof Süd];2021-11-21T14:52:00.441Z
0.37577257;open;2021-11-21T14:49:00Z;304;505;0;809;809;24279[Konstabler];2021-11-21T14:52:00.441Z
0.7065728;open;2021-11-21T14:49:00Z;301;125;0;426;426;18497[Hauptwache];2021-11-21T14:52:00.441Z
0.4764706;open;2021-11-21T14:49:00Z;324;356;0;680;680;18495[Am Gericht];2021-11-21T14:52:00.441Z
0.13111342;open;2021-11-21T14:49:00Z;126;835;70;1031;961;109240[MyZeil];2021-11-21T14:52:00.441Z
0.39589906;open;2021-11-21T14:49:00Z;251;383;0;634;634;18494[Konrad-Adenauer-Straße];2021-11-21T14:52:00.441Z
0.39;open;2021-11-21T14:59:00Z;78;122;150;350;200;24276[Turmcenter];2021-11-21T15:02:01.386Z
0.3906634;open;2021-11-21T14:59:00Z;159;248;0;407;407;18944[Alte Oper];2021-11-21T15:02:01.386Z
0.01923077;open;2021-11-21T14:59:00Z;7;357;0;364;364;24281[Hauptbahnhof Süd];2021-11-21T15:02:01.386Z
0.37700865;open;2021-11-21T14:59:00Z;305;504;0;809;809;24279[Konstabler];2021-11-21T15:02:01.386Z
0.6971831;open;2021-11-21T14:59:00Z;297;129;0;426;426;18497[Hauptwache];2021-11-21T15:02:01.386Z
0.48235294;open;2021-11-21T14:59:00Z;328;352;0;680;680;18495[Am Gericht];2021-11-21T15:02:01.386Z
0.13111342;open;2021-11-21T14:59:00Z;126;835;70;1031;961;109240[MyZeil];2021-11-21T15:02:01.386Z
0.39274448;open;2021-11-21T14:59:00Z;249;385;0;634;634;18494[Konrad-Adenauer-Straße];2021-11-21T15:02:01.386Z
0.4;open;2021-11-21T15:24:00Z;80;120;150;350;200;24276[Turmcenter];2021-11-21T15:27:00.574Z
0.3906634;open;2021-11-21T15:24:00Z;159;248;0;407;407;18944[Alte Oper];2021-11-21T15:27:00.574Z
0.021978023;open;2021-11-21T15:24:00Z;8;356;0;364;364;24281[Hauptbahnhof Süd];2021-11-21T15:27:00.574Z
0.3831891;open;2021-11-21T15:24:00Z;310;499;0;809;809;24279[Konstabler];2021-11-21T15:27:00.574Z
0.7089202;open;2021-11-21T15:24:00Z;302;124;0;426;426;18497[Hauptwache];2021-11-21T15:27:00.574Z
0.49117646;open;2021-11-21T15:24:00Z;334;346;0;680;680;18495[Am Gericht];2021-11-21T15:27:00.574Z
0.132154;open;2021-11-21T15:24:00Z;127;834;70;1031;961;109240[MyZeil];2021-11-21T15:27:00.574Z
0.40536278;open;2021-11-21T15:24:00Z;257;377;0;634;634;18494[Konrad-Adenauer-Straße];2021-11-21T15:27:00.574Z
0.415;open;2021-11-21T15:45:00Z;83;117;150;350;200;24276[Turmcenter];2021-11-21T15:47:01.311Z
0.3857494;open;2021-11-21T15:45:00Z;157;250;0;407;407;18944[Alte Oper];2021-11-21T15:47:01.311Z
0.03021978;open;2021-11-21T15:45:00Z;11;353;0;364;364;24281[Hauptbahnhof Süd];2021-11-21T15:47:01.311Z
0.37700865;open;2021-11-21T15:45:00Z;305;504;0;809;809;24279[Konstabler];2021-11-21T15:47:01.311Z
0.6971831;open;2021-11-21T15:45:00Z;297;129;0;426;426;18497[Hauptwache];2021-11-21T15:47:01.311Z
0.4985294;open;2021-11-21T15:45:00Z;339;341;0;680;680;18495[Am Gericht];2021-11-21T15:47:01.311Z
0.13631634;open;2021-11-21T15:45:00Z;131;830;70;1031;961;109240[MyZeil];2021-11-21T15:47:01.311Z
0.4022082;open;2021-11-21T15:45:00Z;255;379;0;634;634;18494[Konrad-Adenauer-Straße];2021-11-21T15:47:01.311Z
0.435;open;2021-11-21T16:00:00Z;87;113;150;350;200;24276[Turmcenter];2021-11-21T16:02:00.102Z
0.3980344;open;2021-11-21T16:00:00Z;162;245;0;407;407;18944[Alte Oper];2021-11-21T16:02:00.102Z
0.032967035;open;2021-11-21T16:00:00Z;12;352;0;364;364;24281[Hauptbahnhof Süd];2021-11-21T16:02:00.102Z
0.37824476;open;2021-11-21T16:00:00Z;306;503;0;809;809;24279[Konstabler];2021-11-21T16:02:00.102Z
0.67840374;open;2021-11-21T16:00:00Z;289;137;0;426;426;18497[Hauptwache];2021-11-21T16:02:00.102Z
0.4970588;open;2021-11-21T16:00:00Z;338;342;0;680;680;18495[Am Gericht];2021-11-21T16:02:00.102Z
0.13631634;open;2021-11-21T16:00:00Z;131;830;70;1031;961;109240[MyZeil];2021-11-21T16:02:00.102Z
0.39432177;open;2021-11-21T16:00:00Z;250;384;0;634;634;18494[Konrad-Adenauer-Straße];2021-11-21T16:02:00.102Z
0.435;open;2021-11-21T16:30:00Z;87;113;150;350;200;24276[Turmcenter];2021-11-21T16:32:01.793Z
0.4152334;open;2021-11-21T16:30:00Z;169;238;0;407;407;18944[Alte Oper];2021-11-21T16:32:01.793Z
0.032967035;open;2021-11-21T16:30:00Z;12;352;0;364;364;24281[Hauptbahnhof Süd];2021-11-21T16:32:01.793Z
0.37824476;open;2021-11-21T16:30:00Z;306;503;0;809;809;24279[Konstabler];2021-11-21T16:32:01.793Z
0.64084506;open;2021-11-21T16:30:00Z;273;153;0;426;426;18497[Hauptwache];2021-11-21T16:32:01.793Z
0.49264705;open;2021-11-21T16:30:00Z;335;345;0;680;680;18495[Am Gericht];2021-11-21T16:32:01.793Z
0.13423517;open;2021-11-21T16:30:00Z;129;832;70;1031;961;109240[MyZeil];2021-11-21T16:32:01.793Z
0.3911672;open;2021-11-21T16:30:00Z;248;386;0;634;634;18494[Konrad-Adenauer-Straße];2021-11-21T16:32:01.793Z
0.435;open;2021-11-21T17:05:00Z;87;113;150;350;200;24276[Turmcenter];2021-11-21T17:07:01.042Z
0.45454547;open;2021-11-21T17:05:00Z;185;222;0;407;407;18944[Alte Oper];2021-11-21T17:07:01.042Z
0.043956045;open;2021-11-21T17:05:00Z;16;348;0;364;364;24281[Hauptbahnhof Süd];2021-11-21T17:07:01.042Z
0.3658838;open;2021-11-21T17:05:00Z;296;513;0;809;809;24279[Konstabler];2021-11-21T17:07:01.042Z
0.6197183;open;2021-11-21T17:05:00Z;264;162;0;426;426;18497[Hauptwache];2021-11-21T17:07:01.042Z
0.5147059;open;2021-11-21T17:05:00Z;350;330;0;680;680;18495[Am Gericht];2021-11-21T17:07:01.042Z
0.1331946;open;2021-11-21T17:05:00Z;128;833;70;1031;961;109240[MyZeil];2021-11-21T17:07:01.042Z
0.39905363;open;2021-11-21T17:05:00Z;253;381;0;634;634;18494[Konrad-Adenauer-Straße];2021-11-21T17:07:01.042Z
0.45;open;2021-11-21T17:31:00Z;90;110;150;350;200;24276[Turmcenter];2021-11-21T17:32:02.362Z
0.44963145;open;2021-11-21T17:31:00Z;183;224;0;407;407;18944[Alte Oper];2021-11-21T17:32:02.362Z
0.041208792;open;2021-11-21T17:31:00Z;15;349;0;364;364;24281[Hauptbahnhof Süd];2021-11-21T17:32:02.362Z
0.36464772;open;2021-11-21T17:31:00Z;295;514;0;809;809;24279[Konstabler];2021-11-21T17:32:02.362Z
0.6126761;open;2021-11-21T17:31:00Z;261;165;0;426;426;18497[Hauptwache];2021-11-21T17:32:02.362Z
0.5367647;open;2021-11-21T17:31:00Z;365;315;0;680;680;18495[Am Gericht];2021-11-21T17:32:02.362Z
0.132154;open;2021-11-21T17:31:00Z;127;834;70;1031;961;109240[MyZeil];2021-11-21T17:32:02.362Z
0.40851736;open;2021-11-21T17:31:00Z;259;375;0;634;634;18494[Konrad-Adenauer-Straße];2021-11-21T17:32:02.362Z
0.45;open;2021-11-21T17:51:00Z;90;110;150;350;200;24276[Turmcenter];2021-11-21T17:52:02.924Z
0.46191648;open;2021-11-21T17:51:00Z;188;219;0;407;407;18944[Alte Oper];2021-11-21T17:52:02.924Z
0.043956045;open;2021-11-21T17:51:00Z;16;348;0;364;364;24281[Hauptbahnhof Süd];2021-11-21T17:52:02.924Z
0.3658838;open;2021-11-21T17:51:00Z;296;513;0;809;809;24279[Konstabler];2021-11-21T17:52:02.924Z
0.6032864;open;2021-11-21T17:51:00Z;257;169;0;426;426;18497[Hauptwache];2021-11-21T17:52:02.924Z
0.54558825;open;2021-11-21T17:51:00Z;371;309;0;680;680;18495[Am Gericht];2021-11-21T17:52:02.924Z
0.1331946;open;2021-11-21T17:51:00Z;128;833;70;1031;961;109240[MyZeil];2021-11-21T17:52:02.924Z
0.4242902;open;2021-11-21T17:51:00Z;269;365;0;634;634;18494[Konrad-Adenauer-Straße];2021-11-21T17:52:02.924Z
0.435;open;2021-11-21T18:01:00Z;87;113;150;350;200;24276[Turmcenter];2021-11-21T18:02:00.931Z
0.46191648;open;2021-11-21T18:01:00Z;188;219;0;407;407;18944[Alte Oper];2021-11-21T18:02:00.931Z
0.04945055;open;2021-11-21T18:01:00Z;18;346;0;364;364;24281[Hauptbahnhof Süd];2021-11-21T18:02:00.931Z
0.36217552;open;2021-11-21T18:01:00Z;293;516;0;809;809;24279[Konstabler];2021-11-21T18:02:00.931Z
0.5915493;open;2021-11-21T18:01:00Z;252;174;0;426;426;18497[Hauptwache];2021-11-21T18:02:00.931Z
0.5441176;open;2021-11-21T18:01:00Z;370;310;0;680;680;18495[Am Gericht];2021-11-21T18:02:00.931Z
0.13423517;open;2021-11-21T18:01:00Z;129;832;70;1031;961;109240[MyZeil];2021-11-21T18:02:00.931Z
0.41955835;open;2021-11-21T18:01:00Z;266;368;0;634;634;18494[Konrad-Adenauer-Straße];2021-11-21T18:02:00.931Z
0.435;open;2021-11-21T18:22:00Z;87;113;150;350;200;24276[Turmcenter];2021-11-21T18:27:01.710Z
0.44963145;open;2021-11-21T18:22:00Z;183;224;0;407;407;18944[Alte Oper];2021-11-21T18:27:01.710Z
0.041208792;open;2021-11-21T18:22:00Z;15;349;0;364;364;24281[Hauptbahnhof Süd];2021-11-21T18:27:01.710Z
0.37206426;open;2021-11-21T18:22:00Z;301;508;0;809;809;24279[Konstabler];2021-11-21T18:27:01.710Z
0.5798122;open;2021-11-21T18:22:00Z;247;179;0;426;426;18497[Hauptwache];2021-11-21T18:27:01.710Z
0.5411765;open;2021-11-21T18:22:00Z;368;312;0;680;680;18495[Am Gericht];2021-11-21T18:27:01.710Z
0.13111342;open;2021-11-21T18:22:00Z;126;835;70;1031;961;109240[MyZeil];2021-11-21T18:27:01.710Z
0.43059936;open;2021-11-21T18:22:00Z;273;361;0;634;634;18494[Konrad-Adenauer-Straße];2021-11-21T18:27:01.710Z
0.4;open;2021-11-21T18:42:00Z;80;120;150;350;200;24276[Turmcenter];2021-11-21T18:47:02.734Z
0.44471744;open;2021-11-21T18:42:00Z;181;226;0;407;407;18944[Alte Oper];2021-11-21T18:47:02.734Z
0.03021978;open;2021-11-21T18:42:00Z;11;353;0;364;364;24281[Hauptbahnhof Süd];2021-11-21T18:47:02.734Z
0.3658838;open;2021-11-21T18:42:00Z;296;513;0;809;809;24279[Konstabler];2021-11-21T18:47:02.734Z
0.5798122;open;2021-11-21T18:42:00Z;247;179;0;426;426;18497[Hauptwache];2021-11-21T18:47:02.734Z
0.5382353;open;2021-11-21T18:42:00Z;366;314;0;680;680;18495[Am Gericht];2021-11-21T18:47:02.734Z
0.1269511;open;2021-11-21T18:42:00Z;122;839;70;1031;961;109240[MyZeil];2021-11-21T18:47:02.734Z
0.42113563;open;2021-11-21T18:42:00Z;267;367;0;634;634;18494[Konrad-Adenauer-Straße];2021-11-21T18:47:02.734Z
0.41;open;2021-11-21T18:52:00Z;82;118;150;350;200;24276[Turmcenter];2021-11-21T18:57:02.245Z
0.43734643;open;2021-11-21T18:52:00Z;178;229;0;407;407;18944[Alte Oper];2021-11-21T18:57:02.245Z
0.03021978;open;2021-11-21T18:52:00Z;11;353;0;364;364;24281[Hauptbahnhof Süd];2021-11-21T18:57:02.245Z
0.37206426;open;2021-11-21T18:52:00Z;301;508;0;809;809;24279[Konstabler];2021-11-21T18:57:02.245Z
0.57276994;open;2021-11-21T18:52:00Z;244;182;0;426;426;18497[Hauptwache];2021-11-21T18:57:02.245Z
0.5367647;open;2021-11-21T18:52:00Z;365;315;0;680;680;18495[Am Gericht];2021-11-21T18:57:02.245Z
0.12799168;open;2021-11-21T18:52:00Z;123;838;70;1031;961;109240[MyZeil];2021-11-21T18:57:02.245Z
0.42113563;open;2021-11-21T18:52:00Z;267;367;0;634;634;18494[Konrad-Adenauer-Straße];2021-11-21T18:57:02.245Z
0.395;open;2021-11-21T19:12:00Z;79;121;150;350;200;24276[Turmcenter];2021-11-21T19:17:01.902Z
0.42751843;open;2021-11-21T19:12:00Z;174;233;0;407;407;18944[Alte Oper];2021-11-21T19:17:01.902Z
0.032967035;open;2021-11-21T19:12:00Z;12;352;0;364;364;24281[Hauptbahnhof Süd];2021-11-21T19:17:01.902Z
0.37948084;open;2021-11-21T19:12:00Z;307;502;0;809;809;24279[Konstabler];2021-11-21T19:17:01.902Z
0.57276994;open;2021-11-21T19:12:00Z;244;182;0;426;426;18497[Hauptwache];2021-11-21T19:17:01.902Z
0.525;open;2021-11-21T19:12:00Z;357;323;0;680;680;18495[Am Gericht];2021-11-21T19:17:01.902Z
0.1269511;open;2021-11-21T19:12:00Z;122;839;70;1031;961;109240[MyZeil];2021-11-21T19:17:01.902Z
0.4242902;open;2021-11-21T19:12:00Z;269;365;0;634;634;18494[Konrad-Adenauer-Straße];2021-11-21T19:17:01.902Z
0.385;open;2021-11-21T19:27:00Z;77;123;150;350;200;24276[Turmcenter];2021-11-21T19:32:01.606Z
0.4226044;open;2021-11-21T19:27:00Z;172;235;0;407;407;18944[Alte Oper];2021-11-21T19:32:01.606Z
0.032967035;open;2021-11-21T19:27:00Z;12;352;0;364;364;24281[Hauptbahnhof Süd];2021-11-21T19:32:01.606Z
0.3695921;open;2021-11-21T19:27:00Z;299;510;0;809;809;24279[Konstabler];2021-11-21T19:32:01.606Z
0.5586854;open;2021-11-21T19:27:00Z;238;188;0;426;426;18497[Hauptwache];2021-11-21T19:32:01.606Z
0.51029414;open;2021-11-21T19:27:00Z;347;333;0;680;680;18495[Am Gericht];2021-11-21T19:32:01.606Z
0.122788765;open;2021-11-21T19:27:00Z;118;843;70;1031;961;109240[MyZeil];2021-11-21T19:32:01.606Z
0.42271292;open;2021-11-21T19:27:00Z;268;366;0;634;634;18494[Konrad-Adenauer-Straße];2021-11-21T19:32:01.606Z
0.395;open;2021-11-21T19:33:00Z;79;121;150;350;200;24276[Turmcenter];2021-11-21T19:37:00.173Z
0.41769043;open;2021-11-21T19:33:00Z;170;237;0;407;407;18944[Alte Oper];2021-11-21T19:37:00.173Z
0.032967035;open;2021-11-21T19:33:00Z;12;352;0;364;364;24281[Hauptbahnhof Süd];2021-11-21T19:37:00.173Z
0.36464772;open;2021-11-21T19:33:00Z;295;514;0;809;809;24279[Konstabler];2021-11-21T19:37:00.173Z
0.5539906;open;2021-11-21T19:33:00Z;236;190;0;426;426;18497[Hauptwache];2021-11-21T19:37:00.173Z
0.51029414;open;2021-11-21T19:33:00Z;347;333;0;680;680;18495[Am Gericht];2021-11-21T19:37:00.173Z
0.1259105;open;2021-11-21T19:33:00Z;121;840;70;1031;961;109240[MyZeil];2021-11-21T19:37:00.173Z
0.42271292;open;2021-11-21T19:33:00Z;268;366;0;634;634;18494[Konrad-Adenauer-Straße];2021-11-21T19:37:00.173Z
0.4;open;2021-11-21T19:48:00Z;80;120;150;350;200;24276[Turmcenter];2021-11-21T19:52:02.738Z
0.4029484;open;2021-11-21T19:48:00Z;164;243;0;407;407;18944[Alte Oper];2021-11-21T19:52:02.738Z
0.03021978;open;2021-11-21T19:48:00Z;11;353;0;364;364;24281[Hauptbahnhof Süd];2021-11-21T19:52:02.738Z
0.36217552;open;2021-11-21T19:48:00Z;293;516;0;809;809;24279[Konstabler];2021-11-21T19:52:02.738Z
0.556338;open;2021-11-21T19:48:00Z;237;189;0;426;426;18497[Hauptwache];2021-11-21T19:52:02.738Z
0.50735295;open;2021-11-21T19:48:00Z;345;335;0;680;680;18495[Am Gericht];2021-11-21T19:52:02.738Z
0.12174818;open;2021-11-21T19:48:00Z;117;844;70;1031;961;109240[MyZeil];2021-11-21T19:52:02.738Z
0.4164038;open;2021-11-21T19:48:00Z;264;370;0;634;634;18494[Konrad-Adenauer-Straße];2021-11-21T19:52:02.738Z
0.37;open;2021-11-21T19:58:00Z;74;126;150;350;200;24276[Turmcenter];2021-11-21T20:02:01.520Z
0.38083538;open;2021-11-21T19:58:00Z;155;252;0;407;407;18944[Alte Oper];2021-11-21T20:02:01.520Z
0.03021978;open;2021-11-21T19:58:00Z;11;353;0;364;364;24281[Hauptbahnhof Süd];2021-11-21T20:02:01.520Z
0.3634116;open;2021-11-21T19:58:00Z;294;515;0;809;809;24279[Konstabler];2021-11-21T20:02:01.520Z
0.54460096;open;2021-11-21T19:58:00Z;232;194;0;426;426;18497[Hauptwache];2021-11-21T20:02:01.520Z
0.4985294;open;2021-11-21T19:58:00Z;339;341;0;680;680;18495[Am Gericht];2021-11-21T20:02:01.520Z
0.120707594;open;2021-11-21T19:58:00Z;116;845;70;1031;961;109240[MyZeil];2021-11-21T20:02:01.520Z
0.4164038;open;2021-11-21T19:58:00Z;264;370;0;634;634;18494[Konrad-Adenauer-Straße];2021-11-21T20:02:01.520Z
0.36;open;2021-11-21T20:23:00Z;72;128;150;350;200;24276[Turmcenter];2021-11-21T20:27:02.380Z
0.32923833;open;2021-11-21T20:23:00Z;134;273;0;407;407;18944[Alte Oper];2021-11-21T20:27:02.380Z
0.021978023;open;2021-11-21T20:23:00Z;8;356;0;364;364;24281[Hauptbahnhof Süd];2021-11-21T20:27:02.380Z
0.3473424;open;2021-11-21T20:23:00Z;281;528;0;809;809;24279[Konstabler];2021-11-21T20:27:02.380Z
0.52816904;open;2021-11-21T20:23:00Z;225;201;0;426;426;18497[Hauptwache];2021-11-21T20:27:02.380Z
0.48088235;open;2021-11-21T20:23:00Z;327;353;0;680;680;18495[Am Gericht];2021-11-21T20:27:02.380Z
0.119667016;open;2021-11-21T20:23:00Z;115;846;70;1031;961;109240[MyZeil];2021-11-21T20:27:02.380Z
0.4148265;open;2021-11-21T20:23:00Z;263;371;0;634;634;18494[Konrad-Adenauer-Straße];2021-11-21T20:27:02.380Z
0.35;open;2021-11-21T20:39:00Z;70;130;150;350;200;24276[Turmcenter];2021-11-21T20:42:01.593Z
0.14742015;open;2021-11-21T20:39:00Z;60;347;0;407;407;18944[Alte Oper];2021-11-21T20:42:01.593Z
0.024725275;open;2021-11-21T20:39:00Z;9;355;0;364;364;24281[Hauptbahnhof Süd];2021-11-21T20:42:01.593Z
0.33992583;open;2021-11-21T20:39:00Z;275;534;0;809;809;24279[Konstabler];2021-11-21T20:42:01.593Z
0.52582157;open;2021-11-21T20:39:00Z;224;202;0;426;426;18497[Hauptwache];2021-11-21T20:42:01.593Z
0.47058824;open;2021-11-21T20:39:00Z;320;360;0;680;680;18495[Am Gericht];2021-11-21T20:42:01.593Z
0.11550468;open;2021-11-21T20:39:00Z;111;850;70;1031;961;109240[MyZeil];2021-11-21T20:42:01.593Z
0.41009465;open;2021-11-21T20:39:00Z;260;374;0;634;634;18494[Konrad-Adenauer-Straße];2021-11-21T20:42:01.593Z
0.34;open;2021-11-21T20:54:00Z;68;132;150;350;200;24276[Turmcenter];2021-11-21T20:57:02.820Z
0.13759214;open;2021-11-21T20:54:00Z;56;351;0;407;407;18944[Alte Oper];2021-11-21T20:57:02.820Z
0.021978023;open;2021-11-21T20:54:00Z;8;356;0;364;364;24281[Hauptbahnhof Süd];2021-11-21T20:57:02.820Z
0.33127317;open;2021-11-21T20:54:00Z;268;541;0;809;809;24279[Konstabler];2021-11-21T20:57:02.820Z
0.52112675;open;2021-11-21T20:54:00Z;222;204;0;426;426;18497[Hauptwache];2021-11-21T20:57:02.820Z
0.46617648;open;2021-11-21T20:54:00Z;317;363;0;680;680;18495[Am Gericht];2021-11-21T20:57:02.820Z
0.11030177;open;2021-11-21T20:54:00Z;106;855;70;1031;961;109240[MyZeil];2021-11-21T20:57:02.820Z
0.40694007;open;2021-11-21T20:54:00Z;258;376;0;634;634;18494[Konrad-Adenauer-Straße];2021-11-21T20:57:02.820Z
0.29;open;2021-11-21T21:19:00Z;58;142;150;350;200;24276[Turmcenter];2021-11-21T21:22:01.625Z
0.12776412;open;2021-11-21T21:19:00Z;52;355;0;407;407;18944[Alte Oper];2021-11-21T21:22:01.625Z
0.024725275;open;2021-11-21T21:19:00Z;9;355;0;364;364;24281[Hauptbahnhof Süd];2021-11-21T21:22:01.625Z
0.32138443;open;2021-11-21T21:19:00Z;260;549;0;809;809;24279[Konstabler];2021-11-21T21:22:01.625Z
0.5046948;open;2021-11-21T21:19:00Z;215;211;0;426;426;18497[Hauptwache];2021-11-21T21:22:01.625Z
0.4632353;open;2021-11-21T21:19:00Z;315;365;0;680;680;18495[Am Gericht];2021-11-21T21:22:01.625Z
0.10405827;open;2021-11-21T21:19:00Z;100;861;70;1031;961;109240[MyZeil];2021-11-21T21:22:01.625Z
0.40536278;open;2021-11-21T21:19:00Z;257;377;0;634;634;18494[Konrad-Adenauer-Straße];2021-11-21T21:22:01.625Z
0.285;open;2021-11-21T21:34:00Z;57;143;150;350;200;24276[Turmcenter];2021-11-21T21:37:01.672Z
0.12285012;open;2021-11-21T21:34:00Z;50;357;0;407;407;18944[Alte Oper];2021-11-21T21:37:01.672Z
0.021978023;open;2021-11-21T21:34:00Z;8;356;0;364;364;24281[Hauptbahnhof Süd];2021-11-21T21:37:01.672Z
0.31891224;open;2021-11-21T21:34:00Z;258;551;0;809;809;24279[Konstabler];2021-11-21T21:37:01.672Z
0.49061033;open;2021-11-21T21:34:00Z;209;217;0;426;426;18497[Hauptwache];2021-11-21T21:37:01.672Z
0.46470588;open;2021-11-21T21:34:00Z;316;364;0;680;680;18495[Am Gericht];2021-11-21T21:37:01.672Z
0.10301769;open;2021-11-21T21:34:00Z;99;862;70;1031;961;109240[MyZeil];2021-11-21T21:37:01.672Z
0.4022082;open;2021-11-21T21:34:00Z;255;379;0;634;634;18494[Konrad-Adenauer-Straße];2021-11-21T21:37:01.672Z
0.265;open;2021-11-21T21:50:00Z;53;147;150;350;200;24276[Turmcenter];2021-11-21T21:52:00.064Z
0.11793612;open;2021-11-21T21:50:00Z;48;359;0;407;407;18944[Alte Oper];2021-11-21T21:52:00.064Z
0.021978023;open;2021-11-21T21:50:00Z;8;356;0;364;364;24281[Hauptbahnhof Süd];2021-11-21T21:52:00.064Z
0.29542646;open;2021-11-21T21:50:00Z;239;570;0;809;809;24279[Konstabler];2021-11-21T21:52:00.064Z
0.48826292;open;2021-11-21T21:50:00Z;208;218;0;426;426;18497[Hauptwache];2021-11-21T21:52:00.064Z
0.46029413;open;2021-11-21T21:50:00Z;313;367;0;680;680;18495[Am Gericht];2021-11-21T21:52:00.064Z
0.097814776;open;2021-11-21T21:50:00Z;94;867;70;1031;961;109240[MyZeil];2021-11-21T21:52:00.064Z
0.3911672;open;2021-11-21T21:50:00Z;248;386;0;634;634;18494[Konrad-Adenauer-Straße];2021-11-21T21:52:00.064Z
0.25;open;2021-11-21T22:00:00Z;50;150;150;350;200;24276[Turmcenter];2021-11-21T22:02:02.427Z
0.11547912;open;2021-11-21T22:00:00Z;47;360;0;407;407;18944[Alte Oper];2021-11-21T22:02:02.427Z
0.021978023;open;2021-11-21T22:00:00Z;8;356;0;364;364;24281[Hauptbahnhof Süd];2021-11-21T22:02:02.427Z
0.29295427;open;2021-11-21T22:00:00Z;237;572;0;809;809;24279[Konstabler];2021-11-21T22:02:02.427Z
0.48591548;open;2021-11-21T22:00:00Z;207;219;0;426;426;18497[Hauptwache];2021-11-21T22:02:02.427Z
0.46029413;open;2021-11-21T22:00:00Z;313;367;0;680;680;18495[Am Gericht];2021-11-21T22:02:02.427Z
0.09573361;open;2021-11-21T22:00:00Z;92;869;70;1031;961;109240[MyZeil];2021-11-21T22:02:02.427Z
0.3895899;open;2021-11-21T22:00:00Z;247;387;0;634;634;18494[Konrad-Adenauer-Straße];2021-11-21T22:02:02.427Z
0.21;open;2021-11-21T22:21:00Z;42;158;150;350;200;24276[Turmcenter];2021-11-21T22:22:01.456Z
0.11302211;open;2021-11-21T22:21:00Z;46;361;0;407;407;18944[Alte Oper];2021-11-21T22:22:01.456Z
0.021978023;open;2021-11-21T22:21:00Z;8;356;0;364;364;24281[Hauptbahnhof Süd];2021-11-21T22:22:01.456Z
0.2867738;open;2021-11-21T22:21:00Z;232;577;0;809;809;24279[Konstabler];2021-11-21T22:22:01.456Z
0.48356807;open;2021-11-21T22:21:00Z;206;220;0;426;426;18497[Hauptwache];2021-11-21T22:22:01.456Z
0.4632353;open;2021-11-21T22:21:00Z;315;365;0;680;680;18495[Am Gericht];2021-11-21T22:22:01.456Z
0.09469303;open;2021-11-21T22:21:00Z;91;870;70;1031;961;109240[MyZeil];2021-11-21T22:22:01.456Z
0.3895899;open;2021-11-21T22:21:00Z;247;387;0;634;634;18494[Konrad-Adenauer-Straße];2021-11-21T22:22:01.456Z
0.2;open;2021-11-21T22:37:00Z;40;160;150;350;200;24276[Turmcenter];2021-11-21T22:42:01.582Z
0.11302211;open;2021-11-21T22:37:00Z;46;361;0;407;407;18944[Alte Oper];2021-11-21T22:42:01.582Z
0.024725275;open;2021-11-21T22:37:00Z;9;355;0;364;364;24281[Hauptbahnhof Süd];2021-11-21T22:42:01.582Z
0.2843016;open;2021-11-21T22:37:00Z;230;579;0;809;809;24279[Konstabler];2021-11-21T22:42:01.582Z
0.48122066;open;2021-11-21T22:37:00Z;205;221;0;426;426;18497[Hauptwache];2021-11-21T22:42:01.582Z
0.4617647;open;2021-11-21T22:37:00Z;314;366;0;680;680;18495[Am Gericht];2021-11-21T22:42:01.582Z
0.09365244;open;2021-11-21T22:37:00Z;90;871;70;1031;961;109240[MyZeil];2021-11-21T22:42:01.582Z
0.38801262;open;2021-11-21T22:37:00Z;246;388;0;634;634;18494[Konrad-Adenauer-Straße];2021-11-21T22:42:01.582Z
0.195;open;2021-11-21T22:47:00Z;39;161;150;350;200;24276[Turmcenter];2021-11-21T22:52:01.458Z
0.11302211;open;2021-11-21T22:47:00Z;46;361;0;407;407;18944[Alte Oper];2021-11-21T22:52:01.458Z
0.024725275;open;2021-11-21T22:47:00Z;9;355;0;364;364;24281[Hauptbahnhof Süd];2021-11-21T22:52:01.458Z
0.27564895;open;2021-11-21T22:47:00Z;223;586;0;809;809;24279[Konstabler];2021-11-21T22:52:01.458Z
0.47887325;open;2021-11-21T22:47:00Z;204;222;0;426;426;18497[Hauptwache];2021-11-21T22:52:01.458Z
0.4617647;open;2021-11-21T22:47:00Z;314;366;0;680;680;18495[Am Gericht];2021-11-21T22:52:01.458Z
0.09365244;open;2021-11-21T22:47:00Z;90;871;70;1031;961;109240[MyZeil];2021-11-21T22:52:01.458Z
0.38485804;open;2021-11-21T22:47:00Z;244;390;0;634;634;18494[Konrad-Adenauer-Straße];2021-11-21T22:52:01.458Z
0.185;open;2021-11-21T23:18:00Z;37;163;150;350;200;24276[Turmcenter];2021-11-21T23:22:01.766Z
0.10810811;open;2021-11-21T23:18:00Z;44;363;0;407;407;18944[Alte Oper];2021-11-21T23:22:01.766Z
0.024725275;open;2021-11-21T23:18:00Z;9;355;0;364;364;24281[Hauptbahnhof Süd];2021-11-21T23:22:01.766Z
0.26823238;open;2021-11-21T23:18:00Z;217;592;0;809;809;24279[Konstabler];2021-11-21T23:22:01.766Z
0.471831;open;2021-11-21T23:18:00Z;201;225;0;426;426;18497[Hauptwache];2021-11-21T23:22:01.766Z
0;closed;2021-11-21T23:18:00Z;;366;0;0;0;18495[Am Gericht];2021-11-21T23:22:01.766Z
0.08740895;open;2021-11-21T23:18:00Z;84;877;70;1031;961;109240[MyZeil];2021-11-21T23:22:01.766Z
0.37223974;open;2021-11-21T23:18:00Z;236;398;0;634;634;18494[Konrad-Adenauer-Straße];2021-11-21T23:22:01.766Z
0.175;open;2021-11-21T23:33:00Z;35;165;150;350;200;24276[Turmcenter];2021-11-21T23:37:02.580Z
0.1056511;open;2021-11-21T23:33:00Z;43;364;0;407;407;18944[Alte Oper];2021-11-21T23:37:02.580Z
0.024725275;open;2021-11-21T23:33:00Z;9;355;0;364;364;24281[Hauptbahnhof Süd];2021-11-21T23:37:02.580Z
0.26823238;open;2021-11-21T23:33:00Z;217;592;0;809;809;24279[Konstabler];2021-11-21T23:37:02.580Z
0.471831;open;2021-11-21T23:33:00Z;201;225;0;426;426;18497[Hauptwache];2021-11-21T23:37:02.580Z
0;closed;2021-11-21T23:33:00Z;;366;0;0;0;18495[Am Gericht];2021-11-21T23:37:02.580Z
0.089490116;open;2021-11-21T23:33:00Z;86;875;70;1031;961;109240[MyZeil];2021-11-21T23:37:02.580Z
0.37223974;open;2021-11-21T23:33:00Z;236;398;0;634;634;18494[Konrad-Adenauer-Straße];2021-11-21T23:37:02.580Z
0.175;open;2021-11-21T23:48:00Z;35;165;150;350;200;24276[Turmcenter];2021-11-21T23:52:02.454Z
0.10810811;open;2021-11-21T23:48:00Z;44;363;0;407;407;18944[Alte Oper];2021-11-21T23:52:02.454Z
0.024725275;open;2021-11-21T23:48:00Z;9;355;0;364;364;24281[Hauptbahnhof Süd];2021-11-21T23:52:02.454Z
0.26823238;open;2021-11-21T23:48:00Z;217;592;0;809;809;24279[Konstabler];2021-11-21T23:52:02.454Z
0.471831;open;2021-11-21T23:48:00Z;201;225;0;426;426;18497[Hauptwache];2021-11-21T23:52:02.454Z
0;closed;2021-11-21T23:48:00Z;;366;0;0;0;18495[Am Gericht];2021-11-21T23:52:02.454Z
0.089490116;open;2021-11-21T23:48:00Z;86;875;70;1031;961;109240[MyZeil];2021-11-21T23:52:02.454Z
0.37066245;open;2021-11-21T23:48:00Z;235;399;0;634;634;18494[Konrad-Adenauer-Straße];2021-11-21T23:52:02.454Z
0.175;open;2021-11-21T23:58:00Z;35;165;150;350;200;24276[Turmcenter];2021-11-22T00:02:00.112Z
0.10810811;open;2021-11-21T23:58:00Z;44;363;0;407;407;18944[Alte Oper];2021-11-22T00:02:00.112Z
0.024725275;open;2021-11-21T23:58:00Z;9;355;0;364;364;24281[Hauptbahnhof Süd];2021-11-22T00:02:00.112Z
0.2694685;open;2021-11-21T23:58:00Z;218;591;0;809;809;24279[Konstabler];2021-11-22T00:02:00.112Z
0.471831;open;2021-11-21T23:58:00Z;201;225;0;426;426;18497[Hauptwache];2021-11-22T00:02:00.112Z
0;closed;2021-11-21T23:58:00Z;;366;0;0;0;18495[Am Gericht];2021-11-22T00:02:00.112Z
0.089490116;open;2021-11-21T23:58:00Z;86;875;70;1031;961;109240[MyZeil];2021-11-22T00:02:00.112Z
0.37066245;open;2021-11-21T23:58:00Z;235;399;0;634;634;18494[Konrad-Adenauer-Straße];2021-11-22T00:02:00.112Z
0.175;open;2021-11-22T01:15:00Z;35;165;150;350;200;24276[Turmcenter];2021-11-22T01:17:00.245Z
0.10810811;open;2021-11-22T01:15:00Z;44;363;0;407;407;18944[Alte Oper];2021-11-22T01:17:00.245Z
0.024725275;open;2021-11-22T01:15:00Z;9;355;0;364;364;24281[Hauptbahnhof Süd];2021-11-22T01:17:00.245Z
0.26823238;open;2021-11-22T01:15:00Z;217;592;0;809;809;24279[Konstabler];2021-11-22T01:17:00.245Z
0.471831;open;2021-11-22T01:15:00Z;201;225;0;426;426;18497[Hauptwache];2021-11-22T01:17:00.245Z
0;closed;2021-11-22T01:15:00Z;;366;0;0;0;18495[Am Gericht];2021-11-22T01:17:00.245Z
0.089490116;open;2021-11-22T01:15:00Z;86;875;70;1031;961;109240[MyZeil];2021-11-22T01:17:00.245Z
0.37066245;open;2021-11-22T01:15:00Z;235;399;0;634;634;18494[Konrad-Adenauer-Straße];2021-11-22T01:17:00.245Z
0.175;open;2021-11-22T02:10:00Z;35;165;150;350;200;24276[Turmcenter];2021-11-22T02:12:01.800Z
0.1056511;open;2021-11-22T02:10:00Z;43;364;0;407;407;18944[Alte Oper];2021-11-22T02:12:01.800Z
0.024725275;open;2021-11-22T02:10:00Z;9;355;0;364;364;24281[Hauptbahnhof Süd];2021-11-22T02:12:01.800Z
0.26823238;open;2021-11-22T02:10:00Z;217;592;0;809;809;24279[Konstabler];2021-11-22T02:12:01.800Z
0.471831;open;2021-11-22T02:10:00Z;201;225;0;426;426;18497[Hauptwache];2021-11-22T02:12:01.800Z
0;closed;2021-11-22T02:10:00Z;;366;0;0;0;18495[Am Gericht];2021-11-22T02:12:01.800Z
0.089490116;open;2021-11-22T02:10:00Z;86;875;70;1031;961;109240[MyZeil];2021-11-22T02:12:01.800Z
0.37381703;open;2021-11-22T02:10:00Z;237;397;0;634;634;18494[Konrad-Adenauer-Straße];2021-11-22T02:12:01.800Z
0.175;open;2021-11-22T02:43:00Z;35;165;150;350;200;24276[Turmcenter];2021-11-22T02:47:02.722Z
0.1056511;open;2021-11-22T02:43:00Z;43;364;0;407;407;18944[Alte Oper];2021-11-22T02:47:02.722Z
0.024725275;open;2021-11-22T02:43:00Z;9;355;0;364;364;24281[Hauptbahnhof Süd];2021-11-22T02:47:02.722Z
0.26823238;open;2021-11-22T02:43:00Z;217;592;0;809;809;24279[Konstabler];2021-11-22T02:47:02.722Z
0.471831;open;2021-11-22T02:43:00Z;201;225;0;426;426;18497[Hauptwache];2021-11-22T02:47:02.722Z
0;closed;2021-11-22T02:43:00Z;;366;0;0;0;18495[Am Gericht];2021-11-22T02:47:02.722Z
0.089490116;open;2021-11-22T02:43:00Z;86;875;70;1031;961;109240[MyZeil];2021-11-22T02:47:02.722Z
0.37381703;open;2021-11-22T02:43:00Z;237;397;0;634;634;18494[Konrad-Adenauer-Straße];2021-11-22T02:47:02.722Z
0.175;open;2021-11-22T03:18:00Z;35;165;150;350;200;24276[Turmcenter];2021-11-22T03:22:01.314Z
0.1056511;open;2021-11-22T03:18:00Z;43;364;0;407;407;18944[Alte Oper];2021-11-22T03:22:01.314Z
0.021978023;open;2021-11-22T03:18:00Z;8;356;0;364;364;24281[Hauptbahnhof Süd];2021-11-22T03:22:01.314Z
0.26823238;open;2021-11-22T03:18:00Z;217;592;0;809;809;24279[Konstabler];2021-11-22T03:22:01.314Z
0.471831;open;2021-11-22T03:18:00Z;201;225;0;426;426;18497[Hauptwache];2021-11-22T03:22:01.314Z
0;closed;2021-11-22T03:18:00Z;;;0;0;0;18495[Am Gericht];2021-11-22T03:22:01.314Z
0.089490116;open;2021-11-22T03:18:00Z;86;875;70;1031;961;109240[MyZeil];2021-11-22T03:22:01.314Z
0.37381703;open;2021-11-22T03:18:00Z;237;397;0;634;634;18494[Konrad-Adenauer-Straße];2021-11-22T03:22:01.314Z
0.18;open;2021-11-22T03:43:00Z;36;164;150;350;200;24276[Turmcenter];2021-11-22T03:47:02.978Z
0.1056511;open;2021-11-22T03:43:00Z;43;364;0;407;407;18944[Alte Oper];2021-11-22T03:47:02.978Z
0.021978023;open;2021-11-22T03:43:00Z;8;356;0;364;364;24281[Hauptbahnhof Süd];2021-11-22T03:47:02.978Z
0.26576018;open;2021-11-22T03:43:00Z;215;594;0;809;809;24279[Konstabler];2021-11-22T03:47:02.978Z
0.471831;open;2021-11-22T03:43:00Z;201;225;0;426;426;18497[Hauptwache];2021-11-22T03:47:02.978Z
0;closed;2021-11-22T03:43:00Z;;;0;0;0;18495[Am Gericht];2021-11-22T03:47:02.978Z
0.089490116;open;2021-11-22T03:43:00Z;86;875;70;1031;961;109240[MyZeil];2021-11-22T03:47:02.978Z
0.3753943;open;2021-11-22T03:43:00Z;238;396;0;634;634;18494[Konrad-Adenauer-Straße];2021-11-22T03:47:02.978Z
0.18;open;2021-11-22T03:58:00Z;36;164;150;350;200;24276[Turmcenter];2021-11-22T04:02:01.427Z
0.1056511;open;2021-11-22T03:58:00Z;43;364;0;407;407;18944[Alte Oper];2021-11-22T04:02:01.427Z
0.021978023;open;2021-11-22T03:58:00Z;8;356;0;364;364;24281[Hauptbahnhof Süd];2021-11-22T04:02:01.427Z
0.26576018;open;2021-11-22T03:58:00Z;215;594;0;809;809;24279[Konstabler];2021-11-22T04:02:01.427Z
0.471831;open;2021-11-22T03:58:00Z;201;225;0;426;426;18497[Hauptwache];2021-11-22T04:02:01.427Z
0;closed;2021-11-22T03:58:00Z;;;0;0;0;18495[Am Gericht];2021-11-22T04:02:01.427Z
0.089490116;open;2021-11-22T03:58:00Z;86;875;70;1031;961;109240[MyZeil];2021-11-22T04:02:01.427Z
0.3753943;open;2021-11-22T03:58:00Z;238;396;0;634;634;18494[Konrad-Adenauer-Straße];2021-11-22T04:02:01.427Z
0.18;open;2021-11-22T04:28:00Z;36;164;150;350;200;24276[Turmcenter];2021-11-22T04:32:01.183Z
0.1056511;open;2021-11-22T04:28:00Z;43;364;0;407;407;18944[Alte Oper];2021-11-22T04:32:01.183Z
0.024725275;open;2021-11-22T04:28:00Z;9;355;0;364;364;24281[Hauptbahnhof Süd];2021-11-22T04:32:01.183Z
0.2669963;open;2021-11-22T04:28:00Z;216;593;0;809;809;24279[Konstabler];2021-11-22T04:32:01.183Z
0.471831;open;2021-11-22T04:28:00Z;201;225;0;426;426;18497[Hauptwache];2021-11-22T04:32:01.183Z
0;closed;2021-11-22T04:28:00Z;;;0;0;0;18495[Am Gericht];2021-11-22T04:32:01.183Z
0.097616345;open;2021-11-22T04:28:00Z;86;795;70;951;881;109240[MyZeil];2021-11-22T04:32:01.183Z
0.3785489;open;2021-11-22T04:28:00Z;240;394;0;634;634;18494[Konrad-Adenauer-Straße];2021-11-22T04:32:01.183Z
0.185;open;2021-11-22T04:53:00Z;37;163;150;350;200;24276[Turmcenter];2021-11-22T04:57:02.170Z
0.10810811;open;2021-11-22T04:53:00Z;44;363;0;407;407;18944[Alte Oper];2021-11-22T04:57:02.170Z
0.03846154;open;2021-11-22T04:53:00Z;14;350;0;364;364;24281[Hauptbahnhof Süd];2021-11-22T04:57:02.170Z
0.26823238;open;2021-11-22T04:53:00Z;217;592;0;809;809;24279[Konstabler];2021-11-22T04:57:02.170Z
0.471831;open;2021-11-22T04:53:00Z;201;225;0;426;426;18497[Hauptwache];2021-11-22T04:57:02.170Z
0;closed;2021-11-22T04:53:00Z;;;0;0;0;18495[Am Gericht];2021-11-22T04:57:02.170Z
0.0692395;open;2021-11-22T04:53:00Z;61;820;70;951;881;109240[MyZeil];2021-11-22T04:57:02.170Z
0.38643533;open;2021-11-22T04:53:00Z;245;389;0;634;634;18494[Konrad-Adenauer-Straße];2021-11-22T04:57:02.170Z
0.24666667;open;2021-11-22T05:19:00Z;37;113;200;350;150;24276[Turmcenter];2021-11-22T05:22:00.063Z
0.10810811;open;2021-11-22T05:19:00Z;44;363;0;407;407;18944[Alte Oper];2021-11-22T05:22:00.063Z
0.07692308;open;2021-11-22T05:19:00Z;28;336;0;364;364;24281[Hauptbahnhof Süd];2021-11-22T05:22:00.063Z
0.2694685;open;2021-11-22T05:19:00Z;218;591;0;809;809;24279[Konstabler];2021-11-22T05:22:00.063Z
0.4741784;open;2021-11-22T05:19:00Z;202;224;0;426;426;18497[Hauptwache];2021-11-22T05:22:00.063Z
0.4852941;open;2021-11-22T05:19:00Z;330;350;0;680;680;18495[Am Gericht];2021-11-22T05:22:00.063Z
0.072644725;open;2021-11-22T05:19:00Z;64;817;70;951;881;109240[MyZeil];2021-11-22T05:22:00.063Z
0.38801262;open;2021-11-22T05:19:00Z;246;388;0;634;634;18494[Konrad-Adenauer-Straße];2021-11-22T05:22:00.063Z
0.24666667;open;2021-11-22T05:29:00Z;37;113;200;350;150;24276[Turmcenter];2021-11-22T05:32:00.955Z
0.11547912;open;2021-11-22T05:29:00Z;47;360;0;407;407;18944[Alte Oper];2021-11-22T05:32:00.955Z
0.08791209;open;2021-11-22T05:29:00Z;32;332;0;364;364;24281[Hauptbahnhof Süd];2021-11-22T05:32:00.955Z
0.2694685;open;2021-11-22T05:29:00Z;218;591;0;809;809;24279[Konstabler];2021-11-22T05:32:00.955Z
0.4741784;open;2021-11-22T05:29:00Z;202;224;0;426;426;18497[Hauptwache];2021-11-22T05:32:00.955Z
0.4897059;open;2021-11-22T05:29:00Z;333;347;0;680;680;18495[Am Gericht];2021-11-22T05:32:00.955Z
0.0737798;open;2021-11-22T05:29:00Z;65;816;70;951;881;109240[MyZeil];2021-11-22T05:32:00.955Z
0.3895899;open;2021-11-22T05:29:00Z;247;387;0;634;634;18494[Konrad-Adenauer-Straße];2021-11-22T05:32:00.955Z
0.26;open;2021-11-22T05:39:00Z;39;111;200;350;150;24276[Turmcenter];2021-11-22T05:42:02.422Z
0.12285012;open;2021-11-22T05:39:00Z;50;357;0;407;407;18944[Alte Oper];2021-11-22T05:42:02.422Z
0.0989011;open;2021-11-22T05:39:00Z;36;328;0;364;364;24281[Hauptbahnhof Süd];2021-11-22T05:42:02.422Z
0.2694685;open;2021-11-22T05:39:00Z;218;591;0;809;809;24279[Konstabler];2021-11-22T05:42:02.422Z
0.4765258;open;2021-11-22T05:39:00Z;203;223;0;426;426;18497[Hauptwache];2021-11-22T05:42:02.422Z
0.49411765;open;2021-11-22T05:39:00Z;336;344;0;680;680;18495[Am Gericht];2021-11-22T05:42:02.422Z
0.076049946;open;2021-11-22T05:39:00Z;67;814;70;951;881;109240[MyZeil];2021-11-22T05:42:02.422Z
0.39274448;open;2021-11-22T05:39:00Z;249;385;0;634;634;18494[Konrad-Adenauer-Straße];2021-11-22T05:42:02.422Z
0.26666668;open;2021-11-22T05:59:00Z;40;110;200;350;150;24276[Turmcenter];2021-11-22T06:02:01.759Z
0.12530713;open;2021-11-22T05:59:00Z;51;356;0;407;407;18944[Alte Oper];2021-11-22T06:02:01.759Z
0.115384616;open;2021-11-22T05:59:00Z;42;322;0;364;364;24281[Hauptbahnhof Süd];2021-11-22T06:02:01.759Z
0.27688503;open;2021-11-22T05:59:00Z;224;585;0;809;809;24279[Konstabler];2021-11-22T06:02:01.759Z
0.47887325;open;2021-11-22T05:59:00Z;204;222;0;426;426;18497[Hauptwache];2021-11-22T06:02:01.759Z
0.5029412;open;2021-11-22T05:59:00Z;342;338;0;680;680;18495[Am Gericht];2021-11-22T06:02:01.759Z
0.07945517;open;2021-11-22T05:59:00Z;70;811;70;951;881;109240[MyZeil];2021-11-22T06:02:01.759Z
0.39274448;open;2021-11-22T05:59:00Z;249;385;0;634;634;18494[Konrad-Adenauer-Straße];2021-11-22T06:02:01.759Z
0.3;open;2021-11-22T06:24:00Z;45;105;200;350;150;24276[Turmcenter];2021-11-22T06:27:02.783Z
0.13759214;open;2021-11-22T06:24:00Z;56;351;0;407;407;18944[Alte Oper];2021-11-22T06:27:02.783Z
0.15659341;open;2021-11-22T06:24:00Z;57;307;0;364;364;24281[Hauptbahnhof Süd];2021-11-22T06:27:02.783Z
0.27441284;open;2021-11-22T06:24:00Z;222;587;0;809;809;24279[Konstabler];2021-11-22T06:27:02.783Z
0.48122066;open;2021-11-22T06:24:00Z;205;221;0;426;426;18497[Hauptwache];2021-11-22T06:27:02.783Z
0.5132353;open;2021-11-22T06:24:00Z;349;331;0;680;680;18495[Am Gericht];2021-11-22T06:27:02.783Z
0.08059024;open;2021-11-22T06:24:00Z;71;810;70;951;881;109240[MyZeil];2021-11-22T06:27:02.783Z
0.39432177;open;2021-11-22T06:24:00Z;250;384;0;634;634;18494[Konrad-Adenauer-Straße];2021-11-22T06:27:02.783Z
0.36666667;open;2021-11-22T06:49:00Z;55;95;200;350;150;24276[Turmcenter];2021-11-22T06:52:02.364Z
0.15233415;open;2021-11-22T06:49:00Z;62;345;0;407;407;18944[Alte Oper];2021-11-22T06:52:02.364Z
0.20054945;open;2021-11-22T06:49:00Z;73;291;0;364;364;24281[Hauptbahnhof Süd];2021-11-22T06:52:02.364Z
0.2867738;open;2021-11-22T06:49:00Z;232;577;0;809;809;24279[Konstabler];2021-11-22T06:52:02.364Z
0.49061033;open;2021-11-22T06:49:00Z;209;217;0;426;426;18497[Hauptwache];2021-11-22T06:52:02.364Z
0.5529412;open;2021-11-22T06:49:00Z;376;304;0;680;680;18495[Am Gericht];2021-11-22T06:52:02.364Z
0.08059024;open;2021-11-22T06:49:00Z;71;810;70;951;881;109240[MyZeil];2021-11-22T06:52:02.364Z
0.41324922;open;2021-11-22T06:49:00Z;262;372;0;634;634;18494[Konrad-Adenauer-Straße];2021-11-22T06:52:02.364Z
0.4;open;2021-11-22T06:54:00Z;60;90;200;350;150;24276[Turmcenter];2021-11-22T06:57:02.302Z
0.15724815;open;2021-11-22T06:54:00Z;64;343;0;407;407;18944[Alte Oper];2021-11-22T06:57:02.302Z
0.21153846;open;2021-11-22T06:54:00Z;77;287;0;364;364;24281[Hauptbahnhof Süd];2021-11-22T06:57:02.302Z
0.289246;open;2021-11-22T06:54:00Z;234;575;0;809;809;24279[Konstabler];2021-11-22T06:57:02.302Z
0.49295774;open;2021-11-22T06:54:00Z;210;216;0;426;426;18497[Hauptwache];2021-11-22T06:57:02.302Z
0.5617647;open;2021-11-22T06:54:00Z;382;298;0;680;680;18495[Am Gericht];2021-11-22T06:57:02.302Z
0.08059024;open;2021-11-22T06:54:00Z;71;810;70;951;881;109240[MyZeil];2021-11-22T06:57:02.302Z
0.4164038;open;2021-11-22T06:54:00Z;264;370;0;634;634;18494[Konrad-Adenauer-Straße];2021-11-22T06:57:02.302Z
0.61333334;open;2021-11-22T07:24:00Z;92;58;200;350;150;24276[Turmcenter];2021-11-22T07:27:00.773Z
0.2039312;open;2021-11-22T07:24:00Z;83;324;0;407;407;18944[Alte Oper];2021-11-22T07:27:00.773Z
0.2554945;open;2021-11-22T07:24:00Z;93;271;0;364;364;24281[Hauptbahnhof Süd];2021-11-22T07:27:00.773Z
0.3090235;open;2021-11-22T07:24:00Z;250;559;0;809;809;24279[Konstabler];2021-11-22T07:27:00.773Z
0.5375587;open;2021-11-22T07:24:00Z;229;197;0;426;426;18497[Hauptwache];2021-11-22T07:27:00.773Z
0.6014706;open;2021-11-22T07:24:00Z;409;271;0;680;680;18495[Am Gericht];2021-11-22T07:27:00.773Z
0.088535756;open;2021-11-22T07:24:00Z;78;803;70;951;881;109240[MyZeil];2021-11-22T07:27:00.773Z
0.44321766;open;2021-11-22T07:24:00Z;281;353;0;634;634;18494[Konrad-Adenauer-Straße];2021-11-22T07:27:00.773Z
0.74666667;open;2021-11-22T07:39:00Z;112;38;200;350;150;24276[Turmcenter];2021-11-22T07:42:00.506Z
0.23095824;open;2021-11-22T07:39:00Z;94;313;0;407;407;18944[Alte Oper];2021-11-22T07:42:00.506Z
0.2802198;open;2021-11-22T07:39:00Z;102;262;0;364;364;24281[Hauptbahnhof Süd];2021-11-22T07:42:00.506Z
0.32014832;open;2021-11-22T07:39:00Z;259;550;0;809;809;24279[Konstabler];2021-11-22T07:42:00.506Z
0.5610329;open;2021-11-22T07:39:00Z;239;187;0;426;426;18497[Hauptwache];2021-11-22T07:42:00.506Z
0.6191176;open;2021-11-22T07:39:00Z;421;259;0;680;680;18495[Am Gericht];2021-11-22T07:42:00.506Z
0.09307605;open;2021-11-22T07:39:00Z;82;799;70;951;881;109240[MyZeil];2021-11-22T07:42:00.506Z
0.4526814;open;2021-11-22T07:39:00Z;287;347;0;634;634;18494[Konrad-Adenauer-Straße];2021-11-22T07:42:00.506Z
0.82666665;open;2021-11-22T07:49:00Z;124;26;200;350;150;24276[Turmcenter];2021-11-22T07:52:00.740Z
0.24570024;open;2021-11-22T07:49:00Z;100;307;0;407;407;18944[Alte Oper];2021-11-22T07:52:00.740Z
0.31868133;open;2021-11-22T07:49:00Z;116;248;0;364;364;24281[Hauptbahnhof Süd];2021-11-22T07:52:00.740Z
0.33868974;open;2021-11-22T07:49:00Z;274;535;0;809;809;24279[Konstabler];2021-11-22T07:52:00.740Z
0.57746476;open;2021-11-22T07:49:00Z;246;180;0;426;426;18497[Hauptwache];2021-11-22T07:52:00.740Z
0.6367647;open;2021-11-22T07:49:00Z;433;247;0;680;680;18495[Am Gericht];2021-11-22T07:52:00.740Z
0.09194098;open;2021-11-22T07:49:00Z;81;800;70;951;881;109240[MyZeil];2021-11-22T07:52:00.740Z
0.4652997;open;2021-11-22T07:49:00Z;295;339;0;634;634;18494[Konrad-Adenauer-Straße];2021-11-22T07:52:00.740Z
0.8933333;open;2021-11-22T07:59:00Z;134;16;200;350;150;24276[Turmcenter];2021-11-22T08:02:01.353Z
0.27272728;open;2021-11-22T07:59:00Z;111;296;0;407;407;18944[Alte Oper];2021-11-22T08:02:01.353Z
0.33791208;open;2021-11-22T07:59:00Z;123;241;0;364;364;24281[Hauptbahnhof Süd];2021-11-22T08:02:01.353Z
0.34857848;open;2021-11-22T07:59:00Z;282;527;0;809;809;24279[Konstabler];2021-11-22T08:02:01.353Z
0.6103286;open;2021-11-22T07:59:00Z;260;166;0;426;426;18497[Hauptwache];2021-11-22T08:02:01.353Z
0.66764706;open;2021-11-22T07:59:00Z;454;226;0;680;680;18495[Am Gericht];2021-11-22T08:02:01.353Z
0.097616345;open;2021-11-22T07:59:00Z;86;795;70;951;881;109240[MyZeil];2021-11-22T08:02:01.353Z
0.47160885;open;2021-11-22T07:59:00Z;299;335;0;634;634;18494[Konrad-Adenauer-Straße];2021-11-22T08:02:01.353Z
1;open;2021-11-22T08:29:00Z;150;0;200;350;150;24276[Turmcenter];2021-11-22T08:32:02.825Z
0.32678133;open;2021-11-22T08:29:00Z;133;274;0;407;407;18944[Alte Oper];2021-11-22T08:32:02.825Z
0.39835164;open;2021-11-22T08:29:00Z;145;219;0;364;364;24281[Hauptbahnhof Süd];2021-11-22T08:32:02.825Z
0.39925835;open;2021-11-22T08:29:00Z;323;486;0;809;809;24279[Konstabler];2021-11-22T08:32:02.825Z
0.69953054;open;2021-11-22T08:29:00Z;298;128;0;426;426;18497[Hauptwache];2021-11-22T08:32:02.825Z
0.74852943;open;2021-11-22T08:29:00Z;509;171;0;680;680;18495[Am Gericht];2021-11-22T08:32:02.825Z
0.120317824;open;2021-11-22T08:29:00Z;106;775;70;951;881;109240[MyZeil];2021-11-22T08:32:02.825Z
0.50157726;open;2021-11-22T08:29:00Z;318;316;0;634;634;18494[Konrad-Adenauer-Straße];2021-11-22T08:32:02.825Z
1;open;2021-11-22T08:45:00Z;150;0;200;350;150;24276[Turmcenter];2021-11-22T08:47:02.941Z
0.36855036;open;2021-11-22T08:45:00Z;150;257;0;407;407;18944[Alte Oper];2021-11-22T08:47:02.941Z
0.40934065;open;2021-11-22T08:45:00Z;149;215;0;364;364;24281[Hauptbahnhof Süd];2021-11-22T08:47:02.941Z
0.42027193;open;2021-11-22T08:45:00Z;340;469;0;809;809;24279[Konstabler];2021-11-22T08:47:02.941Z
0.74413145;open;2021-11-22T08:45:00Z;317;109;0;426;426;18497[Hauptwache];2021-11-22T08:47:02.941Z
0.7794118;open;2021-11-22T08:45:00Z;530;150;0;680;680;18495[Am Gericht];2021-11-22T08:47:02.941Z
0.13734393;open;2021-11-22T08:45:00Z;121;760;70;951;881;109240[MyZeil];2021-11-22T08:47:02.941Z
0.5126183;open;2021-11-22T08:45:00Z;325;309;0;634;634;18494[Konrad-Adenauer-Straße];2021-11-22T08:47:02.941Z
1;open;2021-11-22T09:00:00Z;150;0;200;350;150;24276[Turmcenter];2021-11-22T09:02:00.901Z
0.3882064;open;2021-11-22T09:00:00Z;158;249;0;407;407;18944[Alte Oper];2021-11-22T09:02:00.901Z
0.42032966;open;2021-11-22T09:00:00Z;153;211;0;364;364;24281[Hauptbahnhof Süd];2021-11-22T09:02:00.901Z
0.45241037;open;2021-11-22T09:00:00Z;366;443;0;809;809;24279[Konstabler];2021-11-22T09:02:00.901Z
0.79812205;open;2021-11-22T09:00:00Z;340;86;0;426;426;18497[Hauptwache];2021-11-22T09:02:00.901Z
0.8014706;open;2021-11-22T09:00:00Z;545;135;0;680;680;18495[Am Gericht];2021-11-22T09:02:00.901Z
0.15323496;open;2021-11-22T09:00:00Z;135;746;70;951;881;109240[MyZeil];2021-11-22T09:02:00.901Z
0.5378549;open;2021-11-22T09:00:00Z;341;293;0;634;634;18494[Konrad-Adenauer-Straße];2021-11-22T09:02:00.901Z
1;open;2021-11-22T09:25:00Z;150;0;200;350;150;24276[Turmcenter];2021-11-22T09:27:00.793Z
0.46191648;open;2021-11-22T09:25:00Z;188;219;0;407;407;18944[Alte Oper];2021-11-22T09:27:00.793Z
0.43956044;open;2021-11-22T09:25:00Z;160;204;0;364;364;24281[Hauptbahnhof Süd];2021-11-22T09:27:00.793Z
0.5166873;open;2021-11-22T09:25:00Z;418;391;0;809;809;24279[Konstabler];2021-11-22T09:27:00.793Z
0.8685446;open;2021-11-22T09:25:00Z;370;56;0;426;426;18497[Hauptwache];2021-11-22T09:27:00.793Z
0.83235294;open;2021-11-22T09:25:00Z;566;114;0;680;680;18495[Am Gericht];2021-11-22T09:27:00.793Z
0.18047673;open;2021-11-22T09:25:00Z;159;722;70;951;881;109240[MyZeil];2021-11-22T09:27:00.793Z
0.5646688;open;2021-11-22T09:25:00Z;358;276;0;634;634;18494[Konrad-Adenauer-Straße];2021-11-22T09:27:00.793Z
1;open;2021-11-22T09:45:00Z;150;0;200;350;150;24276[Turmcenter];2021-11-22T09:47:00.146Z
0.5135135;open;2021-11-22T09:45:00Z;209;198;0;407;407;18944[Alte Oper];2021-11-22T09:47:00.146Z
0.42032966;open;2021-11-22T09:45:00Z;153;211;0;364;364;24281[Hauptbahnhof Süd];2021-11-22T09:47:00.146Z
0.5562423;open;2021-11-22T09:45:00Z;450;359;0;809;809;24279[Konstabler];2021-11-22T09:47:00.146Z
0.943662;open;2021-11-22T09:45:00Z;402;24;0;426;426;18497[Hauptwache];2021-11-22T09:47:00.146Z
0.85588235;open;2021-11-22T09:45:00Z;582;98;0;680;680;18495[Am Gericht];2021-11-22T09:47:00.146Z
0.21566401;open;2021-11-22T09:45:00Z;190;691;70;951;881;109240[MyZeil];2021-11-22T09:47:00.146Z
0.5772871;open;2021-11-22T09:45:00Z;366;268;0;634;634;18494[Konrad-Adenauer-Straße];2021-11-22T09:47:00.146Z
0.99333334;open;2021-11-22T10:00:00Z;149;1;200;350;150;24276[Turmcenter];2021-11-22T10:02:00.464Z
0.55036855;open;2021-11-22T10:00:00Z;224;183;0;407;407;18944[Alte Oper];2021-11-22T10:02:00.464Z
0.41483516;open;2021-11-22T10:00:00Z;151;213;0;364;364;24281[Hauptbahnhof Süd];2021-11-22T10:02:00.464Z
0.57972807;open;2021-11-22T10:00:00Z;469;340;0;809;809;24279[Konstabler];2021-11-22T10:02:00.464Z
1;open;2021-11-22T10:00:00Z;426;0;0;426;426;18497[Hauptwache];2021-11-22T10:02:00.464Z
0.8779412;open;2021-11-22T10:00:00Z;597;83;0;680;680;18495[Am Gericht];2021-11-22T10:02:00.464Z
0.23382519;open;2021-11-22T10:00:00Z;206;675;70;951;881;109240[MyZeil];2021-11-22T10:02:00.464Z
0.5835962;open;2021-11-22T10:00:00Z;370;264;0;634;634;18494[Konrad-Adenauer-Straße];2021-11-22T10:02:00.464Z
1;open;2021-11-22T10:25:00Z;150;0;200;350;150;24276[Turmcenter];2021-11-22T10:27:01.384Z
0.57739556;open;2021-11-22T10:25:00Z;235;172;0;407;407;18944[Alte Oper];2021-11-22T10:27:01.384Z
0.40384614;open;2021-11-22T10:25:00Z;147;217;0;364;364;24281[Hauptbahnhof Süd];2021-11-22T10:27:01.384Z
0.6155748;open;2021-11-22T10:25:00Z;498;311;0;809;809;24279[Konstabler];2021-11-22T10:27:01.384Z
0.9882629;open;2021-11-22T10:25:00Z;421;5;0;426;426;18497[Hauptwache];2021-11-22T10:27:01.384Z
0.8882353;open;2021-11-22T10:25:00Z;604;76;0;680;680;18495[Am Gericht];2021-11-22T10:27:01.384Z
0.25425652;open;2021-11-22T10:25:00Z;224;657;70;951;881;109240[MyZeil];2021-11-22T10:27:01.384Z
0.5977918;open;2021-11-22T10:25:00Z;379;255;0;634;634;18494[Konrad-Adenauer-Straße];2021-11-22T10:27:01.384Z
1;open;2021-11-22T10:46:00Z;150;0;200;350;150;24276[Turmcenter];2021-11-22T10:47:01.574Z
0.5995086;open;2021-11-22T10:46:00Z;244;163;0;407;407;18944[Alte Oper];2021-11-22T10:47:01.574Z
0.41208792;open;2021-11-22T10:46:00Z;150;214;0;364;364;24281[Hauptbahnhof Süd];2021-11-22T10:47:01.574Z
0.6551298;open;2021-11-22T10:46:00Z;530;279;0;809;809;24279[Konstabler];2021-11-22T10:47:01.574Z
1;open;2021-11-22T10:46:00Z;426;0;0;426;426;18497[Hauptwache];2021-11-22T10:47:01.574Z
0.8897059;open;2021-11-22T10:46:00Z;605;75;0;680;680;18495[Am Gericht];2021-11-22T10:47:01.574Z
0.2508513;open;2021-11-22T10:46:00Z;221;660;70;951;881;109240[MyZeil];2021-11-22T10:47:01.574Z
0.61671925;open;2021-11-22T10:46:00Z;391;243;0;634;634;18494[Konrad-Adenauer-Straße];2021-11-22T10:47:01.574Z
1;open;2021-11-22T11:01:00Z;150;0;200;350;150;24276[Turmcenter];2021-11-22T11:02:00.942Z
0.5823096;open;2021-11-22T11:01:00Z;237;170;0;407;407;18944[Alte Oper];2021-11-22T11:02:00.942Z
0.40934065;open;2021-11-22T11:01:00Z;149;215;0;364;364;24281[Hauptbahnhof Süd];2021-11-22T11:02:00.942Z
0.6946848;open;2021-11-22T11:01:00Z;562;247;0;809;809;24279[Konstabler];2021-11-22T11:02:00.942Z
1;open;2021-11-22T11:01:00Z;426;0;0;426;426;18497[Hauptwache];2021-11-22T11:02:00.942Z
0.87058824;open;2021-11-22T11:01:00Z;592;88;0;680;680;18495[Am Gericht];2021-11-22T11:02:00.942Z
0.24517594;open;2021-11-22T11:01:00Z;216;665;70;951;881;109240[MyZeil];2021-11-22T11:02:00.942Z
0.6230284;open;2021-11-22T11:01:00Z;395;239;0;634;634;18494[Konrad-Adenauer-Straße];2021-11-22T11:02:00.942Z
1;open;2021-11-22T11:20:00Z;150;0;200;350;150;24276[Turmcenter];2021-11-22T11:22:01.612Z
0.5872236;open;2021-11-22T11:20:00Z;239;168;0;407;407;18944[Alte Oper];2021-11-22T11:22:01.612Z
0.38736263;open;2021-11-22T11:20:00Z;141;223;0;364;364;24281[Hauptbahnhof Süd];2021-11-22T11:22:01.612Z
0.6897404;open;2021-11-22T11:20:00Z;558;251;0;809;809;24279[Konstabler];2021-11-22T11:22:01.612Z
1;open;2021-11-22T11:20:00Z;426;0;0;426;426;18497[Hauptwache];2021-11-22T11:22:01.612Z
0.8485294;open;2021-11-22T11:20:00Z;577;103;0;680;680;18495[Am Gericht];2021-11-22T11:22:01.612Z
0.2599319;open;2021-11-22T11:20:00Z;229;652;70;951;881;109240[MyZeil];2021-11-22T11:22:01.612Z
0.6198738;open;2021-11-22T11:20:00Z;393;241;0;634;634;18494[Konrad-Adenauer-Straße];2021-11-22T11:22:01.612Z
1;open;2021-11-22T11:31:00Z;150;0;200;350;150;24276[Turmcenter];2021-11-22T11:32:01.188Z
0.6044226;open;2021-11-22T11:31:00Z;246;161;0;407;407;18944[Alte Oper];2021-11-22T11:32:01.188Z
0.39285713;open;2021-11-22T11:31:00Z;143;221;0;364;364;24281[Hauptbahnhof Süd];2021-11-22T11:32:01.188Z
0.6959209;open;2021-11-22T11:31:00Z;563;246;0;809;809;24279[Konstabler];2021-11-22T11:32:01.188Z
1;open;2021-11-22T11:31:00Z;426;0;0;426;426;18497[Hauptwache];2021-11-22T11:32:01.188Z
0.8602941;open;2021-11-22T11:31:00Z;585;95;0;680;680;18495[Am Gericht];2021-11-22T11:32:01.188Z
0.26560727;open;2021-11-22T11:31:00Z;234;647;70;951;881;109240[MyZeil];2021-11-22T11:32:01.188Z
0.6214511;open;2021-11-22T11:31:00Z;394;240;0;634;634;18494[Konrad-Adenauer-Straße];2021-11-22T11:32:01.188Z
1;open;2021-11-22T11:41:00Z;150;0;200;350;150;24276[Turmcenter];2021-11-22T11:42:02.325Z
0.6167076;open;2021-11-22T11:41:00Z;251;156;0;407;407;18944[Alte Oper];2021-11-22T11:42:02.325Z
0.39285713;open;2021-11-22T11:41:00Z;143;221;0;364;364;24281[Hauptbahnhof Süd];2021-11-22T11:42:02.325Z
0.71075404;open;2021-11-22T11:41:00Z;575;234;0;809;809;24279[Konstabler];2021-11-22T11:42:02.325Z
0.9976526;open;2021-11-22T11:41:00Z;425;1;0;426;426;18497[Hauptwache];2021-11-22T11:42:02.325Z
0.8632353;open;2021-11-22T11:41:00Z;587;93;0;680;680;18495[Am Gericht];2021-11-22T11:42:02.325Z
0.25312147;open;2021-11-22T11:41:00Z;223;658;70;951;881;109240[MyZeil];2021-11-22T11:42:02.325Z
0.61671925;open;2021-11-22T11:41:00Z;391;243;0;634;634;18494[Konrad-Adenauer-Straße];2021-11-22T11:42:02.325Z
1;open;2021-11-22T12:01:00Z;150;0;200;350;150;24276[Turmcenter];2021-11-22T12:02:02.302Z
0.6142506;open;2021-11-22T12:01:00Z;250;157;0;407;407;18944[Alte Oper];2021-11-22T12:02:02.302Z
0.38736263;open;2021-11-22T12:01:00Z;141;223;0;364;364;24281[Hauptbahnhof Süd];2021-11-22T12:02:02.302Z
0.7144623;open;2021-11-22T12:01:00Z;578;231;0;809;809;24279[Konstabler];2021-11-22T12:02:02.302Z
0.9953052;open;2021-11-22T12:01:00Z;424;2;0;426;426;18497[Hauptwache];2021-11-22T12:02:02.302Z
0.85;open;2021-11-22T12:01:00Z;578;102;0;680;680;18495[Am Gericht];2021-11-22T12:02:02.302Z
0.2508513;open;2021-11-22T12:01:00Z;221;660;70;951;881;109240[MyZeil];2021-11-22T12:02:02.302Z
0.60094637;open;2021-11-22T12:01:00Z;381;253;0;634;634;18494[Konrad-Adenauer-Straße];2021-11-22T12:02:02.302Z
0.97333336;open;2021-11-22T12:36:00Z;146;4;200;350;150;24276[Turmcenter];2021-11-22T12:37:00.222Z
0.6142506;open;2021-11-22T12:36:00Z;250;157;0;407;407;18944[Alte Oper];2021-11-22T12:37:00.222Z
0.39285713;open;2021-11-22T12:36:00Z;143;221;0;364;364;24281[Hauptbahnhof Süd];2021-11-22T12:37:00.222Z
0.69715697;open;2021-11-22T12:36:00Z;564;245;0;809;809;24279[Konstabler];2021-11-22T12:37:00.222Z
1;open;2021-11-22T12:36:00Z;426;0;0;426;426;18497[Hauptwache];2021-11-22T12:37:00.222Z
0.8220588;open;2021-11-22T12:36:00Z;559;121;0;680;680;18495[Am Gericht];2021-11-22T12:37:00.222Z
0.24744609;open;2021-11-22T12:36:00Z;218;663;70;951;881;109240[MyZeil];2021-11-22T12:37:00.222Z
0.6182965;open;2021-11-22T12:36:00Z;392;242;0;634;634;18494[Konrad-Adenauer-Straße];2021-11-22T12:37:00.222Z
1;open;2021-11-22T13:02:00Z;150;0;200;350;150;24276[Turmcenter];2021-11-22T13:07:00.533Z
0.5896806;open;2021-11-22T13:02:00Z;240;167;0;407;407;18944[Alte Oper];2021-11-22T13:07:00.533Z
0.37637362;open;2021-11-22T13:02:00Z;137;227;0;364;364;24281[Hauptbahnhof Süd];2021-11-22T13:07:00.533Z
0.70580965;open;2021-11-22T13:02:00Z;571;238;0;809;809;24279[Konstabler];2021-11-22T13:07:00.533Z
1;open;2021-11-22T13:02:00Z;426;0;0;426;426;18497[Hauptwache];2021-11-22T13:07:00.533Z
0.8102941;open;2021-11-22T13:02:00Z;551;129;0;680;680;18495[Am Gericht];2021-11-22T13:07:00.533Z
0.24631101;open;2021-11-22T13:02:00Z;217;664;70;951;881;109240[MyZeil];2021-11-22T13:07:00.533Z
0.6230284;open;2021-11-22T13:02:00Z;395;239;0;634;634;18494[Konrad-Adenauer-Straße];2021-11-22T13:07:00.533Z
1;open;2021-11-22T13:27:00Z;150;0;200;350;150;24276[Turmcenter];2021-11-22T13:32:02.027Z
0.57002455;open;2021-11-22T13:27:00Z;232;175;0;407;407;18944[Alte Oper];2021-11-22T13:32:02.027Z
0.3543956;open;2021-11-22T13:27:00Z;129;235;0;364;364;24281[Hauptbahnhof Süd];2021-11-22T13:32:02.027Z
0.71940666;open;2021-11-22T13:27:00Z;582;227;0;809;809;24279[Konstabler];2021-11-22T13:32:02.027Z
0.9976526;open;2021-11-22T13:27:00Z;425;1;0;426;426;18497[Hauptwache];2021-11-22T13:32:02.027Z
0.7735294;open;2021-11-22T13:27:00Z;526;154;0;680;680;18495[Am Gericht];2021-11-22T13:32:02.027Z
0.24517594;open;2021-11-22T13:27:00Z;216;665;70;951;881;109240[MyZeil];2021-11-22T13:32:02.027Z
0.6198738;open;2021-11-22T13:27:00Z;393;241;0;634;634;18494[Konrad-Adenauer-Straße];2021-11-22T13:32:02.027Z
1;open;2021-11-22T13:47:00Z;150;0;200;350;150;24276[Turmcenter];2021-11-22T13:52:00.152Z
0.54545456;open;2021-11-22T13:47:00Z;222;185;0;407;407;18944[Alte Oper];2021-11-22T13:52:00.152Z
0.35164836;open;2021-11-22T13:47:00Z;128;236;0;364;364;24281[Hauptbahnhof Süd];2021-11-22T13:52:00.152Z
0.7119901;open;2021-11-22T13:47:00Z;576;233;0;809;809;24279[Konstabler];2021-11-22T13:52:00.152Z
0.9906103;open;2021-11-22T13:47:00Z;422;4;0;426;426;18497[Hauptwache];2021-11-22T13:52:00.152Z
0.7676471;open;2021-11-22T13:47:00Z;522;158;0;680;680;18495[Am Gericht];2021-11-22T13:52:00.152Z
0.24971624;open;2021-11-22T13:47:00Z;220;661;70;951;881;109240[MyZeil];2021-11-22T13:52:00.152Z
0.61671925;open;2021-11-22T13:47:00Z;391;243;0;634;634;18494[Konrad-Adenauer-Straße];2021-11-22T13:52:00.152Z
1;open;2021-11-22T13:57:00Z;150;0;200;350;150;24276[Turmcenter];2021-11-22T14:02:02.605Z
0.55036855;open;2021-11-22T13:57:00Z;224;183;0;407;407;18944[Alte Oper];2021-11-22T14:02:02.605Z
0.35164836;open;2021-11-22T13:57:00Z;128;236;0;364;364;24281[Hauptbahnhof Süd];2021-11-22T14:02:02.605Z
0.7305315;open;2021-11-22T13:57:00Z;591;218;0;809;809;24279[Konstabler];2021-11-22T14:02:02.605Z
0.9624413;open;2021-11-22T13:57:00Z;410;16;0;426;426;18497[Hauptwache];2021-11-22T14:02:02.605Z
0.7705882;open;2021-11-22T13:57:00Z;524;156;0;680;680;18495[Am Gericht];2021-11-22T14:02:02.605Z
0.2429058;open;2021-11-22T13:57:00Z;214;667;70;951;881;109240[MyZeil];2021-11-22T14:02:02.605Z
0.61198735;open;2021-11-22T13:57:00Z;388;246;0;634;634;18494[Konrad-Adenauer-Straße];2021-11-22T14:02:02.605Z
0.96666664;open;2021-11-22T14:17:00Z;145;5;200;350;150;24276[Turmcenter];2021-11-22T14:22:02.649Z
0.53071254;open;2021-11-22T14:17:00Z;216;191;0;407;407;18944[Alte Oper];2021-11-22T14:22:02.649Z
0.32417583;open;2021-11-22T14:17:00Z;118;246;0;364;364;24281[Hauptbahnhof Süd];2021-11-22T14:22:02.649Z
0.73794806;open;2021-11-22T14:17:00Z;597;212;0;809;809;24279[Konstabler];2021-11-22T14:22:02.649Z
0.9507042;open;2021-11-22T14:17:00Z;405;21;0;426;426;18497[Hauptwache];2021-11-22T14:22:02.649Z
0.75441176;open;2021-11-22T14:17:00Z;513;167;0;680;680;18495[Am Gericht];2021-11-22T14:22:02.649Z
0.2429058;open;2021-11-22T14:17:00Z;214;667;70;951;881;109240[MyZeil];2021-11-22T14:22:02.649Z
0.59621453;open;2021-11-22T14:17:00Z;378;256;0;634;634;18494[Konrad-Adenauer-Straße];2021-11-22T14:22:02.649Z
0.96666664;open;2021-11-22T14:37:00Z;145;5;200;350;150;24276[Turmcenter];2021-11-22T14:42:01.371Z
0.5208845;open;2021-11-22T14:37:00Z;212;195;0;407;407;18944[Alte Oper];2021-11-22T14:42:01.371Z
0.2857143;open;2021-11-22T14:37:00Z;104;260;0;364;364;24281[Hauptbahnhof Süd];2021-11-22T14:42:01.371Z
0.7255871;open;2021-11-22T14:37:00Z;587;222;0;809;809;24279[Konstabler];2021-11-22T14:42:01.371Z
0.9413146;open;2021-11-22T14:37:00Z;401;25;0;426;426;18497[Hauptwache];2021-11-22T14:42:01.371Z
0.7323529;open;2021-11-22T14:37:00Z;498;182;0;680;680;18495[Am Gericht];2021-11-22T14:42:01.371Z
0.23155504;open;2021-11-22T14:37:00Z;204;677;70;951;881;109240[MyZeil];2021-11-22T14:42:01.371Z
0.58044165;open;2021-11-22T14:37:00Z;368;266;0;634;634;18494[Konrad-Adenauer-Straße];2021-11-22T14:42:01.371Z
0.94666666;open;2021-11-22T14:47:00Z;142;8;200;350;150;24276[Turmcenter];2021-11-22T14:52:00.655Z
0.5282555;open;2021-11-22T14:47:00Z;215;192;0;407;407;18944[Alte Oper];2021-11-22T14:52:00.655Z
0.2554945;open;2021-11-22T14:47:00Z;93;271;0;364;364;24281[Hauptbahnhof Süd];2021-11-22T14:52:00.655Z
0.7268232;open;2021-11-22T14:47:00Z;588;221;0;809;809;24279[Konstabler];2021-11-22T14:52:00.655Z
0.9507042;open;2021-11-22T14:47:00Z;405;21;0;426;426;18497[Hauptwache];2021-11-22T14:52:00.655Z
0.71911764;open;2021-11-22T14:47:00Z;489;191;0;680;680;18495[Am Gericht];2021-11-22T14:52:00.655Z
0.22247446;open;2021-11-22T14:47:00Z;196;685;70;951;881;109240[MyZeil];2021-11-22T14:52:00.655Z
0.57570976;open;2021-11-22T14:47:00Z;365;269;0;634;634;18494[Konrad-Adenauer-Straße];2021-11-22T14:52:00.655Z
0.96;open;2021-11-22T15:03:00Z;144;6;200;350;150;24276[Turmcenter];2021-11-22T15:07:02.102Z
0.4963145;open;2021-11-22T15:03:00Z;202;205;0;407;407;18944[Alte Oper];2021-11-22T15:07:02.102Z
0.2445055;open;2021-11-22T15:03:00Z;89;275;0;364;364;24281[Hauptbahnhof Süd];2021-11-22T15:07:02.102Z
0.71940666;open;2021-11-22T15:03:00Z;582;227;0;809;809;24279[Konstabler];2021-11-22T15:07:02.102Z
0.9577465;open;2021-11-22T15:03:00Z;408;18;0;426;426;18497[Hauptwache];2021-11-22T15:07:02.102Z
0.70441175;open;2021-11-22T15:03:00Z;479;201;0;680;680;18495[Am Gericht];2021-11-22T15:07:02.102Z
0.22814983;open;2021-11-22T15:03:00Z;201;680;70;951;881;109240[MyZeil];2021-11-22T15:07:02.102Z
0.56624603;open;2021-11-22T15:03:00Z;359;275;0;634;634;18494[Konrad-Adenauer-Straße];2021-11-22T15:07:02.102Z
0.93333334;open;2021-11-22T15:33:00Z;140;10;200;350;150;24276[Turmcenter];2021-11-22T15:37:02.883Z
0.45945945;open;2021-11-22T15:33:00Z;187;220;0;407;407;18944[Alte Oper];2021-11-22T15:37:02.883Z
0.20879121;open;2021-11-22T15:33:00Z;76;288;0;364;364;24281[Hauptbahnhof Süd];2021-11-22T15:37:02.883Z
0.6983931;open;2021-11-22T15:33:00Z;565;244;0;809;809;24279[Konstabler];2021-11-22T15:37:02.883Z
0.9835681;open;2021-11-22T15:33:00Z;419;7;0;426;426;18497[Hauptwache];2021-11-22T15:37:02.883Z
0.6544118;open;2021-11-22T15:33:00Z;445;235;0;680;680;18495[Am Gericht];2021-11-22T15:37:02.883Z
0.23155504;open;2021-11-22T15:33:00Z;204;677;70;951;881;109240[MyZeil];2021-11-22T15:37:02.883Z
0.5410095;open;2021-11-22T15:33:00Z;343;291;0;634;634;18494[Konrad-Adenauer-Straße];2021-11-22T15:37:02.883Z
0.9;open;2021-11-22T15:48:00Z;135;15;200;350;150;24276[Turmcenter];2021-11-22T15:52:00.680Z
0.45945945;open;2021-11-22T15:48:00Z;187;220;0;407;407;18944[Alte Oper];2021-11-22T15:52:00.680Z
0.19505495;open;2021-11-22T15:48:00Z;71;293;0;364;364;24281[Hauptbahnhof Süd];2021-11-22T15:52:00.680Z
0.6983931;open;2021-11-22T15:48:00Z;565;244;0;809;809;24279[Konstabler];2021-11-22T15:52:00.680Z
0.9600939;open;2021-11-22T15:48:00Z;409;17;0;426;426;18497[Hauptwache];2021-11-22T15:52:00.680Z
0.62941176;open;2021-11-22T15:48:00Z;428;252;0;680;680;18495[Am Gericht];2021-11-22T15:52:00.680Z
0.22247446;open;2021-11-22T15:48:00Z;196;685;70;951;881;109240[MyZeil];2021-11-22T15:52:00.680Z
0.5236593;open;2021-11-22T15:48:00Z;332;302;0;634;634;18494[Konrad-Adenauer-Straße];2021-11-22T15:52:00.680Z
0.87333333;open;2021-11-22T16:03:00Z;131;19;200;350;150;24276[Turmcenter];2021-11-22T16:07:02.120Z
0.44471744;open;2021-11-22T16:03:00Z;181;226;0;407;407;18944[Alte Oper];2021-11-22T16:07:02.120Z
0.17307693;open;2021-11-22T16:03:00Z;63;301;0;364;364;24281[Hauptbahnhof Süd];2021-11-22T16:07:02.120Z
0.68355995;open;2021-11-22T16:03:00Z;553;256;0;809;809;24279[Konstabler];2021-11-22T16:07:02.120Z
0.97183096;open;2021-11-22T16:03:00Z;414;12;0;426;426;18497[Hauptwache];2021-11-22T16:07:02.120Z
0.6;open;2021-11-22T16:03:00Z;408;272;0;680;680;18495[Am Gericht];2021-11-22T16:07:02.120Z
0.2122588;open;2021-11-22T16:03:00Z;187;694;70;951;881;109240[MyZeil];2021-11-22T16:07:02.120Z
0.5252366;open;2021-11-22T16:03:00Z;333;301;0;634;634;18494[Konrad-Adenauer-Straße];2021-11-22T16:07:02.120Z
0.76;open;2021-11-22T16:44:00Z;114;36;200;350;150;24276[Turmcenter];2021-11-22T16:47:01.655Z
0.44471744;open;2021-11-22T16:44:00Z;181;226;0;407;407;18944[Alte Oper];2021-11-22T16:47:01.655Z
0.12637363;open;2021-11-22T16:44:00Z;46;318;0;364;364;24281[Hauptbahnhof Süd];2021-11-22T16:47:01.655Z
0.64276886;open;2021-11-22T16:44:00Z;520;289;0;809;809;24279[Konstabler];2021-11-22T16:47:01.655Z
0.97887325;open;2021-11-22T16:44:00Z;417;9;0;426;426;18497[Hauptwache];2021-11-22T16:47:01.655Z
0.5779412;open;2021-11-22T16:44:00Z;393;287;0;680;680;18495[Am Gericht];2021-11-22T16:47:01.655Z
0.19523269;open;2021-11-22T16:44:00Z;172;709;70;951;881;109240[MyZeil];2021-11-22T16:47:01.655Z
0.51892745;open;2021-11-22T16:44:00Z;329;305;0;634;634;18494[Konrad-Adenauer-Straße];2021-11-22T16:47:01.655Z
0.6666667;open;2021-11-22T17:09:00Z;100;50;200;350;150;24276[Turmcenter];2021-11-22T17:12:01.594Z
0.43243244;open;2021-11-22T17:09:00Z;176;231;0;407;407;18944[Alte Oper];2021-11-22T17:12:01.594Z
0.12087912;open;2021-11-22T17:09:00Z;44;320;0;364;364;24281[Hauptbahnhof Süd];2021-11-22T17:12:01.594Z
0.62546355;open;2021-11-22T17:09:00Z;506;303;0;809;809;24279[Konstabler];2021-11-22T17:12:01.594Z
0.9366197;open;2021-11-22T17:09:00Z;399;27;0;426;426;18497[Hauptwache];2021-11-22T17:12:01.594Z
0.5647059;open;2021-11-22T17:09:00Z;384;296;0;680;680;18495[Am Gericht];2021-11-22T17:12:01.594Z
0.19977298;open;2021-11-22T17:09:00Z;176;705;70;951;881;109240[MyZeil];2021-11-22T17:12:01.594Z
0.511041;open;2021-11-22T17:09:00Z;324;310;0;634;634;18494[Konrad-Adenauer-Straße];2021-11-22T17:12:01.594Z
0.4;open;2021-11-22T17:39:00Z;80;120;150;350;200;24276[Turmcenter];2021-11-22T17:42:00.468Z
0.45700246;open;2021-11-22T17:39:00Z;186;221;0;407;407;18944[Alte Oper];2021-11-22T17:42:00.468Z
0.0989011;open;2021-11-22T17:39:00Z;36;328;0;364;364;24281[Hauptbahnhof Süd];2021-11-22T17:42:00.468Z
0.62546355;open;2021-11-22T17:39:00Z;506;303;0;809;809;24279[Konstabler];2021-11-22T17:42:00.468Z
0.9342723;open;2021-11-22T17:39:00Z;398;28;0;426;426;18497[Hauptwache];2021-11-22T17:42:00.468Z
0.53088236;open;2021-11-22T17:39:00Z;361;319;0;680;680;18495[Am Gericht];2021-11-22T17:42:00.468Z
0.19636777;open;2021-11-22T17:39:00Z;173;708;70;951;881;109240[MyZeil];2021-11-22T17:42:00.468Z
0.51735014;open;2021-11-22T17:39:00Z;328;306;0;634;634;18494[Konrad-Adenauer-Straße];2021-11-22T17:42:00.468Z
0.385;open;2021-11-22T17:55:00Z;77;123;150;350;200;24276[Turmcenter];2021-11-22T17:57:02.616Z
0.46928746;open;2021-11-22T17:55:00Z;191;216;0;407;407;18944[Alte Oper];2021-11-22T17:57:02.616Z
0.07967033;open;2021-11-22T17:55:00Z;29;335;0;364;364;24281[Hauptbahnhof Süd];2021-11-22T17:57:02.616Z
0.6118665;open;2021-11-22T17:55:00Z;495;314;0;809;809;24279[Konstabler];2021-11-22T17:57:02.616Z
0.91784036;open;2021-11-22T17:55:00Z;391;35;0;426;426;18497[Hauptwache];2021-11-22T17:57:02.616Z
0.5235294;open;2021-11-22T17:55:00Z;356;324;0;680;680;18495[Am Gericht];2021-11-22T17:57:02.616Z
0.19409762;open;2021-11-22T17:55:00Z;171;710;70;951;881;109240[MyZeil];2021-11-22T17:57:02.616Z
0.5236593;open;2021-11-22T17:55:00Z;332;302;0;634;634;18494[Konrad-Adenauer-Straße];2021-11-22T17:57:02.616Z
0.41;open;2021-11-22T18:35:00Z;82;118;150;350;200;24276[Turmcenter];2021-11-22T18:37:01.522Z
0.5601966;open;2021-11-22T18:35:00Z;228;179;0;407;407;18944[Alte Oper];2021-11-22T18:37:01.522Z
0.057692308;open;2021-11-22T18:35:00Z;21;343;0;364;364;24281[Hauptbahnhof Süd];2021-11-22T18:37:01.522Z
0.5723115;open;2021-11-22T18:35:00Z;463;346;0;809;809;24279[Konstabler];2021-11-22T18:37:01.522Z
0.8967136;open;2021-11-22T18:35:00Z;382;44;0;426;426;18497[Hauptwache];2021-11-22T18:37:01.522Z
0.49264705;open;2021-11-22T18:35:00Z;335;345;0;680;680;18495[Am Gericht];2021-11-22T18:37:01.522Z
0.18388195;open;2021-11-22T18:35:00Z;162;719;70;951;881;109240[MyZeil];2021-11-22T18:37:01.522Z
0.50157726;open;2021-11-22T18:35:00Z;318;316;0;634;634;18494[Konrad-Adenauer-Straße];2021-11-22T18:37:01.522Z
0.41;open;2021-11-22T18:56:00Z;82;118;150;350;200;24276[Turmcenter];2021-11-22T18:57:00.996Z
0.53562653;open;2021-11-22T18:56:00Z;218;189;0;407;407;18944[Alte Oper];2021-11-22T18:57:00.996Z
0.054945055;open;2021-11-22T18:56:00Z;20;344;0;364;364;24281[Hauptbahnhof Süd];2021-11-22T18:57:00.996Z
0.55377007;open;2021-11-22T18:56:00Z;448;361;0;809;809;24279[Konstabler];2021-11-22T18:57:00.996Z
0.8450704;open;2021-11-22T18:56:00Z;360;66;0;426;426;18497[Hauptwache];2021-11-22T18:57:00.996Z
0.48382354;open;2021-11-22T18:56:00Z;329;351;0;680;680;18495[Am Gericht];2021-11-22T18:57:00.996Z
0.18047673;open;2021-11-22T18:56:00Z;159;722;70;951;881;109240[MyZeil];2021-11-22T18:57:00.996Z
0.50157726;open;2021-11-22T18:56:00Z;318;316;0;634;634;18494[Konrad-Adenauer-Straße];2021-11-22T18:57:00.996Z
0.345;open;2021-11-22T19:26:00Z;69;131;150;350;200;24276[Turmcenter];2021-11-22T19:27:02.467Z
0.5184275;open;2021-11-22T19:26:00Z;211;196;0;407;407;18944[Alte Oper];2021-11-22T19:27:02.467Z
0.052197803;open;2021-11-22T19:26:00Z;19;345;0;364;364;24281[Hauptbahnhof Süd];2021-11-22T19:27:02.467Z
0.47836834;open;2021-11-22T19:26:00Z;387;422;0;809;809;24279[Konstabler];2021-11-22T19:27:02.467Z
0.7746479;open;2021-11-22T19:26:00Z;330;96;0;426;426;18497[Hauptwache];2021-11-22T19:27:02.467Z
0.4617647;open;2021-11-22T19:26:00Z;314;366;0;680;680;18495[Am Gericht];2021-11-22T19:27:02.467Z
0.16685584;open;2021-11-22T19:26:00Z;147;734;70;951;881;109240[MyZeil];2021-11-22T19:27:02.467Z
0.48895898;open;2021-11-22T19:26:00Z;310;324;0;634;634;18494[Konrad-Adenauer-Straße];2021-11-22T19:27:02.467Z
0.345;open;2021-11-22T19:31:00Z;69;131;150;350;200;24276[Turmcenter];2021-11-22T19:32:02.895Z
0.5110565;open;2021-11-22T19:31:00Z;208;199;0;407;407;18944[Alte Oper];2021-11-22T19:32:02.895Z
0.052197803;open;2021-11-22T19:31:00Z;19;345;0;364;364;24281[Hauptbahnhof Süd];2021-11-22T19:32:02.895Z
0.46971568;open;2021-11-22T19:31:00Z;380;429;0;809;809;24279[Konstabler];2021-11-22T19:32:02.895Z
0.76760566;open;2021-11-22T19:31:00Z;327;99;0;426;426;18497[Hauptwache];2021-11-22T19:32:02.895Z
0.45588234;open;2021-11-22T19:31:00Z;310;370;0;680;680;18495[Am Gericht];2021-11-22T19:32:02.895Z
0.49211356;open;2021-11-22T19:31:00Z;312;322;0;634;634;18494[Konrad-Adenauer-Straße];2021-11-22T19:32:02.895Z
0.355;open;2021-11-22T19:41:00Z;71;129;150;350;200;24276[Turmcenter];2021-11-22T19:42:01.728Z
0.4963145;open;2021-11-22T19:41:00Z;202;205;0;407;407;18944[Alte Oper];2021-11-22T19:42:01.728Z
0.04945055;open;2021-11-22T19:41:00Z;18;346;0;364;364;24281[Hauptbahnhof Süd];2021-11-22T19:42:01.728Z
0.45488256;open;2021-11-22T19:41:00Z;368;441;0;809;809;24279[Konstabler];2021-11-22T19:42:01.728Z
0.74413145;open;2021-11-22T19:41:00Z;317;109;0;426;426;18497[Hauptwache];2021-11-22T19:42:01.728Z
0.45294118;open;2021-11-22T19:41:00Z;308;372;0;680;680;18495[Am Gericht];2021-11-22T19:42:01.728Z
0.16345063;open;2021-11-22T19:41:00Z;144;737;70;951;881;109240[MyZeil];2021-11-22T19:42:01.728Z
0.4858044;open;2021-11-22T19:41:00Z;308;326;0;634;634;18494[Konrad-Adenauer-Straße];2021-11-22T19:42:01.728Z
0.33;open;2021-11-22T20:01:00Z;66;134;150;350;200;24276[Turmcenter];2021-11-22T20:02:01.147Z
0.46191648;open;2021-11-22T20:01:00Z;188;219;0;407;407;18944[Alte Oper];2021-11-22T20:02:01.147Z
0.043956045;open;2021-11-22T20:01:00Z;16;348;0;364;364;24281[Hauptbahnhof Süd];2021-11-22T20:02:01.147Z
0.42027193;open;2021-11-22T20:01:00Z;340;469;0;809;809;24279[Konstabler];2021-11-22T20:02:01.147Z
0.69483566;open;2021-11-22T20:01:00Z;296;130;0;426;426;18497[Hauptwache];2021-11-22T20:02:01.147Z
0.44558823;open;2021-11-22T20:01:00Z;303;377;0;680;680;18495[Am Gericht];2021-11-22T20:02:01.147Z
0.14869466;open;2021-11-22T20:01:00Z;131;750;70;951;881;109240[MyZeil];2021-11-22T20:02:01.147Z
0.46845427;open;2021-11-22T20:01:00Z;297;337;0;634;634;18494[Konrad-Adenauer-Straße];2021-11-22T20:02:01.147Z
0.325;open;2021-11-22T20:22:00Z;65;135;150;350;200;24276[Turmcenter];2021-11-22T20:27:01.625Z
0.44471744;open;2021-11-22T20:22:00Z;181;226;0;407;407;18944[Alte Oper];2021-11-22T20:27:01.625Z
0.043956045;open;2021-11-22T20:22:00Z;16;348;0;364;364;24281[Hauptbahnhof Süd];2021-11-22T20:27:01.625Z
0.37453645;open;2021-11-22T20:22:00Z;303;506;0;809;809;24279[Konstabler];2021-11-22T20:27:01.625Z
0.6032864;open;2021-11-22T20:22:00Z;257;169;0;426;426;18497[Hauptwache];2021-11-22T20:27:01.625Z
0.43970588;open;2021-11-22T20:22:00Z;299;381;0;680;680;18495[Am Gericht];2021-11-22T20:27:01.625Z
0.13053349;open;2021-11-22T20:22:00Z;115;766;70;951;881;109240[MyZeil];2021-11-22T20:27:01.625Z
0.45425868;open;2021-11-22T20:22:00Z;288;346;0;634;634;18494[Konrad-Adenauer-Straße];2021-11-22T20:27:01.625Z
0.33;open;2021-11-22T20:37:00Z;66;134;150;350;200;24276[Turmcenter];2021-11-22T20:42:02.502Z
0.4226044;open;2021-11-22T20:37:00Z;172;235;0;407;407;18944[Alte Oper];2021-11-22T20:42:02.502Z
0.041208792;open;2021-11-22T20:37:00Z;15;349;0;364;364;24281[Hauptbahnhof Süd];2021-11-22T20:42:02.502Z
0.34857848;open;2021-11-22T20:37:00Z;282;527;0;809;809;24279[Konstabler];2021-11-22T20:42:02.502Z
0.57746476;open;2021-11-22T20:37:00Z;246;180;0;426;426;18497[Hauptwache];2021-11-22T20:42:02.502Z
0.43970588;open;2021-11-22T20:37:00Z;299;381;0;680;680;18495[Am Gericht];2021-11-22T20:42:02.502Z
0.123723045;open;2021-11-22T20:37:00Z;109;772;70;951;881;109240[MyZeil];2021-11-22T20:42:02.502Z
0.44479495;open;2021-11-22T20:37:00Z;282;352;0;634;634;18494[Konrad-Adenauer-Straße];2021-11-22T20:42:02.502Z
0.32;open;2021-11-22T20:47:00Z;64;136;150;350;200;24276[Turmcenter];2021-11-22T20:52:02.394Z
0.41031942;open;2021-11-22T20:47:00Z;167;240;0;407;407;18944[Alte Oper];2021-11-22T20:52:02.394Z
0.041208792;open;2021-11-22T20:47:00Z;15;349;0;364;364;24281[Hauptbahnhof Süd];2021-11-22T20:52:02.394Z
0.3473424;open;2021-11-22T20:47:00Z;281;528;0;809;809;24279[Konstabler];2021-11-22T20:52:02.394Z
0.5586854;open;2021-11-22T20:47:00Z;238;188;0;426;426;18497[Hauptwache];2021-11-22T20:52:02.394Z
0.43970588;open;2021-11-22T20:47:00Z;299;381;0;680;680;18495[Am Gericht];2021-11-22T20:52:02.394Z
0.11918275;open;2021-11-22T20:47:00Z;105;776;70;951;881;109240[MyZeil];2021-11-22T20:52:02.394Z
0.4369085;open;2021-11-22T20:47:00Z;277;357;0;634;634;18494[Konrad-Adenauer-Straße];2021-11-22T20:52:02.394Z
0.3;open;2021-11-22T21:12:00Z;60;140;150;350;200;24276[Turmcenter];2021-11-22T21:17:01.770Z
0.25061426;open;2021-11-22T21:12:00Z;102;305;0;407;407;18944[Alte Oper];2021-11-22T21:17:01.770Z
0.03846154;open;2021-11-22T21:12:00Z;14;350;0;364;364;24281[Hauptbahnhof Süd];2021-11-22T21:17:01.770Z
0.3263288;open;2021-11-22T21:12:00Z;264;545;0;809;809;24279[Konstabler];2021-11-22T21:17:01.770Z
0.52112675;open;2021-11-22T21:12:00Z;222;204;0;426;426;18497[Hauptwache];2021-11-22T21:17:01.770Z
0.43823528;open;2021-11-22T21:12:00Z;298;382;0;680;680;18495[Am Gericht];2021-11-22T21:17:01.770Z
0.113507375;open;2021-11-22T21:12:00Z;100;781;70;951;881;109240[MyZeil];2021-11-22T21:17:01.770Z
0.4274448;open;2021-11-22T21:12:00Z;271;363;0;634;634;18494[Konrad-Adenauer-Straße];2021-11-22T21:17:01.770Z
0.255;open;2021-11-22T21:32:00Z;51;149;150;350;200;24276[Turmcenter];2021-11-22T21:37:01.663Z
0.17444718;open;2021-11-22T21:32:00Z;71;336;0;407;407;18944[Alte Oper];2021-11-22T21:37:01.663Z
0.03846154;open;2021-11-22T21:32:00Z;14;350;0;364;364;24281[Hauptbahnhof Süd];2021-11-22T21:37:01.663Z
0.31396785;open;2021-11-22T21:32:00Z;254;555;0;809;809;24279[Konstabler];2021-11-22T21:37:01.663Z
0.5140845;open;2021-11-22T21:32:00Z;219;207;0;426;426;18497[Hauptwache];2021-11-22T21:37:01.663Z
0.43529412;open;2021-11-22T21:32:00Z;296;384;0;680;680;18495[Am Gericht];2021-11-22T21:37:01.663Z
0.10442679;open;2021-11-22T21:32:00Z;92;789;70;951;881;109240[MyZeil];2021-11-22T21:37:01.663Z
0.4164038;open;2021-11-22T21:32:00Z;264;370;0;634;634;18494[Konrad-Adenauer-Straße];2021-11-22T21:37:01.663Z
0.25;open;2021-11-22T21:48:00Z;50;150;150;350;200;24276[Turmcenter];2021-11-22T21:52:00.450Z
0.16953316;open;2021-11-22T21:48:00Z;69;338;0;407;407;18944[Alte Oper];2021-11-22T21:52:00.450Z
0.03846154;open;2021-11-22T21:48:00Z;14;350;0;364;364;24281[Hauptbahnhof Süd];2021-11-22T21:52:00.450Z
0.31025958;open;2021-11-22T21:48:00Z;251;558;0;809;809;24279[Konstabler];2021-11-22T21:52:00.450Z
0.5070422;open;2021-11-22T21:48:00Z;216;210;0;426;426;18497[Hauptwache];2021-11-22T21:52:00.450Z
0.43088236;open;2021-11-22T21:48:00Z;293;387;0;680;680;18495[Am Gericht];2021-11-22T21:52:00.450Z
0.101021565;open;2021-11-22T21:48:00Z;89;792;70;951;881;109240[MyZeil];2021-11-22T21:52:00.450Z
0.41324922;open;2021-11-22T21:48:00Z;262;372;0;634;634;18494[Konrad-Adenauer-Straße];2021-11-22T21:52:00.450Z
0.22;open;2021-11-22T21:58:00Z;44;156;150;350;200;24276[Turmcenter];2021-11-22T22:02:02.540Z
0.14987715;open;2021-11-22T21:58:00Z;61;346;0;407;407;18944[Alte Oper];2021-11-22T22:02:02.540Z
0.03846154;open;2021-11-22T21:58:00Z;14;350;0;364;364;24281[Hauptbahnhof Süd];2021-11-22T22:02:02.540Z
0.30407912;open;2021-11-22T21:58:00Z;246;563;0;809;809;24279[Konstabler];2021-11-22T22:02:02.540Z
0.5;open;2021-11-22T21:58:00Z;213;213;0;426;426;18497[Hauptwache];2021-11-22T22:02:02.540Z
0.43235293;open;2021-11-22T21:58:00Z;294;386;0;680;680;18495[Am Gericht];2021-11-22T22:02:02.540Z
0.09648127;open;2021-11-22T21:58:00Z;85;796;70;951;881;109240[MyZeil];2021-11-22T22:02:02.540Z
0.40536278;open;2021-11-22T21:58:00Z;257;377;0;634;634;18494[Konrad-Adenauer-Straße];2021-11-22T22:02:02.540Z
0.19;open;2021-11-22T22:24:00Z;38;162;150;350;200;24276[Turmcenter];2021-11-22T22:27:00.214Z
0.14496315;open;2021-11-22T22:24:00Z;59;348;0;407;407;18944[Alte Oper];2021-11-22T22:27:00.214Z
0.035714287;open;2021-11-22T22:24:00Z;13;351;0;364;364;24281[Hauptbahnhof Süd];2021-11-22T22:27:00.214Z
0.2867738;open;2021-11-22T22:24:00Z;232;577;0;809;809;24279[Konstabler];2021-11-22T22:27:00.214Z
0.49061033;open;2021-11-22T22:24:00Z;209;217;0;426;426;18497[Hauptwache];2021-11-22T22:27:00.214Z
0.43088236;open;2021-11-22T22:24:00Z;293;387;0;680;680;18495[Am Gericht];2021-11-22T22:27:00.214Z
0.39905363;open;2021-11-22T22:24:00Z;253;381;0;634;634;18494[Konrad-Adenauer-Straße];2021-11-22T22:27:00.214Z
0.18;open;2021-11-22T22:40:00Z;36;164;150;350;200;24276[Turmcenter];2021-11-22T22:42:02.335Z
0.13759214;open;2021-11-22T22:40:00Z;56;351;0;407;407;18944[Alte Oper];2021-11-22T22:42:02.335Z
0.03846154;open;2021-11-22T22:40:00Z;14;350;0;364;364;24281[Hauptbahnhof Süd];2021-11-22T22:42:02.335Z
0.27935722;open;2021-11-22T22:40:00Z;226;583;0;809;809;24279[Konstabler];2021-11-22T22:42:02.335Z
0.48826292;open;2021-11-22T22:40:00Z;208;218;0;426;426;18497[Hauptwache];2021-11-22T22:42:02.335Z
0.43088236;open;2021-11-22T22:40:00Z;293;387;0;680;680;18495[Am Gericht];2021-11-22T22:42:02.335Z
0.088535756;open;2021-11-22T22:40:00Z;78;803;70;951;881;109240[MyZeil];2021-11-22T22:42:02.335Z
0.40063092;open;2021-11-22T22:40:00Z;254;380;0;634;634;18494[Konrad-Adenauer-Straße];2021-11-22T22:42:02.335Z
0.165;open;2021-11-22T22:55:00Z;33;167;150;350;200;24276[Turmcenter];2021-11-22T22:57:01.872Z
0.13267814;open;2021-11-22T22:55:00Z;54;353;0;407;407;18944[Alte Oper];2021-11-22T22:57:01.872Z
0.035714287;open;2021-11-22T22:55:00Z;13;351;0;364;364;24281[Hauptbahnhof Süd];2021-11-22T22:57:01.872Z
0.27564895;open;2021-11-22T22:55:00Z;223;586;0;809;809;24279[Konstabler];2021-11-22T22:57:01.872Z
0.48591548;open;2021-11-22T22:55:00Z;207;219;0;426;426;18497[Hauptwache];2021-11-22T22:57:01.872Z
0.42941177;open;2021-11-22T22:55:00Z;292;388;0;680;680;18495[Am Gericht];2021-11-22T22:57:01.872Z
0.088535756;open;2021-11-22T22:55:00Z;78;803;70;951;881;109240[MyZeil];2021-11-22T22:57:01.872Z
0.40063092;open;2021-11-22T22:55:00Z;254;380;0;634;634;18494[Konrad-Adenauer-Straße];2021-11-22T22:57:01.872Z
0.16;open;2021-11-22T23:20:00Z;32;168;150;350;200;24276[Turmcenter];2021-11-22T23:22:01.323Z
0.12039312;open;2021-11-22T23:20:00Z;49;358;0;407;407;18944[Alte Oper];2021-11-22T23:22:01.323Z
0.035714287;open;2021-11-22T23:20:00Z;13;351;0;364;364;24281[Hauptbahnhof Süd];2021-11-22T23:22:01.323Z
0.27070457;open;2021-11-22T23:20:00Z;219;590;0;809;809;24279[Konstabler];2021-11-22T23:22:01.323Z
0.47887325;open;2021-11-22T23:20:00Z;204;222;0;426;426;18497[Hauptwache];2021-11-22T23:22:01.323Z
0;closed;2021-11-22T23:20:00Z;;388;0;0;0;18495[Am Gericht];2021-11-22T23:22:01.323Z
0.08740068;open;2021-11-22T23:20:00Z;77;804;70;951;881;109240[MyZeil];2021-11-22T23:22:01.323Z
0.3895899;open;2021-11-22T23:20:00Z;247;387;0;634;634;18494[Konrad-Adenauer-Straße];2021-11-22T23:22:01.323Z
0.155;open;2021-11-22T23:36:00Z;31;169;150;350;200;24276[Turmcenter];2021-11-22T23:37:01.566Z
0.12039312;open;2021-11-22T23:36:00Z;49;358;0;407;407;18944[Alte Oper];2021-11-22T23:37:01.566Z
0.035714287;open;2021-11-22T23:36:00Z;13;351;0;364;364;24281[Hauptbahnhof Süd];2021-11-22T23:37:01.566Z
0.27194068;open;2021-11-22T23:36:00Z;220;589;0;809;809;24279[Konstabler];2021-11-22T23:37:01.566Z
0.48122066;open;2021-11-22T23:36:00Z;205;221;0;426;426;18497[Hauptwache];2021-11-22T23:37:01.566Z
0;closed;2021-11-22T23:36:00Z;;388;0;0;0;18495[Am Gericht];2021-11-22T23:37:01.566Z
0.08626561;open;2021-11-22T23:36:00Z;76;805;70;951;881;109240[MyZeil];2021-11-22T23:37:01.566Z
0.38643533;open;2021-11-22T23:36:00Z;245;389;0;634;634;18494[Konrad-Adenauer-Straße];2021-11-22T23:37:01.566Z
0.155;open;2021-11-22T23:46:00Z;31;169;150;350;200;24276[Turmcenter];2021-11-22T23:47:01.990Z
0.12039312;open;2021-11-22T23:46:00Z;49;358;0;407;407;18944[Alte Oper];2021-11-22T23:47:01.990Z
0.035714287;open;2021-11-22T23:46:00Z;13;351;0;364;364;24281[Hauptbahnhof Süd];2021-11-22T23:47:01.990Z
0.27070457;open;2021-11-22T23:46:00Z;219;590;0;809;809;24279[Konstabler];2021-11-22T23:47:01.990Z
0.47887325;open;2021-11-22T23:46:00Z;204;222;0;426;426;18497[Hauptwache];2021-11-22T23:47:01.990Z
0;closed;2021-11-22T23:46:00Z;;388;0;0;0;18495[Am Gericht];2021-11-22T23:47:01.990Z
0.085130535;open;2021-11-22T23:46:00Z;75;806;70;951;881;109240[MyZeil];2021-11-22T23:47:01.990Z
0.38643533;open;2021-11-22T23:46:00Z;245;389;0;634;634;18494[Konrad-Adenauer-Straße];2021-11-22T23:47:01.990Z
0.155;open;2021-11-22T23:56:00Z;31;169;150;350;200;24276[Turmcenter];2021-11-22T23:57:02.079Z
0.12039312;open;2021-11-22T23:56:00Z;49;358;0;407;407;18944[Alte Oper];2021-11-22T23:57:02.079Z
0.035714287;open;2021-11-22T23:56:00Z;13;351;0;364;364;24281[Hauptbahnhof Süd];2021-11-22T23:57:02.079Z
0.27070457;open;2021-11-22T23:56:00Z;219;590;0;809;809;24279[Konstabler];2021-11-22T23:57:02.079Z
0.47887325;open;2021-11-22T23:56:00Z;204;222;0;426;426;18497[Hauptwache];2021-11-22T23:57:02.079Z
0;closed;2021-11-22T23:56:00Z;;388;0;0;0;18495[Am Gericht];2021-11-22T23:57:02.079Z
0.085130535;open;2021-11-22T23:56:00Z;75;806;70;951;881;109240[MyZeil];2021-11-22T23:57:02.079Z
0.38801262;open;2021-11-22T23:56:00Z;246;388;0;634;634;18494[Konrad-Adenauer-Straße];2021-11-22T23:57:02.079Z
0.155;open;2021-11-23T01:08:00Z;31;169;150;350;200;24276[Turmcenter];2021-11-23T01:12:00.710Z
0.11547912;open;2021-11-23T01:08:00Z;47;360;0;407;407;18944[Alte Oper];2021-11-23T01:12:00.710Z
0.035714287;open;2021-11-23T01:08:00Z;13;351;0;364;364;24281[Hauptbahnhof Süd];2021-11-23T01:12:00.710Z
0.2669963;open;2021-11-23T01:08:00Z;216;593;0;809;809;24279[Konstabler];2021-11-23T01:12:00.710Z
0.47887325;open;2021-11-23T01:08:00Z;204;222;0;426;426;18497[Hauptwache];2021-11-23T01:12:00.710Z
0;closed;2021-11-23T01:08:00Z;;388;0;0;0;18495[Am Gericht];2021-11-23T01:12:00.710Z
0.38328075;open;2021-11-23T01:08:00Z;243;391;0;634;634;18494[Konrad-Adenauer-Straße];2021-11-23T01:12:00.710Z
0.155;open;2021-11-23T02:08:00Z;31;169;150;350;200;24276[Turmcenter];2021-11-23T02:12:00.133Z
0.11302211;open;2021-11-23T02:08:00Z;46;361;0;407;407;18944[Alte Oper];2021-11-23T02:12:00.133Z
0.035714287;open;2021-11-23T02:08:00Z;13;351;0;364;364;24281[Hauptbahnhof Süd];2021-11-23T02:12:00.133Z
0.26328802;open;2021-11-23T02:08:00Z;213;596;0;809;809;24279[Konstabler];2021-11-23T02:12:00.133Z
0.47887325;open;2021-11-23T02:08:00Z;204;222;0;426;426;18497[Hauptwache];2021-11-23T02:12:00.133Z
0;closed;2021-11-23T02:08:00Z;;388;0;0;0;18495[Am Gericht];2021-11-23T02:12:00.133Z
0.085130535;open;2021-11-23T02:08:00Z;75;806;70;951;881;109240[MyZeil];2021-11-23T02:12:00.133Z
0.38643533;open;2021-11-23T02:08:00Z;245;389;0;634;634;18494[Konrad-Adenauer-Straße];2021-11-23T02:12:00.133Z
0.155;open;2021-11-23T02:39:00Z;31;169;150;350;200;24276[Turmcenter];2021-11-23T02:42:00.104Z
0.11302211;open;2021-11-23T02:39:00Z;46;361;0;407;407;18944[Alte Oper];2021-11-23T02:42:00.104Z
0.032967035;open;2021-11-23T02:39:00Z;12;352;0;364;364;24281[Hauptbahnhof Süd];2021-11-23T02:42:00.104Z
0.26328802;open;2021-11-23T02:39:00Z;213;596;0;809;809;24279[Konstabler];2021-11-23T02:42:00.104Z
0.47887325;open;2021-11-23T02:39:00Z;204;222;0;426;426;18497[Hauptwache];2021-11-23T02:42:00.104Z
0;closed;2021-11-23T02:39:00Z;;388;0;0;0;18495[Am Gericht];2021-11-23T02:42:00.104Z
0.3911672;open;2021-11-23T02:39:00Z;248;386;0;634;634;18494[Konrad-Adenauer-Straße];2021-11-23T02:42:00.104Z
0.155;open;2021-11-23T02:54:00Z;31;169;150;350;200;24276[Turmcenter];2021-11-23T02:57:02.588Z
0.11302211;open;2021-11-23T02:54:00Z;46;361;0;407;407;18944[Alte Oper];2021-11-23T02:57:02.588Z
0.032967035;open;2021-11-23T02:54:00Z;12;352;0;364;364;24281[Hauptbahnhof Süd];2021-11-23T02:57:02.588Z
0.26328802;open;2021-11-23T02:54:00Z;213;596;0;809;809;24279[Konstabler];2021-11-23T02:57:02.588Z
0.47887325;open;2021-11-23T02:54:00Z;204;222;0;426;426;18497[Hauptwache];2021-11-23T02:57:02.588Z
0;closed;2021-11-23T02:54:00Z;;388;0;0;0;18495[Am Gericht];2021-11-23T02:57:02.588Z
0.085130535;open;2021-11-23T02:54:00Z;75;806;70;951;881;109240[MyZeil];2021-11-23T02:57:02.588Z
0.3911672;open;2021-11-23T02:54:00Z;248;386;0;634;634;18494[Konrad-Adenauer-Straße];2021-11-23T02:57:02.588Z
0.155;open;2021-11-23T03:19:00Z;31;169;150;350;200;24276[Turmcenter];2021-11-23T03:22:00.265Z
0.11302211;open;2021-11-23T03:19:00Z;46;361;0;407;407;18944[Alte Oper];2021-11-23T03:22:00.265Z
0.032967035;open;2021-11-23T03:19:00Z;12;352;0;364;364;24281[Hauptbahnhof Süd];2021-11-23T03:22:00.265Z
0.26328802;open;2021-11-23T03:19:00Z;213;596;0;809;809;24279[Konstabler];2021-11-23T03:22:00.265Z
0.47887325;open;2021-11-23T03:19:00Z;204;222;0;426;426;18497[Hauptwache];2021-11-23T03:22:00.265Z
0;closed;2021-11-23T03:19:00Z;;;0;0;0;18495[Am Gericht];2021-11-23T03:22:00.265Z
0.085130535;open;2021-11-23T03:19:00Z;75;806;70;951;881;109240[MyZeil];2021-11-23T03:22:00.265Z
0.39589906;open;2021-11-23T03:19:00Z;251;383;0;634;634;18494[Konrad-Adenauer-Straße];2021-11-23T03:22:00.265Z
0.155;open;2021-11-23T03:39:00Z;31;169;150;350;200;24276[Turmcenter];2021-11-23T03:42:02.925Z
0.11302211;open;2021-11-23T03:39:00Z;46;361;0;407;407;18944[Alte Oper];2021-11-23T03:42:02.925Z
0.032967035;open;2021-11-23T03:39:00Z;12;352;0;364;364;24281[Hauptbahnhof Süd];2021-11-23T03:42:02.925Z
0.2645241;open;2021-11-23T03:39:00Z;214;595;0;809;809;24279[Konstabler];2021-11-23T03:42:02.925Z
0.47887325;open;2021-11-23T03:39:00Z;204;222;0;426;426;18497[Hauptwache];2021-11-23T03:42:02.925Z
0;closed;2021-11-23T03:39:00Z;;;0;0;0;18495[Am Gericht];2021-11-23T03:42:02.925Z
0.085130535;open;2021-11-23T03:39:00Z;75;806;70;951;881;109240[MyZeil];2021-11-23T03:42:02.925Z
0.39589906;open;2021-11-23T03:39:00Z;251;383;0;634;634;18494[Konrad-Adenauer-Straße];2021-11-23T03:42:02.925Z
0.155;open;2021-11-23T03:49:00Z;31;169;150;350;200;24276[Turmcenter];2021-11-23T03:52:00.862Z
0.11302211;open;2021-11-23T03:49:00Z;46;361;0;407;407;18944[Alte Oper];2021-11-23T03:52:00.862Z
0.032967035;open;2021-11-23T03:49:00Z;12;352;0;364;364;24281[Hauptbahnhof Süd];2021-11-23T03:52:00.862Z
0.2645241;open;2021-11-23T03:49:00Z;214;595;0;809;809;24279[Konstabler];2021-11-23T03:52:00.862Z
0.47887325;open;2021-11-23T03:49:00Z;204;222;0;426;426;18497[Hauptwache];2021-11-23T03:52:00.862Z
0;closed;2021-11-23T03:49:00Z;;;0;0;0;18495[Am Gericht];2021-11-23T03:52:00.862Z
0.085130535;open;2021-11-23T03:49:00Z;75;806;70;951;881;109240[MyZeil];2021-11-23T03:52:00.862Z
0.39589906;open;2021-11-23T03:49:00Z;251;383;0;634;634;18494[Konrad-Adenauer-Straße];2021-11-23T03:52:00.862Z
0.16;open;2021-11-23T03:59:00Z;32;168;150;350;200;24276[Turmcenter];2021-11-23T04:02:02.935Z
0.11302211;open;2021-11-23T03:59:00Z;46;361;0;407;407;18944[Alte Oper];2021-11-23T04:02:02.935Z
0.032967035;open;2021-11-23T03:59:00Z;12;352;0;364;364;24281[Hauptbahnhof Süd];2021-11-23T04:02:02.935Z
0.2645241;open;2021-11-23T03:59:00Z;214;595;0;809;809;24279[Konstabler];2021-11-23T04:02:02.935Z
0.47887325;open;2021-11-23T03:59:00Z;204;222;0;426;426;18497[Hauptwache];2021-11-23T04:02:02.935Z
0;closed;2021-11-23T03:59:00Z;;;0;0;0;18495[Am Gericht];2021-11-23T04:02:02.935Z
0.085130535;open;2021-11-23T03:59:00Z;75;806;70;951;881;109240[MyZeil];2021-11-23T04:02:02.935Z
0.39589906;open;2021-11-23T03:59:00Z;251;383;0;634;634;18494[Konrad-Adenauer-Straße];2021-11-23T04:02:02.935Z
0.155;open;2021-11-23T04:29:00Z;31;169;150;350;200;24276[Turmcenter];2021-11-23T04:32:00.939Z
0.11302211;open;2021-11-23T04:29:00Z;46;361;0;407;407;18944[Alte Oper];2021-11-23T04:32:00.939Z
0.035714287;open;2021-11-23T04:29:00Z;13;351;0;364;364;24281[Hauptbahnhof Süd];2021-11-23T04:32:00.939Z
0.2645241;open;2021-11-23T04:29:00Z;214;595;0;809;809;24279[Konstabler];2021-11-23T04:32:00.939Z
0.47887325;open;2021-11-23T04:29:00Z;204;222;0;426;426;18497[Hauptwache];2021-11-23T04:32:00.939Z
0;closed;2021-11-23T04:29:00Z;;;0;0;0;18495[Am Gericht];2021-11-23T04:32:00.939Z
0.085130535;open;2021-11-23T04:29:00Z;75;806;70;951;881;109240[MyZeil];2021-11-23T04:32:00.939Z
0.39747635;open;2021-11-23T04:29:00Z;252;382;0;634;634;18494[Konrad-Adenauer-Straße];2021-11-23T04:32:00.939Z
0.155;open;2021-11-23T04:54:00Z;31;169;150;350;200;24276[Turmcenter];2021-11-23T04:57:01.782Z
0.11056511;open;2021-11-23T04:54:00Z;45;362;0;407;407;18944[Alte Oper];2021-11-23T04:57:01.782Z
0.052197803;open;2021-11-23T04:54:00Z;19;345;0;364;364;24281[Hauptbahnhof Süd];2021-11-23T04:57:01.782Z
0.26576018;open;2021-11-23T04:54:00Z;215;594;0;809;809;24279[Konstabler];2021-11-23T04:57:01.782Z
0.47887325;open;2021-11-23T04:54:00Z;204;222;0;426;426;18497[Hauptwache];2021-11-23T04:57:01.782Z
0;closed;2021-11-23T04:54:00Z;;;0;0;0;18495[Am Gericht];2021-11-23T04:57:01.782Z
0.39747635;open;2021-11-23T04:54:00Z;252;382;0;634;634;18494[Konrad-Adenauer-Straße];2021-11-23T04:57:01.782Z
0.20666666;open;2021-11-23T05:19:00Z;31;119;200;350;150;24276[Turmcenter];2021-11-23T05:22:01.007Z
0.11547912;open;2021-11-23T05:19:00Z;47;360;0;407;407;18944[Alte Oper];2021-11-23T05:22:01.007Z
0.07967033;open;2021-11-23T05:19:00Z;29;335;0;364;364;24281[Hauptbahnhof Süd];2021-11-23T05:22:01.007Z
0.26576018;open;2021-11-23T05:19:00Z;215;594;0;809;809;24279[Konstabler];2021-11-23T05:22:01.007Z
0.47887325;open;2021-11-23T05:19:00Z;204;222;0;426;426;18497[Hauptwache];2021-11-23T05:22:01.007Z
0.45588234;open;2021-11-23T05:19:00Z;310;370;0;680;680;18495[Am Gericht];2021-11-23T05:22:01.007Z
0.08740068;open;2021-11-23T05:19:00Z;77;804;70;951;881;109240[MyZeil];2021-11-23T05:22:01.007Z
0.39905363;open;2021-11-23T05:19:00Z;253;381;0;634;634;18494[Konrad-Adenauer-Straße];2021-11-23T05:22:01.007Z
0.21333334;open;2021-11-23T05:29:00Z;32;118;200;350;150;24276[Turmcenter];2021-11-23T05:32:02.644Z
0.11547912;open;2021-11-23T05:29:00Z;47;360;0;407;407;18944[Alte Oper];2021-11-23T05:32:02.644Z
0.0989011;open;2021-11-23T05:29:00Z;36;328;0;364;364;24281[Hauptbahnhof Süd];2021-11-23T05:32:02.644Z
0.26576018;open;2021-11-23T05:29:00Z;215;594;0;809;809;24279[Konstabler];2021-11-23T05:32:02.644Z
0.48122066;open;2021-11-23T05:29:00Z;205;221;0;426;426;18497[Hauptwache];2021-11-23T05:32:02.644Z
0.4617647;open;2021-11-23T05:29:00Z;314;366;0;680;680;18495[Am Gericht];2021-11-23T05:32:02.644Z
0.081725314;open;2021-11-23T05:29:00Z;72;809;70;951;881;109240[MyZeil];2021-11-23T05:32:02.644Z
0.40063092;open;2021-11-23T05:29:00Z;254;380;0;634;634;18494[Konrad-Adenauer-Straße];2021-11-23T05:32:02.644Z
0.21333334;open;2021-11-23T05:39:00Z;32;118;200;350;150;24276[Turmcenter];2021-11-23T05:42:01.432Z
0.11547912;open;2021-11-23T05:39:00Z;47;360;0;407;407;18944[Alte Oper];2021-11-23T05:42:01.432Z
0.12087912;open;2021-11-23T05:39:00Z;44;320;0;364;364;24281[Hauptbahnhof Süd];2021-11-23T05:42:01.432Z
0.26823238;open;2021-11-23T05:39:00Z;217;592;0;809;809;24279[Konstabler];2021-11-23T05:42:01.432Z
0.48122066;open;2021-11-23T05:39:00Z;205;221;0;426;426;18497[Hauptwache];2021-11-23T05:42:01.432Z
0.46764705;open;2021-11-23T05:39:00Z;318;362;0;680;680;18495[Am Gericht];2021-11-23T05:42:01.432Z
0.081725314;open;2021-11-23T05:39:00Z;72;809;70;951;881;109240[MyZeil];2021-11-23T05:42:01.432Z
0.40063092;open;2021-11-23T05:39:00Z;254;380;0;634;634;18494[Konrad-Adenauer-Straße];2021-11-23T05:42:01.432Z
0.21333334;open;2021-11-23T05:59:00Z;32;118;200;350;150;24276[Turmcenter];2021-11-23T06:02:01.922Z
0.12039312;open;2021-11-23T05:59:00Z;49;358;0;407;407;18944[Alte Oper];2021-11-23T06:02:01.922Z
0.14835165;open;2021-11-23T05:59:00Z;54;310;0;364;364;24281[Hauptbahnhof Süd];2021-11-23T06:02:01.922Z
0.27317676;open;2021-11-23T05:59:00Z;221;588;0;809;809;24279[Konstabler];2021-11-23T06:02:01.922Z
0.48356807;open;2021-11-23T05:59:00Z;206;220;0;426;426;18497[Hauptwache];2021-11-23T06:02:01.922Z
0.46911764;open;2021-11-23T05:59:00Z;319;361;0;680;680;18495[Am Gericht];2021-11-23T06:02:01.922Z
0.41009465;open;2021-11-23T05:59:00Z;260;374;0;634;634;18494[Konrad-Adenauer-Straße];2021-11-23T06:02:01.922Z
0.24666667;open;2021-11-23T06:25:00Z;37;113;200;350;150;24276[Turmcenter];2021-11-23T06:27:02.141Z
0.12530713;open;2021-11-23T06:25:00Z;51;356;0;407;407;18944[Alte Oper];2021-11-23T06:27:02.141Z
0.18681319;open;2021-11-23T06:25:00Z;68;296;0;364;364;24281[Hauptbahnhof Süd];2021-11-23T06:27:02.141Z
0.2694685;open;2021-11-23T06:25:00Z;218;591;0;809;809;24279[Konstabler];2021-11-23T06:27:02.141Z
0.49295774;open;2021-11-23T06:25:00Z;210;216;0;426;426;18497[Hauptwache];2021-11-23T06:27:02.141Z
0.48235294;open;2021-11-23T06:25:00Z;328;352;0;680;680;18495[Am Gericht];2021-11-23T06:27:02.141Z
0.08740068;open;2021-11-23T06:25:00Z;77;804;70;951;881;109240[MyZeil];2021-11-23T06:27:02.141Z
0.4164038;open;2021-11-23T06:25:00Z;264;370;0;634;634;18494[Konrad-Adenauer-Straße];2021-11-23T06:27:02.141Z
0.32;open;2021-11-23T06:50:00Z;48;102;200;350;150;24276[Turmcenter];2021-11-23T06:52:00.346Z
0.14742015;open;2021-11-23T06:50:00Z;60;347;0;407;407;18944[Alte Oper];2021-11-23T06:52:00.346Z
0.22527473;open;2021-11-23T06:50:00Z;82;282;0;364;364;24281[Hauptbahnhof Süd];2021-11-23T06:52:00.346Z
0.28182942;open;2021-11-23T06:50:00Z;228;581;0;809;809;24279[Konstabler];2021-11-23T06:52:00.346Z
0.5164319;open;2021-11-23T06:50:00Z;220;206;0;426;426;18497[Hauptwache];2021-11-23T06:52:00.346Z
0.50735295;open;2021-11-23T06:50:00Z;345;335;0;680;680;18495[Am Gericht];2021-11-23T06:52:00.346Z
0.09194098;open;2021-11-23T06:50:00Z;81;800;70;951;881;109240[MyZeil];2021-11-23T06:52:00.346Z
0.4242902;open;2021-11-23T06:50:00Z;269;365;0;634;634;18494[Konrad-Adenauer-Straße];2021-11-23T06:52:00.346Z
0.34666666;open;2021-11-23T06:55:00Z;52;98;200;350;150;24276[Turmcenter];2021-11-23T06:57:02.747Z
0.15724815;open;2021-11-23T06:55:00Z;64;343;0;407;407;18944[Alte Oper];2021-11-23T06:57:02.747Z
0.23901099;open;2021-11-23T06:55:00Z;87;277;0;364;364;24281[Hauptbahnhof Süd];2021-11-23T06:57:02.747Z
0.28182942;open;2021-11-23T06:55:00Z;228;581;0;809;809;24279[Konstabler];2021-11-23T06:57:02.747Z
0.52347416;open;2021-11-23T06:55:00Z;223;203;0;426;426;18497[Hauptwache];2021-11-23T06:57:02.747Z
0.5088235;open;2021-11-23T06:55:00Z;346;334;0;680;680;18495[Am Gericht];2021-11-23T06:57:02.747Z
0.4258675;open;2021-11-23T06:55:00Z;270;364;0;634;634;18494[Konrad-Adenauer-Straße];2021-11-23T06:57:02.747Z
0.5;open;2021-11-23T07:20:00Z;75;75;200;350;150;24276[Turmcenter];2021-11-23T07:22:02.600Z
0.18673219;open;2021-11-23T07:20:00Z;76;331;0;407;407;18944[Alte Oper];2021-11-23T07:22:02.600Z
0.2857143;open;2021-11-23T07:20:00Z;104;260;0;364;364;24281[Hauptbahnhof Süd];2021-11-23T07:22:02.600Z
0.3053152;open;2021-11-23T07:20:00Z;247;562;0;809;809;24279[Konstabler];2021-11-23T07:22:02.600Z
0.5516432;open;2021-11-23T07:20:00Z;235;191;0;426;426;18497[Hauptwache];2021-11-23T07:22:02.600Z
0.5470588;open;2021-11-23T07:20:00Z;372;308;0;680;680;18495[Am Gericht];2021-11-23T07:22:02.600Z
0.09875142;open;2021-11-23T07:20:00Z;87;794;70;951;881;109240[MyZeil];2021-11-23T07:22:02.600Z
0.45583597;open;2021-11-23T07:20:00Z;289;345;0;634;634;18494[Konrad-Adenauer-Straße];2021-11-23T07:22:02.600Z
0.6533333;open;2021-11-23T07:40:00Z;98;52;200;350;150;24276[Turmcenter];2021-11-23T07:42:00.880Z
0.22604422;open;2021-11-23T07:40:00Z;92;315;0;407;407;18944[Alte Oper];2021-11-23T07:42:00.880Z
0.35164836;open;2021-11-23T07:40:00Z;128;236;0;364;364;24281[Hauptbahnhof Süd];2021-11-23T07:42:00.880Z
0.3300371;open;2021-11-23T07:40:00Z;267;542;0;809;809;24279[Konstabler];2021-11-23T07:42:00.880Z
0.58215964;open;2021-11-23T07:40:00Z;248;178;0;426;426;18497[Hauptwache];2021-11-23T07:42:00.880Z
0.5764706;open;2021-11-23T07:40:00Z;392;288;0;680;680;18495[Am Gericht];2021-11-23T07:42:00.880Z
0.10215664;open;2021-11-23T07:40:00Z;90;791;70;951;881;109240[MyZeil];2021-11-23T07:42:00.880Z
0.48264983;open;2021-11-23T07:40:00Z;306;328;0;634;634;18494[Konrad-Adenauer-Straße];2021-11-23T07:42:00.880Z
0.74;open;2021-11-23T07:50:00Z;111;39;200;350;150;24276[Turmcenter];2021-11-23T07:52:02.632Z
0.26044226;open;2021-11-23T07:50:00Z;106;301;0;407;407;18944[Alte Oper];2021-11-23T07:52:02.632Z
0.3708791;open;2021-11-23T07:50:00Z;135;229;0;364;364;24281[Hauptbahnhof Süd];2021-11-23T07:52:02.632Z
0.3473424;open;2021-11-23T07:50:00Z;281;528;0;809;809;24279[Konstabler];2021-11-23T07:52:02.632Z
0.58920187;open;2021-11-23T07:50:00Z;251;175;0;426;426;18497[Hauptwache];2021-11-23T07:52:02.632Z
0.5985294;open;2021-11-23T07:50:00Z;407;273;0;680;680;18495[Am Gericht];2021-11-23T07:52:02.632Z
0.110102154;open;2021-11-23T07:50:00Z;97;784;70;951;881;109240[MyZeil];2021-11-23T07:52:02.632Z
0.49369085;open;2021-11-23T07:50:00Z;313;321;0;634;634;18494[Konrad-Adenauer-Straße];2021-11-23T07:52:02.632Z
0.7733333;open;2021-11-23T08:01:00Z;116;34;200;350;150;24276[Turmcenter];2021-11-23T08:02:00.448Z
0.27027026;open;2021-11-23T08:01:00Z;110;297;0;407;407;18944[Alte Oper];2021-11-23T08:02:00.448Z
0.37637362;open;2021-11-23T08:01:00Z;137;227;0;364;364;24281[Hauptbahnhof Süd];2021-11-23T08:02:00.448Z
0.35475895;open;2021-11-23T08:01:00Z;287;522;0;809;809;24279[Konstabler];2021-11-23T08:02:00.448Z
0.6056338;open;2021-11-23T08:01:00Z;258;168;0;426;426;18497[Hauptwache];2021-11-23T08:02:00.448Z
0.61470586;open;2021-11-23T08:01:00Z;418;262;0;680;680;18495[Am Gericht];2021-11-23T08:02:00.448Z
0.11464245;open;2021-11-23T08:01:00Z;101;780;70;951;881;109240[MyZeil];2021-11-23T08:02:00.448Z
0.49526814;open;2021-11-23T08:01:00Z;314;320;0;634;634;18494[Konrad-Adenauer-Straße];2021-11-23T08:02:00.448Z
0.7133333;open;2021-11-23T08:31:00Z;107;43;200;350;150;24276[Turmcenter];2021-11-23T08:32:02.863Z
0.31203932;open;2021-11-23T08:31:00Z;127;280;0;407;407;18944[Alte Oper];2021-11-23T08:32:02.863Z
0.42032966;open;2021-11-23T08:31:00Z;153;211;0;364;364;24281[Hauptbahnhof Süd];2021-11-23T08:32:02.863Z
0.40173054;open;2021-11-23T08:31:00Z;325;484;0;809;809;24279[Konstabler];2021-11-23T08:32:02.863Z
0.6666667;open;2021-11-23T08:31:00Z;284;142;0;426;426;18497[Hauptwache];2021-11-23T08:32:02.863Z
0.66764706;open;2021-11-23T08:31:00Z;454;226;0;680;680;18495[Am Gericht];2021-11-23T08:32:02.863Z
0.14528945;open;2021-11-23T08:31:00Z;128;753;70;951;881;109240[MyZeil];2021-11-23T08:32:02.863Z
0.5126183;open;2021-11-23T08:31:00Z;325;309;0;634;634;18494[Konrad-Adenauer-Straße];2021-11-23T08:32:02.863Z
0.7733333;open;2021-11-23T08:46:00Z;116;34;200;350;150;24276[Turmcenter];2021-11-23T08:47:02.949Z
0.37592137;open;2021-11-23T08:46:00Z;153;254;0;407;407;18944[Alte Oper];2021-11-23T08:47:02.949Z
0.43956044;open;2021-11-23T08:46:00Z;160;204;0;364;364;24281[Hauptbahnhof Süd];2021-11-23T08:47:02.949Z
0.43881336;open;2021-11-23T08:46:00Z;355;454;0;809;809;24279[Konstabler];2021-11-23T08:47:02.949Z
0.7089202;open;2021-11-23T08:46:00Z;302;124;0;426;426;18497[Hauptwache];2021-11-23T08:47:02.949Z
0.6985294;open;2021-11-23T08:46:00Z;475;205;0;680;680;18495[Am Gericht];2021-11-23T08:47:02.949Z
0.1555051;open;2021-11-23T08:46:00Z;137;744;70;951;881;109240[MyZeil];2021-11-23T08:47:02.949Z
0.5252366;open;2021-11-23T08:46:00Z;333;301;0;634;634;18494[Konrad-Adenauer-Straße];2021-11-23T08:47:02.949Z
0.82;open;2021-11-23T09:01:00Z;123;27;200;350;150;24276[Turmcenter];2021-11-23T09:02:02.666Z
0.3955774;open;2021-11-23T09:01:00Z;161;246;0;407;407;18944[Alte Oper];2021-11-23T09:02:02.666Z
0.43956044;open;2021-11-23T09:01:00Z;160;204;0;364;364;24281[Hauptbahnhof Süd];2021-11-23T09:02:02.666Z
0.4932015;open;2021-11-23T09:01:00Z;399;410;0;809;809;24279[Konstabler];2021-11-23T09:02:02.666Z
0.75586855;open;2021-11-23T09:01:00Z;322;104;0;426;426;18497[Hauptwache];2021-11-23T09:02:02.666Z
0.7294118;open;2021-11-23T09:01:00Z;496;184;0;680;680;18495[Am Gericht];2021-11-23T09:02:02.666Z
0.17820658;open;2021-11-23T09:01:00Z;157;724;70;951;881;109240[MyZeil];2021-11-23T09:02:02.666Z
0.5362776;open;2021-11-23T09:01:00Z;340;294;0;634;634;18494[Konrad-Adenauer-Straße];2021-11-23T09:02:02.666Z
0.8666667;open;2021-11-23T09:21:00Z;130;20;200;350;150;24276[Turmcenter];2021-11-23T09:22:02.639Z
0.45454547;open;2021-11-23T09:21:00Z;185;222;0;407;407;18944[Alte Oper];2021-11-23T09:22:02.639Z
0.43956044;open;2021-11-23T09:21:00Z;160;204;0;364;364;24281[Hauptbahnhof Süd];2021-11-23T09:22:02.639Z
0.5339926;open;2021-11-23T09:21:00Z;432;377;0;809;809;24279[Konstabler];2021-11-23T09:22:02.639Z
0.8450704;open;2021-11-23T09:21:00Z;360;66;0;426;426;18497[Hauptwache];2021-11-23T09:22:02.639Z
0.76911765;open;2021-11-23T09:21:00Z;523;157;0;680;680;18495[Am Gericht];2021-11-23T09:22:02.639Z
0.19977298;open;2021-11-23T09:21:00Z;176;705;70;951;881;109240[MyZeil];2021-11-23T09:22:02.639Z
0.5615142;open;2021-11-23T09:21:00Z;356;278;0;634;634;18494[Konrad-Adenauer-Straße];2021-11-23T09:22:02.639Z
0.96;open;2021-11-23T09:46:00Z;144;6;200;350;150;24276[Turmcenter];2021-11-23T09:47:00.085Z
0.5036855;open;2021-11-23T09:46:00Z;205;202;0;407;407;18944[Alte Oper];2021-11-23T09:47:00.085Z
0.46703297;open;2021-11-23T09:46:00Z;170;194;0;364;364;24281[Hauptbahnhof Süd];2021-11-23T09:47:00.085Z
0.60321385;open;2021-11-23T09:46:00Z;488;321;0;809;809;24279[Konstabler];2021-11-23T09:47:00.085Z
0.95539904;open;2021-11-23T09:46:00Z;407;19;0;426;426;18497[Hauptwache];2021-11-23T09:47:00.085Z
0.7970588;open;2021-11-23T09:46:00Z;542;138;0;680;680;18495[Am Gericht];2021-11-23T09:47:00.085Z
0.21906924;open;2021-11-23T09:46:00Z;193;688;70;951;881;109240[MyZeil];2021-11-23T09:47:00.085Z
0.59305996;open;2021-11-23T09:46:00Z;376;258;0;634;634;18494[Konrad-Adenauer-Straße];2021-11-23T09:47:00.085Z
0.9266667;open;2021-11-23T09:51:00Z;139;11;200;350;150;24276[Turmcenter];2021-11-23T09:57:01.388Z
0.5135135;open;2021-11-23T09:51:00Z;209;198;0;407;407;18944[Alte Oper];2021-11-23T09:57:01.388Z
0.4642857;open;2021-11-23T09:51:00Z;169;195;0;364;364;24281[Hauptbahnhof Süd];2021-11-23T09:57:01.388Z
0.61681086;open;2021-11-23T09:51:00Z;499;310;0;809;809;24279[Konstabler];2021-11-23T09:57:01.388Z
0.98122066;open;2021-11-23T09:51:00Z;418;8;0;426;426;18497[Hauptwache];2021-11-23T09:57:01.388Z
0.80588233;open;2021-11-23T09:51:00Z;548;132;0;680;680;18495[Am Gericht];2021-11-23T09:57:01.388Z
0.22247446;open;2021-11-23T09:51:00Z;196;685;70;951;881;109240[MyZeil];2021-11-23T09:57:01.388Z
0.59621453;open;2021-11-23T09:51:00Z;378;256;0;634;634;18494[Konrad-Adenauer-Straße];2021-11-23T09:57:01.388Z
0.94;open;2021-11-23T10:22:00Z;141;9;200;350;150;24276[Turmcenter];2021-11-23T10:27:02.073Z
0.55036855;open;2021-11-23T10:22:00Z;224;183;0;407;407;18944[Alte Oper];2021-11-23T10:27:02.073Z
0.47802198;open;2021-11-23T10:22:00Z;174;190;0;364;364;24281[Hauptbahnhof Süd];2021-11-23T10:27:02.073Z
0.7045736;open;2021-11-23T10:22:00Z;570;239;0;809;809;24279[Konstabler];2021-11-23T10:27:02.073Z
0.9976526;open;2021-11-23T10:22:00Z;425;1;0;426;426;18497[Hauptwache];2021-11-23T10:27:02.073Z
0.8102941;open;2021-11-23T10:22:00Z;551;129;0;680;680;18495[Am Gericht];2021-11-23T10:27:02.073Z
0.24177071;open;2021-11-23T10:22:00Z;213;668;70;951;881;109240[MyZeil];2021-11-23T10:27:02.073Z
0.62933755;open;2021-11-23T10:22:00Z;399;235;0;634;634;18494[Konrad-Adenauer-Straße];2021-11-23T10:27:02.073Z
0.93333334;open;2021-11-23T10:42:00Z;140;10;200;350;150;24276[Turmcenter];2021-11-23T10:47:02.746Z
0.5798526;open;2021-11-23T10:42:00Z;236;171;0;407;407;18944[Alte Oper];2021-11-23T10:47:02.746Z
0.47802198;open;2021-11-23T10:42:00Z;174;190;0;364;364;24281[Hauptbahnhof Süd];2021-11-23T10:47:02.746Z
0.7144623;open;2021-11-23T10:42:00Z;578;231;0;809;809;24279[Konstabler];2021-11-23T10:47:02.746Z
0.9953052;open;2021-11-23T10:42:00Z;424;2;0;426;426;18497[Hauptwache];2021-11-23T10:47:02.746Z
0.8161765;open;2021-11-23T10:42:00Z;555;125;0;680;680;18495[Am Gericht];2021-11-23T10:47:02.746Z
0.626183;open;2021-11-23T10:42:00Z;397;237;0;634;634;18494[Konrad-Adenauer-Straße];2021-11-23T10:47:02.746Z
0.94;open;2021-11-23T10:57:00Z;141;9;200;350;150;24276[Turmcenter];2021-11-23T11:02:02.572Z
0.6019656;open;2021-11-23T10:57:00Z;245;162;0;407;407;18944[Alte Oper];2021-11-23T11:02:02.572Z
0.47252747;open;2021-11-23T10:57:00Z;172;192;0;364;364;24281[Hauptbahnhof Süd];2021-11-23T11:02:02.572Z
0.7342398;open;2021-11-23T10:57:00Z;594;215;0;809;809;24279[Konstabler];2021-11-23T11:02:02.572Z
1;open;2021-11-23T10:57:00Z;426;0;0;426;426;18497[Hauptwache];2021-11-23T11:02:02.572Z
0.8235294;open;2021-11-23T10:57:00Z;560;120;0;680;680;18495[Am Gericht];2021-11-23T11:02:02.572Z
0.25766176;open;2021-11-23T10:57:00Z;227;654;70;951;881;109240[MyZeil];2021-11-23T11:02:02.572Z
0.6324921;open;2021-11-23T10:57:00Z;401;233;0;634;634;18494[Konrad-Adenauer-Straße];2021-11-23T11:02:02.572Z
0.94;open;2021-11-23T11:17:00Z;141;9;200;350;150;24276[Turmcenter];2021-11-23T11:22:01.383Z
0.62653565;open;2021-11-23T11:17:00Z;255;152;0;407;407;18944[Alte Oper];2021-11-23T11:22:01.383Z
0.47802198;open;2021-11-23T11:17:00Z;174;190;0;364;364;24281[Hauptbahnhof Süd];2021-11-23T11:22:01.383Z
0.75030905;open;2021-11-23T11:17:00Z;607;202;0;809;809;24279[Konstabler];2021-11-23T11:22:01.383Z
1;open;2021-11-23T11:17:00Z;426;0;0;426;426;18497[Hauptwache];2021-11-23T11:22:01.383Z
0.8161765;open;2021-11-23T11:17:00Z;555;125;0;680;680;18495[Am Gericht];2021-11-23T11:22:01.383Z
0.26220205;open;2021-11-23T11:17:00Z;231;650;70;951;881;109240[MyZeil];2021-11-23T11:22:01.383Z
0.6388013;open;2021-11-23T11:17:00Z;405;229;0;634;634;18494[Konrad-Adenauer-Straße];2021-11-23T11:22:01.383Z
0.91333336;open;2021-11-23T11:27:00Z;137;13;200;350;150;24276[Turmcenter];2021-11-23T11:32:02.306Z
0.6412777;open;2021-11-23T11:27:00Z;261;146;0;407;407;18944[Alte Oper];2021-11-23T11:32:02.306Z
0.48076922;open;2021-11-23T11:27:00Z;175;189;0;364;364;24281[Hauptbahnhof Süd];2021-11-23T11:32:02.306Z
0.76885045;open;2021-11-23T11:27:00Z;622;187;0;809;809;24279[Konstabler];2021-11-23T11:32:02.306Z
1;open;2021-11-23T11:27:00Z;426;0;0;426;426;18497[Hauptwache];2021-11-23T11:32:02.306Z
0.82058823;open;2021-11-23T11:27:00Z;558;122;0;680;680;18495[Am Gericht];2021-11-23T11:32:02.306Z
0.6388013;open;2021-11-23T11:27:00Z;405;229;0;634;634;18494[Konrad-Adenauer-Straße];2021-11-23T11:32:02.306Z
0.93333334;open;2021-11-23T11:37:00Z;140;10;200;350;150;24276[Turmcenter];2021-11-23T11:42:00.396Z
0.63882065;open;2021-11-23T11:37:00Z;260;147;0;407;407;18944[Alte Oper];2021-11-23T11:42:00.396Z
0.47252747;open;2021-11-23T11:37:00Z;172;192;0;364;364;24281[Hauptbahnhof Süd];2021-11-23T11:42:00.396Z
0.7725587;open;2021-11-23T11:37:00Z;625;184;0;809;809;24279[Konstabler];2021-11-23T11:42:00.396Z
0.9976526;open;2021-11-23T11:37:00Z;425;1;0;426;426;18497[Hauptwache];2021-11-23T11:42:00.396Z
0.8132353;open;2021-11-23T11:37:00Z;553;127;0;680;680;18495[Am Gericht];2021-11-23T11:42:00.396Z
0.25766176;open;2021-11-23T11:37:00Z;227;654;70;951;881;109240[MyZeil];2021-11-23T11:42:00.396Z
0.6309148;open;2021-11-23T11:37:00Z;400;234;0;634;634;18494[Konrad-Adenauer-Straße];2021-11-23T11:42:00.396Z
0.92;open;2021-11-23T11:52:00Z;138;12;200;350;150;24276[Turmcenter];2021-11-23T11:57:02.079Z
0.66339064;open;2021-11-23T11:52:00Z;270;137;0;407;407;18944[Alte Oper];2021-11-23T11:57:02.079Z
0.4478022;open;2021-11-23T11:52:00Z;163;201;0;364;364;24281[Hauptbahnhof Süd];2021-11-23T11:57:02.079Z
0.76390606;open;2021-11-23T11:52:00Z;618;191;0;809;809;24279[Konstabler];2021-11-23T11:57:02.079Z
1;open;2021-11-23T11:52:00Z;426;0;0;426;426;18497[Hauptwache];2021-11-23T11:57:02.079Z
0.8132353;open;2021-11-23T11:52:00Z;553;127;0;680;680;18495[Am Gericht];2021-11-23T11:57:02.079Z
0.2599319;open;2021-11-23T11:52:00Z;229;652;70;951;881;109240[MyZeil];2021-11-23T11:57:02.079Z
0.6340694;open;2021-11-23T11:52:00Z;402;232;0;634;634;18494[Konrad-Adenauer-Straße];2021-11-23T11:57:02.079Z
0.85333335;open;2021-11-23T12:28:00Z;128;22;200;350;150;24276[Turmcenter];2021-11-23T12:32:01.250Z
0.6953317;open;2021-11-23T12:28:00Z;283;124;0;407;407;18944[Alte Oper];2021-11-23T12:32:01.250Z
0.40934065;open;2021-11-23T12:28:00Z;149;215;0;364;364;24281[Hauptbahnhof Süd];2021-11-23T12:32:01.250Z
0.7564895;open;2021-11-23T12:28:00Z;612;197;0;809;809;24279[Konstabler];2021-11-23T12:32:01.250Z
1;open;2021-11-23T12:28:00Z;426;0;0;426;426;18497[Hauptwache];2021-11-23T12:32:01.250Z
0.7705882;open;2021-11-23T12:28:00Z;524;156;0;680;680;18495[Am Gericht];2021-11-23T12:32:01.250Z
0.65772873;open;2021-11-23T12:28:00Z;417;217;0;634;634;18494[Konrad-Adenauer-Straße];2021-11-23T12:32:01.250Z
0.85333335;open;2021-11-23T13:03:00Z;128;22;200;350;150;24276[Turmcenter];2021-11-23T13:07:00.686Z
0.7174447;open;2021-11-23T13:03:00Z;292;115;0;407;407;18944[Alte Oper];2021-11-23T13:07:00.686Z
0.3956044;open;2021-11-23T13:03:00Z;144;220;0;364;364;24281[Hauptbahnhof Süd];2021-11-23T13:07:00.686Z
0.7552534;open;2021-11-23T13:03:00Z;611;198;0;809;809;24279[Konstabler];2021-11-23T13:07:00.686Z
1;open;2021-11-23T13:03:00Z;426;0;0;426;426;18497[Hauptwache];2021-11-23T13:07:00.686Z
0.75;open;2021-11-23T13:03:00Z;510;170;0;680;680;18495[Am Gericht];2021-11-23T13:07:00.686Z
0.25198638;open;2021-11-23T13:03:00Z;222;659;70;951;881;109240[MyZeil];2021-11-23T13:07:00.686Z
0.6561514;open;2021-11-23T13:03:00Z;416;218;0;634;634;18494[Konrad-Adenauer-Straße];2021-11-23T13:07:00.686Z
0.8666667;open;2021-11-23T13:28:00Z;130;20;200;350;150;24276[Turmcenter];2021-11-23T13:32:02.255Z
0.6683047;open;2021-11-23T13:28:00Z;272;135;0;407;407;18944[Alte Oper];2021-11-23T13:32:02.255Z
0.3708791;open;2021-11-23T13:28:00Z;135;229;0;364;364;24281[Hauptbahnhof Süd];2021-11-23T13:32:02.255Z
0.76885045;open;2021-11-23T13:28:00Z;622;187;0;809;809;24279[Konstabler];2021-11-23T13:32:02.255Z
1;open;2021-11-23T13:28:00Z;426;0;0;426;426;18497[Hauptwache];2021-11-23T13:32:02.255Z
0.7264706;open;2021-11-23T13:28:00Z;494;186;0;680;680;18495[Am Gericht];2021-11-23T13:32:02.255Z
0.6309148;open;2021-11-23T13:28:00Z;400;234;0;634;634;18494[Konrad-Adenauer-Straße];2021-11-23T13:32:02.255Z
0.8333333;open;2021-11-23T13:43:00Z;125;25;200;350;150;24276[Turmcenter];2021-11-23T13:47:01.901Z
0.65356266;open;2021-11-23T13:43:00Z;266;141;0;407;407;18944[Alte Oper];2021-11-23T13:47:01.901Z
0.36813188;open;2021-11-23T13:43:00Z;134;230;0;364;364;24281[Hauptbahnhof Süd];2021-11-23T13:47:01.901Z
0.7700865;open;2021-11-23T13:43:00Z;623;186;0;809;809;24279[Konstabler];2021-11-23T13:47:01.901Z
1;open;2021-11-23T13:43:00Z;426;0;0;426;426;18497[Hauptwache];2021-11-23T13:47:01.901Z
0.7205882;open;2021-11-23T13:43:00Z;490;190;0;680;680;18495[Am Gericht];2021-11-23T13:47:01.901Z
0.23609534;open;2021-11-23T13:43:00Z;208;673;70;951;881;109240[MyZeil];2021-11-23T13:47:01.901Z
0.6324921;open;2021-11-23T13:43:00Z;401;233;0;634;634;18494[Konrad-Adenauer-Straße];2021-11-23T13:47:01.901Z
0.8333333;open;2021-11-23T13:58:00Z;125;25;200;350;150;24276[Turmcenter];2021-11-23T14:02:02.089Z
0.6216216;open;2021-11-23T13:58:00Z;253;154;0;407;407;18944[Alte Oper];2021-11-23T14:02:02.089Z
0.3598901;open;2021-11-23T13:58:00Z;131;233;0;364;364;24281[Hauptbahnhof Süd];2021-11-23T14:02:02.089Z
0.7775031;open;2021-11-23T13:58:00Z;629;180;0;809;809;24279[Konstabler];2021-11-23T14:02:02.089Z
1;open;2021-11-23T13:58:00Z;426;0;0;426;426;18497[Hauptwache];2021-11-23T14:02:02.089Z
0.7102941;open;2021-11-23T13:58:00Z;483;197;0;680;680;18495[Am Gericht];2021-11-23T14:02:02.089Z
0.62776023;open;2021-11-23T13:58:00Z;398;236;0;634;634;18494[Konrad-Adenauer-Straße];2021-11-23T14:02:02.089Z
0.8066667;open;2021-11-23T14:24:00Z;121;29;200;350;150;24276[Turmcenter];2021-11-23T14:27:01.282Z
0.55528253;open;2021-11-23T14:24:00Z;226;181;0;407;407;18944[Alte Oper];2021-11-23T14:27:01.282Z
0.32417583;open;2021-11-23T14:24:00Z;118;246;0;364;364;24281[Hauptbahnhof Süd];2021-11-23T14:27:01.282Z
0.7713226;open;2021-11-23T14:24:00Z;624;185;0;809;809;24279[Konstabler];2021-11-23T14:27:01.282Z
1;open;2021-11-23T14:24:00Z;426;0;0;426;426;18497[Hauptwache];2021-11-23T14:27:01.282Z
0.68088233;open;2021-11-23T14:24:00Z;463;217;0;680;680;18495[Am Gericht];2021-11-23T14:27:01.282Z
0.60410094;open;2021-11-23T14:24:00Z;383;251;0;634;634;18494[Konrad-Adenauer-Straße];2021-11-23T14:27:01.282Z
0.82;open;2021-11-23T14:39:00Z;123;27;200;350;150;24276[Turmcenter];2021-11-23T14:42:02Z
0.5405405;open;2021-11-23T14:39:00Z;220;187;0;407;407;18944[Alte Oper];2021-11-23T14:42:02Z
0.2967033;open;2021-11-23T14:39:00Z;108;256;0;364;364;24281[Hauptbahnhof Süd];2021-11-23T14:42:02Z
0.7441285;open;2021-11-23T14:39:00Z;602;207;0;809;809;24279[Konstabler];2021-11-23T14:42:02Z
0.9953052;open;2021-11-23T14:39:00Z;424;2;0;426;426;18497[Hauptwache];2021-11-23T14:42:02Z
0.6661765;open;2021-11-23T14:39:00Z;453;227;0;680;680;18495[Am Gericht];2021-11-23T14:42:02Z
0.24744609;open;2021-11-23T14:39:00Z;218;663;70;951;881;109240[MyZeil];2021-11-23T14:42:02Z
0.59621453;open;2021-11-23T14:39:00Z;378;256;0;634;634;18494[Konrad-Adenauer-Straße];2021-11-23T14:42:02Z
0.81333333;open;2021-11-23T14:54:00Z;122;28;200;350;150;24276[Turmcenter];2021-11-23T14:57:02.236Z
0.54545456;open;2021-11-23T14:54:00Z;222;185;0;407;407;18944[Alte Oper];2021-11-23T14:57:02.236Z
0.26923078;open;2021-11-23T14:54:00Z;98;266;0;364;364;24281[Hauptbahnhof Süd];2021-11-23T14:57:02.236Z
0.7305315;open;2021-11-23T14:54:00Z;591;218;0;809;809;24279[Konstabler];2021-11-23T14:57:02.236Z
0.98122066;open;2021-11-23T14:54:00Z;418;8;0;426;426;18497[Hauptwache];2021-11-23T14:57:02.236Z
0.65294117;open;2021-11-23T14:54:00Z;444;236;0;680;680;18495[Am Gericht];2021-11-23T14:57:02.236Z
0.2429058;open;2021-11-23T14:54:00Z;214;667;70;951;881;109240[MyZeil];2021-11-23T14:57:02.236Z
0.5772871;open;2021-11-23T14:54:00Z;366;268;0;634;634;18494[Konrad-Adenauer-Straße];2021-11-23T14:57:02.236Z
0.8333333;open;2021-11-23T15:29:00Z;125;25;200;350;150;24276[Turmcenter];2021-11-23T15:32:01.714Z
0.5405405;open;2021-11-23T15:29:00Z;220;187;0;407;407;18944[Alte Oper];2021-11-23T15:32:01.714Z
0.22527473;open;2021-11-23T15:29:00Z;82;282;0;364;364;24281[Hauptbahnhof Süd];2021-11-23T15:32:01.714Z
0.7540173;open;2021-11-23T15:29:00Z;610;199;0;809;809;24279[Konstabler];2021-11-23T15:32:01.714Z
1;open;2021-11-23T15:29:00Z;426;0;0;426;426;18497[Hauptwache];2021-11-23T15:32:01.714Z
0.625;open;2021-11-23T15:29:00Z;425;255;0;680;680;18495[Am Gericht];2021-11-23T15:32:01.714Z
0.23609534;open;2021-11-23T15:29:00Z;208;673;70;951;881;109240[MyZeil];2021-11-23T15:32:01.714Z
0.57570976;open;2021-11-23T15:29:00Z;365;269;0;634;634;18494[Konrad-Adenauer-Straße];2021-11-23T15:32:01.714Z
0.76;open;2021-11-23T15:50:00Z;114;36;200;350;150;24276[Turmcenter];2021-11-23T15:52:00.095Z
0.4963145;open;2021-11-23T15:50:00Z;202;205;0;407;407;18944[Alte Oper];2021-11-23T15:52:00.095Z
0.18681319;open;2021-11-23T15:50:00Z;68;296;0;364;364;24281[Hauptbahnhof Süd];2021-11-23T15:52:00.095Z
0.7404203;open;2021-11-23T15:50:00Z;599;210;0;809;809;24279[Konstabler];2021-11-23T15:52:00.095Z
1;open;2021-11-23T15:50:00Z;426;0;0;426;426;18497[Hauptwache];2021-11-23T15:52:00.095Z
0.5955882;open;2021-11-23T15:50:00Z;405;275;0;680;680;18495[Am Gericht];2021-11-23T15:52:00.095Z
0.23382519;open;2021-11-23T15:50:00Z;206;675;70;951;881;109240[MyZeil];2021-11-23T15:52:00.095Z
0.5899054;open;2021-11-23T15:50:00Z;374;260;0;634;634;18494[Konrad-Adenauer-Straße];2021-11-23T15:52:00.095Z
0.6933333;open;2021-11-23T16:00:00Z;104;46;200;350;150;24276[Turmcenter];2021-11-23T16:02:02.530Z
0.49140048;open;2021-11-23T16:00:00Z;200;207;0;407;407;18944[Alte Oper];2021-11-23T16:02:02.530Z
0.17307693;open;2021-11-23T16:00:00Z;63;301;0;364;364;24281[Hauptbahnhof Süd];2021-11-23T16:02:02.530Z
0.7218789;open;2021-11-23T16:00:00Z;584;225;0;809;809;24279[Konstabler];2021-11-23T16:02:02.530Z
1;open;2021-11-23T16:00:00Z;426;0;0;426;426;18497[Hauptwache];2021-11-23T16:02:02.530Z
0.5838235;open;2021-11-23T16:00:00Z;397;283;0;680;680;18495[Am Gericht];2021-11-23T16:02:02.530Z
0.23382519;open;2021-11-23T16:00:00Z;206;675;70;951;881;109240[MyZeil];2021-11-23T16:02:02.530Z
0.5946372;open;2021-11-23T16:00:00Z;377;257;0;634;634;18494[Konrad-Adenauer-Straße];2021-11-23T16:02:02.530Z
0.64;open;2021-11-23T16:35:00Z;96;54;200;350;150;24276[Turmcenter];2021-11-23T16:37:01.108Z
0.44226044;open;2021-11-23T16:35:00Z;180;227;0;407;407;18944[Alte Oper];2021-11-23T16:37:01.108Z
0.1456044;open;2021-11-23T16:35:00Z;53;311;0;364;364;24281[Hauptbahnhof Süd];2021-11-23T16:37:01.108Z
0.71075404;open;2021-11-23T16:35:00Z;575;234;0;809;809;24279[Konstabler];2021-11-23T16:37:01.108Z
0.9929578;open;2021-11-23T16:35:00Z;423;3;0;426;426;18497[Hauptwache];2021-11-23T16:37:01.108Z
0.5602941;open;2021-11-23T16:35:00Z;381;299;0;680;680;18495[Am Gericht];2021-11-23T16:37:01.108Z
0.25198638;open;2021-11-23T16:35:00Z;222;659;70;951;881;109240[MyZeil];2021-11-23T16:37:01.108Z
0.59148264;open;2021-11-23T16:35:00Z;375;259;0;634;634;18494[Konrad-Adenauer-Straße];2021-11-23T16:37:01.108Z
0.5133333;open;2021-11-23T17:11:00Z;77;73;200;350;150;24276[Turmcenter];2021-11-23T17:12:02.108Z
0.4226044;open;2021-11-23T17:11:00Z;172;235;0;407;407;18944[Alte Oper];2021-11-23T17:12:02.108Z
0.11813187;open;2021-11-23T17:11:00Z;43;321;0;364;364;24281[Hauptbahnhof Süd];2021-11-23T17:12:02.108Z
0.7218789;open;2021-11-23T17:11:00Z;584;225;0;809;809;24279[Konstabler];2021-11-23T17:12:02.108Z
1;open;2021-11-23T17:11:00Z;426;0;0;426;426;18497[Hauptwache];2021-11-23T17:12:02.108Z
0.53088236;open;2021-11-23T17:11:00Z;361;319;0;680;680;18495[Am Gericht];2021-11-23T17:12:02.108Z
0.2633371;open;2021-11-23T17:11:00Z;232;649;70;951;881;109240[MyZeil];2021-11-23T17:12:02.108Z
0.56782335;open;2021-11-23T17:11:00Z;360;274;0;634;634;18494[Konrad-Adenauer-Straße];2021-11-23T17:12:02.108Z
0.32;open;2021-11-23T17:36:00Z;64;136;150;350;200;24276[Turmcenter];2021-11-23T17:37:01.479Z
0.4004914;open;2021-11-23T17:36:00Z;163;244;0;407;407;18944[Alte Oper];2021-11-23T17:37:01.479Z
0.10714286;open;2021-11-23T17:36:00Z;39;325;0;364;364;24281[Hauptbahnhof Süd];2021-11-23T17:37:01.479Z
0.6959209;open;2021-11-23T17:36:00Z;563;246;0;809;809;24279[Konstabler];2021-11-23T17:37:01.479Z
1;open;2021-11-23T17:36:00Z;426;0;0;426;426;18497[Hauptwache];2021-11-23T17:37:01.479Z
0.5323529;open;2021-11-23T17:36:00Z;362;318;0;680;680;18495[Am Gericht];2021-11-23T17:37:01.479Z
0.23723042;open;2021-11-23T17:36:00Z;209;672;70;951;881;109240[MyZeil];2021-11-23T17:37:01.479Z
0.5646688;open;2021-11-23T17:36:00Z;358;276;0;634;634;18494[Konrad-Adenauer-Straße];2021-11-23T17:37:01.479Z
0.29;open;2021-11-23T17:56:00Z;58;142;150;350;200;24276[Turmcenter];2021-11-23T17:57:01.098Z
0.4054054;open;2021-11-23T17:56:00Z;165;242;0;407;407;18944[Alte Oper];2021-11-23T17:57:01.098Z
0.08516484;open;2021-11-23T17:56:00Z;31;333;0;364;364;24281[Hauptbahnhof Süd];2021-11-23T17:57:01.098Z
0.68479604;open;2021-11-23T17:56:00Z;554;255;0;809;809;24279[Konstabler];2021-11-23T17:57:01.098Z
0.97652584;open;2021-11-23T17:56:00Z;416;10;0;426;426;18497[Hauptwache];2021-11-23T17:57:01.098Z
0.5132353;open;2021-11-23T17:56:00Z;349;331;0;680;680;18495[Am Gericht];2021-11-23T17:57:01.098Z
0.23382519;open;2021-11-23T17:56:00Z;206;675;70;951;881;109240[MyZeil];2021-11-23T17:57:01.098Z
0.5583596;open;2021-11-23T17:56:00Z;354;280;0;634;634;18494[Konrad-Adenauer-Straße];2021-11-23T17:57:01.098Z
0.35;open;2021-11-23T18:22:00Z;70;130;150;350;200;24276[Turmcenter];2021-11-23T18:27:02.190Z
0.45208845;open;2021-11-23T18:22:00Z;184;223;0;407;407;18944[Alte Oper];2021-11-23T18:27:02.190Z
0.06043956;open;2021-11-23T18:22:00Z;22;342;0;364;364;24281[Hauptbahnhof Süd];2021-11-23T18:27:02.190Z
0.6687268;open;2021-11-23T18:22:00Z;541;268;0;809;809;24279[Konstabler];2021-11-23T18:27:02.190Z
0.95539904;open;2021-11-23T18:22:00Z;407;19;0;426;426;18497[Hauptwache];2021-11-23T18:27:02.190Z
0.5058824;open;2021-11-23T18:22:00Z;344;336;0;680;680;18495[Am Gericht];2021-11-23T18:27:02.190Z
0.54731864;open;2021-11-23T18:22:00Z;347;287;0;634;634;18494[Konrad-Adenauer-Straße];2021-11-23T18:27:02.190Z
0.38;open;2021-11-23T18:42:00Z;76;124;150;350;200;24276[Turmcenter];2021-11-23T18:47:02.457Z
0.47665846;open;2021-11-23T18:42:00Z;194;213;0;407;407;18944[Alte Oper];2021-11-23T18:47:02.457Z
0.04945055;open;2021-11-23T18:42:00Z;18;346;0;364;364;24281[Hauptbahnhof Süd];2021-11-23T18:47:02.457Z
0.6415328;open;2021-11-23T18:42:00Z;519;290;0;809;809;24279[Konstabler];2021-11-23T18:47:02.457Z
0.96948355;open;2021-11-23T18:42:00Z;413;13;0;426;426;18497[Hauptwache];2021-11-23T18:47:02.457Z
0.4970588;open;2021-11-23T18:42:00Z;338;342;0;680;680;18495[Am Gericht];2021-11-23T18:47:02.457Z
0.24063565;open;2021-11-23T18:42:00Z;212;669;70;951;881;109240[MyZeil];2021-11-23T18:47:02.457Z
0.5362776;open;2021-11-23T18:42:00Z;340;294;0;634;634;18494[Konrad-Adenauer-Straße];2021-11-23T18:47:02.457Z
0.365;open;2021-11-23T18:52:00Z;73;127;150;350;200;24276[Turmcenter];2021-11-23T18:57:00.159Z
0.47174448;open;2021-11-23T18:52:00Z;192;215;0;407;407;18944[Alte Oper];2021-11-23T18:57:00.159Z
0.043956045;open;2021-11-23T18:52:00Z;16;348;0;364;364;24281[Hauptbahnhof Süd];2021-11-23T18:57:00.159Z
0.6415328;open;2021-11-23T18:52:00Z;519;290;0;809;809;24279[Konstabler];2021-11-23T18:57:00.159Z
0.9600939;open;2021-11-23T18:52:00Z;409;17;0;426;426;18497[Hauptwache];2021-11-23T18:57:00.159Z
0.49558824;open;2021-11-23T18:52:00Z;337;343;0;680;680;18495[Am Gericht];2021-11-23T18:57:00.159Z
0.23041998;open;2021-11-23T18:52:00Z;203;678;70;951;881;109240[MyZeil];2021-11-23T18:57:00.159Z
0.5252366;open;2021-11-23T18:52:00Z;333;301;0;634;634;18494[Konrad-Adenauer-Straße];2021-11-23T18:57:00.159Z
0.34;open;2021-11-23T19:17:00Z;68;132;150;350;200;24276[Turmcenter];2021-11-23T19:22:00.277Z
0.45454547;open;2021-11-23T19:17:00Z;185;222;0;407;407;18944[Alte Oper];2021-11-23T19:22:00.277Z
0.04945055;open;2021-11-23T19:17:00Z;18;346;0;364;364;24281[Hauptbahnhof Süd];2021-11-23T19:22:00.277Z
0.5723115;open;2021-11-23T19:17:00Z;463;346;0;809;809;24279[Konstabler];2021-11-23T19:22:00.277Z
0.8873239;open;2021-11-23T19:17:00Z;378;48;0;426;426;18497[Hauptwache];2021-11-23T19:22:00.277Z
0.48088235;open;2021-11-23T19:17:00Z;327;353;0;680;680;18495[Am Gericht];2021-11-23T19:22:00.277Z
0.20090806;open;2021-11-23T19:17:00Z;177;704;70;951;881;109240[MyZeil];2021-11-23T19:22:00.277Z
0.49369085;open;2021-11-23T19:17:00Z;313;321;0;634;634;18494[Konrad-Adenauer-Straße];2021-11-23T19:22:00.277Z
0.33;open;2021-11-23T19:27:00Z;66;134;150;350;200;24276[Turmcenter];2021-11-23T19:32:01.412Z
0.44471744;open;2021-11-23T19:27:00Z;181;226;0;407;407;18944[Alte Oper];2021-11-23T19:32:01.412Z
0.04945055;open;2021-11-23T19:27:00Z;18;346;0;364;364;24281[Hauptbahnhof Süd];2021-11-23T19:32:01.412Z
0.55995053;open;2021-11-23T19:27:00Z;453;356;0;809;809;24279[Konstabler];2021-11-23T19:32:01.412Z
0.84741783;open;2021-11-23T19:27:00Z;361;65;0;426;426;18497[Hauptwache];2021-11-23T19:32:01.412Z
0.4735294;open;2021-11-23T19:27:00Z;322;358;0;680;680;18495[Am Gericht];2021-11-23T19:32:01.412Z
0.19977298;open;2021-11-23T19:27:00Z;176;705;70;951;881;109240[MyZeil];2021-11-23T19:32:01.412Z
0.48107255;open;2021-11-23T19:27:00Z;305;329;0;634;634;18494[Konrad-Adenauer-Straße];2021-11-23T19:32:01.412Z
0.335;open;2021-11-23T19:38:00Z;67;133;150;350;200;24276[Turmcenter];2021-11-23T19:42:01.966Z
0.44717446;open;2021-11-23T19:38:00Z;182;225;0;407;407;18944[Alte Oper];2021-11-23T19:42:01.966Z
0.04945055;open;2021-11-23T19:38:00Z;18;346;0;364;364;24281[Hauptbahnhof Süd];2021-11-23T19:42:01.966Z
0.5290482;open;2021-11-23T19:38:00Z;428;381;0;809;809;24279[Konstabler];2021-11-23T19:42:01.966Z
0.814554;open;2021-11-23T19:38:00Z;347;79;0;426;426;18497[Hauptwache];2021-11-23T19:42:01.966Z
0.46911764;open;2021-11-23T19:38:00Z;319;361;0;680;680;18495[Am Gericht];2021-11-23T19:42:01.966Z
0.19296254;open;2021-11-23T19:38:00Z;170;711;70;951;881;109240[MyZeil];2021-11-23T19:42:01.966Z
0.48107255;open;2021-11-23T19:38:00Z;305;329;0;634;634;18494[Konrad-Adenauer-Straße];2021-11-23T19:42:01.966Z
0.315;open;2021-11-23T19:48:00Z;63;137;150;350;200;24276[Turmcenter];2021-11-23T19:52:01.085Z
0.44717446;open;2021-11-23T19:48:00Z;182;225;0;407;407;18944[Alte Oper];2021-11-23T19:52:01.085Z
0.04945055;open;2021-11-23T19:48:00Z;18;346;0;364;364;24281[Hauptbahnhof Süd];2021-11-23T19:52:01.085Z
0.5055624;open;2021-11-23T19:48:00Z;409;400;0;809;809;24279[Konstabler];2021-11-23T19:52:01.085Z
0.7887324;open;2021-11-23T19:48:00Z;336;90;0;426;426;18497[Hauptwache];2021-11-23T19:52:01.085Z
0.46764705;open;2021-11-23T19:48:00Z;318;362;0;680;680;18495[Am Gericht];2021-11-23T19:52:01.085Z
0.18274687;open;2021-11-23T19:48:00Z;161;720;70;951;881;109240[MyZeil];2021-11-23T19:52:01.085Z
0.4747634;open;2021-11-23T19:48:00Z;301;333;0;634;634;18494[Konrad-Adenauer-Straße];2021-11-23T19:52:01.085Z
0.31;open;2021-11-23T19:58:00Z;62;138;150;350;200;24276[Turmcenter];2021-11-23T20:02:01.317Z
0.4226044;open;2021-11-23T19:58:00Z;172;235;0;407;407;18944[Alte Oper];2021-11-23T20:02:01.317Z
0.046703298;open;2021-11-23T19:58:00Z;17;347;0;364;364;24281[Hauptbahnhof Süd];2021-11-23T20:02:01.317Z
0.48454884;open;2021-11-23T19:58:00Z;392;417;0;809;809;24279[Konstabler];2021-11-23T20:02:01.317Z
0.76760566;open;2021-11-23T19:58:00Z;327;99;0;426;426;18497[Hauptwache];2021-11-23T20:02:01.317Z
0.45441177;open;2021-11-23T19:58:00Z;309;371;0;680;680;18495[Am Gericht];2021-11-23T20:02:01.317Z
0.17480136;open;2021-11-23T19:58:00Z;154;727;70;951;881;109240[MyZeil];2021-11-23T20:02:01.317Z
0.4652997;open;2021-11-23T19:58:00Z;295;339;0;634;634;18494[Konrad-Adenauer-Straße];2021-11-23T20:02:01.317Z
0.285;open;2021-11-23T20:28:00Z;57;143;150;350;200;24276[Turmcenter];2021-11-23T20:32:01.722Z
0.33415234;open;2021-11-23T20:28:00Z;136;271;0;407;407;18944[Alte Oper];2021-11-23T20:32:01.722Z
0.046703298;open;2021-11-23T20:28:00Z;17;347;0;364;364;24281[Hauptbahnhof Süd];2021-11-23T20:32:01.722Z
0.40914708;open;2021-11-23T20:28:00Z;331;478;0;809;809;24279[Konstabler];2021-11-23T20:32:01.722Z
0.65023476;open;2021-11-23T20:28:00Z;277;149;0;426;426;18497[Hauptwache];2021-11-23T20:32:01.722Z
0.43970588;open;2021-11-23T20:28:00Z;299;381;0;680;680;18495[Am Gericht];2021-11-23T20:32:01.722Z
0.15777525;open;2021-11-23T20:28:00Z;139;742;70;951;881;109240[MyZeil];2021-11-23T20:32:01.722Z
0.4526814;open;2021-11-23T20:28:00Z;287;347;0;634;634;18494[Konrad-Adenauer-Straße];2021-11-23T20:32:01.722Z
0.275;open;2021-11-23T20:43:00Z;55;145;150;350;200;24276[Turmcenter];2021-11-23T20:47:02.046Z
0.25061426;open;2021-11-23T20:43:00Z;102;305;0;407;407;18944[Alte Oper];2021-11-23T20:47:02.046Z
0.043956045;open;2021-11-23T20:43:00Z;16;348;0;364;364;24281[Hauptbahnhof Süd];2021-11-23T20:47:02.046Z
0.38689741;open;2021-11-23T20:43:00Z;313;496;0;809;809;24279[Konstabler];2021-11-23T20:47:02.046Z
0.6150235;open;2021-11-23T20:43:00Z;262;164;0;426;426;18497[Hauptwache];2021-11-23T20:47:02.046Z
0.42941177;open;2021-11-23T20:43:00Z;292;388;0;680;680;18495[Am Gericht];2021-11-23T20:47:02.046Z
0.44164038;open;2021-11-23T20:43:00Z;280;354;0;634;634;18494[Konrad-Adenauer-Straße];2021-11-23T20:47:02.046Z
0.255;open;2021-11-23T20:59:00Z;51;149;150;350;200;24276[Turmcenter];2021-11-23T21:02:02.721Z
0.22604422;open;2021-11-23T20:59:00Z;92;315;0;407;407;18944[Alte Oper];2021-11-23T21:02:02.721Z
0.043956045;open;2021-11-23T20:59:00Z;16;348;0;364;364;24281[Hauptbahnhof Süd];2021-11-23T21:02:02.721Z
0.35475895;open;2021-11-23T20:59:00Z;287;522;0;809;809;24279[Konstabler];2021-11-23T21:02:02.721Z
0.58920187;open;2021-11-23T20:59:00Z;251;175;0;426;426;18497[Hauptwache];2021-11-23T21:02:02.721Z
0.425;open;2021-11-23T20:59:00Z;289;391;0;680;680;18495[Am Gericht];2021-11-23T21:02:02.721Z
0.14188422;open;2021-11-23T20:59:00Z;125;756;70;951;881;109240[MyZeil];2021-11-23T21:02:02.721Z
0.43375394;open;2021-11-23T20:59:00Z;275;359;0;634;634;18494[Konrad-Adenauer-Straße];2021-11-23T21:02:02.721Z
0.22;open;2021-11-23T21:19:00Z;44;156;150;350;200;24276[Turmcenter];2021-11-23T21:22:00.902Z
0.2014742;open;2021-11-23T21:19:00Z;82;325;0;407;407;18944[Alte Oper];2021-11-23T21:22:00.902Z
0.024725275;open;2021-11-23T21:19:00Z;9;355;0;364;364;24281[Hauptbahnhof Süd];2021-11-23T21:22:00.902Z
0.3300371;open;2021-11-23T21:19:00Z;267;542;0;809;809;24279[Konstabler];2021-11-23T21:22:00.902Z
0.5610329;open;2021-11-23T21:19:00Z;239;187;0;426;426;18497[Hauptwache];2021-11-23T21:22:00.902Z
0.42352942;open;2021-11-23T21:19:00Z;288;392;0;680;680;18495[Am Gericht];2021-11-23T21:22:00.902Z
0.13507378;open;2021-11-23T21:19:00Z;119;762;70;951;881;109240[MyZeil];2021-11-23T21:22:00.902Z
0.42113563;open;2021-11-23T21:19:00Z;267;367;0;634;634;18494[Konrad-Adenauer-Straße];2021-11-23T21:22:00.902Z
0.21;open;2021-11-23T21:34:00Z;42;158;150;350;200;24276[Turmcenter];2021-11-23T21:37:00.879Z
0.19164619;open;2021-11-23T21:34:00Z;78;329;0;407;407;18944[Alte Oper];2021-11-23T21:37:00.879Z
0.024725275;open;2021-11-23T21:34:00Z;9;355;0;364;364;24281[Hauptbahnhof Süd];2021-11-23T21:37:00.879Z
0.31891224;open;2021-11-23T21:34:00Z;258;551;0;809;809;24279[Konstabler];2021-11-23T21:37:00.879Z
0.5586854;open;2021-11-23T21:34:00Z;238;188;0;426;426;18497[Hauptwache];2021-11-23T21:37:00.879Z
0.42058823;open;2021-11-23T21:34:00Z;286;394;0;680;680;18495[Am Gericht];2021-11-23T21:37:00.879Z
0.1293984;open;2021-11-23T21:34:00Z;114;767;70;951;881;109240[MyZeil];2021-11-23T21:37:00.879Z
0.41955835;open;2021-11-23T21:34:00Z;266;368;0;634;634;18494[Konrad-Adenauer-Straße];2021-11-23T21:37:00.879Z
0.195;open;2021-11-23T21:49:00Z;39;161;150;350;200;24276[Turmcenter];2021-11-23T21:52:00.171Z
0.18673219;open;2021-11-23T21:49:00Z;76;331;0;407;407;18944[Alte Oper];2021-11-23T21:52:00.171Z
0.03021978;open;2021-11-23T21:49:00Z;11;353;0;364;364;24281[Hauptbahnhof Süd];2021-11-23T21:52:00.171Z
0.3065513;open;2021-11-23T21:49:00Z;248;561;0;809;809;24279[Konstabler];2021-11-23T21:52:00.171Z
0.5469484;open;2021-11-23T21:49:00Z;233;193;0;426;426;18497[Hauptwache];2021-11-23T21:52:00.171Z
0.42058823;open;2021-11-23T21:49:00Z;286;394;0;680;680;18495[Am Gericht];2021-11-23T21:52:00.171Z
0.12599319;open;2021-11-23T21:49:00Z;111;770;70;951;881;109240[MyZeil];2021-11-23T21:52:00.171Z
0.4164038;open;2021-11-23T21:49:00Z;264;370;0;634;634;18494[Konrad-Adenauer-Straße];2021-11-23T21:52:00.171Z
0.19;open;2021-11-23T22:00:00Z;38;162;150;350;200;24276[Turmcenter];2021-11-23T22:02:02.649Z
0.18181819;open;2021-11-23T22:00:00Z;74;333;0;407;407;18944[Alte Oper];2021-11-23T22:02:02.649Z
0.027472528;open;2021-11-23T22:00:00Z;10;354;0;364;364;24281[Hauptbahnhof Süd];2021-11-23T22:02:02.649Z
0.30160692;open;2021-11-23T22:00:00Z;244;565;0;809;809;24279[Konstabler];2021-11-23T22:02:02.649Z
0.5375587;open;2021-11-23T22:00:00Z;229;197;0;426;426;18497[Hauptwache];2021-11-23T22:02:02.649Z
0.42205882;open;2021-11-23T22:00:00Z;287;393;0;680;680;18495[Am Gericht];2021-11-23T22:02:02.649Z
0.12258797;open;2021-11-23T22:00:00Z;108;773;70;951;881;109240[MyZeil];2021-11-23T22:02:02.649Z
0.41167194;open;2021-11-23T22:00:00Z;261;373;0;634;634;18494[Konrad-Adenauer-Straße];2021-11-23T22:02:02.649Z
0.17;open;2021-11-23T22:25:00Z;34;166;150;350;200;24276[Turmcenter];2021-11-23T22:27:02.311Z
0.16216215;open;2021-11-23T22:25:00Z;66;341;0;407;407;18944[Alte Oper];2021-11-23T22:27:02.311Z
0.027472528;open;2021-11-23T22:25:00Z;10;354;0;364;364;24281[Hauptbahnhof Süd];2021-11-23T22:27:02.311Z
0.2843016;open;2021-11-23T22:25:00Z;230;579;0;809;809;24279[Konstabler];2021-11-23T22:27:02.311Z
0.52582157;open;2021-11-23T22:25:00Z;224;202;0;426;426;18497[Hauptwache];2021-11-23T22:27:02.311Z
0.41911766;open;2021-11-23T22:25:00Z;285;395;0;680;680;18495[Am Gericht];2021-11-23T22:27:02.311Z
0.120317824;open;2021-11-23T22:25:00Z;106;775;70;951;881;109240[MyZeil];2021-11-23T22:27:02.311Z
0.41167194;open;2021-11-23T22:25:00Z;261;373;0;634;634;18494[Konrad-Adenauer-Straße];2021-11-23T22:27:02.311Z
0.175;open;2021-11-23T22:41:00Z;35;165;150;350;200;24276[Turmcenter];2021-11-23T22:42:02.640Z
0.15233415;open;2021-11-23T22:41:00Z;62;345;0;407;407;18944[Alte Oper];2021-11-23T22:42:02.640Z
0.03021978;open;2021-11-23T22:41:00Z;11;353;0;364;364;24281[Hauptbahnhof Süd];2021-11-23T22:42:02.640Z
0.27935722;open;2021-11-23T22:41:00Z;226;583;0;809;809;24279[Konstabler];2021-11-23T22:42:02.640Z
0.5140845;open;2021-11-23T22:41:00Z;219;207;0;426;426;18497[Hauptwache];2021-11-23T22:42:02.640Z
0.42058823;open;2021-11-23T22:41:00Z;286;394;0;680;680;18495[Am Gericht];2021-11-23T22:42:02.640Z
0.116912596;open;2021-11-23T22:41:00Z;103;778;70;951;881;109240[MyZeil];2021-11-23T22:42:02.640Z
0.4022082;open;2021-11-23T22:41:00Z;255;379;0;634;634;18494[Konrad-Adenauer-Straße];2021-11-23T22:42:02.640Z
0.145;open;2021-11-23T22:56:00Z;29;171;150;350;200;24276[Turmcenter];2021-11-23T22:57:01.061Z
0.14987715;open;2021-11-23T22:56:00Z;61;346;0;407;407;18944[Alte Oper];2021-11-23T22:57:01.061Z
0.027472528;open;2021-11-23T22:56:00Z;10;354;0;364;364;24281[Hauptbahnhof Süd];2021-11-23T22:57:01.061Z
0.27441284;open;2021-11-23T22:56:00Z;222;587;0;809;809;24279[Konstabler];2021-11-23T22:57:01.061Z
0.5093897;open;2021-11-23T22:56:00Z;217;209;0;426;426;18497[Hauptwache];2021-11-23T22:57:01.061Z
0.41764706;open;2021-11-23T22:56:00Z;284;396;0;680;680;18495[Am Gericht];2021-11-23T22:57:01.061Z
0.11577752;open;2021-11-23T22:56:00Z;102;779;70;951;881;109240[MyZeil];2021-11-23T22:57:01.061Z
0.40063092;open;2021-11-23T22:56:00Z;254;380;0;634;634;18494[Konrad-Adenauer-Straße];2021-11-23T22:57:01.061Z
0.115;open;2021-11-23T23:32:00Z;23;177;150;350;200;24276[Turmcenter];2021-11-23T23:37:01.493Z
0.13513513;open;2021-11-23T23:32:00Z;55;352;0;407;407;18944[Alte Oper];2021-11-23T23:37:01.493Z
0.024725275;open;2021-11-23T23:32:00Z;9;355;0;364;364;24281[Hauptbahnhof Süd];2021-11-23T23:37:01.493Z
0.26328802;open;2021-11-23T23:32:00Z;213;596;0;809;809;24279[Konstabler];2021-11-23T23:37:01.493Z
0.5046948;open;2021-11-23T23:32:00Z;215;211;0;426;426;18497[Hauptwache];2021-11-23T23:37:01.493Z
0;closed;2021-11-23T23:32:00Z;;396;0;0;0;18495[Am Gericht];2021-11-23T23:37:01.493Z
0.1123723;open;2021-11-23T23:32:00Z;99;782;70;951;881;109240[MyZeil];2021-11-23T23:37:01.493Z
0.40063092;open;2021-11-23T23:32:00Z;254;380;0;634;634;18494[Konrad-Adenauer-Straße];2021-11-23T23:37:01.493Z
0.11;open;2021-11-23T23:42:00Z;22;178;150;350;200;24276[Turmcenter];2021-11-23T23:47:02.100Z
0.13513513;open;2021-11-23T23:42:00Z;55;352;0;407;407;18944[Alte Oper];2021-11-23T23:47:02.100Z
0.021978023;open;2021-11-23T23:42:00Z;8;356;0;364;364;24281[Hauptbahnhof Süd];2021-11-23T23:47:02.100Z
0.2645241;open;2021-11-23T23:42:00Z;214;595;0;809;809;24279[Konstabler];2021-11-23T23:47:02.100Z
0.5046948;open;2021-11-23T23:42:00Z;215;211;0;426;426;18497[Hauptwache];2021-11-23T23:47:02.100Z
0;closed;2021-11-23T23:42:00Z;;396;0;0;0;18495[Am Gericht];2021-11-23T23:47:02.100Z
0.11123723;open;2021-11-23T23:42:00Z;98;783;70;951;881;109240[MyZeil];2021-11-23T23:47:02.100Z
0.39905363;open;2021-11-23T23:42:00Z;253;381;0;634;634;18494[Konrad-Adenauer-Straße];2021-11-23T23:47:02.100Z
0.11;open;2021-11-23T23:52:00Z;22;178;150;350;200;24276[Turmcenter];2021-11-23T23:57:01.999Z
0.13267814;open;2021-11-23T23:52:00Z;54;353;0;407;407;18944[Alte Oper];2021-11-23T23:57:01.999Z
0.021978023;open;2021-11-23T23:52:00Z;8;356;0;364;364;24281[Hauptbahnhof Süd];2021-11-23T23:57:01.999Z
0.2620519;open;2021-11-23T23:52:00Z;212;597;0;809;809;24279[Konstabler];2021-11-23T23:57:01.999Z
0.5;open;2021-11-23T23:52:00Z;213;213;0;426;426;18497[Hauptwache];2021-11-23T23:57:01.999Z
0;closed;2021-11-23T23:52:00Z;;396;0;0;0;18495[Am Gericht];2021-11-23T23:57:01.999Z
0.11123723;open;2021-11-23T23:52:00Z;98;783;70;951;881;109240[MyZeil];2021-11-23T23:57:01.999Z
0.39905363;open;2021-11-23T23:52:00Z;253;381;0;634;634;18494[Konrad-Adenauer-Straße];2021-11-23T23:57:01.999Z
0.11;open;2021-11-24T01:08:00Z;22;178;150;350;200;24276[Turmcenter];2021-11-24T01:12:02.997Z
0.13022113;open;2021-11-24T01:08:00Z;53;354;0;407;407;18944[Alte Oper];2021-11-24T01:12:02.997Z
0.021978023;open;2021-11-24T01:08:00Z;8;356;0;364;364;24281[Hauptbahnhof Süd];2021-11-24T01:12:02.997Z
0.2620519;open;2021-11-24T01:08:00Z;212;597;0;809;809;24279[Konstabler];2021-11-24T01:12:02.997Z
0.4976526;open;2021-11-24T01:08:00Z;212;214;0;426;426;18497[Hauptwache];2021-11-24T01:12:02.997Z
0;closed;2021-11-24T01:08:00Z;;396;0;0;0;18495[Am Gericht];2021-11-24T01:12:02.997Z
0.110102154;open;2021-11-24T01:08:00Z;97;784;70;951;881;109240[MyZeil];2021-11-24T01:12:02.997Z
0.39747635;open;2021-11-24T01:08:00Z;252;382;0;634;634;18494[Konrad-Adenauer-Straße];2021-11-24T01:12:02.997Z
0.115;open;2021-11-24T02:08:00Z;23;177;150;350;200;24276[Turmcenter];2021-11-24T02:12:00.208Z
0.13022113;open;2021-11-24T02:08:00Z;53;354;0;407;407;18944[Alte Oper];2021-11-24T02:12:00.208Z
0.021978023;open;2021-11-24T02:08:00Z;8;356;0;364;364;24281[Hauptbahnhof Süd];2021-11-24T02:12:00.208Z
0.26081583;open;2021-11-24T02:08:00Z;211;598;0;809;809;24279[Konstabler];2021-11-24T02:12:00.208Z
0.4976526;open;2021-11-24T02:08:00Z;212;214;0;426;426;18497[Hauptwache];2021-11-24T02:12:00.208Z
0;closed;2021-11-24T02:08:00Z;;396;0;0;0;18495[Am Gericht];2021-11-24T02:12:00.208Z
0.110102154;open;2021-11-24T02:08:00Z;97;784;70;951;881;109240[MyZeil];2021-11-24T02:12:00.208Z
0.4022082;open;2021-11-24T02:08:00Z;255;379;0;634;634;18494[Konrad-Adenauer-Straße];2021-11-24T02:12:00.208Z
0.115;open;2021-11-24T02:44:00Z;23;177;150;350;200;24276[Turmcenter];2021-11-24T02:47:02.261Z
0.13022113;open;2021-11-24T02:44:00Z;53;354;0;407;407;18944[Alte Oper];2021-11-24T02:47:02.261Z
0.021978023;open;2021-11-24T02:44:00Z;8;356;0;364;364;24281[Hauptbahnhof Süd];2021-11-24T02:47:02.261Z
0.26081583;open;2021-11-24T02:44:00Z;211;598;0;809;809;24279[Konstabler];2021-11-24T02:47:02.261Z
0.4976526;open;2021-11-24T02:44:00Z;212;214;0;426;426;18497[Hauptwache];2021-11-24T02:47:02.261Z
0;closed;2021-11-24T02:44:00Z;;396;0;0;0;18495[Am Gericht];2021-11-24T02:47:02.261Z
0.110102154;open;2021-11-24T02:44:00Z;97;784;70;951;881;109240[MyZeil];2021-11-24T02:47:02.261Z
0.4037855;open;2021-11-24T02:44:00Z;256;378;0;634;634;18494[Konrad-Adenauer-Straße];2021-11-24T02:47:02.261Z
0.115;open;2021-11-24T02:54:00Z;23;177;150;350;200;24276[Turmcenter];2021-11-24T02:57:02.977Z
0.13022113;open;2021-11-24T02:54:00Z;53;354;0;407;407;18944[Alte Oper];2021-11-24T02:57:02.977Z
0.021978023;open;2021-11-24T02:54:00Z;8;356;0;364;364;24281[Hauptbahnhof Süd];2021-11-24T02:57:02.977Z
0.26081583;open;2021-11-24T02:54:00Z;211;598;0;809;809;24279[Konstabler];2021-11-24T02:57:02.977Z
0.4976526;open;2021-11-24T02:54:00Z;212;214;0;426;426;18497[Hauptwache];2021-11-24T02:57:02.977Z
0;closed;2021-11-24T02:54:00Z;;396;0;0;0;18495[Am Gericht];2021-11-24T02:57:02.977Z
0.110102154;open;2021-11-24T02:54:00Z;97;784;70;951;881;109240[MyZeil];2021-11-24T02:57:02.977Z
0.4037855;open;2021-11-24T02:54:00Z;256;378;0;634;634;18494[Konrad-Adenauer-Straße];2021-11-24T02:57:02.977Z
0.115;open;2021-11-24T03:19:00Z;23;177;150;350;200;24276[Turmcenter];2021-11-24T03:22:02.799Z
0.13022113;open;2021-11-24T03:19:00Z;53;354;0;407;407;18944[Alte Oper];2021-11-24T03:22:02.799Z
0.021978023;open;2021-11-24T03:19:00Z;8;356;0;364;364;24281[Hauptbahnhof Süd];2021-11-24T03:22:02.799Z
0.26081583;open;2021-11-24T03:19:00Z;211;598;0;809;809;24279[Konstabler];2021-11-24T03:22:02.799Z
0.4976526;open;2021-11-24T03:19:00Z;212;214;0;426;426;18497[Hauptwache];2021-11-24T03:22:02.799Z
0;closed;2021-11-24T03:19:00Z;;;0;0;0;18495[Am Gericht];2021-11-24T03:22:02.799Z
0.110102154;open;2021-11-24T03:19:00Z;97;784;70;951;881;109240[MyZeil];2021-11-24T03:22:02.799Z
0.40694007;open;2021-11-24T03:19:00Z;258;376;0;634;634;18494[Konrad-Adenauer-Straße];2021-11-24T03:22:02.799Z
0.115;open;2021-11-24T03:34:00Z;23;177;150;350;200;24276[Turmcenter];2021-11-24T03:37:01.209Z
0.13022113;open;2021-11-24T03:34:00Z;53;354;0;407;407;18944[Alte Oper];2021-11-24T03:37:01.209Z
0.021978023;open;2021-11-24T03:34:00Z;8;356;0;364;364;24281[Hauptbahnhof Süd];2021-11-24T03:37:01.209Z
0.26081583;open;2021-11-24T03:34:00Z;211;598;0;809;809;24279[Konstabler];2021-11-24T03:37:01.209Z
0.4976526;open;2021-11-24T03:34:00Z;212;214;0;426;426;18497[Hauptwache];2021-11-24T03:37:01.209Z
0;closed;2021-11-24T03:34:00Z;;;0;0;0;18495[Am Gericht];2021-11-24T03:37:01.209Z
0.110102154;open;2021-11-24T03:34:00Z;97;784;70;951;881;109240[MyZeil];2021-11-24T03:37:01.209Z
0.41009465;open;2021-11-24T03:34:00Z;260;374;0;634;634;18494[Konrad-Adenauer-Straße];2021-11-24T03:37:01.209Z
0.115;open;2021-11-24T03:49:00Z;23;177;150;350;200;24276[Turmcenter];2021-11-24T03:52:01.120Z
0.13022113;open;2021-11-24T03:49:00Z;53;354;0;407;407;18944[Alte Oper];2021-11-24T03:52:01.120Z
0.021978023;open;2021-11-24T03:49:00Z;8;356;0;364;364;24281[Hauptbahnhof Süd];2021-11-24T03:52:01.120Z
0.26081583;open;2021-11-24T03:49:00Z;211;598;0;809;809;24279[Konstabler];2021-11-24T03:52:01.120Z
0.4976526;open;2021-11-24T03:49:00Z;212;214;0;426;426;18497[Hauptwache];2021-11-24T03:52:01.120Z
0;closed;2021-11-24T03:49:00Z;;;0;0;0;18495[Am Gericht];2021-11-24T03:52:01.120Z
0.110102154;open;2021-11-24T03:49:00Z;97;784;70;951;881;109240[MyZeil];2021-11-24T03:52:01.120Z
0.41009465;open;2021-11-24T03:49:00Z;260;374;0;634;634;18494[Konrad-Adenauer-Straße];2021-11-24T03:52:01.120Z
0.12;open;2021-11-24T03:59:00Z;24;176;150;350;200;24276[Turmcenter];2021-11-24T04:02:00.348Z
0.13022113;open;2021-11-24T03:59:00Z;53;354;0;407;407;18944[Alte Oper];2021-11-24T04:02:00.348Z
0.021978023;open;2021-11-24T03:59:00Z;8;356;0;364;364;24281[Hauptbahnhof Süd];2021-11-24T04:02:00.348Z
0.26081583;open;2021-11-24T03:59:00Z;211;598;0;809;809;24279[Konstabler];2021-11-24T04:02:00.348Z
0.4976526;open;2021-11-24T03:59:00Z;212;214;0;426;426;18497[Hauptwache];2021-11-24T04:02:00.348Z
0;closed;2021-11-24T03:59:00Z;;;0;0;0;18495[Am Gericht];2021-11-24T04:02:00.348Z
0.110102154;open;2021-11-24T03:59:00Z;97;784;70;951;881;109240[MyZeil];2021-11-24T04:02:00.348Z
0.41009465;open;2021-11-24T03:59:00Z;260;374;0;634;634;18494[Konrad-Adenauer-Straße];2021-11-24T04:02:00.348Z
0.12;open;2021-11-24T04:29:00Z;24;176;150;350;200;24276[Turmcenter];2021-11-24T04:32:01.651Z
0.13022113;open;2021-11-24T04:29:00Z;53;354;0;407;407;18944[Alte Oper];2021-11-24T04:32:01.651Z
0.021978023;open;2021-11-24T04:29:00Z;8;356;0;364;364;24281[Hauptbahnhof Süd];2021-11-24T04:32:01.651Z
0.2620519;open;2021-11-24T04:29:00Z;212;597;0;809;809;24279[Konstabler];2021-11-24T04:32:01.651Z
0.4976526;open;2021-11-24T04:29:00Z;212;214;0;426;426;18497[Hauptwache];2021-11-24T04:32:01.651Z
0;closed;2021-11-24T04:29:00Z;;;0;0;0;18495[Am Gericht];2021-11-24T04:32:01.651Z
0.110102154;open;2021-11-24T04:29:00Z;97;784;70;951;881;109240[MyZeil];2021-11-24T04:32:01.651Z
0.41167194;open;2021-11-24T04:29:00Z;261;373;0;634;634;18494[Konrad-Adenauer-Straße];2021-11-24T04:32:01.651Z
0.18;open;2021-11-24T04:54:00Z;36;164;150;350;200;24276[Turmcenter];2021-11-24T04:57:02.806Z
0.13513513;open;2021-11-24T04:54:00Z;55;352;0;407;407;18944[Alte Oper];2021-11-24T04:57:02.806Z
0.041208792;open;2021-11-24T04:54:00Z;15;349;0;364;364;24281[Hauptbahnhof Süd];2021-11-24T04:57:02.806Z
0.2645241;open;2021-11-24T04:54:00Z;214;595;0;809;809;24279[Konstabler];2021-11-24T04:57:02.806Z
0.4976526;open;2021-11-24T04:54:00Z;212;214;0;426;426;18497[Hauptwache];2021-11-24T04:57:02.806Z
0;closed;2021-11-24T04:54:00Z;;;0;0;0;18495[Am Gericht];2021-11-24T04:57:02.806Z
0.1123723;open;2021-11-24T04:54:00Z;99;782;70;951;881;109240[MyZeil];2021-11-24T04:57:02.806Z
0.41955835;open;2021-11-24T04:54:00Z;266;368;0;634;634;18494[Konrad-Adenauer-Straße];2021-11-24T04:57:02.806Z
0.24666667;open;2021-11-24T05:20:00Z;37;113;200;350;150;24276[Turmcenter];2021-11-24T05:22:00.773Z
0.13513513;open;2021-11-24T05:20:00Z;55;352;0;407;407;18944[Alte Oper];2021-11-24T05:22:00.773Z
0.06318682;open;2021-11-24T05:20:00Z;23;341;0;364;364;24281[Hauptbahnhof Süd];2021-11-24T05:22:00.773Z
0.2669963;open;2021-11-24T05:20:00Z;216;593;0;809;809;24279[Konstabler];2021-11-24T05:22:00.773Z
0.5;open;2021-11-24T05:20:00Z;213;213;0;426;426;18497[Hauptwache];2021-11-24T05:22:00.773Z
0.44558823;open;2021-11-24T05:20:00Z;303;377;0;680;680;18495[Am Gericht];2021-11-24T05:22:00.773Z
0.1123723;open;2021-11-24T05:20:00Z;99;782;70;951;881;109240[MyZeil];2021-11-24T05:22:00.773Z
0.4258675;open;2021-11-24T05:20:00Z;270;364;0;634;634;18494[Konrad-Adenauer-Straße];2021-11-24T05:22:00.773Z
0.24666667;open;2021-11-24T05:30:00Z;37;113;200;350;150;24276[Turmcenter];2021-11-24T05:32:01.559Z
0.13267814;open;2021-11-24T05:30:00Z;54;353;0;407;407;18944[Alte Oper];2021-11-24T05:32:01.559Z
0.08791209;open;2021-11-24T05:30:00Z;32;332;0;364;364;24281[Hauptbahnhof Süd];2021-11-24T05:32:01.559Z
0.2694685;open;2021-11-24T05:30:00Z;218;591;0;809;809;24279[Konstabler];2021-11-24T05:32:01.559Z
0.5;open;2021-11-24T05:30:00Z;213;213;0;426;426;18497[Hauptwache];2021-11-24T05:32:01.559Z
0.45294118;open;2021-11-24T05:30:00Z;308;372;0;680;680;18495[Am Gericht];2021-11-24T05:32:01.559Z
0.113507375;open;2021-11-24T05:30:00Z;100;781;70;951;881;109240[MyZeil];2021-11-24T05:32:01.559Z
0.43375394;open;2021-11-24T05:30:00Z;275;359;0;634;634;18494[Konrad-Adenauer-Straße];2021-11-24T05:32:01.559Z
0.25333333;open;2021-11-24T05:45:00Z;38;112;200;350;150;24276[Turmcenter];2021-11-24T05:47:01.311Z
0.13267814;open;2021-11-24T05:45:00Z;54;353;0;407;407;18944[Alte Oper];2021-11-24T05:47:01.311Z
0.10164835;open;2021-11-24T05:45:00Z;37;327;0;364;364;24281[Hauptbahnhof Süd];2021-11-24T05:47:01.311Z
0.27070457;open;2021-11-24T05:45:00Z;219;590;0;809;809;24279[Konstabler];2021-11-24T05:47:01.311Z
0.5;open;2021-11-24T05:45:00Z;213;213;0;426;426;18497[Hauptwache];2021-11-24T05:47:01.311Z
0.45882353;open;2021-11-24T05:45:00Z;312;368;0;680;680;18495[Am Gericht];2021-11-24T05:47:01.311Z
0.113507375;open;2021-11-24T05:45:00Z;100;781;70;951;881;109240[MyZeil];2021-11-24T05:47:01.311Z
0.43375394;open;2021-11-24T05:45:00Z;275;359;0;634;634;18494[Konrad-Adenauer-Straße];2021-11-24T05:47:01.311Z
0.25333333;open;2021-11-24T06:00:00Z;38;112;200;350;150;24276[Turmcenter];2021-11-24T06:02:01.647Z
0.14004914;open;2021-11-24T06:00:00Z;57;350;0;407;407;18944[Alte Oper];2021-11-24T06:02:01.647Z
0.12087912;open;2021-11-24T06:00:00Z;44;320;0;364;364;24281[Hauptbahnhof Süd];2021-11-24T06:02:01.647Z
0.27441284;open;2021-11-24T06:00:00Z;222;587;0;809;809;24279[Konstabler];2021-11-24T06:02:01.647Z
0.5093897;open;2021-11-24T06:00:00Z;217;209;0;426;426;18497[Hauptwache];2021-11-24T06:02:01.647Z
0.46470588;open;2021-11-24T06:00:00Z;316;364;0;680;680;18495[Am Gericht];2021-11-24T06:02:01.647Z
0.11464245;open;2021-11-24T06:00:00Z;101;780;70;951;881;109240[MyZeil];2021-11-24T06:02:01.647Z
0.43375394;open;2021-11-24T06:00:00Z;275;359;0;634;634;18494[Konrad-Adenauer-Straße];2021-11-24T06:02:01.647Z
0.29333332;open;2021-11-24T06:30:00Z;44;106;200;350;150;24276[Turmcenter];2021-11-24T06:32:00.357Z
0.14987715;open;2021-11-24T06:30:00Z;61;346;0;407;407;18944[Alte Oper];2021-11-24T06:32:00.357Z
0.16208792;open;2021-11-24T06:30:00Z;59;305;0;364;364;24281[Hauptbahnhof Süd];2021-11-24T06:32:00.357Z
0.27688503;open;2021-11-24T06:30:00Z;224;585;0;809;809;24279[Konstabler];2021-11-24T06:32:00.357Z
0.52582157;open;2021-11-24T06:30:00Z;224;202;0;426;426;18497[Hauptwache];2021-11-24T06:32:00.357Z
0.4867647;open;2021-11-24T06:30:00Z;331;349;0;680;680;18495[Am Gericht];2021-11-24T06:32:00.357Z
0.11804767;open;2021-11-24T06:30:00Z;104;777;70;951;881;109240[MyZeil];2021-11-24T06:32:00.357Z
0.44164038;open;2021-11-24T06:30:00Z;280;354;0;634;634;18494[Konrad-Adenauer-Straße];2021-11-24T06:32:00.357Z
0.38;open;2021-11-24T06:50:00Z;57;93;200;350;150;24276[Turmcenter];2021-11-24T06:52:02.694Z
0.16707617;open;2021-11-24T06:50:00Z;68;339;0;407;407;18944[Alte Oper];2021-11-24T06:52:02.694Z
0.18956044;open;2021-11-24T06:50:00Z;69;295;0;364;364;24281[Hauptbahnhof Süd];2021-11-24T06:52:02.694Z
0.28182942;open;2021-11-24T06:50:00Z;228;581;0;809;809;24279[Konstabler];2021-11-24T06:52:02.694Z
0.5492958;open;2021-11-24T06:50:00Z;234;192;0;426;426;18497[Hauptwache];2021-11-24T06:52:02.694Z
0.5132353;open;2021-11-24T06:50:00Z;349;331;0;680;680;18495[Am Gericht];2021-11-24T06:52:02.694Z
0.120317824;open;2021-11-24T06:50:00Z;106;775;70;951;881;109240[MyZeil];2021-11-24T06:52:02.694Z
0.44794953;open;2021-11-24T06:50:00Z;284;350;0;634;634;18494[Konrad-Adenauer-Straße];2021-11-24T06:52:02.694Z
0.42;open;2021-11-24T07:00:00Z;63;87;200;350;150;24276[Turmcenter];2021-11-24T07:02:02.528Z
0.17690417;open;2021-11-24T07:00:00Z;72;335;0;407;407;18944[Alte Oper];2021-11-24T07:02:02.528Z
0.21428572;open;2021-11-24T07:00:00Z;78;286;0;364;364;24281[Hauptbahnhof Süd];2021-11-24T07:02:02.528Z
0.29171818;open;2021-11-24T07:00:00Z;236;573;0;809;809;24279[Konstabler];2021-11-24T07:02:02.528Z
0.5586854;open;2021-11-24T07:00:00Z;238;188;0;426;426;18497[Hauptwache];2021-11-24T07:02:02.528Z
0.5264706;open;2021-11-24T07:00:00Z;358;322;0;680;680;18495[Am Gericht];2021-11-24T07:02:02.528Z
0.1214529;open;2021-11-24T07:00:00Z;107;774;70;951;881;109240[MyZeil];2021-11-24T07:02:02.528Z
0.45583597;open;2021-11-24T07:00:00Z;289;345;0;634;634;18494[Konrad-Adenauer-Straße];2021-11-24T07:02:02.528Z
0.5733333;open;2021-11-24T07:26:00Z;86;64;200;350;150;24276[Turmcenter];2021-11-24T07:27:01.647Z
0.22113022;open;2021-11-24T07:26:00Z;90;317;0;407;407;18944[Alte Oper];2021-11-24T07:27:01.647Z
0.26923078;open;2021-11-24T07:26:00Z;98;266;0;364;364;24281[Hauptbahnhof Süd];2021-11-24T07:27:01.647Z
0.31891224;open;2021-11-24T07:26:00Z;258;551;0;809;809;24279[Konstabler];2021-11-24T07:27:01.647Z
0.59624416;open;2021-11-24T07:26:00Z;254;172;0;426;426;18497[Hauptwache];2021-11-24T07:27:01.647Z
0.5897059;open;2021-11-24T07:26:00Z;401;279;0;680;680;18495[Am Gericht];2021-11-24T07:27:01.647Z
0.13507378;open;2021-11-24T07:26:00Z;119;762;70;951;881;109240[MyZeil];2021-11-24T07:27:01.647Z
0.48107255;open;2021-11-24T07:26:00Z;305;329;0;634;634;18494[Konrad-Adenauer-Straße];2021-11-24T07:27:01.647Z
0.68;open;2021-11-24T07:41:00Z;102;48;200;350;150;24276[Turmcenter];2021-11-24T07:42:02.786Z
0.25307125;open;2021-11-24T07:41:00Z;103;304;0;407;407;18944[Alte Oper];2021-11-24T07:42:02.786Z
0.2912088;open;2021-11-24T07:41:00Z;106;258;0;364;364;24281[Hauptbahnhof Süd];2021-11-24T07:42:02.786Z
0.33374536;open;2021-11-24T07:41:00Z;270;539;0;809;809;24279[Konstabler];2021-11-24T07:42:02.786Z
0.62676054;open;2021-11-24T07:41:00Z;267;159;0;426;426;18497[Hauptwache];2021-11-24T07:42:02.786Z
0.6338235;open;2021-11-24T07:41:00Z;431;249;0;680;680;18495[Am Gericht];2021-11-24T07:42:02.786Z
0.14188422;open;2021-11-24T07:41:00Z;125;756;70;951;881;109240[MyZeil];2021-11-24T07:42:02.786Z
0.50630915;open;2021-11-24T07:41:00Z;321;313;0;634;634;18494[Konrad-Adenauer-Straße];2021-11-24T07:42:02.786Z
0.79333335;open;2021-11-24T07:56:00Z;119;31;200;350;150;24276[Turmcenter];2021-11-24T07:57:01.992Z
0.2899263;open;2021-11-24T07:56:00Z;118;289;0;407;407;18944[Alte Oper];2021-11-24T07:57:01.992Z
0.31593406;open;2021-11-24T07:56:00Z;115;249;0;364;364;24281[Hauptbahnhof Süd];2021-11-24T07:57:01.992Z
0.34857848;open;2021-11-24T07:56:00Z;282;527;0;809;809;24279[Konstabler];2021-11-24T07:57:01.992Z
0.6713615;open;2021-11-24T07:56:00Z;286;140;0;426;426;18497[Hauptwache];2021-11-24T07:57:01.992Z
0.68235296;open;2021-11-24T07:56:00Z;464;216;0;680;680;18495[Am Gericht];2021-11-24T07:57:01.992Z
0.15209989;open;2021-11-24T07:56:00Z;134;747;70;951;881;109240[MyZeil];2021-11-24T07:57:01.992Z
0.5252366;open;2021-11-24T07:56:00Z;333;301;0;634;634;18494[Konrad-Adenauer-Straße];2021-11-24T07:57:01.992Z
0.86;open;2021-11-24T08:06:00Z;129;21;200;350;150;24276[Turmcenter];2021-11-24T08:07:01.662Z
0.31203932;open;2021-11-24T08:06:00Z;127;280;0;407;407;18944[Alte Oper];2021-11-24T08:07:01.662Z
0.32692307;open;2021-11-24T08:06:00Z;119;245;0;364;364;24281[Hauptbahnhof Süd];2021-11-24T08:07:01.662Z
0.37330037;open;2021-11-24T08:06:00Z;302;507;0;809;809;24279[Konstabler];2021-11-24T08:07:01.662Z
0.6760563;open;2021-11-24T08:06:00Z;288;138;0;426;426;18497[Hauptwache];2021-11-24T08:07:01.662Z
0.7088235;open;2021-11-24T08:06:00Z;482;198;0;680;680;18495[Am Gericht];2021-11-24T08:07:01.662Z
0.15664019;open;2021-11-24T08:06:00Z;138;743;70;951;881;109240[MyZeil];2021-11-24T08:07:01.662Z
0.5236593;open;2021-11-24T08:06:00Z;332;302;0;634;634;18494[Konrad-Adenauer-Straße];2021-11-24T08:07:01.662Z
0.96666664;open;2021-11-24T08:36:00Z;145;5;200;350;150;24276[Turmcenter];2021-11-24T08:37:01.044Z
0.36609337;open;2021-11-24T08:36:00Z;149;258;0;407;407;18944[Alte Oper];2021-11-24T08:37:01.044Z
0.36813188;open;2021-11-24T08:36:00Z;134;230;0;364;364;24281[Hauptbahnhof Süd];2021-11-24T08:37:01.044Z
0.41409147;open;2021-11-24T08:36:00Z;335;474;0;809;809;24279[Konstabler];2021-11-24T08:37:01.044Z
0.74882627;open;2021-11-24T08:36:00Z;319;107;0;426;426;18497[Hauptwache];2021-11-24T08:37:01.044Z
0.7632353;open;2021-11-24T08:36:00Z;519;161;0;680;680;18495[Am Gericht];2021-11-24T08:37:01.044Z
0.18842225;open;2021-11-24T08:36:00Z;166;715;70;951;881;109240[MyZeil];2021-11-24T08:37:01.044Z
0.5520505;open;2021-11-24T08:36:00Z;350;284;0;634;634;18494[Konrad-Adenauer-Straße];2021-11-24T08:37:01.044Z
0.94666666;open;2021-11-24T08:51:00Z;142;8;200;350;150;24276[Turmcenter];2021-11-24T08:52:00.355Z
0.4029484;open;2021-11-24T08:51:00Z;164;243;0;407;407;18944[Alte Oper];2021-11-24T08:52:00.355Z
0.37362638;open;2021-11-24T08:51:00Z;136;228;0;364;364;24281[Hauptbahnhof Süd];2021-11-24T08:52:00.355Z
0.44128555;open;2021-11-24T08:51:00Z;357;452;0;809;809;24279[Konstabler];2021-11-24T08:52:00.355Z
0.80985916;open;2021-11-24T08:51:00Z;345;81;0;426;426;18497[Hauptwache];2021-11-24T08:52:00.355Z
0.7823529;open;2021-11-24T08:51:00Z;532;148;0;680;680;18495[Am Gericht];2021-11-24T08:52:00.355Z
0.5709779;open;2021-11-24T08:51:00Z;362;272;0;634;634;18494[Konrad-Adenauer-Straße];2021-11-24T08:52:00.355Z
0.94666666;open;2021-11-24T09:22:00Z;142;8;200;350;150;24276[Turmcenter];2021-11-24T09:27:01.974Z
0.47420147;open;2021-11-24T09:22:00Z;193;214;0;407;407;18944[Alte Oper];2021-11-24T09:27:01.974Z
0.3901099;open;2021-11-24T09:22:00Z;142;222;0;364;364;24281[Hauptbahnhof Süd];2021-11-24T09:27:01.974Z
0.53152037;open;2021-11-24T09:22:00Z;430;379;0;809;809;24279[Konstabler];2021-11-24T09:27:01.974Z
0.91549295;open;2021-11-24T09:22:00Z;390;36;0;426;426;18497[Hauptwache];2021-11-24T09:27:01.974Z
0.8235294;open;2021-11-24T09:22:00Z;560;120;0;680;680;18495[Am Gericht];2021-11-24T09:27:01.974Z
0.2479436;open;2021-11-24T09:22:00Z;211;640;70;921;851;109240[MyZeil];2021-11-24T09:27:01.974Z
0.61198735;open;2021-11-24T09:22:00Z;388;246;0;634;634;18494[Konrad-Adenauer-Straße];2021-11-24T09:27:01.974Z
0.94666666;open;2021-11-24T09:37:00Z;142;8;200;350;150;24276[Turmcenter];2021-11-24T09:42:01.776Z
0.5135135;open;2021-11-24T09:37:00Z;209;198;0;407;407;18944[Alte Oper];2021-11-24T09:42:01.776Z
0.39835164;open;2021-11-24T09:37:00Z;145;219;0;364;364;24281[Hauptbahnhof Süd];2021-11-24T09:42:01.776Z
0.55995053;open;2021-11-24T09:37:00Z;453;356;0;809;809;24279[Konstabler];2021-11-24T09:42:01.776Z
0.9342723;open;2021-11-24T09:37:00Z;398;28;0;426;426;18497[Hauptwache];2021-11-24T09:42:01.776Z
0.8455882;open;2021-11-24T09:37:00Z;575;105;0;680;680;18495[Am Gericht];2021-11-24T09:42:01.776Z
0.25203252;open;2021-11-24T09:37:00Z;217;644;70;931;861;109240[MyZeil];2021-11-24T09:42:01.776Z
0.60410094;open;2021-11-24T09:37:00Z;383;251;0;634;634;18494[Konrad-Adenauer-Straße];2021-11-24T09:42:01.776Z
0.9266667;open;2021-11-24T09:47:00Z;139;11;200;350;150;24276[Turmcenter];2021-11-24T09:52:02.132Z
0.5282555;open;2021-11-24T09:47:00Z;215;192;0;407;407;18944[Alte Oper];2021-11-24T09:52:02.132Z
0.40384614;open;2021-11-24T09:47:00Z;147;217;0;364;364;24281[Hauptbahnhof Süd];2021-11-24T09:52:02.132Z
0.56613106;open;2021-11-24T09:47:00Z;458;351;0;809;809;24279[Konstabler];2021-11-24T09:52:02.132Z
0.9600939;open;2021-11-24T09:47:00Z;409;17;0;426;426;18497[Hauptwache];2021-11-24T09:52:02.132Z
0.85294116;open;2021-11-24T09:47:00Z;580;100;0;680;680;18495[Am Gericht];2021-11-24T09:52:02.132Z
0.6214511;open;2021-11-24T09:47:00Z;394;240;0;634;634;18494[Konrad-Adenauer-Straße];2021-11-24T09:52:02.132Z
0.93333334;open;2021-11-24T09:57:00Z;140;10;200;350;150;24276[Turmcenter];2021-11-24T10:02:00.202Z
0.5675676;open;2021-11-24T09:57:00Z;231;176;0;407;407;18944[Alte Oper];2021-11-24T10:02:00.202Z
0.3956044;open;2021-11-24T09:57:00Z;144;220;0;364;364;24281[Hauptbahnhof Süd];2021-11-24T10:02:00.202Z
0.578492;open;2021-11-24T09:57:00Z;468;341;0;809;809;24279[Konstabler];2021-11-24T10:02:00.202Z
0.97417843;open;2021-11-24T09:57:00Z;415;11;0;426;426;18497[Hauptwache];2021-11-24T10:02:00.202Z
0.8514706;open;2021-11-24T09:57:00Z;579;101;0;680;680;18495[Am Gericht];2021-11-24T10:02:00.202Z
0.62776023;open;2021-11-24T09:57:00Z;398;236;0;634;634;18494[Konrad-Adenauer-Straße];2021-11-24T10:02:00.202Z
0.9;open;2021-11-24T10:27:00Z;135;15;200;350;150;24276[Turmcenter];2021-11-24T10:32:01.744Z
0.65110564;open;2021-11-24T10:27:00Z;265;142;0;407;407;18944[Alte Oper];2021-11-24T10:32:01.744Z
0.39835164;open;2021-11-24T10:27:00Z;145;219;0;364;364;24281[Hauptbahnhof Süd];2021-11-24T10:32:01.744Z
0.6279357;open;2021-11-24T10:27:00Z;508;301;0;809;809;24279[Konstabler];2021-11-24T10:32:01.744Z
1;open;2021-11-24T10:27:00Z;426;0;0;426;426;18497[Hauptwache];2021-11-24T10:32:01.744Z
0.88235295;open;2021-11-24T10:27:00Z;600;80;0;680;680;18495[Am Gericht];2021-11-24T10:32:01.744Z
0.65772873;open;2021-11-24T10:27:00Z;417;217;0;634;634;18494[Konrad-Adenauer-Straße];2021-11-24T10:32:01.744Z
0.9;open;2021-11-24T10:42:00Z;135;15;200;350;150;24276[Turmcenter];2021-11-24T10:47:01.249Z
0.67813265;open;2021-11-24T10:42:00Z;276;131;0;407;407;18944[Alte Oper];2021-11-24T10:47:01.249Z
0.4010989;open;2021-11-24T10:42:00Z;146;218;0;364;364;24281[Hauptbahnhof Süd];2021-11-24T10:47:01.249Z
0.6514215;open;2021-11-24T10:42:00Z;527;282;0;809;809;24279[Konstabler];2021-11-24T10:47:01.249Z
0.9906103;open;2021-11-24T10:42:00Z;422;4;0;426;426;18497[Hauptwache];2021-11-24T10:47:01.249Z
0.9044118;open;2021-11-24T10:42:00Z;615;65;0;680;680;18495[Am Gericht];2021-11-24T10:47:01.249Z
0.6608833;open;2021-11-24T10:42:00Z;419;215;0;634;634;18494[Konrad-Adenauer-Straße];2021-11-24T10:47:01.249Z
0.94;open;2021-11-24T10:52:00Z;141;9;200;350;150;24276[Turmcenter];2021-11-24T10:57:00.626Z
0.68550366;open;2021-11-24T10:52:00Z;279;128;0;407;407;18944[Alte Oper];2021-11-24T10:57:00.626Z
0.3956044;open;2021-11-24T10:52:00Z;144;220;0;364;364;24281[Hauptbahnhof Süd];2021-11-24T10:57:00.626Z
0.6909765;open;2021-11-24T10:52:00Z;559;250;0;809;809;24279[Konstabler];2021-11-24T10:57:00.626Z
0.9976526;open;2021-11-24T10:52:00Z;425;1;0;426;426;18497[Hauptwache];2021-11-24T10:57:00.626Z
0.89411765;open;2021-11-24T10:52:00Z;608;72;0;680;680;18495[Am Gericht];2021-11-24T10:57:00.626Z
0.65772873;open;2021-11-24T10:52:00Z;417;217;0;634;634;18494[Konrad-Adenauer-Straße];2021-11-24T10:57:00.626Z
0.93333334;open;2021-11-24T11:18:00Z;140;10;200;350;150;24276[Turmcenter];2021-11-24T11:22:01.870Z
0.7051597;open;2021-11-24T11:18:00Z;287;120;0;407;407;18944[Alte Oper];2021-11-24T11:22:01.870Z
0.4065934;open;2021-11-24T11:18:00Z;148;216;0;364;364;24281[Hauptbahnhof Süd];2021-11-24T11:22:01.870Z
0.7564895;open;2021-11-24T11:18:00Z;612;197;0;809;809;24279[Konstabler];2021-11-24T11:22:01.870Z
1;open;2021-11-24T11:18:00Z;426;0;0;426;426;18497[Hauptwache];2021-11-24T11:22:01.870Z
0.8838235;open;2021-11-24T11:18:00Z;601;79;0;680;680;18495[Am Gericht];2021-11-24T11:22:01.870Z
0.31177828;open;2021-11-24T11:18:00Z;270;596;70;936;866;109240[MyZeil];2021-11-24T11:22:01.870Z
0.6845426;open;2021-11-24T11:18:00Z;434;200;0;634;634;18494[Konrad-Adenauer-Straße];2021-11-24T11:22:01.870Z
0.93333334;open;2021-11-24T11:28:00Z;140;10;200;350;150;24276[Turmcenter];2021-11-24T11:32:02.371Z
0.72727275;open;2021-11-24T11:28:00Z;296;111;0;407;407;18944[Alte Oper];2021-11-24T11:32:02.371Z
0.4010989;open;2021-11-24T11:28:00Z;146;218;0;364;364;24281[Hauptbahnhof Süd];2021-11-24T11:32:02.371Z
0.76885045;open;2021-11-24T11:28:00Z;622;187;0;809;809;24279[Konstabler];2021-11-24T11:32:02.371Z
0.9882629;open;2021-11-24T11:28:00Z;421;5;0;426;426;18497[Hauptwache];2021-11-24T11:32:02.371Z
0.87941176;open;2021-11-24T11:28:00Z;598;82;0;680;680;18495[Am Gericht];2021-11-24T11:32:02.371Z
0.31755197;open;2021-11-24T11:28:00Z;275;591;70;936;866;109240[MyZeil];2021-11-24T11:32:02.371Z
0.67823344;open;2021-11-24T11:28:00Z;430;204;0;634;634;18494[Konrad-Adenauer-Straße];2021-11-24T11:32:02.371Z
0.91333336;open;2021-11-24T11:43:00Z;137;13;200;350;150;24276[Turmcenter];2021-11-24T11:47:01.037Z
0.75184274;open;2021-11-24T11:43:00Z;306;101;0;407;407;18944[Alte Oper];2021-11-24T11:47:01.037Z
0.3956044;open;2021-11-24T11:43:00Z;144;220;0;364;364;24281[Hauptbahnhof Süd];2021-11-24T11:47:01.037Z
0.7775031;open;2021-11-24T11:43:00Z;629;180;0;809;809;24279[Konstabler];2021-11-24T11:47:01.037Z
0.97652584;open;2021-11-24T11:43:00Z;416;10;0;426;426;18497[Hauptwache];2021-11-24T11:47:01.037Z
0.8720588;open;2021-11-24T11:43:00Z;593;87;0;680;680;18495[Am Gericht];2021-11-24T11:47:01.037Z
0.3152425;open;2021-11-24T11:43:00Z;273;593;70;936;866;109240[MyZeil];2021-11-24T11:47:01.037Z
0.67823344;open;2021-11-24T11:43:00Z;430;204;0;634;634;18494[Konrad-Adenauer-Straße];2021-11-24T11:47:01.037Z
0.93333334;open;2021-11-24T11:48:00Z;140;10;200;350;150;24276[Turmcenter];2021-11-24T11:52:00.926Z
0.75921375;open;2021-11-24T11:48:00Z;309;98;0;407;407;18944[Alte Oper];2021-11-24T11:52:00.926Z
0.39285713;open;2021-11-24T11:48:00Z;143;221;0;364;364;24281[Hauptbahnhof Süd];2021-11-24T11:52:00.926Z
0.789864;open;2021-11-24T11:48:00Z;639;170;0;809;809;24279[Konstabler];2021-11-24T11:52:00.926Z
0.97417843;open;2021-11-24T11:48:00Z;415;11;0;426;426;18497[Hauptwache];2021-11-24T11:52:00.926Z
0.8779412;open;2021-11-24T11:48:00Z;597;83;0;680;680;18495[Am Gericht];2021-11-24T11:52:00.926Z
0.30715936;open;2021-11-24T11:48:00Z;266;600;70;936;866;109240[MyZeil];2021-11-24T11:52:00.926Z
0.67350155;open;2021-11-24T11:48:00Z;427;207;0;634;634;18494[Konrad-Adenauer-Straße];2021-11-24T11:52:00.926Z
0.8466667;open;2021-11-24T12:28:00Z;127;23;200;350;150;24276[Turmcenter];2021-11-24T12:32:00.931Z
0.7567568;open;2021-11-24T12:28:00Z;308;99;0;407;407;18944[Alte Oper];2021-11-24T12:32:00.931Z
0.38736263;open;2021-11-24T12:28:00Z;141;223;0;364;364;24281[Hauptbahnhof Süd];2021-11-24T12:32:00.931Z
0.776267;open;2021-11-24T12:28:00Z;628;181;0;809;809;24279[Konstabler];2021-11-24T12:32:00.931Z
1;open;2021-11-24T12:28:00Z;426;0;0;426;426;18497[Hauptwache];2021-11-24T12:32:00.931Z
0.8691176;open;2021-11-24T12:28:00Z;591;89;0;680;680;18495[Am Gericht];2021-11-24T12:32:00.931Z
0.30138567;open;2021-11-24T12:28:00Z;261;605;70;936;866;109240[MyZeil];2021-11-24T12:32:00.931Z
0.6766561;open;2021-11-24T12:28:00Z;429;205;0;634;634;18494[Konrad-Adenauer-Straße];2021-11-24T12:32:00.931Z
0.7866667;open;2021-11-24T12:59:00Z;118;32;200;350;150;24276[Turmcenter];2021-11-24T13:02:01.717Z
0.75184274;open;2021-11-24T12:59:00Z;306;101;0;407;407;18944[Alte Oper];2021-11-24T13:02:01.717Z
0.38736263;open;2021-11-24T12:59:00Z;141;223;0;364;364;24281[Hauptbahnhof Süd];2021-11-24T13:02:01.717Z
0.75030905;open;2021-11-24T12:59:00Z;607;202;0;809;809;24279[Konstabler];2021-11-24T13:02:01.717Z
0.9953052;open;2021-11-24T12:59:00Z;424;2;0;426;426;18497[Hauptwache];2021-11-24T13:02:01.717Z
0.86764705;open;2021-11-24T12:59:00Z;590;90;0;680;680;18495[Am Gericht];2021-11-24T13:02:01.717Z
0.670347;open;2021-11-24T12:59:00Z;425;209;0;634;634;18494[Konrad-Adenauer-Straße];2021-11-24T13:02:01.717Z
0.74;open;2021-11-24T13:29:00Z;111;39;200;350;150;24276[Turmcenter];2021-11-24T13:32:01.264Z
0.6953317;open;2021-11-24T13:29:00Z;283;124;0;407;407;18944[Alte Oper];2021-11-24T13:32:01.264Z
0.3653846;open;2021-11-24T13:29:00Z;133;231;0;364;364;24281[Hauptbahnhof Süd];2021-11-24T13:32:01.264Z
0.7317676;open;2021-11-24T13:29:00Z;592;217;0;809;809;24279[Konstabler];2021-11-24T13:32:01.264Z
0.9882629;open;2021-11-24T13:29:00Z;421;5;0;426;426;18497[Hauptwache];2021-11-24T13:32:01.264Z
0.83235294;open;2021-11-24T13:29:00Z;566;114;0;680;680;18495[Am Gericht];2021-11-24T13:32:01.264Z
0.66561514;open;2021-11-24T13:29:00Z;422;212;0;634;634;18494[Konrad-Adenauer-Straße];2021-11-24T13:32:01.264Z
0.76;open;2021-11-24T13:49:00Z;114;36;200;350;150;24276[Turmcenter];2021-11-24T13:52:00.080Z
0.6756757;open;2021-11-24T13:49:00Z;275;132;0;407;407;18944[Alte Oper];2021-11-24T13:52:00.080Z
0.34065935;open;2021-11-24T13:49:00Z;124;240;0;364;364;24281[Hauptbahnhof Süd];2021-11-24T13:52:00.080Z
0.7317676;open;2021-11-24T13:49:00Z;592;217;0;809;809;24279[Konstabler];2021-11-24T13:52:00.080Z
1;open;2021-11-24T13:49:00Z;426;0;0;426;426;18497[Hauptwache];2021-11-24T13:52:00.080Z
0.8147059;open;2021-11-24T13:49:00Z;554;126;0;680;680;18495[Am Gericht];2021-11-24T13:52:00.080Z
0.28752887;open;2021-11-24T13:49:00Z;249;617;70;936;866;109240[MyZeil];2021-11-24T13:52:00.080Z
0.6687697;open;2021-11-24T13:49:00Z;424;210;0;634;634;18494[Konrad-Adenauer-Straße];2021-11-24T13:52:00.080Z
0.76;open;2021-11-24T13:59:00Z;114;36;200;350;150;24276[Turmcenter];2021-11-24T14:02:02.683Z
0.6560196;open;2021-11-24T13:59:00Z;267;140;0;407;407;18944[Alte Oper];2021-11-24T14:02:02.683Z
0.32692307;open;2021-11-24T13:59:00Z;119;245;0;364;364;24281[Hauptbahnhof Süd];2021-11-24T14:02:02.683Z
0.71940666;open;2021-11-24T13:59:00Z;582;227;0;809;809;24279[Konstabler];2021-11-24T14:02:02.683Z
0.9976526;open;2021-11-24T13:59:00Z;425;1;0;426;426;18497[Hauptwache];2021-11-24T14:02:02.683Z
0.79264706;open;2021-11-24T13:59:00Z;539;141;0;680;680;18495[Am Gericht];2021-11-24T14:02:02.683Z
0.29330254;open;2021-11-24T13:59:00Z;254;612;70;936;866;109240[MyZeil];2021-11-24T14:02:02.683Z
0.65772873;open;2021-11-24T13:59:00Z;417;217;0;634;634;18494[Konrad-Adenauer-Straße];2021-11-24T14:02:02.683Z
0.7266667;open;2021-11-24T14:25:00Z;109;41;200;350;150;24276[Turmcenter];2021-11-24T14:27:00.728Z
0.62407863;open;2021-11-24T14:25:00Z;254;153;0;407;407;18944[Alte Oper];2021-11-24T14:27:00.728Z
0.2967033;open;2021-11-24T14:25:00Z;108;256;0;364;364;24281[Hauptbahnhof Süd];2021-11-24T14:27:00.728Z
0.6983931;open;2021-11-24T14:25:00Z;565;244;0;809;809;24279[Konstabler];2021-11-24T14:27:00.728Z
0.9906103;open;2021-11-24T14:25:00Z;422;4;0;426;426;18497[Hauptwache];2021-11-24T14:27:00.728Z
0.7794118;open;2021-11-24T14:25:00Z;530;150;0;680;680;18495[Am Gericht];2021-11-24T14:27:00.728Z
0.65299684;open;2021-11-24T14:25:00Z;414;220;0;634;634;18494[Konrad-Adenauer-Straße];2021-11-24T14:27:00.728Z
0.68666667;open;2021-11-24T14:45:00Z;103;47;200;350;150;24276[Turmcenter];2021-11-24T14:47:00.056Z
0.6093366;open;2021-11-24T14:45:00Z;248;159;0;407;407;18944[Alte Oper];2021-11-24T14:47:00.056Z
0.2802198;open;2021-11-24T14:45:00Z;102;262;0;364;364;24281[Hauptbahnhof Süd];2021-11-24T14:47:00.056Z
0.6909765;open;2021-11-24T14:45:00Z;559;250;0;809;809;24279[Konstabler];2021-11-24T14:47:00.056Z
0.9976526;open;2021-11-24T14:45:00Z;425;1;0;426;426;18497[Hauptwache];2021-11-24T14:47:00.056Z
0.7382353;open;2021-11-24T14:45:00Z;502;178;0;680;680;18495[Am Gericht];2021-11-24T14:47:00.056Z
0.27944574;open;2021-11-24T14:45:00Z;242;624;70;936;866;109240[MyZeil];2021-11-24T14:47:00.056Z
0.659306;open;2021-11-24T14:45:00Z;418;216;0;634;634;18494[Konrad-Adenauer-Straße];2021-11-24T14:47:00.056Z
0.7;open;2021-11-24T14:55:00Z;105;45;200;350;150;24276[Turmcenter];2021-11-24T14:57:01.370Z
0.6167076;open;2021-11-24T14:55:00Z;251;156;0;407;407;18944[Alte Oper];2021-11-24T14:57:01.370Z
0.27197802;open;2021-11-24T14:55:00Z;99;265;0;364;364;24281[Hauptbahnhof Süd];2021-11-24T14:57:01.370Z
0.70333743;open;2021-11-24T14:55:00Z;569;240;0;809;809;24279[Konstabler];2021-11-24T14:57:01.370Z
0.9906103;open;2021-11-24T14:55:00Z;422;4;0;426;426;18497[Hauptwache];2021-11-24T14:57:01.370Z
0.7382353;open;2021-11-24T14:55:00Z;502;178;0;680;680;18495[Am Gericht];2021-11-24T14:57:01.370Z
0.27598152;open;2021-11-24T14:55:00Z;239;627;70;936;866;109240[MyZeil];2021-11-24T14:57:01.370Z
0.659306;open;2021-11-24T14:55:00Z;418;216;0;634;634;18494[Konrad-Adenauer-Straße];2021-11-24T14:57:01.370Z
0.7266667;open;2021-11-24T15:05:00Z;109;41;200;350;150;24276[Turmcenter];2021-11-24T15:07:00.423Z
0.6068796;open;2021-11-24T15:05:00Z;247;160;0;407;407;18944[Alte Oper];2021-11-24T15:07:00.423Z
0.26648352;open;2021-11-24T15:05:00Z;97;267;0;364;364;24281[Hauptbahnhof Süd];2021-11-24T15:07:00.423Z
0.70580965;open;2021-11-24T15:05:00Z;571;238;0;809;809;24279[Konstabler];2021-11-24T15:07:00.423Z
1;open;2021-11-24T15:05:00Z;426;0;0;426;426;18497[Hauptwache];2021-11-24T15:07:00.423Z
0.7264706;open;2021-11-24T15:05:00Z;494;186;0;680;680;18495[Am Gericht];2021-11-24T15:07:00.423Z
0.648265;open;2021-11-24T15:05:00Z;411;223;0;634;634;18494[Konrad-Adenauer-Straße];2021-11-24T15:07:00.423Z
0.7;open;2021-11-24T15:31:00Z;105;45;200;350;150;24276[Turmcenter];2021-11-24T15:32:00.267Z
0.5798526;open;2021-11-24T15:31:00Z;236;171;0;407;407;18944[Alte Oper];2021-11-24T15:32:00.267Z
0.2445055;open;2021-11-24T15:31:00Z;89;275;0;364;364;24281[Hauptbahnhof Süd];2021-11-24T15:32:00.267Z
0.68850434;open;2021-11-24T15:31:00Z;557;252;0;809;809;24279[Konstabler];2021-11-24T15:32:00.267Z
0.9953052;open;2021-11-24T15:31:00Z;424;2;0;426;426;18497[Hauptwache];2021-11-24T15:32:00.267Z
0.70735294;open;2021-11-24T15:31:00Z;481;199;0;680;680;18495[Am Gericht];2021-11-24T15:32:00.267Z
0.27136257;open;2021-11-24T15:31:00Z;235;631;70;936;866;109240[MyZeil];2021-11-24T15:32:00.267Z
0.61671925;open;2021-11-24T15:31:00Z;391;243;0;634;634;18494[Konrad-Adenauer-Straße];2021-11-24T15:32:00.267Z
0.68666667;open;2021-11-24T15:46:00Z;103;47;200;350;150;24276[Turmcenter];2021-11-24T15:47:00.625Z
0.5601966;open;2021-11-24T15:46:00Z;228;179;0;407;407;18944[Alte Oper];2021-11-24T15:47:00.625Z
0.21153846;open;2021-11-24T15:46:00Z;77;287;0;364;364;24281[Hauptbahnhof Süd];2021-11-24T15:47:00.625Z
0.6796875;open;2021-11-24T15:46:00Z;261;123;0;384;384;105479[Baseler Platz];2021-11-24T15:47:00.625Z
0.6946848;open;2021-11-24T15:46:00Z;562;247;0;809;809;24279[Konstabler];2021-11-24T15:47:00.625Z
1;open;2021-11-24T15:46:00Z;426;0;0;426;426;18497[Hauptwache];2021-11-24T15:47:00.625Z
0.6985294;open;2021-11-24T15:46:00Z;475;205;0;680;680;18495[Am Gericht];2021-11-24T15:47:00.625Z
0.26327944;open;2021-11-24T15:46:00Z;228;638;70;936;866;109240[MyZeil];2021-11-24T15:47:00.625Z
0.6182965;open;2021-11-24T15:46:00Z;392;242;0;634;634;18494[Konrad-Adenauer-Straße];2021-11-24T15:47:00.625Z
0.62;open;2021-11-24T16:06:00Z;93;57;200;350;150;24276[Turmcenter];2021-11-24T16:07:02.756Z
0.56511056;open;2021-11-24T16:06:00Z;230;177;0;407;407;18944[Alte Oper];2021-11-24T16:07:02.756Z
0.1978022;open;2021-11-24T16:06:00Z;72;292;0;364;364;24281[Hauptbahnhof Süd];2021-11-24T16:07:02.756Z
0.70086527;open;2021-11-24T16:06:00Z;567;242;0;809;809;24279[Konstabler];2021-11-24T16:07:02.756Z
0.9976526;open;2021-11-24T16:06:00Z;425;1;0;426;426;18497[Hauptwache];2021-11-24T16:07:02.756Z
0.6911765;open;2021-11-24T16:06:00Z;470;210;0;680;680;18495[Am Gericht];2021-11-24T16:07:02.756Z
0.6182965;open;2021-11-24T16:06:00Z;392;242;0;634;634;18494[Konrad-Adenauer-Straße];2021-11-24T16:07:02.756Z
0.6066667;open;2021-11-24T16:32:00Z;91;59;200;350;150;24276[Turmcenter];2021-11-24T16:37:01.343Z
0.5675676;open;2021-11-24T16:32:00Z;231;176;0;407;407;18944[Alte Oper];2021-11-24T16:37:01.343Z
0.15659341;open;2021-11-24T16:32:00Z;57;307;0;364;364;24281[Hauptbahnhof Süd];2021-11-24T16:37:01.343Z
0.72064275;open;2021-11-24T16:32:00Z;583;226;0;809;809;24279[Konstabler];2021-11-24T16:37:01.343Z
0.9976526;open;2021-11-24T16:32:00Z;425;1;0;426;426;18497[Hauptwache];2021-11-24T16:37:01.343Z
0.68088233;open;2021-11-24T16:32:00Z;463;217;0;680;680;18495[Am Gericht];2021-11-24T16:37:01.343Z
0.25057736;open;2021-11-24T16:32:00Z;217;649;70;936;866;109240[MyZeil];2021-11-24T16:37:01.343Z
0.6025237;open;2021-11-24T16:32:00Z;382;252;0;634;634;18494[Konrad-Adenauer-Straße];2021-11-24T16:37:01.343Z
0.56;open;2021-11-24T17:07:00Z;84;66;200;350;150;24276[Turmcenter];2021-11-24T17:12:02.542Z
0.57739556;open;2021-11-24T17:07:00Z;235;172;0;407;407;18944[Alte Oper];2021-11-24T17:12:02.542Z
0.12637363;open;2021-11-24T17:07:00Z;46;318;0;364;364;24281[Hauptbahnhof Süd];2021-11-24T17:12:02.542Z
0.7045736;open;2021-11-24T17:07:00Z;570;239;0;809;809;24279[Konstabler];2021-11-24T17:12:02.542Z
0.9976526;open;2021-11-24T17:07:00Z;425;1;0;426;426;18497[Hauptwache];2021-11-24T17:12:02.542Z
0.6544118;open;2021-11-24T17:07:00Z;445;235;0;680;680;18495[Am Gericht];2021-11-24T17:12:02.542Z
0.25288683;open;2021-11-24T17:07:00Z;219;647;70;936;866;109240[MyZeil];2021-11-24T17:12:02.542Z
0.5899054;open;2021-11-24T17:07:00Z;374;260;0;634;634;18494[Konrad-Adenauer-Straße];2021-11-24T17:12:02.542Z
0.395;open;2021-11-24T17:38:00Z;79;121;150;350;200;24276[Turmcenter];2021-11-24T17:42:01.408Z
0.66584766;open;2021-11-24T17:38:00Z;271;136;0;407;407;18944[Alte Oper];2021-11-24T17:42:01.408Z
0.10164835;open;2021-11-24T17:38:00Z;37;327;0;364;364;24281[Hauptbahnhof Süd];2021-11-24T17:42:01.408Z
0.6432292;open;2021-11-24T17:38:00Z;247;137;0;384;384;105479[Baseler Platz];2021-11-24T17:42:01.408Z
0.7589617;open;2021-11-24T17:38:00Z;614;195;0;809;809;24279[Konstabler];2021-11-24T17:42:01.408Z
1;open;2021-11-24T17:38:00Z;426;0;0;426;426;18497[Hauptwache];2021-11-24T17:42:01.408Z
0.6617647;open;2021-11-24T17:38:00Z;450;230;0;680;680;18495[Am Gericht];2021-11-24T17:42:01.408Z
0.59305996;open;2021-11-24T17:38:00Z;376;258;0;634;634;18494[Konrad-Adenauer-Straße];2021-11-24T17:42:01.408Z
0.38;open;2021-11-24T17:53:00Z;76;124;150;350;200;24276[Turmcenter];2021-11-24T17:57:01.816Z
0.77395576;open;2021-11-24T17:53:00Z;315;92;0;407;407;18944[Alte Oper];2021-11-24T17:57:01.816Z
0.093406595;open;2021-11-24T17:53:00Z;34;330;0;364;364;24281[Hauptbahnhof Süd];2021-11-24T17:57:01.816Z
0.6484375;open;2021-11-24T17:53:00Z;249;135;0;384;384;105479[Baseler Platz];2021-11-24T17:57:01.816Z
0.76143384;open;2021-11-24T17:53:00Z;616;193;0;809;809;24279[Konstabler];2021-11-24T17:57:01.816Z
1;open;2021-11-24T17:53:00Z;426;0;0;426;426;18497[Hauptwache];2021-11-24T17:57:01.816Z
0.64705884;open;2021-11-24T17:53:00Z;440;240;0;680;680;18495[Am Gericht];2021-11-24T17:57:01.816Z
0.24364896;open;2021-11-24T17:53:00Z;211;655;70;936;866;109240[MyZeil];2021-11-24T17:57:01.816Z
0.6072555;open;2021-11-24T17:53:00Z;385;249;0;634;634;18494[Konrad-Adenauer-Straße];2021-11-24T17:57:01.816Z
0.38;open;2021-11-24T18:03:00Z;76;124;150;350;200;24276[Turmcenter];2021-11-24T18:07:01.049Z
0.82800984;open;2021-11-24T18:03:00Z;337;70;0;407;407;18944[Alte Oper];2021-11-24T18:07:01.049Z
0.08791209;open;2021-11-24T18:03:00Z;32;332;0;364;364;24281[Hauptbahnhof Süd];2021-11-24T18:07:01.049Z
0.76885045;open;2021-11-24T18:03:00Z;622;187;0;809;809;24279[Konstabler];2021-11-24T18:07:01.049Z
1;open;2021-11-24T18:03:00Z;426;0;0;426;426;18497[Hauptwache];2021-11-24T18:07:01.049Z
0.65;open;2021-11-24T18:03:00Z;442;238;0;680;680;18495[Am Gericht];2021-11-24T18:07:01.049Z
0.6072555;open;2021-11-24T18:03:00Z;385;249;0;634;634;18494[Konrad-Adenauer-Straße];2021-11-24T18:07:01.049Z
0.405;open;2021-11-24T18:34:00Z;81;119;150;350;200;24276[Turmcenter];2021-11-24T18:37:00.247Z
1;open;2021-11-24T18:34:00Z;407;0;0;407;407;18944[Alte Oper];2021-11-24T18:37:00.247Z
0.046703298;open;2021-11-24T18:34:00Z;17;347;0;364;364;24281[Hauptbahnhof Süd];2021-11-24T18:37:00.247Z
0.7490729;open;2021-11-24T18:34:00Z;606;203;0;809;809;24279[Konstabler];2021-11-24T18:37:00.247Z
0.9953052;open;2021-11-24T18:34:00Z;424;2;0;426;426;18497[Hauptwache];2021-11-24T18:37:00.247Z
0.6397059;open;2021-11-24T18:34:00Z;435;245;0;680;680;18495[Am Gericht];2021-11-24T18:37:00.247Z
0.23210162;open;2021-11-24T18:34:00Z;201;665;70;936;866;109240[MyZeil];2021-11-24T18:37:00.247Z
0.58044165;open;2021-11-24T18:34:00Z;368;266;0;634;634;18494[Konrad-Adenauer-Straße];2021-11-24T18:37:00.247Z
0.44;open;2021-11-24T18:49:00Z;88;112;150;350;200;24276[Turmcenter];2021-11-24T18:52:00.628Z
1;open;2021-11-24T18:49:00Z;407;0;0;407;407;18944[Alte Oper];2021-11-24T18:52:00.628Z
0.043956045;open;2021-11-24T18:49:00Z;16;348;0;364;364;24281[Hauptbahnhof Süd];2021-11-24T18:52:00.628Z
0.72929543;open;2021-11-24T18:49:00Z;590;219;0;809;809;24279[Konstabler];2021-11-24T18:52:00.628Z
1;open;2021-11-24T18:49:00Z;426;0;0;426;426;18497[Hauptwache];2021-11-24T18:52:00.628Z
0.63529414;open;2021-11-24T18:49:00Z;432;248;0;680;680;18495[Am Gericht];2021-11-24T18:52:00.628Z
0.2182448;open;2021-11-24T18:49:00Z;189;677;70;936;866;109240[MyZeil];2021-11-24T18:52:00.628Z
0.5615142;open;2021-11-24T18:49:00Z;356;278;0;634;634;18494[Konrad-Adenauer-Straße];2021-11-24T18:52:00.628Z
0.465;open;2021-11-24T19:04:00Z;93;107;150;350;200;24276[Turmcenter];2021-11-24T19:07:00.674Z
0.972973;open;2021-11-24T19:04:00Z;396;11;0;407;407;18944[Alte Oper];2021-11-24T19:07:00.674Z
0.04945055;open;2021-11-24T19:04:00Z;18;346;0;364;364;24281[Hauptbahnhof Süd];2021-11-24T19:07:00.674Z
0.68355995;open;2021-11-24T19:04:00Z;553;256;0;809;809;24279[Konstabler];2021-11-24T19:07:00.674Z
0.9530516;open;2021-11-24T19:04:00Z;406;20;0;426;426;18497[Hauptwache];2021-11-24T19:07:00.674Z
0.625;open;2021-11-24T19:04:00Z;425;255;0;680;680;18495[Am Gericht];2021-11-24T19:07:00.674Z
0.19861431;open;2021-11-24T19:04:00Z;172;694;70;936;866;109240[MyZeil];2021-11-24T19:07:00.674Z
0.5567823;open;2021-11-24T19:04:00Z;353;281;0;634;634;18494[Konrad-Adenauer-Straße];2021-11-24T19:07:00.674Z
0.435;open;2021-11-24T19:20:00Z;87;113;150;350;200;24276[Turmcenter];2021-11-24T19:22:02.801Z
0.958231;open;2021-11-24T19:20:00Z;390;17;0;407;407;18944[Alte Oper];2021-11-24T19:22:02.801Z
0.04945055;open;2021-11-24T19:20:00Z;18;346;0;364;364;24281[Hauptbahnhof Süd];2021-11-24T19:22:02.801Z
0.6378245;open;2021-11-24T19:20:00Z;516;293;0;809;809;24279[Konstabler];2021-11-24T19:22:02.801Z
0.9342723;open;2021-11-24T19:20:00Z;398;28;0;426;426;18497[Hauptwache];2021-11-24T19:22:02.801Z
0.6044118;open;2021-11-24T19:20:00Z;411;269;0;680;680;18495[Am Gericht];2021-11-24T19:22:02.801Z
0.18591224;open;2021-11-24T19:20:00Z;161;705;70;936;866;109240[MyZeil];2021-11-24T19:22:02.801Z
0.5457413;open;2021-11-24T19:20:00Z;346;288;0;634;634;18494[Konrad-Adenauer-Straße];2021-11-24T19:22:02.801Z
0.435;open;2021-11-24T19:30:00Z;87;113;150;350;200;24276[Turmcenter];2021-11-24T19:32:02.675Z
0.9459459;open;2021-11-24T19:30:00Z;385;22;0;407;407;18944[Alte Oper];2021-11-24T19:32:02.675Z
0.04945055;open;2021-11-24T19:30:00Z;18;346;0;364;364;24281[Hauptbahnhof Süd];2021-11-24T19:32:02.675Z
0.6229913;open;2021-11-24T19:30:00Z;504;305;0;809;809;24279[Konstabler];2021-11-24T19:32:02.675Z
0.87089205;open;2021-11-24T19:30:00Z;371;55;0;426;426;18497[Hauptwache];2021-11-24T19:32:02.675Z
0.59117645;open;2021-11-24T19:30:00Z;402;278;0;680;680;18495[Am Gericht];2021-11-24T19:32:02.675Z
0.52996844;open;2021-11-24T19:30:00Z;336;298;0;634;634;18494[Konrad-Adenauer-Straße];2021-11-24T19:32:02.675Z
0.42;open;2021-11-24T19:40:00Z;84;116;150;350;200;24276[Turmcenter];2021-11-24T19:42:01.634Z
0.93611795;open;2021-11-24T19:40:00Z;381;26;0;407;407;18944[Alte Oper];2021-11-24T19:42:01.634Z
0.046703298;open;2021-11-24T19:40:00Z;17;347;0;364;364;24281[Hauptbahnhof Süd];2021-11-24T19:42:01.634Z
0.640625;open;2021-11-24T19:40:00Z;246;138;0;384;384;105479[Baseler Platz];2021-11-24T19:42:01.634Z
0.58467245;open;2021-11-24T19:40:00Z;473;336;0;809;809;24279[Konstabler];2021-11-24T19:42:01.634Z
0.84741783;open;2021-11-24T19:40:00Z;361;65;0;426;426;18497[Hauptwache];2021-11-24T19:42:01.634Z
0.58235294;open;2021-11-24T19:40:00Z;396;284;0;680;680;18495[Am Gericht];2021-11-24T19:42:01.634Z
0.5252366;open;2021-11-24T19:40:00Z;333;301;0;634;634;18494[Konrad-Adenauer-Straße];2021-11-24T19:42:01.634Z
0.41;open;2021-11-24T19:55:00Z;82;118;150;350;200;24276[Turmcenter];2021-11-24T19:57:01.182Z
0.92137593;open;2021-11-24T19:55:00Z;375;32;0;407;407;18944[Alte Oper];2021-11-24T19:57:01.182Z
0.043956045;open;2021-11-24T19:55:00Z;16;348;0;364;364;24281[Hauptbahnhof Süd];2021-11-24T19:57:01.182Z
0.6432292;open;2021-11-24T19:55:00Z;247;137;0;384;384;105479[Baseler Platz];2021-11-24T19:57:01.182Z
0.54140913;open;2021-11-24T19:55:00Z;438;371;0;809;809;24279[Konstabler];2021-11-24T19:57:01.182Z
0.7652582;open;2021-11-24T19:55:00Z;326;100;0;426;426;18497[Hauptwache];2021-11-24T19:57:01.182Z
0.5485294;open;2021-11-24T19:55:00Z;373;307;0;680;680;18495[Am Gericht];2021-11-24T19:57:01.182Z
0.16859123;open;2021-11-24T19:55:00Z;146;720;70;936;866;109240[MyZeil];2021-11-24T19:57:01.182Z
0.50473183;open;2021-11-24T19:55:00Z;320;314;0;634;634;18494[Konrad-Adenauer-Straße];2021-11-24T19:57:01.182Z
0.365;open;2021-11-24T20:21:00Z;73;127;150;350;200;24276[Turmcenter];2021-11-24T20:22:01.640Z
0.8894349;open;2021-11-24T20:21:00Z;362;45;0;407;407;18944[Alte Oper];2021-11-24T20:22:01.640Z
0.041208792;open;2021-11-24T20:21:00Z;15;349;0;364;364;24281[Hauptbahnhof Süd];2021-11-24T20:22:01.640Z
0.640625;open;2021-11-24T20:21:00Z;246;138;0;384;384;105479[Baseler Platz];2021-11-24T20:22:01.640Z
0.46724352;open;2021-11-24T20:21:00Z;378;431;0;809;809;24279[Konstabler];2021-11-24T20:22:01.640Z
0.6713615;open;2021-11-24T20:21:00Z;286;140;0;426;426;18497[Hauptwache];2021-11-24T20:22:01.640Z
0.5176471;open;2021-11-24T20:21:00Z;352;328;0;680;680;18495[Am Gericht];2021-11-24T20:22:01.640Z
0.15127021;open;2021-11-24T20:21:00Z;131;735;70;936;866;109240[MyZeil];2021-11-24T20:22:01.640Z
0.47634068;open;2021-11-24T20:21:00Z;302;332;0;634;634;18494[Konrad-Adenauer-Straße];2021-11-24T20:22:01.640Z
0.36;open;2021-11-24T20:36:00Z;72;128;150;350;200;24276[Turmcenter];2021-11-24T20:37:00.789Z
0.8722359;open;2021-11-24T20:36:00Z;355;52;0;407;407;18944[Alte Oper];2021-11-24T20:37:00.789Z
0.041208792;open;2021-11-24T20:36:00Z;15;349;0;364;364;24281[Hauptbahnhof Süd];2021-11-24T20:37:00.789Z
0.6302083;open;2021-11-24T20:36:00Z;242;142;0;384;384;105479[Baseler Platz];2021-11-24T20:37:00.789Z
0.4103832;open;2021-11-24T20:36:00Z;332;477;0;809;809;24279[Konstabler];2021-11-24T20:37:00.789Z
0.6314554;open;2021-11-24T20:36:00Z;269;157;0;426;426;18497[Hauptwache];2021-11-24T20:37:00.789Z
0.5;open;2021-11-24T20:36:00Z;340;340;0;680;680;18495[Am Gericht];2021-11-24T20:37:00.789Z
0.1408776;open;2021-11-24T20:36:00Z;122;744;70;936;866;109240[MyZeil];2021-11-24T20:37:00.789Z
0.45899054;open;2021-11-24T20:36:00Z;291;343;0;634;634;18494[Konrad-Adenauer-Straße];2021-11-24T20:37:00.789Z
0.275;open;2021-11-24T20:56:00Z;55;145;150;350;200;24276[Turmcenter];2021-11-24T21:02:00.583Z
0.85995084;open;2021-11-24T20:56:00Z;350;57;0;407;407;18944[Alte Oper];2021-11-24T21:02:00.583Z
0.035714287;open;2021-11-24T20:56:00Z;13;351;0;364;364;24281[Hauptbahnhof Süd];2021-11-24T21:02:00.583Z
0.6145833;open;2021-11-24T20:56:00Z;236;148;0;384;384;105479[Baseler Platz];2021-11-24T21:02:00.583Z
0.3695921;open;2021-11-24T20:56:00Z;299;510;0;809;809;24279[Konstabler];2021-11-24T21:02:00.583Z
0.5915493;open;2021-11-24T20:56:00Z;252;174;0;426;426;18497[Hauptwache];2021-11-24T21:02:00.583Z
0.49117646;open;2021-11-24T20:56:00Z;334;346;0;680;680;18495[Am Gericht];2021-11-24T21:02:00.583Z
0.44164038;open;2021-11-24T20:56:00Z;280;354;0;634;634;18494[Konrad-Adenauer-Straße];2021-11-24T21:02:00.583Z
0.27;open;2021-11-24T21:17:00Z;54;146;150;350;200;24276[Turmcenter];2021-11-24T21:22:01.786Z
0.8378378;open;2021-11-24T21:17:00Z;341;66;0;407;407;18944[Alte Oper];2021-11-24T21:22:01.786Z
0.032967035;open;2021-11-24T21:17:00Z;12;352;0;364;364;24281[Hauptbahnhof Süd];2021-11-24T21:22:01.786Z
0.6119792;open;2021-11-24T21:17:00Z;235;149;0;384;384;105479[Baseler Platz];2021-11-24T21:22:01.786Z
0.3473424;open;2021-11-24T21:17:00Z;281;528;0;809;809;24279[Konstabler];2021-11-24T21:22:01.786Z
0.5633803;open;2021-11-24T21:17:00Z;240;186;0;426;426;18497[Hauptwache];2021-11-24T21:22:01.786Z
0.48382354;open;2021-11-24T21:17:00Z;329;351;0;680;680;18495[Am Gericht];2021-11-24T21:22:01.786Z
0.4274448;open;2021-11-24T21:17:00Z;271;363;0;634;634;18494[Konrad-Adenauer-Straße];2021-11-24T21:22:01.786Z
0.235;open;2021-11-24T21:37:00Z;47;153;150;350;200;24276[Turmcenter];2021-11-24T21:42:00.313Z
0.5945946;open;2021-11-24T21:37:00Z;242;165;0;407;407;18944[Alte Oper];2021-11-24T21:42:00.313Z
0.032967035;open;2021-11-24T21:37:00Z;12;352;0;364;364;24281[Hauptbahnhof Süd];2021-11-24T21:42:00.313Z
0.6067708;open;2021-11-24T21:37:00Z;233;151;0;384;384;105479[Baseler Platz];2021-11-24T21:42:00.313Z
0.3250927;open;2021-11-24T21:37:00Z;263;546;0;809;809;24279[Konstabler];2021-11-24T21:42:00.313Z
0.52582157;open;2021-11-24T21:37:00Z;224;202;0;426;426;18497[Hauptwache];2021-11-24T21:42:00.313Z
0.475;open;2021-11-24T21:37:00Z;323;357;0;680;680;18495[Am Gericht];2021-11-24T21:42:00.313Z
0.11893764;open;2021-11-24T21:37:00Z;103;763;70;936;866;109240[MyZeil];2021-11-24T21:42:00.313Z
0.4164038;open;2021-11-24T21:37:00Z;264;370;0;634;634;18494[Konrad-Adenauer-Straße];2021-11-24T21:42:00.313Z
0.23;open;2021-11-24T21:42:00Z;46;154;150;350;200;24276[Turmcenter];2021-11-24T21:47:00.069Z
0.47174448;open;2021-11-24T21:42:00Z;192;215;0;407;407;18944[Alte Oper];2021-11-24T21:47:00.069Z
0.027472528;open;2021-11-24T21:42:00Z;10;354;0;364;364;24281[Hauptbahnhof Süd];2021-11-24T21:47:00.069Z
0.6067708;open;2021-11-24T21:42:00Z;233;151;0;384;384;105479[Baseler Platz];2021-11-24T21:47:00.069Z
0.31891224;open;2021-11-24T21:42:00Z;258;551;0;809;809;24279[Konstabler];2021-11-24T21:47:00.069Z
0.5164319;open;2021-11-24T21:42:00Z;220;206;0;426;426;18497[Hauptwache];2021-11-24T21:47:00.069Z
0.4764706;open;2021-11-24T21:42:00Z;324;356;0;680;680;18495[Am Gericht];2021-11-24T21:47:00.069Z
0.11778291;open;2021-11-24T21:42:00Z;102;764;70;936;866;109240[MyZeil];2021-11-24T21:47:00.069Z
0.41324922;open;2021-11-24T21:42:00Z;262;372;0;634;634;18494[Konrad-Adenauer-Straße];2021-11-24T21:47:00.069Z
0.205;open;2021-11-24T21:58:00Z;41;159;150;350;200;24276[Turmcenter];2021-11-24T22:02:02.154Z
0.24078624;open;2021-11-24T21:58:00Z;98;309;0;407;407;18944[Alte Oper];2021-11-24T22:02:02.154Z
0.027472528;open;2021-11-24T21:58:00Z;10;354;0;364;364;24281[Hauptbahnhof Süd];2021-11-24T22:02:02.154Z
0.3065513;open;2021-11-24T21:58:00Z;248;561;0;809;809;24279[Konstabler];2021-11-24T22:02:02.154Z
0.5046948;open;2021-11-24T21:58:00Z;215;211;0;426;426;18497[Hauptwache];2021-11-24T22:02:02.154Z
0.4764706;open;2021-11-24T21:58:00Z;324;356;0;680;680;18495[Am Gericht];2021-11-24T22:02:02.154Z
0.114318706;open;2021-11-24T21:58:00Z;99;767;70;936;866;109240[MyZeil];2021-11-24T22:02:02.154Z
0.41324922;open;2021-11-24T21:58:00Z;262;372;0;634;634;18494[Konrad-Adenauer-Straße];2021-11-24T22:02:02.154Z
0.15;open;2021-11-24T22:19:00Z;30;170;150;350;200;24276[Turmcenter];2021-11-24T22:22:01.455Z
0.20884521;open;2021-11-24T22:19:00Z;85;322;0;407;407;18944[Alte Oper];2021-11-24T22:22:01.455Z
0.032967035;open;2021-11-24T22:19:00Z;12;352;0;364;364;24281[Hauptbahnhof Süd];2021-11-24T22:22:01.455Z
0.29295427;open;2021-11-24T22:19:00Z;237;572;0;809;809;24279[Konstabler];2021-11-24T22:22:01.455Z
0.5023474;open;2021-11-24T22:19:00Z;214;212;0;426;426;18497[Hauptwache];2021-11-24T22:22:01.455Z
0.46911764;open;2021-11-24T22:19:00Z;319;361;0;680;680;18495[Am Gericht];2021-11-24T22:22:01.455Z
0.11085451;open;2021-11-24T22:19:00Z;96;770;70;936;866;109240[MyZeil];2021-11-24T22:22:01.455Z
0.4037855;open;2021-11-24T22:19:00Z;256;378;0;634;634;18494[Konrad-Adenauer-Straße];2021-11-24T22:22:01.455Z
0.12;open;2021-11-24T22:39:00Z;24;176;150;350;200;24276[Turmcenter];2021-11-24T22:42:00.455Z
0.18181819;open;2021-11-24T22:39:00Z;74;333;0;407;407;18944[Alte Oper];2021-11-24T22:42:00.455Z
0.027472528;open;2021-11-24T22:39:00Z;10;354;0;364;364;24281[Hauptbahnhof Süd];2021-11-24T22:42:00.455Z
0.5833333;open;2021-11-24T22:39:00Z;224;160;0;384;384;105479[Baseler Platz];2021-11-24T22:42:00.455Z
0.27564895;open;2021-11-24T22:39:00Z;223;586;0;809;809;24279[Konstabler];2021-11-24T22:42:00.455Z
0.49295774;open;2021-11-24T22:39:00Z;210;216;0;426;426;18497[Hauptwache];2021-11-24T22:42:00.455Z
0.46911764;open;2021-11-24T22:39:00Z;319;361;0;680;680;18495[Am Gericht];2021-11-24T22:42:00.455Z
0.1039261;open;2021-11-24T22:39:00Z;90;776;70;936;866;109240[MyZeil];2021-11-24T22:42:00.455Z
0.39432177;open;2021-11-24T22:39:00Z;250;384;0;634;634;18494[Konrad-Adenauer-Straße];2021-11-24T22:42:00.455Z
0.105;open;2021-11-24T22:50:00Z;21;179;150;350;200;24276[Turmcenter];2021-11-24T22:52:02.094Z
0.17199017;open;2021-11-24T22:50:00Z;70;337;0;407;407;18944[Alte Oper];2021-11-24T22:52:02.094Z
0.032967035;open;2021-11-24T22:50:00Z;12;352;0;364;364;24281[Hauptbahnhof Süd];2021-11-24T22:52:02.094Z
0.5833333;open;2021-11-24T22:50:00Z;224;160;0;384;384;105479[Baseler Platz];2021-11-24T22:52:02.094Z
0.27441284;open;2021-11-24T22:50:00Z;222;587;0;809;809;24279[Konstabler];2021-11-24T22:52:02.094Z
0.49295774;open;2021-11-24T22:50:00Z;210;216;0;426;426;18497[Hauptwache];2021-11-24T22:52:02.094Z
0.46764705;open;2021-11-24T22:50:00Z;318;362;0;680;680;18495[Am Gericht];2021-11-24T22:52:02.094Z
0.102771364;open;2021-11-24T22:50:00Z;89;777;70;936;866;109240[MyZeil];2021-11-24T22:52:02.094Z
0.39274448;open;2021-11-24T22:50:00Z;249;385;0;634;634;18494[Konrad-Adenauer-Straße];2021-11-24T22:52:02.094Z
0.085;open;2021-11-24T23:20:00Z;17;183;150;350;200;24276[Turmcenter];2021-11-24T23:22:00.963Z
0.15724815;open;2021-11-24T23:20:00Z;64;343;0;407;407;18944[Alte Oper];2021-11-24T23:22:00.963Z
0.03021978;open;2021-11-24T23:20:00Z;11;353;0;364;364;24281[Hauptbahnhof Süd];2021-11-24T23:22:00.963Z
0.2669963;open;2021-11-24T23:20:00Z;216;593;0;809;809;24279[Konstabler];2021-11-24T23:22:00.963Z
0.49295774;open;2021-11-24T23:20:00Z;210;216;0;426;426;18497[Hauptwache];2021-11-24T23:22:00.963Z
0;closed;2021-11-24T23:20:00Z;;368;0;0;0;18495[Am Gericht];2021-11-24T23:22:00.963Z
0.10161663;open;2021-11-24T23:20:00Z;88;778;70;936;866;109240[MyZeil];2021-11-24T23:22:00.963Z
0.38643533;open;2021-11-24T23:20:00Z;245;389;0;634;634;18494[Konrad-Adenauer-Straße];2021-11-24T23:22:00.963Z
0.085;open;2021-11-24T23:35:00Z;17;183;150;350;200;24276[Turmcenter];2021-11-24T23:37:01.202Z
0.15724815;open;2021-11-24T23:35:00Z;64;343;0;407;407;18944[Alte Oper];2021-11-24T23:37:01.202Z
0.03021978;open;2021-11-24T23:35:00Z;11;353;0;364;364;24281[Hauptbahnhof Süd];2021-11-24T23:37:01.202Z
0.2694685;open;2021-11-24T23:35:00Z;218;591;0;809;809;24279[Konstabler];2021-11-24T23:37:01.202Z
0.49295774;open;2021-11-24T23:35:00Z;210;216;0;426;426;18497[Hauptwache];2021-11-24T23:37:01.202Z
0;closed;2021-11-24T23:35:00Z;;368;0;0;0;18495[Am Gericht];2021-11-24T23:37:01.202Z
0.10161663;open;2021-11-24T23:35:00Z;88;778;70;936;866;109240[MyZeil];2021-11-24T23:37:01.202Z
0.38643533;open;2021-11-24T23:35:00Z;245;389;0;634;634;18494[Konrad-Adenauer-Straße];2021-11-24T23:37:01.202Z
0.085;open;2021-11-24T23:50:00Z;17;183;150;350;200;24276[Turmcenter];2021-11-24T23:52:02.133Z
0.13267814;open;2021-11-24T23:50:00Z;54;353;0;407;407;18944[Alte Oper];2021-11-24T23:52:02.133Z
0.03021978;open;2021-11-24T23:50:00Z;11;353;0;364;364;24281[Hauptbahnhof Süd];2021-11-24T23:52:02.133Z
0.2645241;open;2021-11-24T23:50:00Z;214;595;0;809;809;24279[Konstabler];2021-11-24T23:52:02.133Z
0.49295774;open;2021-11-24T23:50:00Z;210;216;0;426;426;18497[Hauptwache];2021-11-24T23:52:02.133Z
0;closed;2021-11-24T23:50:00Z;;368;0;0;0;18495[Am Gericht];2021-11-24T23:52:02.133Z
0.10161663;open;2021-11-24T23:50:00Z;88;778;70;936;866;109240[MyZeil];2021-11-24T23:52:02.133Z
0.38485804;open;2021-11-24T23:50:00Z;244;390;0;634;634;18494[Konrad-Adenauer-Straße];2021-11-24T23:52:02.133Z
0.085;open;2021-11-25T00:01:00Z;17;183;150;350;200;24276[Turmcenter];2021-11-25T00:02:02.753Z
0.12039312;open;2021-11-25T00:01:00Z;49;358;0;407;407;18944[Alte Oper];2021-11-25T00:02:02.753Z
0.03021978;open;2021-11-25T00:01:00Z;11;353;0;364;364;24281[Hauptbahnhof Süd];2021-11-25T00:02:02.753Z
0.2645241;open;2021-11-25T00:01:00Z;214;595;0;809;809;24279[Konstabler];2021-11-25T00:02:02.753Z
0.49295774;open;2021-11-25T00:01:00Z;210;216;0;426;426;18497[Hauptwache];2021-11-25T00:02:02.753Z
0;closed;2021-11-25T00:01:00Z;;368;0;0;0;18495[Am Gericht];2021-11-25T00:02:02.753Z
0.09930716;open;2021-11-25T00:01:00Z;86;780;70;936;866;109240[MyZeil];2021-11-25T00:02:02.753Z
0.38485804;open;2021-11-25T00:01:00Z;244;390;0;634;634;18494[Konrad-Adenauer-Straße];2021-11-25T00:02:02.753Z
0.08;open;2021-11-25T01:12:00Z;16;184;150;350;200;24276[Turmcenter];2021-11-25T01:17:03.001Z
0.10810811;open;2021-11-25T01:12:00Z;44;363;0;407;407;18944[Alte Oper];2021-11-25T01:17:03.001Z
0.03021978;open;2021-11-25T01:12:00Z;11;353;0;364;364;24281[Hauptbahnhof Süd];2021-11-25T01:17:03.001Z
0.26328802;open;2021-11-25T01:12:00Z;213;596;0;809;809;24279[Konstabler];2021-11-25T01:17:03.001Z
0.48591548;open;2021-11-25T01:12:00Z;207;219;0;426;426;18497[Hauptwache];2021-11-25T01:17:03.001Z
0;closed;2021-11-25T01:12:00Z;;368;0;0;0;18495[Am Gericht];2021-11-25T01:17:03.001Z
0.09930716;open;2021-11-25T01:12:00Z;86;780;70;936;866;109240[MyZeil];2021-11-25T01:17:03.001Z
0.38328075;open;2021-11-25T01:12:00Z;243;391;0;634;634;18494[Konrad-Adenauer-Straße];2021-11-25T01:17:03.001Z
0.08;open;2021-11-25T02:08:00Z;16;184;150;350;200;24276[Turmcenter];2021-11-25T02:12:01.551Z
0.10810811;open;2021-11-25T02:08:00Z;44;363;0;407;407;18944[Alte Oper];2021-11-25T02:12:01.551Z
0.03021978;open;2021-11-25T02:08:00Z;11;353;0;364;364;24281[Hauptbahnhof Süd];2021-11-25T02:12:01.551Z
0.2620519;open;2021-11-25T02:08:00Z;212;597;0;809;809;24279[Konstabler];2021-11-25T02:12:01.551Z
0.48591548;open;2021-11-25T02:08:00Z;207;219;0;426;426;18497[Hauptwache];2021-11-25T02:12:01.551Z
0;closed;2021-11-25T02:08:00Z;;368;0;0;0;18495[Am Gericht];2021-11-25T02:12:01.551Z
0.09930716;open;2021-11-25T02:08:00Z;86;780;70;936;866;109240[MyZeil];2021-11-25T02:12:01.551Z
0.38328075;open;2021-11-25T02:08:00Z;243;391;0;634;634;18494[Konrad-Adenauer-Straße];2021-11-25T02:12:01.551Z
0.075;open;2021-11-25T02:44:00Z;15;185;150;350;200;24276[Turmcenter];2021-11-25T02:47:00.489Z
0.10810811;open;2021-11-25T02:44:00Z;44;363;0;407;407;18944[Alte Oper];2021-11-25T02:47:00.489Z
0.03021978;open;2021-11-25T02:44:00Z;11;353;0;364;364;24281[Hauptbahnhof Süd];2021-11-25T02:47:00.489Z
0.5833333;open;2021-11-25T02:44:00Z;224;160;0;384;384;105479[Baseler Platz];2021-11-25T02:47:00.489Z
0.26328802;open;2021-11-25T02:44:00Z;213;596;0;809;809;24279[Konstabler];2021-11-25T02:47:00.489Z
0.48356807;open;2021-11-25T02:44:00Z;206;220;0;426;426;18497[Hauptwache];2021-11-25T02:47:00.489Z
0;closed;2021-11-25T02:44:00Z;;368;0;0;0;18495[Am Gericht];2021-11-25T02:47:00.489Z
0.09930716;open;2021-11-25T02:44:00Z;86;780;70;936;866;109240[MyZeil];2021-11-25T02:47:00.489Z
0.3895899;open;2021-11-25T02:44:00Z;247;387;0;634;634;18494[Konrad-Adenauer-Straße];2021-11-25T02:47:00.489Z
0.075;open;2021-11-25T02:59:00Z;15;185;150;350;200;24276[Turmcenter];2021-11-25T03:02:03.191Z
0.10810811;open;2021-11-25T02:59:00Z;44;363;0;407;407;18944[Alte Oper];2021-11-25T03:02:03.191Z
0.03021978;open;2021-11-25T02:59:00Z;11;353;0;364;364;24281[Hauptbahnhof Süd];2021-11-25T03:02:03.191Z
0.5807292;open;2021-11-25T02:59:00Z;223;161;0;384;384;105479[Baseler Platz];2021-11-25T03:02:03.191Z
0.2645241;open;2021-11-25T02:59:00Z;214;595;0;809;809;24279[Konstabler];2021-11-25T03:02:03.191Z
0.48356807;open;2021-11-25T02:59:00Z;206;220;0;426;426;18497[Hauptwache];2021-11-25T03:02:03.191Z
0;closed;2021-11-25T02:59:00Z;;;0;0;0;18495[Am Gericht];2021-11-25T03:02:03.191Z
0.3895899;open;2021-11-25T02:59:00Z;247;387;0;634;634;18494[Konrad-Adenauer-Straße];2021-11-25T03:02:03.191Z
0.075;open;2021-11-25T03:24:00Z;15;185;150;350;200;24276[Turmcenter];2021-11-25T03:27:01.914Z
0.10810811;open;2021-11-25T03:24:00Z;44;363;0;407;407;18944[Alte Oper];2021-11-25T03:27:01.914Z
0.03021978;open;2021-11-25T03:24:00Z;11;353;0;364;364;24281[Hauptbahnhof Süd];2021-11-25T03:27:01.914Z
0.2645241;open;2021-11-25T03:24:00Z;214;595;0;809;809;24279[Konstabler];2021-11-25T03:27:01.914Z
0.48356807;open;2021-11-25T03:24:00Z;206;220;0;426;426;18497[Hauptwache];2021-11-25T03:27:01.914Z
0;closed;2021-11-25T03:24:00Z;;;0;0;0;18495[Am Gericht];2021-11-25T03:27:01.914Z
0.39274448;open;2021-11-25T03:24:00Z;249;385;0;634;634;18494[Konrad-Adenauer-Straße];2021-11-25T03:27:01.914Z
0.075;open;2021-11-25T03:44:00Z;15;185;150;350;200;24276[Turmcenter];2021-11-25T03:47:00.141Z
0.10810811;open;2021-11-25T03:44:00Z;44;363;0;407;407;18944[Alte Oper];2021-11-25T03:47:00.141Z
0.03021978;open;2021-11-25T03:44:00Z;11;353;0;364;364;24281[Hauptbahnhof Süd];2021-11-25T03:47:00.141Z
0.2645241;open;2021-11-25T03:44:00Z;214;595;0;809;809;24279[Konstabler];2021-11-25T03:47:00.141Z
0.48356807;open;2021-11-25T03:44:00Z;206;220;0;426;426;18497[Hauptwache];2021-11-25T03:47:00.141Z
0;closed;2021-11-25T03:44:00Z;;;0;0;0;18495[Am Gericht];2021-11-25T03:47:00.141Z
0.09930716;open;2021-11-25T03:44:00Z;86;780;70;936;866;109240[MyZeil];2021-11-25T03:47:00.141Z
0.39432177;open;2021-11-25T03:44:00Z;250;384;0;634;634;18494[Konrad-Adenauer-Straße];2021-11-25T03:47:00.141Z
0.08;open;2021-11-25T03:59:00Z;16;184;150;350;200;24276[Turmcenter];2021-11-25T04:02:01.738Z
0.10810811;open;2021-11-25T03:59:00Z;44;363;0;407;407;18944[Alte Oper];2021-11-25T04:02:01.738Z
0.03021978;open;2021-11-25T03:59:00Z;11;353;0;364;364;24281[Hauptbahnhof Süd];2021-11-25T04:02:01.738Z
0.2645241;open;2021-11-25T03:59:00Z;214;595;0;809;809;24279[Konstabler];2021-11-25T04:02:01.738Z
0.48356807;open;2021-11-25T03:59:00Z;206;220;0;426;426;18497[Hauptwache];2021-11-25T04:02:01.738Z
0;closed;2021-11-25T03:59:00Z;;;0;0;0;18495[Am Gericht];2021-11-25T04:02:01.738Z
0.39274448;open;2021-11-25T03:59:00Z;249;385;0;634;634;18494[Konrad-Adenauer-Straße];2021-11-25T04:02:01.738Z
0.08;open;2021-11-25T04:29:00Z;16;184;150;350;200;24276[Turmcenter];2021-11-25T04:32:02.520Z
0.10810811;open;2021-11-25T04:29:00Z;44;363;0;407;407;18944[Alte Oper];2021-11-25T04:32:02.520Z
0.03021978;open;2021-11-25T04:29:00Z;11;353;0;364;364;24281[Hauptbahnhof Süd];2021-11-25T04:32:02.520Z
0.2645241;open;2021-11-25T04:29:00Z;214;595;0;809;809;24279[Konstabler];2021-11-25T04:32:02.520Z
0.48356807;open;2021-11-25T04:29:00Z;206;220;0;426;426;18497[Hauptwache];2021-11-25T04:32:02.520Z
0;closed;2021-11-25T04:29:00Z;;;0;0;0;18495[Am Gericht];2021-11-25T04:32:02.520Z
0.39432177;open;2021-11-25T04:29:00Z;250;384;0;634;634;18494[Konrad-Adenauer-Straße];2021-11-25T04:32:02.520Z
0.17;open;2021-11-25T04:54:00Z;34;166;150;350;200;24276[Turmcenter];2021-11-25T04:57:02.627Z
0.11056511;open;2021-11-25T04:54:00Z;45;362;0;407;407;18944[Alte Oper];2021-11-25T04:57:02.627Z
0.043956045;open;2021-11-25T04:54:00Z;16;348;0;364;364;24281[Hauptbahnhof Süd];2021-11-25T04:57:02.627Z
0.2669963;open;2021-11-25T04:54:00Z;216;593;0;809;809;24279[Konstabler];2021-11-25T04:57:02.627Z
0.48356807;open;2021-11-25T04:54:00Z;206;220;0;426;426;18497[Hauptwache];2021-11-25T04:57:02.627Z
0;closed;2021-11-25T04:54:00Z;;;0;0;0;18495[Am Gericht];2021-11-25T04:57:02.627Z
0.40536278;open;2021-11-25T04:54:00Z;257;377;0;634;634;18494[Konrad-Adenauer-Straße];2021-11-25T04:57:02.627Z
0.22666667;open;2021-11-25T05:19:00Z;34;116;200;350;150;24276[Turmcenter];2021-11-25T05:22:00.746Z
0.11056511;open;2021-11-25T05:19:00Z;45;362;0;407;407;18944[Alte Oper];2021-11-25T05:22:00.746Z
0.08791209;open;2021-11-25T05:19:00Z;32;332;0;364;364;24281[Hauptbahnhof Süd];2021-11-25T05:22:00.746Z
0.27194068;open;2021-11-25T05:19:00Z;220;589;0;809;809;24279[Konstabler];2021-11-25T05:22:00.746Z
0.48591548;open;2021-11-25T05:19:00Z;207;219;0;426;426;18497[Hauptwache];2021-11-25T05:22:00.746Z
0.45441177;open;2021-11-25T05:19:00Z;309;371;0;680;680;18495[Am Gericht];2021-11-25T05:22:00.746Z
0.102771364;open;2021-11-25T05:19:00Z;89;777;70;936;866;109240[MyZeil];2021-11-25T05:22:00.746Z
0.4148265;open;2021-11-25T05:19:00Z;263;371;0;634;634;18494[Konrad-Adenauer-Straße];2021-11-25T05:22:00.746Z
0.23333333;open;2021-11-25T05:29:00Z;35;115;200;350;150;24276[Turmcenter];2021-11-25T05:32:02.108Z
0.11056511;open;2021-11-25T05:29:00Z;45;362;0;407;407;18944[Alte Oper];2021-11-25T05:32:02.108Z
0.093406595;open;2021-11-25T05:29:00Z;34;330;0;364;364;24281[Hauptbahnhof Süd];2021-11-25T05:32:02.108Z
0.27194068;open;2021-11-25T05:29:00Z;220;589;0;809;809;24279[Konstabler];2021-11-25T05:32:02.108Z
0.48591548;open;2021-11-25T05:29:00Z;207;219;0;426;426;18497[Hauptwache];2021-11-25T05:32:02.108Z
0.45588234;open;2021-11-25T05:29:00Z;310;370;0;680;680;18495[Am Gericht];2021-11-25T05:32:02.108Z
0.1039261;open;2021-11-25T05:29:00Z;90;776;70;936;866;109240[MyZeil];2021-11-25T05:32:02.108Z
0.41798106;open;2021-11-25T05:29:00Z;265;369;0;634;634;18494[Konrad-Adenauer-Straße];2021-11-25T05:32:02.108Z
0.24;open;2021-11-25T05:44:00Z;36;114;200;350;150;24276[Turmcenter];2021-11-25T05:47:02.645Z
0.11302211;open;2021-11-25T05:44:00Z;46;361;0;407;407;18944[Alte Oper];2021-11-25T05:47:02.645Z
0.12637363;open;2021-11-25T05:44:00Z;46;318;0;364;364;24281[Hauptbahnhof Süd];2021-11-25T05:47:02.645Z
0.27194068;open;2021-11-25T05:44:00Z;220;589;0;809;809;24279[Konstabler];2021-11-25T05:47:02.645Z
0.48591548;open;2021-11-25T05:44:00Z;207;219;0;426;426;18497[Hauptwache];2021-11-25T05:47:02.645Z
0.46470588;open;2021-11-25T05:44:00Z;316;364;0;680;680;18495[Am Gericht];2021-11-25T05:47:02.645Z
0.102771364;open;2021-11-25T05:44:00Z;89;777;70;936;866;109240[MyZeil];2021-11-25T05:47:02.645Z
0.41955835;open;2021-11-25T05:44:00Z;266;368;0;634;634;18494[Konrad-Adenauer-Straße];2021-11-25T05:47:02.645Z
0.24666667;open;2021-11-25T05:59:00Z;37;113;200;350;150;24276[Turmcenter];2021-11-25T06:02:02.297Z
0.12039312;open;2021-11-25T05:59:00Z;49;358;0;407;407;18944[Alte Oper];2021-11-25T06:02:02.297Z
0.1456044;open;2021-11-25T05:59:00Z;53;311;0;364;364;24281[Hauptbahnhof Süd];2021-11-25T06:02:02.297Z
0.27564895;open;2021-11-25T05:59:00Z;223;586;0;809;809;24279[Konstabler];2021-11-25T06:02:02.297Z
0.48356807;open;2021-11-25T05:59:00Z;206;220;0;426;426;18497[Hauptwache];2021-11-25T06:02:02.297Z
0.47058824;open;2021-11-25T05:59:00Z;320;360;0;680;680;18495[Am Gericht];2021-11-25T06:02:02.297Z
0.1039261;open;2021-11-25T05:59:00Z;90;776;70;936;866;109240[MyZeil];2021-11-25T06:02:02.297Z
0.42113563;open;2021-11-25T05:59:00Z;267;367;0;634;634;18494[Konrad-Adenauer-Straße];2021-11-25T06:02:02.297Z
0.33333334;open;2021-11-25T06:30:00Z;50;100;200;350;150;24276[Turmcenter];2021-11-25T06:32:01.365Z
0.12530713;open;2021-11-25T06:30:00Z;51;356;0;407;407;18944[Alte Oper];2021-11-25T06:32:01.365Z
0.17582418;open;2021-11-25T06:30:00Z;64;300;0;364;364;24281[Hauptbahnhof Süd];2021-11-25T06:32:01.365Z
0.28182942;open;2021-11-25T06:30:00Z;228;581;0;809;809;24279[Konstabler];2021-11-25T06:32:01.365Z
0.5070422;open;2021-11-25T06:30:00Z;216;210;0;426;426;18497[Hauptwache];2021-11-25T06:32:01.365Z
0.4985294;open;2021-11-25T06:30:00Z;339;341;0;680;680;18495[Am Gericht];2021-11-25T06:32:01.365Z
0.1073903;open;2021-11-25T06:30:00Z;93;773;70;936;866;109240[MyZeil];2021-11-25T06:32:01.365Z
0.43059936;open;2021-11-25T06:30:00Z;273;361;0;634;634;18494[Konrad-Adenauer-Straße];2021-11-25T06:32:01.365Z
0.4;open;2021-11-25T06:50:00Z;60;90;200;350;150;24276[Turmcenter];2021-11-25T06:52:01.117Z
0.14987715;open;2021-11-25T06:50:00Z;61;346;0;407;407;18944[Alte Oper];2021-11-25T06:52:01.117Z
0.18131869;open;2021-11-25T06:50:00Z;66;298;0;364;364;24281[Hauptbahnhof Süd];2021-11-25T06:52:01.117Z
0.289246;open;2021-11-25T06:50:00Z;234;575;0;809;809;24279[Konstabler];2021-11-25T06:52:01.117Z
0.53051645;open;2021-11-25T06:50:00Z;226;200;0;426;426;18497[Hauptwache];2021-11-25T06:52:01.117Z
0.54558825;open;2021-11-25T06:50:00Z;371;309;0;680;680;18495[Am Gericht];2021-11-25T06:52:01.117Z
0.11316397;open;2021-11-25T06:50:00Z;98;768;70;936;866;109240[MyZeil];2021-11-25T06:52:01.117Z
0.43375394;open;2021-11-25T06:50:00Z;275;359;0;634;634;18494[Konrad-Adenauer-Straße];2021-11-25T06:52:01.117Z
0.42666668;open;2021-11-25T07:05:00Z;64;86;200;350;150;24276[Turmcenter];2021-11-25T07:07:00.152Z
0.16216215;open;2021-11-25T07:05:00Z;66;341;0;407;407;18944[Alte Oper];2021-11-25T07:07:00.152Z
0.21153846;open;2021-11-25T07:05:00Z;77;287;0;364;364;24281[Hauptbahnhof Süd];2021-11-25T07:07:00.152Z
0.30037084;open;2021-11-25T07:05:00Z;243;566;0;809;809;24279[Konstabler];2021-11-25T07:07:00.152Z
0.5492958;open;2021-11-25T07:05:00Z;234;192;0;426;426;18497[Hauptwache];2021-11-25T07:07:00.152Z
0.57941175;open;2021-11-25T07:05:00Z;394;286;0;680;680;18495[Am Gericht];2021-11-25T07:07:00.152Z
0.12240185;open;2021-11-25T07:05:00Z;106;760;70;936;866;109240[MyZeil];2021-11-25T07:07:00.152Z
0.44164038;open;2021-11-25T07:05:00Z;280;354;0;634;634;18494[Konrad-Adenauer-Straße];2021-11-25T07:07:00.152Z
0.5933333;open;2021-11-25T07:25:00Z;89;61;200;350;150;24276[Turmcenter];2021-11-25T07:27:02.270Z
0.2014742;open;2021-11-25T07:25:00Z;82;325;0;407;407;18944[Alte Oper];2021-11-25T07:27:02.270Z
0.24175824;open;2021-11-25T07:25:00Z;88;276;0;364;364;24281[Hauptbahnhof Süd];2021-11-25T07:27:02.270Z
0.31025958;open;2021-11-25T07:25:00Z;251;558;0;809;809;24279[Konstabler];2021-11-25T07:27:02.270Z
0.5798122;open;2021-11-25T07:25:00Z;247;179;0;426;426;18497[Hauptwache];2021-11-25T07:27:02.270Z
0.6132353;open;2021-11-25T07:25:00Z;417;263;0;680;680;18495[Am Gericht];2021-11-25T07:27:02.270Z
0.46214512;open;2021-11-25T07:25:00Z;293;341;0;634;634;18494[Konrad-Adenauer-Straße];2021-11-25T07:27:02.270Z
0.7;open;2021-11-25T07:40:00Z;105;45;200;350;150;24276[Turmcenter];2021-11-25T07:42:01.050Z
0.21621622;open;2021-11-25T07:40:00Z;88;319;0;407;407;18944[Alte Oper];2021-11-25T07:42:01.050Z
0.2747253;open;2021-11-25T07:40:00Z;100;264;0;364;364;24281[Hauptbahnhof Süd];2021-11-25T07:42:01.050Z
0.33250928;open;2021-11-25T07:40:00Z;269;540;0;809;809;24279[Konstabler];2021-11-25T07:42:01.050Z
0.59624416;open;2021-11-25T07:40:00Z;254;172;0;426;426;18497[Hauptwache];2021-11-25T07:42:01.050Z
0.63235295;open;2021-11-25T07:40:00Z;430;250;0;680;680;18495[Am Gericht];2021-11-25T07:42:01.050Z
0.13394919;open;2021-11-25T07:40:00Z;116;750;70;936;866;109240[MyZeil];2021-11-25T07:42:01.050Z
0.47634068;open;2021-11-25T07:40:00Z;302;332;0;634;634;18494[Konrad-Adenauer-Straße];2021-11-25T07:42:01.050Z
0.76666665;open;2021-11-25T07:50:00Z;115;35;200;350;150;24276[Turmcenter];2021-11-25T07:52:02.180Z
0.23341523;open;2021-11-25T07:50:00Z;95;312;0;407;407;18944[Alte Oper];2021-11-25T07:52:02.180Z
0.2857143;open;2021-11-25T07:50:00Z;104;260;0;364;364;24281[Hauptbahnhof Süd];2021-11-25T07:52:02.180Z
0.3448702;open;2021-11-25T07:50:00Z;279;530;0;809;809;24279[Konstabler];2021-11-25T07:52:02.180Z
0.6150235;open;2021-11-25T07:50:00Z;262;164;0;426;426;18497[Hauptwache];2021-11-25T07:52:02.180Z
0.65;open;2021-11-25T07:50:00Z;442;238;0;680;680;18495[Am Gericht];2021-11-25T07:52:02.180Z
0.1408776;open;2021-11-25T07:50:00Z;122;744;70;936;866;109240[MyZeil];2021-11-25T07:52:02.180Z
0.48895898;open;2021-11-25T07:50:00Z;310;324;0;634;634;18494[Konrad-Adenauer-Straße];2021-11-25T07:52:02.180Z
0.85333335;open;2021-11-25T08:00:00Z;128;22;200;350;150;24276[Turmcenter];2021-11-25T08:02:01.862Z
0.24815725;open;2021-11-25T08:00:00Z;101;306;0;407;407;18944[Alte Oper];2021-11-25T08:02:01.862Z
0.30494505;open;2021-11-25T08:00:00Z;111;253;0;364;364;24281[Hauptbahnhof Süd];2021-11-25T08:02:01.862Z
0.36093944;open;2021-11-25T08:00:00Z;292;517;0;809;809;24279[Konstabler];2021-11-25T08:02:01.862Z
0.6197183;open;2021-11-25T08:00:00Z;264;162;0;426;426;18497[Hauptwache];2021-11-25T08:02:01.862Z
0.6661765;open;2021-11-25T08:00:00Z;453;227;0;680;680;18495[Am Gericht];2021-11-25T08:02:01.862Z
0.14549653;open;2021-11-25T08:00:00Z;126;740;70;936;866;109240[MyZeil];2021-11-25T08:02:01.862Z
0.4984227;open;2021-11-25T08:00:00Z;316;318;0;634;634;18494[Konrad-Adenauer-Straße];2021-11-25T08:02:01.862Z
0.94;open;2021-11-25T08:31:00Z;141;9;200;350;150;24276[Turmcenter];2021-11-25T08:32:02.661Z
0.31695333;open;2021-11-25T08:31:00Z;129;278;0;407;407;18944[Alte Oper];2021-11-25T08:32:02.661Z
0.36263737;open;2021-11-25T08:31:00Z;132;232;0;364;364;24281[Hauptbahnhof Süd];2021-11-25T08:32:02.661Z
0.39678615;open;2021-11-25T08:31:00Z;321;488;0;809;809;24279[Konstabler];2021-11-25T08:32:02.661Z
0.65258217;open;2021-11-25T08:31:00Z;278;148;0;426;426;18497[Hauptwache];2021-11-25T08:32:02.661Z
0.725;open;2021-11-25T08:31:00Z;493;187;0;680;680;18495[Am Gericht];2021-11-25T08:32:02.661Z
0.16628176;open;2021-11-25T08:31:00Z;144;722;70;936;866;109240[MyZeil];2021-11-25T08:32:02.661Z
0.50473183;open;2021-11-25T08:31:00Z;320;314;0;634;634;18494[Konrad-Adenauer-Straße];2021-11-25T08:32:02.661Z
0.94;open;2021-11-25T08:46:00Z;141;9;200;350;150;24276[Turmcenter];2021-11-25T08:47:01.559Z
0.34889436;open;2021-11-25T08:46:00Z;142;265;0;407;407;18944[Alte Oper];2021-11-25T08:47:01.559Z
0.3846154;open;2021-11-25T08:46:00Z;140;224;0;364;364;24281[Hauptbahnhof Süd];2021-11-25T08:47:01.559Z
0.4289246;open;2021-11-25T08:46:00Z;347;462;0;809;809;24279[Konstabler];2021-11-25T08:47:01.559Z
0.69248825;open;2021-11-25T08:46:00Z;295;131;0;426;426;18497[Hauptwache];2021-11-25T08:47:01.559Z
0.74558824;open;2021-11-25T08:46:00Z;507;173;0;680;680;18495[Am Gericht];2021-11-25T08:47:01.559Z
0.18013857;open;2021-11-25T08:46:00Z;156;710;70;936;866;109240[MyZeil];2021-11-25T08:47:01.559Z
0.5094637;open;2021-11-25T08:46:00Z;323;311;0;634;634;18494[Konrad-Adenauer-Straße];2021-11-25T08:47:01.559Z
0.97333336;open;2021-11-25T09:01:00Z;146;4;200;350;150;24276[Turmcenter];2021-11-25T09:02:01.234Z
0.3857494;open;2021-11-25T09:01:00Z;157;250;0;407;407;18944[Alte Oper];2021-11-25T09:02:01.234Z
0.4010989;open;2021-11-25T09:01:00Z;146;218;0;364;364;24281[Hauptbahnhof Süd];2021-11-25T09:02:01.234Z
0.4894932;open;2021-11-25T09:01:00Z;396;413;0;809;809;24279[Konstabler];2021-11-25T09:02:01.234Z
0.7746479;open;2021-11-25T09:01:00Z;330;96;0;426;426;18497[Hauptwache];2021-11-25T09:02:01.234Z
0.7941176;open;2021-11-25T09:01:00Z;540;140;0;680;680;18495[Am Gericht];2021-11-25T09:02:01.234Z
0.19630484;open;2021-11-25T09:01:00Z;170;696;70;936;866;109240[MyZeil];2021-11-25T09:02:01.234Z
0.53943217;open;2021-11-25T09:01:00Z;342;292;0;634;634;18494[Konrad-Adenauer-Straße];2021-11-25T09:02:01.234Z
0.94;open;2021-11-25T09:26:00Z;141;9;200;350;150;24276[Turmcenter];2021-11-25T09:27:00.307Z
0.44471744;open;2021-11-25T09:26:00Z;181;226;0;407;407;18944[Alte Oper];2021-11-25T09:27:00.307Z
0.41208792;open;2021-11-25T09:26:00Z;150;214;0;364;364;24281[Hauptbahnhof Süd];2021-11-25T09:27:00.307Z
0.5747837;open;2021-11-25T09:26:00Z;465;344;0;809;809;24279[Konstabler];2021-11-25T09:27:00.307Z
0.86150235;open;2021-11-25T09:26:00Z;367;59;0;426;426;18497[Hauptwache];2021-11-25T09:27:00.307Z
0.8352941;open;2021-11-25T09:26:00Z;568;112;0;680;680;18495[Am Gericht];2021-11-25T09:27:00.307Z
0.21247113;open;2021-11-25T09:26:00Z;184;682;70;936;866;109240[MyZeil];2021-11-25T09:27:00.307Z
0.57570976;open;2021-11-25T09:26:00Z;365;269;0;634;634;18494[Konrad-Adenauer-Straße];2021-11-25T09:27:00.307Z
0.96666664;open;2021-11-25T09:46:00Z;145;5;200;350;150;24276[Turmcenter];2021-11-25T09:47:02.587Z
0.5036855;open;2021-11-25T09:46:00Z;205;202;0;407;407;18944[Alte Oper];2021-11-25T09:47:02.587Z
0.42032966;open;2021-11-25T09:46:00Z;153;211;0;364;364;24281[Hauptbahnhof Süd];2021-11-25T09:47:02.587Z
0.6304079;open;2021-11-25T09:46:00Z;510;299;0;809;809;24279[Konstabler];2021-11-25T09:47:02.587Z
0.9530516;open;2021-11-25T09:46:00Z;406;20;0;426;426;18497[Hauptwache];2021-11-25T09:47:02.587Z
0.8573529;open;2021-11-25T09:46:00Z;583;97;0;680;680;18495[Am Gericht];2021-11-25T09:47:02.587Z
0.23094688;open;2021-11-25T09:46:00Z;200;666;70;936;866;109240[MyZeil];2021-11-25T09:47:02.587Z
0.60094637;open;2021-11-25T09:46:00Z;381;253;0;634;634;18494[Konrad-Adenauer-Straße];2021-11-25T09:47:02.587Z
0.97333336;open;2021-11-25T10:01:00Z;146;4;200;350;150;24276[Turmcenter];2021-11-25T10:02:00.969Z
0.54299754;open;2021-11-25T10:01:00Z;221;186;0;407;407;18944[Alte Oper];2021-11-25T10:02:00.969Z
0.40934065;open;2021-11-25T10:01:00Z;149;215;0;364;364;24281[Hauptbahnhof Süd];2021-11-25T10:02:00.969Z
0.66254634;open;2021-11-25T10:01:00Z;536;273;0;809;809;24279[Konstabler];2021-11-25T10:02:00.969Z
1;open;2021-11-25T10:01:00Z;426;0;0;426;426;18497[Hauptwache];2021-11-25T10:02:00.969Z
0.8691176;open;2021-11-25T10:01:00Z;591;89;0;680;680;18495[Am Gericht];2021-11-25T10:02:00.969Z
0.24249423;open;2021-11-25T10:01:00Z;210;656;70;936;866;109240[MyZeil];2021-11-25T10:02:00.969Z
0.6182965;open;2021-11-25T10:01:00Z;392;242;0;634;634;18494[Konrad-Adenauer-Straße];2021-11-25T10:02:00.969Z
0.96;open;2021-11-25T10:21:00Z;144;6;200;350;150;24276[Turmcenter];2021-11-25T10:27:01.948Z
0.5995086;open;2021-11-25T10:21:00Z;244;163;0;407;407;18944[Alte Oper];2021-11-25T10:27:01.948Z
0.4010989;open;2021-11-25T10:21:00Z;146;218;0;364;364;24281[Hauptbahnhof Süd];2021-11-25T10:27:01.948Z
0.7144623;open;2021-11-25T10:21:00Z;578;231;0;809;809;24279[Konstabler];2021-11-25T10:27:01.948Z
1;open;2021-11-25T10:21:00Z;426;0;0;426;426;18497[Hauptwache];2021-11-25T10:27:01.948Z
0.87941176;open;2021-11-25T10:21:00Z;598;82;0;680;680;18495[Am Gericht];2021-11-25T10:27:01.948Z
0.27020785;open;2021-11-25T10:21:00Z;234;632;70;936;866;109240[MyZeil];2021-11-25T10:27:01.948Z
0.6356467;open;2021-11-25T10:21:00Z;403;231;0;634;634;18494[Konrad-Adenauer-Straße];2021-11-25T10:27:01.948Z
0.9066667;open;2021-11-25T10:42:00Z;136;14;200;350;150;24276[Turmcenter];2021-11-25T10:47:01.868Z
0.62407863;open;2021-11-25T10:42:00Z;254;153;0;407;407;18944[Alte Oper];2021-11-25T10:47:01.868Z
0.40934065;open;2021-11-25T10:42:00Z;149;215;0;364;364;24281[Hauptbahnhof Süd];2021-11-25T10:47:01.868Z
0.7527812;open;2021-11-25T10:42:00Z;609;200;0;809;809;24279[Konstabler];2021-11-25T10:47:01.868Z
0.9976526;open;2021-11-25T10:42:00Z;425;1;0;426;426;18497[Hauptwache];2021-11-25T10:47:01.868Z
0.8808824;open;2021-11-25T10:42:00Z;599;81;0;680;680;18495[Am Gericht];2021-11-25T10:47:01.868Z
0.2655889;open;2021-11-25T10:42:00Z;230;636;70;936;866;109240[MyZeil];2021-11-25T10:47:01.868Z
0.63722396;open;2021-11-25T10:42:00Z;404;230;0;634;634;18494[Konrad-Adenauer-Straße];2021-11-25T10:47:01.868Z
0.87333333;open;2021-11-25T10:52:00Z;131;19;200;350;150;24276[Turmcenter];2021-11-25T10:57:02.258Z
0.63882065;open;2021-11-25T10:52:00Z;260;147;0;407;407;18944[Alte Oper];2021-11-25T10:57:02.258Z
0.41208792;open;2021-11-25T10:52:00Z;150;214;0;364;364;24281[Hauptbahnhof Süd];2021-11-25T10:57:02.258Z
0.7750309;open;2021-11-25T10:52:00Z;627;182;0;809;809;24279[Konstabler];2021-11-25T10:57:02.258Z
0.9835681;open;2021-11-25T10:52:00Z;419;7;0;426;426;18497[Hauptwache];2021-11-25T10:57:02.258Z
0.8882353;open;2021-11-25T10:52:00Z;604;76;0;680;680;18495[Am Gericht];2021-11-25T10:57:02.258Z
0.2748268;open;2021-11-25T10:52:00Z;238;628;70;936;866;109240[MyZeil];2021-11-25T10:57:02.258Z
0.6514196;open;2021-11-25T10:52:00Z;413;221;0;634;634;18494[Konrad-Adenauer-Straße];2021-11-25T10:57:02.258Z
0.8466667;open;2021-11-25T11:12:00Z;127;23;200;350;150;24276[Turmcenter];2021-11-25T11:17:01.875Z
0.6830467;open;2021-11-25T11:12:00Z;278;129;0;407;407;18944[Alte Oper];2021-11-25T11:17:01.875Z
0.3846154;open;2021-11-25T11:12:00Z;140;224;0;364;364;24281[Hauptbahnhof Süd];2021-11-25T11:17:01.875Z
0.80593324;open;2021-11-25T11:12:00Z;652;157;0;809;809;24279[Konstabler];2021-11-25T11:17:01.875Z
1;open;2021-11-25T11:12:00Z;426;0;0;426;426;18497[Hauptwache];2021-11-25T11:17:01.875Z
0.8602941;open;2021-11-25T11:12:00Z;585;95;0;680;680;18495[Am Gericht];2021-11-25T11:17:01.875Z
0.28406465;open;2021-11-25T11:12:00Z;246;620;70;936;866;109240[MyZeil];2021-11-25T11:17:01.875Z
0.66246057;open;2021-11-25T11:12:00Z;420;214;0;634;634;18494[Konrad-Adenauer-Straße];2021-11-25T11:17:01.875Z
0.86;open;2021-11-25T11:32:00Z;129;21;200;350;150;24276[Turmcenter];2021-11-25T11:37:00.616Z
0.6977887;open;2021-11-25T11:32:00Z;284;123;0;407;407;18944[Alte Oper];2021-11-25T11:37:00.616Z
0.3791209;open;2021-11-25T11:32:00Z;138;226;0;364;364;24281[Hauptbahnhof Süd];2021-11-25T11:37:00.616Z
0.82694685;open;2021-11-25T11:32:00Z;669;140;0;809;809;24279[Konstabler];2021-11-25T11:37:00.616Z
0.9976526;open;2021-11-25T11:32:00Z;425;1;0;426;426;18497[Hauptwache];2021-11-25T11:37:00.616Z
0.84705883;open;2021-11-25T11:32:00Z;576;104;0;680;680;18495[Am Gericht];2021-11-25T11:37:00.616Z
0.2990762;open;2021-11-25T11:32:00Z;259;607;70;936;866;109240[MyZeil];2021-11-25T11:37:00.616Z
0.6561514;open;2021-11-25T11:32:00Z;416;218;0;634;634;18494[Konrad-Adenauer-Straße];2021-11-25T11:37:00.616Z
0.87333333;open;2021-11-25T11:37:00Z;131;19;200;350;150;24276[Turmcenter];2021-11-25T11:42:01.161Z
0.7002457;open;2021-11-25T11:37:00Z;285;122;0;407;407;18944[Alte Oper];2021-11-25T11:42:01.161Z
0.3791209;open;2021-11-25T11:37:00Z;138;226;0;364;364;24281[Hauptbahnhof Süd];2021-11-25T11:42:01.161Z
0.8195303;open;2021-11-25T11:37:00Z;663;146;0;809;809;24279[Konstabler];2021-11-25T11:42:01.161Z
0.9906103;open;2021-11-25T11:37:00Z;422;4;0;426;426;18497[Hauptwache];2021-11-25T11:42:01.161Z
0.8485294;open;2021-11-25T11:37:00Z;577;103;0;680;680;18495[Am Gericht];2021-11-25T11:42:01.161Z
0.65299684;open;2021-11-25T11:37:00Z;414;220;0;634;634;18494[Konrad-Adenauer-Straße];2021-11-25T11:42:01.161Z
0.88;open;2021-11-25T11:57:00Z;132;18;200;350;150;24276[Turmcenter];2021-11-25T12:02:00.720Z
0.7223587;open;2021-11-25T11:57:00Z;294;113;0;407;407;18944[Alte Oper];2021-11-25T12:02:00.720Z
0.37362638;open;2021-11-25T11:57:00Z;136;228;0;364;364;24281[Hauptbahnhof Süd];2021-11-25T12:02:00.720Z
0.8220025;open;2021-11-25T11:57:00Z;665;144;0;809;809;24279[Konstabler];2021-11-25T12:02:00.720Z
1;open;2021-11-25T11:57:00Z;426;0;0;426;426;18497[Hauptwache];2021-11-25T12:02:00.720Z
0.83235294;open;2021-11-25T11:57:00Z;566;114;0;680;680;18495[Am Gericht];2021-11-25T12:02:00.720Z
0.64984226;open;2021-11-25T11:57:00Z;412;222;0;634;634;18494[Konrad-Adenauer-Straße];2021-11-25T12:02:00.720Z
0.86;open;2021-11-25T12:33:00Z;129;21;200;350;150;24276[Turmcenter];2021-11-25T12:37:01.402Z
0.7174447;open;2021-11-25T12:33:00Z;292;115;0;407;407;18944[Alte Oper];2021-11-25T12:37:01.402Z
0.35714287;open;2021-11-25T12:33:00Z;130;234;0;364;364;24281[Hauptbahnhof Süd];2021-11-25T12:37:01.402Z
0.78244746;open;2021-11-25T12:33:00Z;633;176;0;809;809;24279[Konstabler];2021-11-25T12:37:01.402Z
1;open;2021-11-25T12:33:00Z;426;0;0;426;426;18497[Hauptwache];2021-11-25T12:37:01.402Z
0.7705882;open;2021-11-25T12:33:00Z;524;156;0;680;680;18495[Am Gericht];2021-11-25T12:37:01.402Z
0.29792148;open;2021-11-25T12:33:00Z;258;608;70;936;866;109240[MyZeil];2021-11-25T12:37:01.402Z
0.681388;open;2021-11-25T12:33:00Z;432;202;0;634;634;18494[Konrad-Adenauer-Straße];2021-11-25T12:37:01.402Z
0.86;open;2021-11-25T13:03:00Z;129;21;200;350;150;24276[Turmcenter];2021-11-25T13:07:02.330Z
0.7051597;open;2021-11-25T13:03:00Z;287;120;0;407;407;18944[Alte Oper];2021-11-25T13:07:02.330Z
0.3434066;open;2021-11-25T13:03:00Z;125;239;0;364;364;24281[Hauptbahnhof Süd];2021-11-25T13:07:02.330Z
0.78244746;open;2021-11-25T13:03:00Z;633;176;0;809;809;24279[Konstabler];2021-11-25T13:07:02.330Z
1;open;2021-11-25T13:03:00Z;426;0;0;426;426;18497[Hauptwache];2021-11-25T13:07:02.330Z
0.7588235;open;2021-11-25T13:03:00Z;516;164;0;680;680;18495[Am Gericht];2021-11-25T13:07:02.330Z
0.29676676;open;2021-11-25T13:03:00Z;257;609;70;936;866;109240[MyZeil];2021-11-25T13:07:02.330Z
0.7003155;open;2021-11-25T13:03:00Z;444;190;0;634;634;18494[Konrad-Adenauer-Straße];2021-11-25T13:07:02.330Z
0.8666667;open;2021-11-25T13:28:00Z;130;20;200;350;150;24276[Turmcenter];2021-11-25T13:32:01.234Z
0.6609337;open;2021-11-25T13:28:00Z;269;138;0;407;407;18944[Alte Oper];2021-11-25T13:32:01.234Z
0.32692307;open;2021-11-25T13:28:00Z;119;245;0;364;364;24281[Hauptbahnhof Süd];2021-11-25T13:32:01.234Z
0.7663782;open;2021-11-25T13:28:00Z;620;189;0;809;809;24279[Konstabler];2021-11-25T13:32:01.234Z
0.9859155;open;2021-11-25T13:28:00Z;420;6;0;426;426;18497[Hauptwache];2021-11-25T13:32:01.234Z
0.7411765;open;2021-11-25T13:28:00Z;504;176;0;680;680;18495[Am Gericht];2021-11-25T13:32:01.234Z
0.30138567;open;2021-11-25T13:28:00Z;261;605;70;936;866;109240[MyZeil];2021-11-25T13:32:01.234Z
0.6876972;open;2021-11-25T13:28:00Z;436;198;0;634;634;18494[Konrad-Adenauer-Straße];2021-11-25T13:32:01.234Z
0.84;open;2021-11-25T13:48:00Z;126;24;200;350;150;24276[Turmcenter];2021-11-25T13:52:00.647Z
0.63882065;open;2021-11-25T13:48:00Z;260;147;0;407;407;18944[Alte Oper];2021-11-25T13:52:00.647Z
0.30769232;open;2021-11-25T13:48:00Z;112;252;0;364;364;24281[Hauptbahnhof Süd];2021-11-25T13:52:00.647Z
0.78368354;open;2021-11-25T13:48:00Z;634;175;0;809;809;24279[Konstabler];2021-11-25T13:52:00.647Z
1;open;2021-11-25T13:48:00Z;426;0;0;426;426;18497[Hauptwache];2021-11-25T13:52:00.647Z
0.7264706;open;2021-11-25T13:48:00Z;494;186;0;680;680;18495[Am Gericht];2021-11-25T13:52:00.647Z
0.3048499;open;2021-11-25T13:48:00Z;264;602;70;936;866;109240[MyZeil];2021-11-25T13:52:00.647Z
0.6766561;open;2021-11-25T13:48:00Z;429;205;0;634;634;18494[Konrad-Adenauer-Straße];2021-11-25T13:52:00.647Z
0.82666665;open;2021-11-25T13:58:00Z;124;26;200;350;150;24276[Turmcenter];2021-11-25T14:02:00.413Z
0.6363636;open;2021-11-25T13:58:00Z;259;148;0;407;407;18944[Alte Oper];2021-11-25T14:02:00.413Z
0.30494505;open;2021-11-25T13:58:00Z;111;253;0;364;364;24281[Hauptbahnhof Süd];2021-11-25T14:02:00.413Z
0.76390606;open;2021-11-25T13:58:00Z;618;191;0;809;809;24279[Konstabler];2021-11-25T14:02:00.413Z
1;open;2021-11-25T13:58:00Z;426;0;0;426;426;18497[Hauptwache];2021-11-25T14:02:00.413Z
0.7117647;open;2021-11-25T13:58:00Z;484;196;0;680;680;18495[Am Gericht];2021-11-25T14:02:00.413Z
0.30254042;open;2021-11-25T13:58:00Z;262;604;70;936;866;109240[MyZeil];2021-11-25T14:02:00.413Z
0.670347;open;2021-11-25T13:58:00Z;425;209;0;634;634;18494[Konrad-Adenauer-Straße];2021-11-25T14:02:00.413Z
0.8066667;open;2021-11-25T14:19:00Z;121;29;200;350;150;24276[Turmcenter];2021-11-25T14:22:01.899Z
0.6289926;open;2021-11-25T14:19:00Z;256;151;0;407;407;18944[Alte Oper];2021-11-25T14:22:01.899Z
0.29395604;open;2021-11-25T14:19:00Z;107;257;0;364;364;24281[Hauptbahnhof Süd];2021-11-25T14:22:01.899Z
0.7775031;open;2021-11-25T14:19:00Z;629;180;0;809;809;24279[Konstabler];2021-11-25T14:22:01.899Z
1;open;2021-11-25T14:19:00Z;426;0;0;426;426;18497[Hauptwache];2021-11-25T14:22:01.899Z
0.7132353;open;2021-11-25T14:19:00Z;485;195;0;680;680;18495[Am Gericht];2021-11-25T14:22:01.899Z
0.2852194;open;2021-11-25T14:19:00Z;247;619;70;936;866;109240[MyZeil];2021-11-25T14:22:01.899Z
0.648265;open;2021-11-25T14:19:00Z;411;223;0;634;634;18494[Konrad-Adenauer-Straße];2021-11-25T14:22:01.899Z
0.7866667;open;2021-11-25T14:44:00Z;118;32;200;350;150;24276[Turmcenter];2021-11-25T14:47:01.282Z
0.63144964;open;2021-11-25T14:44:00Z;257;150;0;407;407;18944[Alte Oper];2021-11-25T14:47:01.282Z
0.25274727;open;2021-11-25T14:44:00Z;92;272;0;364;364;24281[Hauptbahnhof Süd];2021-11-25T14:47:01.282Z
0.7948084;open;2021-11-25T14:44:00Z;643;166;0;809;809;24279[Konstabler];2021-11-25T14:47:01.282Z
0.9835681;open;2021-11-25T14:44:00Z;419;7;0;426;426;18497[Hauptwache];2021-11-25T14:47:01.282Z
0.69264704;open;2021-11-25T14:44:00Z;471;209;0;680;680;18495[Am Gericht];2021-11-25T14:47:01.282Z
0.28290993;open;2021-11-25T14:44:00Z;245;621;70;936;866;109240[MyZeil];2021-11-25T14:47:01.282Z
0.6214511;open;2021-11-25T14:44:00Z;394;240;0;634;634;18494[Konrad-Adenauer-Straße];2021-11-25T14:47:01.282Z
0.7866667;open;2021-11-25T14:49:00Z;118;32;200;350;150;24276[Turmcenter];2021-11-25T14:52:00.887Z
0.6167076;open;2021-11-25T14:49:00Z;251;156;0;407;407;18944[Alte Oper];2021-11-25T14:52:00.887Z
0.24725275;open;2021-11-25T14:49:00Z;90;274;0;364;364;24281[Hauptbahnhof Süd];2021-11-25T14:52:00.887Z
0.7849197;open;2021-11-25T14:49:00Z;635;174;0;809;809;24279[Konstabler];2021-11-25T14:52:00.887Z
1;open;2021-11-25T14:49:00Z;426;0;0;426;426;18497[Hauptwache];2021-11-25T14:52:00.887Z
0.6897059;open;2021-11-25T14:49:00Z;469;211;0;680;680;18495[Am Gericht];2021-11-25T14:52:00.887Z
0.28637412;open;2021-11-25T14:49:00Z;248;618;70;936;866;109240[MyZeil];2021-11-25T14:52:00.887Z
0.6198738;open;2021-11-25T14:49:00Z;393;241;0;634;634;18494[Konrad-Adenauer-Straße];2021-11-25T14:52:00.887Z
0.7266667;open;2021-11-25T14:59:00Z;109;41;200;350;150;24276[Turmcenter];2021-11-25T15:02:02.605Z
0.6167076;open;2021-11-25T14:59:00Z;251;156;0;407;407;18944[Alte Oper];2021-11-25T15:02:02.605Z
0.25;open;2021-11-25T14:59:00Z;91;273;0;364;364;24281[Hauptbahnhof Süd];2021-11-25T15:02:02.605Z
0.7997528;open;2021-11-25T14:59:00Z;647;162;0;809;809;24279[Konstabler];2021-11-25T15:02:02.605Z
0.9976526;open;2021-11-25T14:59:00Z;425;1;0;426;426;18497[Hauptwache];2021-11-25T15:02:02.605Z
0.6867647;open;2021-11-25T14:59:00Z;467;213;0;680;680;18495[Am Gericht];2021-11-25T15:02:02.605Z
0.2852194;open;2021-11-25T14:59:00Z;247;619;70;936;866;109240[MyZeil];2021-11-25T15:02:02.605Z
0.6214511;open;2021-11-25T14:59:00Z;394;240;0;634;634;18494[Konrad-Adenauer-Straße];2021-11-25T15:02:02.605Z
0.6933333;open;2021-11-25T15:24:00Z;104;46;200;350;150;24276[Turmcenter];2021-11-25T15:27:02.353Z
0.5872236;open;2021-11-25T15:24:00Z;239;168;0;407;407;18944[Alte Oper];2021-11-25T15:27:02.353Z
0.20054945;open;2021-11-25T15:24:00Z;73;291;0;364;364;24281[Hauptbahnhof Süd];2021-11-25T15:27:02.353Z
0.7812114;open;2021-11-25T15:24:00Z;632;177;0;809;809;24279[Konstabler];2021-11-25T15:27:02.353Z
1;open;2021-11-25T15:24:00Z;426;0;0;426;426;18497[Hauptwache];2021-11-25T15:27:02.353Z
0.68235296;open;2021-11-25T15:24:00Z;464;216;0;680;680;18495[Am Gericht];2021-11-25T15:27:02.353Z
0.30138567;open;2021-11-25T15:24:00Z;261;605;70;936;866;109240[MyZeil];2021-11-25T15:27:02.353Z
0.5867508;open;2021-11-25T15:24:00Z;372;262;0;634;634;18494[Konrad-Adenauer-Straße];2021-11-25T15:27:02.353Z
0.70666665;open;2021-11-25T15:45:00Z;106;44;200;350;150;24276[Turmcenter];2021-11-25T15:47:00.751Z
0.57739556;open;2021-11-25T15:45:00Z;235;172;0;407;407;18944[Alte Oper];2021-11-25T15:47:00.751Z
0.17307693;open;2021-11-25T15:45:00Z;63;301;0;364;364;24281[Hauptbahnhof Süd];2021-11-25T15:47:00.751Z
0.7161458;open;2021-11-25T15:45:00Z;275;109;0;384;384;105479[Baseler Platz];2021-11-25T15:47:00.751Z
0.776267;open;2021-11-25T15:45:00Z;628;181;0;809;809;24279[Konstabler];2021-11-25T15:47:00.751Z
1;open;2021-11-25T15:45:00Z;426;0;0;426;426;18497[Hauptwache];2021-11-25T15:47:00.751Z
0.68235296;open;2021-11-25T15:45:00Z;464;216;0;680;680;18495[Am Gericht];2021-11-25T15:47:00.751Z
0.2886836;open;2021-11-25T15:45:00Z;250;616;70;936;866;109240[MyZeil];2021-11-25T15:47:00.751Z
0.58832806;open;2021-11-25T15:45:00Z;373;261;0;634;634;18494[Konrad-Adenauer-Straße];2021-11-25T15:47:00.751Z
0.76;open;2021-11-25T15:55:00Z;114;36;200;350;150;24276[Turmcenter];2021-11-25T15:57:00.161Z
0.56511056;open;2021-11-25T15:55:00Z;230;177;0;407;407;18944[Alte Oper];2021-11-25T15:57:00.161Z
0.16208792;open;2021-11-25T15:55:00Z;59;305;0;364;364;24281[Hauptbahnhof Süd];2021-11-25T15:57:00.161Z
0.7057292;open;2021-11-25T15:55:00Z;271;113;0;384;384;105479[Baseler Platz];2021-11-25T15:57:00.161Z
0.7886279;open;2021-11-25T15:55:00Z;638;171;0;809;809;24279[Konstabler];2021-11-25T15:57:00.161Z
1;open;2021-11-25T15:55:00Z;426;0;0;426;426;18497[Hauptwache];2021-11-25T15:57:00.161Z
0.6691176;open;2021-11-25T15:55:00Z;455;225;0;680;680;18495[Am Gericht];2021-11-25T15:57:00.161Z
0.28983834;open;2021-11-25T15:55:00Z;251;615;70;936;866;109240[MyZeil];2021-11-25T15:57:00.161Z
0.5977918;open;2021-11-25T15:55:00Z;379;255;0;634;634;18494[Konrad-Adenauer-Straße];2021-11-25T15:57:00.161Z
0.6666667;open;2021-11-25T16:30:00Z;100;50;200;350;150;24276[Turmcenter];2021-11-25T16:32:01.484Z
0.53808355;open;2021-11-25T16:30:00Z;219;188;0;407;407;18944[Alte Oper];2021-11-25T16:32:01.484Z
0.12362637;open;2021-11-25T16:30:00Z;45;319;0;364;364;24281[Hauptbahnhof Süd];2021-11-25T16:32:01.484Z
0.6848958;open;2021-11-25T16:30:00Z;263;121;0;384;384;105479[Baseler Platz];2021-11-25T16:32:01.484Z
0.7750309;open;2021-11-25T16:30:00Z;627;182;0;809;809;24279[Konstabler];2021-11-25T16:32:01.484Z
0.9929578;open;2021-11-25T16:30:00Z;423;3;0;426;426;18497[Hauptwache];2021-11-25T16:32:01.484Z
0.62352943;open;2021-11-25T16:30:00Z;424;256;0;680;680;18495[Am Gericht];2021-11-25T16:32:01.484Z
0.57570976;open;2021-11-25T16:30:00Z;365;269;0;634;634;18494[Konrad-Adenauer-Straße];2021-11-25T16:32:01.484Z
0.56666666;open;2021-11-25T17:06:00Z;85;65;200;350;150;24276[Turmcenter];2021-11-25T17:07:01.794Z
0.4963145;open;2021-11-25T17:06:00Z;202;205;0;407;407;18944[Alte Oper];2021-11-25T17:07:01.794Z
0.093406595;open;2021-11-25T17:06:00Z;34;330;0;364;364;24281[Hauptbahnhof Süd];2021-11-25T17:07:01.794Z
0.6796875;open;2021-11-25T17:06:00Z;261;123;0;384;384;105479[Baseler Platz];2021-11-25T17:07:01.794Z
0.78244746;open;2021-11-25T17:06:00Z;633;176;0;809;809;24279[Konstabler];2021-11-25T17:07:01.794Z
0.9882629;open;2021-11-25T17:06:00Z;421;5;0;426;426;18497[Hauptwache];2021-11-25T17:07:01.794Z
0.5882353;open;2021-11-25T17:06:00Z;400;280;0;680;680;18495[Am Gericht];2021-11-25T17:07:01.794Z
0.27944574;open;2021-11-25T17:06:00Z;242;624;70;936;866;109240[MyZeil];2021-11-25T17:07:01.794Z
0.5899054;open;2021-11-25T17:06:00Z;374;260;0;634;634;18494[Konrad-Adenauer-Straße];2021-11-25T17:07:01.794Z
0.325;open;2021-11-25T17:36:00Z;65;135;150;350;200;24276[Turmcenter];2021-11-25T17:37:01.915Z
0.4791155;open;2021-11-25T17:36:00Z;195;212;0;407;407;18944[Alte Oper];2021-11-25T17:37:01.915Z
0.06593407;open;2021-11-25T17:36:00Z;24;340;0;364;364;24281[Hauptbahnhof Süd];2021-11-25T17:37:01.915Z
0.6796875;open;2021-11-25T17:36:00Z;261;123;0;384;384;105479[Baseler Platz];2021-11-25T17:37:01.915Z
0.7540173;open;2021-11-25T17:36:00Z;610;199;0;809;809;24279[Konstabler];2021-11-25T17:37:01.915Z
0.9953052;open;2021-11-25T17:36:00Z;424;2;0;426;426;18497[Hauptwache];2021-11-25T17:37:01.915Z
0.5808824;open;2021-11-25T17:36:00Z;395;285;0;680;680;18495[Am Gericht];2021-11-25T17:37:01.915Z
0.2817552;open;2021-11-25T17:36:00Z;244;622;70;936;866;109240[MyZeil];2021-11-25T17:37:01.915Z
0.6340694;open;2021-11-25T17:36:00Z;402;232;0;634;634;18494[Konrad-Adenauer-Straße];2021-11-25T17:37:01.915Z
0.31;open;2021-11-25T17:51:00Z;62;138;150;350;200;24276[Turmcenter];2021-11-25T17:52:01.958Z
0.48402947;open;2021-11-25T17:51:00Z;197;210;0;407;407;18944[Alte Oper];2021-11-25T17:52:01.958Z
0.06593407;open;2021-11-25T17:51:00Z;24;340;0;364;364;24281[Hauptbahnhof Süd];2021-11-25T17:52:01.958Z
0.6953125;open;2021-11-25T17:51:00Z;267;117;0;384;384;105479[Baseler Platz];2021-11-25T17:52:01.958Z
0.7478368;open;2021-11-25T17:51:00Z;605;204;0;809;809;24279[Konstabler];2021-11-25T17:52:01.958Z
1;open;2021-11-25T17:51:00Z;426;0;0;426;426;18497[Hauptwache];2021-11-25T17:52:01.958Z
0.57941175;open;2021-11-25T17:51:00Z;394;286;0;680;680;18495[Am Gericht];2021-11-25T17:52:01.958Z
0.28060046;open;2021-11-25T17:51:00Z;243;623;70;936;866;109240[MyZeil];2021-11-25T17:52:01.958Z
0.6388013;open;2021-11-25T17:51:00Z;405;229;0;634;634;18494[Konrad-Adenauer-Straße];2021-11-25T17:52:01.958Z
0.3;open;2021-11-25T18:01:00Z;60;140;150;350;200;24276[Turmcenter];2021-11-25T18:02:01.752Z
0.47420147;open;2021-11-25T18:01:00Z;193;214;0;407;407;18944[Alte Oper];2021-11-25T18:02:01.752Z
0.06318682;open;2021-11-25T18:01:00Z;23;341;0;364;364;24281[Hauptbahnhof Süd];2021-11-25T18:02:01.752Z
0.6875;open;2021-11-25T18:01:00Z;264;120;0;384;384;105479[Baseler Platz];2021-11-25T18:02:01.752Z
0.74289244;open;2021-11-25T18:01:00Z;601;208;0;809;809;24279[Konstabler];2021-11-25T18:02:01.752Z
0.9976526;open;2021-11-25T18:01:00Z;425;1;0;426;426;18497[Hauptwache];2021-11-25T18:02:01.752Z
0.5647059;open;2021-11-25T18:01:00Z;384;296;0;680;680;18495[Am Gericht];2021-11-25T18:02:01.752Z
0.6324921;open;2021-11-25T18:01:00Z;401;233;0;634;634;18494[Konrad-Adenauer-Straße];2021-11-25T18:02:01.752Z
0.31;open;2021-11-25T18:27:00Z;62;138;150;350;200;24276[Turmcenter];2021-11-25T18:32:01.181Z
0.44963145;open;2021-11-25T18:27:00Z;183;224;0;407;407;18944[Alte Oper];2021-11-25T18:32:01.181Z
0.057692308;open;2021-11-25T18:27:00Z;21;343;0;364;364;24281[Hauptbahnhof Süd];2021-11-25T18:32:01.181Z
0.6692708;open;2021-11-25T18:27:00Z;257;127;0;384;384;105479[Baseler Platz];2021-11-25T18:32:01.181Z
0.71940666;open;2021-11-25T18:27:00Z;582;227;0;809;809;24279[Konstabler];2021-11-25T18:32:01.181Z
0.97887325;open;2021-11-25T18:27:00Z;417;9;0;426;426;18497[Hauptwache];2021-11-25T18:32:01.181Z
0.5632353;open;2021-11-25T18:27:00Z;383;297;0;680;680;18495[Am Gericht];2021-11-25T18:32:01.181Z
0.25404158;open;2021-11-25T18:27:00Z;220;646;70;936;866;109240[MyZeil];2021-11-25T18:32:01.181Z
0.6230284;open;2021-11-25T18:27:00Z;395;239;0;634;634;18494[Konrad-Adenauer-Straße];2021-11-25T18:32:01.181Z
0.32;open;2021-11-25T18:47:00Z;64;136;150;350;200;24276[Turmcenter];2021-11-25T18:52:00.162Z
0.4127764;open;2021-11-25T18:47:00Z;168;239;0;407;407;18944[Alte Oper];2021-11-25T18:52:00.162Z
0.054945055;open;2021-11-25T18:47:00Z;20;344;0;364;364;24281[Hauptbahnhof Süd];2021-11-25T18:52:00.162Z
0.6692708;open;2021-11-25T18:47:00Z;257;127;0;384;384;105479[Baseler Platz];2021-11-25T18:52:00.162Z
0.6922126;open;2021-11-25T18:47:00Z;560;249;0;809;809;24279[Konstabler];2021-11-25T18:52:00.162Z
0.96713614;open;2021-11-25T18:47:00Z;412;14;0;426;426;18497[Hauptwache];2021-11-25T18:52:00.162Z
0.5588235;open;2021-11-25T18:47:00Z;380;300;0;680;680;18495[Am Gericht];2021-11-25T18:52:00.162Z
0.6151419;open;2021-11-25T18:47:00Z;390;244;0;634;634;18494[Konrad-Adenauer-Straße];2021-11-25T18:52:00.162Z
0.305;open;2021-11-25T18:57:00Z;61;139;150;350;200;24276[Turmcenter];2021-11-25T19:02:01.601Z
0.3882064;open;2021-11-25T18:57:00Z;158;249;0;407;407;18944[Alte Oper];2021-11-25T19:02:01.601Z
0.057692308;open;2021-11-25T18:57:00Z;21;343;0;364;364;24281[Hauptbahnhof Süd];2021-11-25T19:02:01.601Z
0.6692708;open;2021-11-25T18:57:00Z;257;127;0;384;384;105479[Baseler Platz];2021-11-25T19:02:01.601Z
0.6563659;open;2021-11-25T18:57:00Z;531;278;0;809;809;24279[Konstabler];2021-11-25T19:02:01.601Z
0.9483568;open;2021-11-25T18:57:00Z;404;22;0;426;426;18497[Hauptwache];2021-11-25T19:02:01.601Z
0.5529412;open;2021-11-25T18:57:00Z;376;304;0;680;680;18495[Am Gericht];2021-11-25T19:02:01.601Z
0.24595843;open;2021-11-25T18:57:00Z;213;653;70;936;866;109240[MyZeil];2021-11-25T19:02:01.601Z
0.6151419;open;2021-11-25T18:57:00Z;390;244;0;634;634;18494[Konrad-Adenauer-Straße];2021-11-25T19:02:01.601Z
0.33;open;2021-11-25T19:18:00Z;66;134;150;350;200;24276[Turmcenter];2021-11-25T19:22:00.770Z
0.36855036;open;2021-11-25T19:18:00Z;150;257;0;407;407;18944[Alte Oper];2021-11-25T19:22:00.770Z
0.06043956;open;2021-11-25T19:18:00Z;22;342;0;364;364;24281[Hauptbahnhof Süd];2021-11-25T19:22:00.770Z
0.6640625;open;2021-11-25T19:18:00Z;255;129;0;384;384;105479[Baseler Platz];2021-11-25T19:22:00.770Z
0.5933251;open;2021-11-25T19:18:00Z;480;329;0;809;809;24279[Konstabler];2021-11-25T19:22:00.770Z
0.90140843;open;2021-11-25T19:18:00Z;384;42;0;426;426;18497[Hauptwache];2021-11-25T19:22:00.770Z
0.5382353;open;2021-11-25T19:18:00Z;366;314;0;680;680;18495[Am Gericht];2021-11-25T19:22:00.770Z
0.5977918;open;2021-11-25T19:18:00Z;379;255;0;634;634;18494[Konrad-Adenauer-Straße];2021-11-25T19:22:00.770Z
0.335;open;2021-11-25T19:28:00Z;67;133;150;350;200;24276[Turmcenter];2021-11-25T19:32:00.680Z
0.36117935;open;2021-11-25T19:28:00Z;147;260;0;407;407;18944[Alte Oper];2021-11-25T19:32:00.680Z
0.057692308;open;2021-11-25T19:28:00Z;21;343;0;364;364;24281[Hauptbahnhof Süd];2021-11-25T19:32:00.680Z
0.671875;open;2021-11-25T19:28:00Z;258;126;0;384;384;105479[Baseler Platz];2021-11-25T19:32:00.680Z
0.57601976;open;2021-11-25T19:28:00Z;466;343;0;809;809;24279[Konstabler];2021-11-25T19:32:00.680Z
0.87323946;open;2021-11-25T19:28:00Z;372;54;0;426;426;18497[Hauptwache];2021-11-25T19:32:00.680Z
0.5294118;open;2021-11-25T19:28:00Z;360;320;0;680;680;18495[Am Gericht];2021-11-25T19:32:00.680Z
0.22632794;open;2021-11-25T19:28:00Z;196;670;70;936;866;109240[MyZeil];2021-11-25T19:32:00.680Z
0.59305996;open;2021-11-25T19:28:00Z;376;258;0;634;634;18494[Konrad-Adenauer-Straße];2021-11-25T19:32:00.680Z
0.33;open;2021-11-25T19:43:00Z;66;134;150;350;200;24276[Turmcenter];2021-11-25T19:47:00.077Z
0.33660933;open;2021-11-25T19:43:00Z;137;270;0;407;407;18944[Alte Oper];2021-11-25T19:47:00.077Z
0.057692308;open;2021-11-25T19:43:00Z;21;343;0;364;364;24281[Hauptbahnhof Süd];2021-11-25T19:47:00.077Z
0.6744792;open;2021-11-25T19:43:00Z;259;125;0;384;384;105479[Baseler Platz];2021-11-25T19:47:00.077Z
0.54511744;open;2021-11-25T19:43:00Z;441;368;0;809;809;24279[Konstabler];2021-11-25T19:47:00.077Z
0.8356807;open;2021-11-25T19:43:00Z;356;70;0;426;426;18497[Hauptwache];2021-11-25T19:47:00.077Z
0.5205882;open;2021-11-25T19:43:00Z;354;326;0;680;680;18495[Am Gericht];2021-11-25T19:47:00.077Z
0.21016166;open;2021-11-25T19:43:00Z;182;684;70;936;866;109240[MyZeil];2021-11-25T19:47:00.077Z
0.5709779;open;2021-11-25T19:43:00Z;362;272;0;634;634;18494[Konrad-Adenauer-Straße];2021-11-25T19:47:00.077Z
0.32;open;2021-11-25T19:48:00Z;64;136;150;350;200;24276[Turmcenter];2021-11-25T19:52:01.784Z
0.33169532;open;2021-11-25T19:48:00Z;135;272;0;407;407;18944[Alte Oper];2021-11-25T19:52:01.784Z
0.057692308;open;2021-11-25T19:48:00Z;21;343;0;364;364;24281[Hauptbahnhof Süd];2021-11-25T19:52:01.784Z
0.6796875;open;2021-11-25T19:48:00Z;261;123;0;384;384;105479[Baseler Platz];2021-11-25T19:52:01.784Z
0.5327565;open;2021-11-25T19:48:00Z;431;378;0;809;809;24279[Konstabler];2021-11-25T19:52:01.784Z
0.8169014;open;2021-11-25T19:48:00Z;348;78;0;426;426;18497[Hauptwache];2021-11-25T19:52:01.784Z
0.50441176;open;2021-11-25T19:48:00Z;343;337;0;680;680;18495[Am Gericht];2021-11-25T19:52:01.784Z
0.57570976;open;2021-11-25T19:48:00Z;365;269;0;634;634;18494[Konrad-Adenauer-Straße];2021-11-25T19:52:01.784Z
0.3;open;2021-11-25T20:19:00Z;60;140;150;350;200;24276[Turmcenter];2021-11-25T20:22:01.552Z
0.3022113;open;2021-11-25T20:19:00Z;123;284;0;407;407;18944[Alte Oper];2021-11-25T20:22:01.552Z
0.054945055;open;2021-11-25T20:19:00Z;20;344;0;364;364;24281[Hauptbahnhof Süd];2021-11-25T20:22:01.552Z
0.671875;open;2021-11-25T20:19:00Z;258;126;0;384;384;105479[Baseler Platz];2021-11-25T20:22:01.552Z
0.46971568;open;2021-11-25T20:19:00Z;380;429;0;809;809;24279[Konstabler];2021-11-25T20:22:01.552Z
0.7253521;open;2021-11-25T20:19:00Z;309;117;0;426;426;18497[Hauptwache];2021-11-25T20:22:01.552Z
0.4779412;open;2021-11-25T20:19:00Z;325;355;0;680;680;18495[Am Gericht];2021-11-25T20:22:01.552Z
0.54258674;open;2021-11-25T20:19:00Z;344;290;0;634;634;18494[Konrad-Adenauer-Straße];2021-11-25T20:22:01.552Z
0.28;open;2021-11-25T20:34:00Z;56;144;150;350;200;24276[Turmcenter];2021-11-25T20:37:01.265Z
0.29238328;open;2021-11-25T20:34:00Z;119;288;0;407;407;18944[Alte Oper];2021-11-25T20:37:01.265Z
0.052197803;open;2021-11-25T20:34:00Z;19;345;0;364;364;24281[Hauptbahnhof Süd];2021-11-25T20:37:01.265Z
0.671875;open;2021-11-25T20:34:00Z;258;126;0;384;384;105479[Baseler Platz];2021-11-25T20:37:01.265Z
0.43757725;open;2021-11-25T20:34:00Z;354;455;0;809;809;24279[Konstabler];2021-11-25T20:37:01.265Z
0.68075114;open;2021-11-25T20:34:00Z;290;136;0;426;426;18497[Hauptwache];2021-11-25T20:37:01.265Z
0.4632353;open;2021-11-25T20:34:00Z;315;365;0;680;680;18495[Am Gericht];2021-11-25T20:37:01.265Z
0.5126183;open;2021-11-25T20:34:00Z;325;309;0;634;634;18494[Konrad-Adenauer-Straße];2021-11-25T20:37:01.265Z
0.26;open;2021-11-25T20:49:00Z;52;148;150;350;200;24276[Turmcenter];2021-11-25T20:52:00.128Z
0.26781327;open;2021-11-25T20:49:00Z;109;298;0;407;407;18944[Alte Oper];2021-11-25T20:52:00.128Z
0.04945055;open;2021-11-25T20:49:00Z;18;346;0;364;364;24281[Hauptbahnhof Süd];2021-11-25T20:52:00.128Z
0.6666667;open;2021-11-25T20:49:00Z;256;128;0;384;384;105479[Baseler Platz];2021-11-25T20:52:00.128Z
0.40296662;open;2021-11-25T20:49:00Z;326;483;0;809;809;24279[Konstabler];2021-11-25T20:52:00.128Z
0.65258217;open;2021-11-25T20:49:00Z;278;148;0;426;426;18497[Hauptwache];2021-11-25T20:52:00.128Z
0.45882353;open;2021-11-25T20:49:00Z;312;368;0;680;680;18495[Am Gericht];2021-11-25T20:52:00.128Z
0.49053627;open;2021-11-25T20:49:00Z;311;323;0;634;634;18494[Konrad-Adenauer-Straße];2021-11-25T20:52:00.128Z
0.245;open;2021-11-25T20:59:00Z;49;151;150;350;200;24276[Turmcenter];2021-11-25T21:02:02.218Z
0.26289925;open;2021-11-25T20:59:00Z;107;300;0;407;407;18944[Alte Oper];2021-11-25T21:02:02.218Z
0.046703298;open;2021-11-25T20:59:00Z;17;347;0;364;364;24281[Hauptbahnhof Süd];2021-11-25T21:02:02.218Z
0.6666667;open;2021-11-25T20:59:00Z;256;128;0;384;384;105479[Baseler Platz];2021-11-25T21:02:02.218Z
0.39184177;open;2021-11-25T20:59:00Z;317;492;0;809;809;24279[Konstabler];2021-11-25T21:02:02.218Z
0.63849765;open;2021-11-25T20:59:00Z;272;154;0;426;426;18497[Hauptwache];2021-11-25T21:02:02.218Z
0.46029413;open;2021-11-25T20:59:00Z;313;367;0;680;680;18495[Am Gericht];2021-11-25T21:02:02.218Z
0.14896074;open;2021-11-25T20:59:00Z;129;737;70;936;866;109240[MyZeil];2021-11-25T21:02:02.218Z
0.48422712;open;2021-11-25T20:59:00Z;307;327;0;634;634;18494[Konrad-Adenauer-Straße];2021-11-25T21:02:02.218Z
0.235;open;2021-11-25T21:20:00Z;47;153;150;350;200;24276[Turmcenter];2021-11-25T21:22:02.761Z
0.23095824;open;2021-11-25T21:20:00Z;94;313;0;407;407;18944[Alte Oper];2021-11-25T21:22:02.761Z
0.046703298;open;2021-11-25T21:20:00Z;17;347;0;364;364;24281[Hauptbahnhof Süd];2021-11-25T21:22:02.761Z
0.6640625;open;2021-11-25T21:20:00Z;255;129;0;384;384;105479[Baseler Platz];2021-11-25T21:22:02.761Z
0.37206426;open;2021-11-25T21:20:00Z;301;508;0;809;809;24279[Konstabler];2021-11-25T21:22:02.761Z
0.6079812;open;2021-11-25T21:20:00Z;259;167;0;426;426;18497[Hauptwache];2021-11-25T21:22:02.761Z
0.45735294;open;2021-11-25T21:20:00Z;311;369;0;680;680;18495[Am Gericht];2021-11-25T21:22:02.761Z
0.46845427;open;2021-11-25T21:20:00Z;297;337;0;634;634;18494[Konrad-Adenauer-Straße];2021-11-25T21:22:02.761Z
0.215;open;2021-11-25T21:35:00Z;43;157;150;350;200;24276[Turmcenter];2021-11-25T21:37:01.549Z
0.22113022;open;2021-11-25T21:35:00Z;90;317;0;407;407;18944[Alte Oper];2021-11-25T21:37:01.549Z
0.046703298;open;2021-11-25T21:35:00Z;17;347;0;364;364;24281[Hauptbahnhof Süd];2021-11-25T21:37:01.549Z
0.6640625;open;2021-11-25T21:35:00Z;255;129;0;384;384;105479[Baseler Platz];2021-11-25T21:37:01.549Z
0.35970333;open;2021-11-25T21:35:00Z;291;518;0;809;809;24279[Konstabler];2021-11-25T21:37:01.549Z
0.59624416;open;2021-11-25T21:35:00Z;254;172;0;426;426;18497[Hauptwache];2021-11-25T21:37:01.549Z
0.46029413;open;2021-11-25T21:35:00Z;313;367;0;680;680;18495[Am Gericht];2021-11-25T21:37:01.549Z
0.45583597;open;2021-11-25T21:35:00Z;289;345;0;634;634;18494[Konrad-Adenauer-Straße];2021-11-25T21:37:01.549Z
0.205;open;2021-11-25T21:50:00Z;41;159;150;350;200;24276[Turmcenter];2021-11-25T21:52:00.055Z
0.2039312;open;2021-11-25T21:50:00Z;83;324;0;407;407;18944[Alte Oper];2021-11-25T21:52:00.055Z
0.046703298;open;2021-11-25T21:50:00Z;17;347;0;364;364;24281[Hauptbahnhof Süd];2021-11-25T21:52:00.055Z
0.6666667;open;2021-11-25T21:50:00Z;256;128;0;384;384;105479[Baseler Platz];2021-11-25T21:52:00.055Z
0.3473424;open;2021-11-25T21:50:00Z;281;528;0;809;809;24279[Konstabler];2021-11-25T21:52:00.055Z
0.58685446;open;2021-11-25T21:50:00Z;250;176;0;426;426;18497[Hauptwache];2021-11-25T21:52:00.055Z
0.45588234;open;2021-11-25T21:50:00Z;310;370;0;680;680;18495[Am Gericht];2021-11-25T21:52:00.055Z
0.1374134;open;2021-11-25T21:50:00Z;119;747;70;936;866;109240[MyZeil];2021-11-25T21:52:00.055Z
0.44479495;open;2021-11-25T21:50:00Z;282;352;0;634;634;18494[Konrad-Adenauer-Straße];2021-11-25T21:52:00.055Z
0.185;open;2021-11-25T22:01:00Z;37;163;150;350;200;24276[Turmcenter];2021-11-25T22:02:00.395Z
0.1941032;open;2021-11-25T22:01:00Z;79;328;0;407;407;18944[Alte Oper];2021-11-25T22:02:00.395Z
0.046703298;open;2021-11-25T22:01:00Z;17;347;0;364;364;24281[Hauptbahnhof Süd];2021-11-25T22:02:00.395Z
0.6692708;open;2021-11-25T22:01:00Z;257;127;0;384;384;105479[Baseler Platz];2021-11-25T22:02:00.395Z
0.3461063;open;2021-11-25T22:01:00Z;280;529;0;809;809;24279[Konstabler];2021-11-25T22:02:00.395Z
0.57511735;open;2021-11-25T22:01:00Z;245;181;0;426;426;18497[Hauptwache];2021-11-25T22:02:00.395Z
0.45588234;open;2021-11-25T22:01:00Z;310;370;0;680;680;18495[Am Gericht];2021-11-25T22:02:00.395Z
0.4400631;open;2021-11-25T22:01:00Z;279;355;0;634;634;18494[Konrad-Adenauer-Straße];2021-11-25T22:02:00.395Z
0.16;open;2021-11-25T22:21:00Z;32;168;150;350;200;24276[Turmcenter];2021-11-25T22:22:00.524Z
0.16953316;open;2021-11-25T22:21:00Z;69;338;0;407;407;18944[Alte Oper];2021-11-25T22:22:00.524Z
0.046703298;open;2021-11-25T22:21:00Z;17;347;0;364;364;24281[Hauptbahnhof Süd];2021-11-25T22:22:00.524Z
0.6692708;open;2021-11-25T22:21:00Z;257;127;0;384;384;105479[Baseler Platz];2021-11-25T22:22:00.524Z
0.33374536;open;2021-11-25T22:21:00Z;270;539;0;809;809;24279[Konstabler];2021-11-25T22:22:00.524Z
0.5633803;open;2021-11-25T22:21:00Z;240;186;0;426;426;18497[Hauptwache];2021-11-25T22:22:00.524Z
0.45147058;open;2021-11-25T22:21:00Z;307;373;0;680;680;18495[Am Gericht];2021-11-25T22:22:00.524Z
0.12471132;open;2021-11-25T22:21:00Z;108;758;70;936;866;109240[MyZeil];2021-11-25T22:22:00.524Z
0.43533123;open;2021-11-25T22:21:00Z;276;358;0;634;634;18494[Konrad-Adenauer-Straße];2021-11-25T22:22:00.524Z
0.155;open;2021-11-25T22:37:00Z;31;169;150;350;200;24276[Turmcenter];2021-11-25T22:42:00.706Z
0.16216215;open;2021-11-25T22:37:00Z;66;341;0;407;407;18944[Alte Oper];2021-11-25T22:42:00.706Z
0.04945055;open;2021-11-25T22:37:00Z;18;346;0;364;364;24281[Hauptbahnhof Süd];2021-11-25T22:42:00.706Z
0.6692708;open;2021-11-25T22:37:00Z;257;127;0;384;384;105479[Baseler Platz];2021-11-25T22:42:00.706Z
0.32138443;open;2021-11-25T22:37:00Z;260;549;0;809;809;24279[Konstabler];2021-11-25T22:42:00.706Z
0.5539906;open;2021-11-25T22:37:00Z;236;190;0;426;426;18497[Hauptwache];2021-11-25T22:42:00.706Z
0.45;open;2021-11-25T22:37:00Z;306;374;0;680;680;18495[Am Gericht];2021-11-25T22:42:00.706Z
0.43533123;open;2021-11-25T22:37:00Z;276;358;0;634;634;18494[Konrad-Adenauer-Straße];2021-11-25T22:42:00.706Z
0.155;open;2021-11-25T22:47:00Z;31;169;150;350;200;24276[Turmcenter];2021-11-25T22:52:00.160Z
0.15724815;open;2021-11-25T22:47:00Z;64;343;0;407;407;18944[Alte Oper];2021-11-25T22:52:00.160Z
0.043956045;open;2021-11-25T22:47:00Z;16;348;0;364;364;24281[Hauptbahnhof Süd];2021-11-25T22:52:00.160Z
0.6614583;open;2021-11-25T22:47:00Z;254;130;0;384;384;105479[Baseler Platz];2021-11-25T22:52:00.160Z
0.31396785;open;2021-11-25T22:47:00Z;254;555;0;809;809;24279[Konstabler];2021-11-25T22:52:00.160Z
0.5516432;open;2021-11-25T22:47:00Z;235;191;0;426;426;18497[Hauptwache];2021-11-25T22:52:00.160Z
0.44558823;open;2021-11-25T22:47:00Z;303;377;0;680;680;18495[Am Gericht];2021-11-25T22:52:00.160Z
0.123556584;open;2021-11-25T22:47:00Z;107;759;70;936;866;109240[MyZeil];2021-11-25T22:52:00.160Z
0.42902207;open;2021-11-25T22:47:00Z;272;362;0;634;634;18494[Konrad-Adenauer-Straße];2021-11-25T22:52:00.160Z
0.14;open;2021-11-25T23:18:00Z;28;172;150;350;200;24276[Turmcenter];2021-11-25T23:22:02.644Z
0.14004914;open;2021-11-25T23:18:00Z;57;350;0;407;407;18944[Alte Oper];2021-11-25T23:22:02.644Z
0.041208792;open;2021-11-25T23:18:00Z;15;349;0;364;364;24281[Hauptbahnhof Süd];2021-11-25T23:22:02.644Z
0.6614583;open;2021-11-25T23:18:00Z;254;130;0;384;384;105479[Baseler Platz];2021-11-25T23:22:02.644Z
0.3065513;open;2021-11-25T23:18:00Z;248;561;0;809;809;24279[Konstabler];2021-11-25T23:22:02.644Z
0.54460096;open;2021-11-25T23:18:00Z;232;194;0;426;426;18497[Hauptwache];2021-11-25T23:22:02.644Z
0;closed;2021-11-25T23:18:00Z;;380;0;0;0;18495[Am Gericht];2021-11-25T23:22:02.644Z
0.41798106;open;2021-11-25T23:18:00Z;265;369;0;634;634;18494[Konrad-Adenauer-Straße];2021-11-25T23:22:02.644Z
0.14;open;2021-11-25T23:33:00Z;28;172;150;350;200;24276[Turmcenter];2021-11-25T23:37:02.724Z
0.13513513;open;2021-11-25T23:33:00Z;55;352;0;407;407;18944[Alte Oper];2021-11-25T23:37:02.724Z
0.03846154;open;2021-11-25T23:33:00Z;14;350;0;364;364;24281[Hauptbahnhof Süd];2021-11-25T23:37:02.724Z
0.6614583;open;2021-11-25T23:33:00Z;254;130;0;384;384;105479[Baseler Platz];2021-11-25T23:37:02.724Z
0.3077874;open;2021-11-25T23:33:00Z;249;560;0;809;809;24279[Konstabler];2021-11-25T23:37:02.724Z
0.5375587;open;2021-11-25T23:33:00Z;229;197;0;426;426;18497[Hauptwache];2021-11-25T23:37:02.724Z
0;closed;2021-11-25T23:33:00Z;;380;0;0;0;18495[Am Gericht];2021-11-25T23:37:02.724Z
0.11547344;open;2021-11-25T23:33:00Z;100;766;70;936;866;109240[MyZeil];2021-11-25T23:37:02.724Z
0.41798106;open;2021-11-25T23:33:00Z;265;369;0;634;634;18494[Konrad-Adenauer-Straße];2021-11-25T23:37:02.724Z
0.14;open;2021-11-25T23:44:00Z;28;172;150;350;200;24276[Turmcenter];2021-11-25T23:47:00.914Z
0.13267814;open;2021-11-25T23:44:00Z;54;353;0;407;407;18944[Alte Oper];2021-11-25T23:47:00.914Z
0.035714287;open;2021-11-25T23:44:00Z;13;351;0;364;364;24281[Hauptbahnhof Süd];2021-11-25T23:47:00.914Z
0.6614583;open;2021-11-25T23:44:00Z;254;130;0;384;384;105479[Baseler Platz];2021-11-25T23:47:00.914Z
0.30407912;open;2021-11-25T23:44:00Z;246;563;0;809;809;24279[Konstabler];2021-11-25T23:47:00.914Z
0.5375587;open;2021-11-25T23:44:00Z;229;197;0;426;426;18497[Hauptwache];2021-11-25T23:47:00.914Z
0;closed;2021-11-25T23:44:00Z;;380;0;0;0;18495[Am Gericht];2021-11-25T23:47:00.914Z
0.11547344;open;2021-11-25T23:44:00Z;100;766;70;936;866;109240[MyZeil];2021-11-25T23:47:00.914Z
0.41798106;open;2021-11-25T23:44:00Z;265;369;0;634;634;18494[Konrad-Adenauer-Straße];2021-11-25T23:47:00.914Z
0.13;open;2021-11-25T23:59:00Z;26;174;150;350;200;24276[Turmcenter];2021-11-26T00:02:01.420Z
0.13022113;open;2021-11-25T23:59:00Z;53;354;0;407;407;18944[Alte Oper];2021-11-26T00:02:01.420Z
0.032967035;open;2021-11-25T23:59:00Z;12;352;0;364;364;24281[Hauptbahnhof Süd];2021-11-26T00:02:01.420Z
0.6614583;open;2021-11-25T23:59:00Z;254;130;0;384;384;105479[Baseler Platz];2021-11-26T00:02:01.420Z
0.302843;open;2021-11-25T23:59:00Z;245;564;0;809;809;24279[Konstabler];2021-11-26T00:02:01.420Z
0.53286386;open;2021-11-25T23:59:00Z;227;199;0;426;426;18497[Hauptwache];2021-11-26T00:02:01.420Z
0;closed;2021-11-25T23:59:00Z;;380;0;0;0;18495[Am Gericht];2021-11-26T00:02:01.420Z
0.11085451;open;2021-11-25T23:59:00Z;96;770;70;936;866;109240[MyZeil];2021-11-26T00:02:01.420Z
0.41955835;open;2021-11-25T23:59:00Z;266;368;0;634;634;18494[Konrad-Adenauer-Straße];2021-11-26T00:02:01.420Z
0.13;open;2021-11-26T01:09:00Z;26;174;150;350;200;24276[Turmcenter];2021-11-26T01:12:00.014Z
0.12285012;open;2021-11-26T01:09:00Z;50;357;0;407;407;18944[Alte Oper];2021-11-26T01:12:00.014Z
0.032967035;open;2021-11-26T01:09:00Z;12;352;0;364;364;24281[Hauptbahnhof Süd];2021-11-26T01:12:00.014Z
0.6614583;open;2021-11-26T01:09:00Z;254;130;0;384;384;105479[Baseler Platz];2021-11-26T01:12:00.014Z
0.2867738;open;2021-11-26T01:09:00Z;232;577;0;809;809;24279[Konstabler];2021-11-26T01:12:00.014Z
0.5117371;open;2021-11-26T01:09:00Z;218;208;0;426;426;18497[Hauptwache];2021-11-26T01:12:00.014Z
0;closed;2021-11-26T01:09:00Z;;380;0;0;0;18495[Am Gericht];2021-11-26T01:12:00.014Z
0.41324922;open;2021-11-26T01:09:00Z;262;372;0;634;634;18494[Konrad-Adenauer-Straße];2021-11-26T01:12:00.014Z
0.13;open;2021-11-26T02:04:00Z;26;174;150;350;200;24276[Turmcenter];2021-11-26T02:07:01.268Z
0.12285012;open;2021-11-26T02:04:00Z;50;357;0;407;407;18944[Alte Oper];2021-11-26T02:07:01.268Z
0.032967035;open;2021-11-26T02:04:00Z;12;352;0;364;364;24281[Hauptbahnhof Süd];2021-11-26T02:07:01.268Z
0.6614583;open;2021-11-26T02:04:00Z;254;130;0;384;384;105479[Baseler Platz];2021-11-26T02:07:01.268Z
0.27441284;open;2021-11-26T02:04:00Z;222;587;0;809;809;24279[Konstabler];2021-11-26T02:07:01.268Z
0.5093897;open;2021-11-26T02:04:00Z;217;209;0;426;426;18497[Hauptwache];2021-11-26T02:07:01.268Z
0;closed;2021-11-26T02:04:00Z;;380;0;0;0;18495[Am Gericht];2021-11-26T02:07:01.268Z
0.41324922;open;2021-11-26T02:04:00Z;262;372;0;634;634;18494[Konrad-Adenauer-Straße];2021-11-26T02:07:01.268Z
0.13;open;2021-11-26T02:39:00Z;26;174;150;350;200;24276[Turmcenter];2021-11-26T02:42:01.620Z
0.12285012;open;2021-11-26T02:39:00Z;50;357;0;407;407;18944[Alte Oper];2021-11-26T02:42:01.620Z
0.032967035;open;2021-11-26T02:39:00Z;12;352;0;364;364;24281[Hauptbahnhof Süd];2021-11-26T02:42:01.620Z
0.6614583;open;2021-11-26T02:39:00Z;254;130;0;384;384;105479[Baseler Platz];2021-11-26T02:42:01.620Z
0.27194068;open;2021-11-26T02:39:00Z;220;589;0;809;809;24279[Konstabler];2021-11-26T02:42:01.620Z
0.5093897;open;2021-11-26T02:39:00Z;217;209;0;426;426;18497[Hauptwache];2021-11-26T02:42:01.620Z
0;closed;2021-11-26T02:39:00Z;;380;0;0;0;18495[Am Gericht];2021-11-26T02:42:01.620Z
0.41167194;open;2021-11-26T02:39:00Z;261;373;0;634;634;18494[Konrad-Adenauer-Straße];2021-11-26T02:42:01.620Z
0.13;open;2021-11-26T02:55:00Z;26;174;150;350;200;24276[Turmcenter];2021-11-26T02:57:02.965Z
0.12285012;open;2021-11-26T02:55:00Z;50;357;0;407;407;18944[Alte Oper];2021-11-26T02:57:02.965Z
0.032967035;open;2021-11-26T02:55:00Z;12;352;0;364;364;24281[Hauptbahnhof Süd];2021-11-26T02:57:02.965Z
0.6614583;open;2021-11-26T02:55:00Z;254;130;0;384;384;105479[Baseler Platz];2021-11-26T02:57:02.965Z
0.27317676;open;2021-11-26T02:55:00Z;221;588;0;809;809;24279[Konstabler];2021-11-26T02:57:02.965Z
0.5093897;open;2021-11-26T02:55:00Z;217;209;0;426;426;18497[Hauptwache];2021-11-26T02:57:02.965Z
0;closed;2021-11-26T02:55:00Z;;380;0;0;0;18495[Am Gericht];2021-11-26T02:57:02.965Z
0.41167194;open;2021-11-26T02:55:00Z;261;373;0;634;634;18494[Konrad-Adenauer-Straße];2021-11-26T02:57:02.965Z
0.13;open;2021-11-26T03:20:00Z;26;174;150;350;200;24276[Turmcenter];2021-11-26T03:22:01.566Z
0.12285012;open;2021-11-26T03:20:00Z;50;357;0;407;407;18944[Alte Oper];2021-11-26T03:22:01.566Z
0.032967035;open;2021-11-26T03:20:00Z;12;352;0;364;364;24281[Hauptbahnhof Süd];2021-11-26T03:22:01.566Z
0.6614583;open;2021-11-26T03:20:00Z;254;130;0;384;384;105479[Baseler Platz];2021-11-26T03:22:01.566Z
0.27317676;open;2021-11-26T03:20:00Z;221;588;0;809;809;24279[Konstabler];2021-11-26T03:22:01.566Z
0.5046948;open;2021-11-26T03:20:00Z;215;211;0;426;426;18497[Hauptwache];2021-11-26T03:22:01.566Z
0;closed;2021-11-26T03:20:00Z;;;0;0;0;18495[Am Gericht];2021-11-26T03:22:01.566Z
0.41324922;open;2021-11-26T03:20:00Z;262;372;0;634;634;18494[Konrad-Adenauer-Straße];2021-11-26T03:22:01.566Z
0.13;open;2021-11-26T03:35:00Z;26;174;150;350;200;24276[Turmcenter];2021-11-26T03:37:01.281Z
0.12285012;open;2021-11-26T03:35:00Z;50;357;0;407;407;18944[Alte Oper];2021-11-26T03:37:01.281Z
0.032967035;open;2021-11-26T03:35:00Z;12;352;0;364;364;24281[Hauptbahnhof Süd];2021-11-26T03:37:01.281Z
0.6614583;open;2021-11-26T03:35:00Z;254;130;0;384;384;105479[Baseler Platz];2021-11-26T03:37:01.281Z
0.2694685;open;2021-11-26T03:35:00Z;218;591;0;809;809;24279[Konstabler];2021-11-26T03:37:01.281Z
0.5046948;open;2021-11-26T03:35:00Z;215;211;0;426;426;18497[Hauptwache];2021-11-26T03:37:01.281Z
0;closed;2021-11-26T03:35:00Z;;;0;0;0;18495[Am Gericht];2021-11-26T03:37:01.281Z
0.4148265;open;2021-11-26T03:35:00Z;263;371;0;634;634;18494[Konrad-Adenauer-Straße];2021-11-26T03:37:01.281Z
0.13;open;2021-11-26T03:50:00Z;26;174;150;350;200;24276[Turmcenter];2021-11-26T03:52:01.893Z
0.12285012;open;2021-11-26T03:50:00Z;50;357;0;407;407;18944[Alte Oper];2021-11-26T03:52:01.893Z
0.035714287;open;2021-11-26T03:50:00Z;13;351;0;364;364;24281[Hauptbahnhof Süd];2021-11-26T03:52:01.893Z
0.6614583;open;2021-11-26T03:50:00Z;254;130;0;384;384;105479[Baseler Platz];2021-11-26T03:52:01.893Z
0.2694685;open;2021-11-26T03:50:00Z;218;591;0;809;809;24279[Konstabler];2021-11-26T03:52:01.893Z
0.5046948;open;2021-11-26T03:50:00Z;215;211;0;426;426;18497[Hauptwache];2021-11-26T03:52:01.893Z
0;closed;2021-11-26T03:50:00Z;;;0;0;0;18495[Am Gericht];2021-11-26T03:52:01.893Z
0.4148265;open;2021-11-26T03:50:00Z;263;371;0;634;634;18494[Konrad-Adenauer-Straße];2021-11-26T03:52:01.893Z
0.13;open;2021-11-26T03:55:00Z;26;174;150;350;200;24276[Turmcenter];2021-11-26T03:57:02.623Z
0.12285012;open;2021-11-26T03:55:00Z;50;357;0;407;407;18944[Alte Oper];2021-11-26T03:57:02.623Z
0.035714287;open;2021-11-26T03:55:00Z;13;351;0;364;364;24281[Hauptbahnhof Süd];2021-11-26T03:57:02.623Z
0.6614583;open;2021-11-26T03:55:00Z;254;130;0;384;384;105479[Baseler Platz];2021-11-26T03:57:02.623Z
0.26823238;open;2021-11-26T03:55:00Z;217;592;0;809;809;24279[Konstabler];2021-11-26T03:57:02.623Z
0.5046948;open;2021-11-26T03:55:00Z;215;211;0;426;426;18497[Hauptwache];2021-11-26T03:57:02.623Z
0;closed;2021-11-26T03:55:00Z;;;0;0;0;18495[Am Gericht];2021-11-26T03:57:02.623Z
0.4148265;open;2021-11-26T03:55:00Z;263;371;0;634;634;18494[Konrad-Adenauer-Straße];2021-11-26T03:57:02.623Z
0.18;open;2021-11-26T04:30:00Z;36;164;150;350;200;24276[Turmcenter];2021-11-26T04:32:02.431Z
0.12285012;open;2021-11-26T04:30:00Z;50;357;0;407;407;18944[Alte Oper];2021-11-26T04:32:02.431Z
0.03846154;open;2021-11-26T04:30:00Z;14;350;0;364;364;24281[Hauptbahnhof Süd];2021-11-26T04:32:02.431Z
0.6614583;open;2021-11-26T04:30:00Z;254;130;0;384;384;105479[Baseler Platz];2021-11-26T04:32:02.431Z
0.2669963;open;2021-11-26T04:30:00Z;216;593;0;809;809;24279[Konstabler];2021-11-26T04:32:02.431Z
0.5046948;open;2021-11-26T04:30:00Z;215;211;0;426;426;18497[Hauptwache];2021-11-26T04:32:02.431Z
0;closed;2021-11-26T04:30:00Z;;;0;0;0;18495[Am Gericht];2021-11-26T04:32:02.431Z
0.41798106;open;2021-11-26T04:30:00Z;265;369;0;634;634;18494[Konrad-Adenauer-Straße];2021-11-26T04:32:02.431Z
0.24;open;2021-11-26T05:00:00Z;36;114;200;350;150;24276[Turmcenter];2021-11-26T05:02:02.744Z
0.12285012;open;2021-11-26T05:00:00Z;50;357;0;407;407;18944[Alte Oper];2021-11-26T05:02:02.744Z
0.06593407;open;2021-11-26T05:00:00Z;24;340;0;364;364;24281[Hauptbahnhof Süd];2021-11-26T05:02:02.744Z
0.6640625;open;2021-11-26T05:00:00Z;255;129;0;384;384;105479[Baseler Platz];2021-11-26T05:02:02.744Z
0.26576018;open;2021-11-26T05:00:00Z;215;594;0;809;809;24279[Konstabler];2021-11-26T05:02:02.744Z
0.5046948;open;2021-11-26T05:00:00Z;215;211;0;426;426;18497[Hauptwache];2021-11-26T05:02:02.744Z
0.45294118;open;2021-11-26T05:00:00Z;308;372;0;680;680;18495[Am Gericht];2021-11-26T05:02:02.744Z
0.4242902;open;2021-11-26T05:00:00Z;269;365;0;634;634;18494[Konrad-Adenauer-Straße];2021-11-26T05:02:02.744Z
0.24;open;2021-11-26T05:15:00Z;36;114;200;350;150;24276[Turmcenter];2021-11-26T05:17:00.953Z
0.12285012;open;2021-11-26T05:15:00Z;50;357;0;407;407;18944[Alte Oper];2021-11-26T05:17:00.953Z
0.082417585;open;2021-11-26T05:15:00Z;30;334;0;364;364;24281[Hauptbahnhof Süd];2021-11-26T05:17:00.953Z
0.6640625;open;2021-11-26T05:15:00Z;255;129;0;384;384;105479[Baseler Platz];2021-11-26T05:17:00.953Z
0.2694685;open;2021-11-26T05:15:00Z;218;591;0;809;809;24279[Konstabler];2021-11-26T05:17:00.953Z
0.5046948;open;2021-11-26T05:15:00Z;215;211;0;426;426;18497[Hauptwache];2021-11-26T05:17:00.953Z
0.46029413;open;2021-11-26T05:15:00Z;313;367;0;680;680;18495[Am Gericht];2021-11-26T05:17:00.953Z
0.10969977;open;2021-11-26T05:15:00Z;95;771;70;936;866;109240[MyZeil];2021-11-26T05:17:00.953Z
0.4258675;open;2021-11-26T05:15:00Z;270;364;0;634;634;18494[Konrad-Adenauer-Straße];2021-11-26T05:17:00.953Z
0.24666667;open;2021-11-26T05:30:00Z;37;113;200;350;150;24276[Turmcenter];2021-11-26T05:32:01.290Z
0.12285012;open;2021-11-26T05:30:00Z;50;357;0;407;407;18944[Alte Oper];2021-11-26T05:32:01.290Z
0.09615385;open;2021-11-26T05:30:00Z;35;329;0;364;364;24281[Hauptbahnhof Süd];2021-11-26T05:32:01.290Z
0.6614583;open;2021-11-26T05:30:00Z;254;130;0;384;384;105479[Baseler Platz];2021-11-26T05:32:01.290Z
0.26823238;open;2021-11-26T05:30:00Z;217;592;0;809;809;24279[Konstabler];2021-11-26T05:32:01.290Z
0.5070422;open;2021-11-26T05:30:00Z;216;210;0;426;426;18497[Hauptwache];2021-11-26T05:32:01.290Z
0.4632353;open;2021-11-26T05:30:00Z;315;365;0;680;680;18495[Am Gericht];2021-11-26T05:32:01.290Z
0.11085451;open;2021-11-26T05:30:00Z;96;770;70;936;866;109240[MyZeil];2021-11-26T05:32:01.290Z
0.43059936;open;2021-11-26T05:30:00Z;273;361;0;634;634;18494[Konrad-Adenauer-Straße];2021-11-26T05:32:01.290Z
0.24;open;2021-11-26T05:40:00Z;36;114;200;350;150;24276[Turmcenter];2021-11-26T05:42:02.798Z
0.12530713;open;2021-11-26T05:40:00Z;51;356;0;407;407;18944[Alte Oper];2021-11-26T05:42:02.798Z
0.10989011;open;2021-11-26T05:40:00Z;40;324;0;364;364;24281[Hauptbahnhof Süd];2021-11-26T05:42:02.798Z
0.6614583;open;2021-11-26T05:40:00Z;254;130;0;384;384;105479[Baseler Platz];2021-11-26T05:42:02.798Z
0.27070457;open;2021-11-26T05:40:00Z;219;590;0;809;809;24279[Konstabler];2021-11-26T05:42:02.798Z
0.5070422;open;2021-11-26T05:40:00Z;216;210;0;426;426;18497[Hauptwache];2021-11-26T05:42:02.798Z
0.4632353;open;2021-11-26T05:40:00Z;315;365;0;680;680;18495[Am Gericht];2021-11-26T05:42:02.798Z
0.42902207;open;2021-11-26T05:40:00Z;272;362;0;634;634;18494[Konrad-Adenauer-Straße];2021-11-26T05:42:02.798Z
0.24666667;open;2021-11-26T06:00:00Z;37;113;200;350;150;24276[Turmcenter];2021-11-26T06:02:01.829Z
0.13022113;open;2021-11-26T06:00:00Z;53;354;0;407;407;18944[Alte Oper];2021-11-26T06:02:01.829Z
0.12087912;open;2021-11-26T06:00:00Z;44;320;0;364;364;24281[Hauptbahnhof Süd];2021-11-26T06:02:01.829Z
0.65625;open;2021-11-26T06:00:00Z;252;132;0;384;384;105479[Baseler Platz];2021-11-26T06:02:01.829Z
0.27194068;open;2021-11-26T06:00:00Z;220;589;0;809;809;24279[Konstabler];2021-11-26T06:02:01.829Z
0.5070422;open;2021-11-26T06:00:00Z;216;210;0;426;426;18497[Hauptwache];2021-11-26T06:02:01.829Z
0.47205883;open;2021-11-26T06:00:00Z;321;359;0;680;680;18495[Am Gericht];2021-11-26T06:02:01.829Z
0.4369085;open;2021-11-26T06:00:00Z;277;357;0;634;634;18494[Konrad-Adenauer-Straße];2021-11-26T06:02:01.829Z
0.25333333;open;2021-11-26T06:31:00Z;38;112;200;350;150;24276[Turmcenter];2021-11-26T06:32:02.021Z
0.14250614;open;2021-11-26T06:31:00Z;58;349;0;407;407;18944[Alte Oper];2021-11-26T06:32:02.021Z
0.1510989;open;2021-11-26T06:31:00Z;55;309;0;364;364;24281[Hauptbahnhof Süd];2021-11-26T06:32:02.021Z
0.6510417;open;2021-11-26T06:31:00Z;250;134;0;384;384;105479[Baseler Platz];2021-11-26T06:32:02.021Z
0.2694685;open;2021-11-26T06:31:00Z;218;591;0;809;809;24279[Konstabler];2021-11-26T06:32:02.021Z
0.52582157;open;2021-11-26T06:31:00Z;224;202;0;426;426;18497[Hauptwache];2021-11-26T06:32:02.021Z
0.48382354;open;2021-11-26T06:31:00Z;329;351;0;680;680;18495[Am Gericht];2021-11-26T06:32:02.021Z
0.4369085;open;2021-11-26T06:31:00Z;277;357;0;634;634;18494[Konrad-Adenauer-Straße];2021-11-26T06:32:02.021Z
0.31333333;open;2021-11-26T06:51:00Z;47;103;200;350;150;24276[Turmcenter];2021-11-26T06:52:02.337Z
0.14987715;open;2021-11-26T06:51:00Z;61;346;0;407;407;18944[Alte Oper];2021-11-26T06:52:02.337Z
0.18956044;open;2021-11-26T06:51:00Z;69;295;0;364;364;24281[Hauptbahnhof Süd];2021-11-26T06:52:02.337Z
0.65625;open;2021-11-26T06:51:00Z;252;132;0;384;384;105479[Baseler Platz];2021-11-26T06:52:02.337Z
0.2855377;open;2021-11-26T06:51:00Z;231;578;0;809;809;24279[Konstabler];2021-11-26T06:52:02.337Z
0.5516432;open;2021-11-26T06:51:00Z;235;191;0;426;426;18497[Hauptwache];2021-11-26T06:52:02.337Z
0.51029414;open;2021-11-26T06:51:00Z;347;333;0;680;680;18495[Am Gericht];2021-11-26T06:52:02.337Z
0.44164038;open;2021-11-26T06:51:00Z;280;354;0;634;634;18494[Konrad-Adenauer-Straße];2021-11-26T06:52:02.337Z
0.36666667;open;2021-11-26T07:01:00Z;55;95;200;350;150;24276[Turmcenter];2021-11-26T07:02:02.211Z
0.16216215;open;2021-11-26T07:01:00Z;66;341;0;407;407;18944[Alte Oper];2021-11-26T07:02:02.211Z
0.19505495;open;2021-11-26T07:01:00Z;71;293;0;364;364;24281[Hauptbahnhof Süd];2021-11-26T07:02:02.211Z
0.65625;open;2021-11-26T07:01:00Z;252;132;0;384;384;105479[Baseler Platz];2021-11-26T07:02:02.211Z
0.28800988;open;2021-11-26T07:01:00Z;233;576;0;809;809;24279[Konstabler];2021-11-26T07:02:02.211Z
0.5680751;open;2021-11-26T07:01:00Z;242;184;0;426;426;18497[Hauptwache];2021-11-26T07:02:02.211Z
0.5352941;open;2021-11-26T07:01:00Z;364;316;0;680;680;18495[Am Gericht];2021-11-26T07:02:02.211Z
0.11893764;open;2021-11-26T07:01:00Z;103;763;70;936;866;109240[MyZeil];2021-11-26T07:02:02.211Z
0.44637224;open;2021-11-26T07:01:00Z;283;351;0;634;634;18494[Konrad-Adenauer-Straße];2021-11-26T07:02:02.211Z
0.49333334;open;2021-11-26T07:26:00Z;74;76;200;350;150;24276[Turmcenter];2021-11-26T07:27:02.500Z
0.18427518;open;2021-11-26T07:26:00Z;75;332;0;407;407;18944[Alte Oper];2021-11-26T07:27:02.500Z
0.23626374;open;2021-11-26T07:26:00Z;86;278;0;364;364;24281[Hauptbahnhof Süd];2021-11-26T07:27:02.500Z
0.65625;open;2021-11-26T07:26:00Z;252;132;0;384;384;105479[Baseler Platz];2021-11-26T07:27:02.500Z
0.31396785;open;2021-11-26T07:26:00Z;254;555;0;809;809;24279[Konstabler];2021-11-26T07:27:02.500Z
0.5938967;open;2021-11-26T07:26:00Z;253;173;0;426;426;18497[Hauptwache];2021-11-26T07:27:02.500Z
0.5838235;open;2021-11-26T07:26:00Z;397;283;0;680;680;18495[Am Gericht];2021-11-26T07:27:02.500Z
0.12817553;open;2021-11-26T07:26:00Z;111;755;70;936;866;109240[MyZeil];2021-11-26T07:27:02.500Z
0.46214512;open;2021-11-26T07:26:00Z;293;341;0;634;634;18494[Konrad-Adenauer-Straße];2021-11-26T07:27:02.500Z
0.62666667;open;2021-11-26T07:46:00Z;94;56;200;350;150;24276[Turmcenter];2021-11-26T07:52:00.248Z
0.2113022;open;2021-11-26T07:46:00Z;86;321;0;407;407;18944[Alte Oper];2021-11-26T07:52:00.248Z
0.26923078;open;2021-11-26T07:46:00Z;98;266;0;364;364;24281[Hauptbahnhof Süd];2021-11-26T07:52:00.248Z
0.671875;open;2021-11-26T07:46:00Z;258;126;0;384;384;105479[Baseler Platz];2021-11-26T07:52:00.248Z
0.34116194;open;2021-11-26T07:46:00Z;276;533;0;809;809;24279[Konstabler];2021-11-26T07:52:00.248Z
0.63849765;open;2021-11-26T07:46:00Z;272;154;0;426;426;18497[Hauptwache];2021-11-26T07:52:00.248Z
0.60588235;open;2021-11-26T07:46:00Z;412;268;0;680;680;18495[Am Gericht];2021-11-26T07:52:00.248Z
0.14203233;open;2021-11-26T07:46:00Z;123;743;70;936;866;109240[MyZeil];2021-11-26T07:52:00.248Z
0.47949526;open;2021-11-26T07:46:00Z;304;330;0;634;634;18494[Konrad-Adenauer-Straße];2021-11-26T07:52:00.248Z
0.6933333;open;2021-11-26T07:57:00Z;104;46;200;350;150;24276[Turmcenter];2021-11-26T08:02:00.817Z
0.23832923;open;2021-11-26T07:57:00Z;97;310;0;407;407;18944[Alte Oper];2021-11-26T08:02:00.817Z
0.2747253;open;2021-11-26T07:57:00Z;100;264;0;364;364;24281[Hauptbahnhof Süd];2021-11-26T08:02:00.817Z
0.671875;open;2021-11-26T07:57:00Z;258;126;0;384;384;105479[Baseler Platz];2021-11-26T08:02:00.817Z
0.35105067;open;2021-11-26T07:57:00Z;284;525;0;809;809;24279[Konstabler];2021-11-26T08:02:00.817Z
0.65258217;open;2021-11-26T07:57:00Z;278;148;0;426;426;18497[Hauptwache];2021-11-26T08:02:00.817Z
0.6279412;open;2021-11-26T07:57:00Z;427;253;0;680;680;18495[Am Gericht];2021-11-26T08:02:00.817Z
0.15127021;open;2021-11-26T07:57:00Z;131;735;70;936;866;109240[MyZeil];2021-11-26T08:02:00.817Z
0.5;open;2021-11-26T07:57:00Z;317;317;0;634;634;18494[Konrad-Adenauer-Straße];2021-11-26T08:02:00.817Z
0.85333335;open;2021-11-26T08:32:00Z;128;22;200;350;150;24276[Turmcenter];2021-11-26T08:37:00.555Z
0.31695333;open;2021-11-26T08:32:00Z;129;278;0;407;407;18944[Alte Oper];2021-11-26T08:37:00.555Z
0.31318682;open;2021-11-26T08:32:00Z;114;250;0;364;364;24281[Hauptbahnhof Süd];2021-11-26T08:37:00.555Z
0.671875;open;2021-11-26T08:32:00Z;258;126;0;384;384;105479[Baseler Platz];2021-11-26T08:37:00.555Z
0.4054388;open;2021-11-26T08:32:00Z;328;481;0;809;809;24279[Konstabler];2021-11-26T08:37:00.555Z
0.7699531;open;2021-11-26T08:32:00Z;328;98;0;426;426;18497[Hauptwache];2021-11-26T08:37:00.555Z
0.7029412;open;2021-11-26T08:32:00Z;478;202;0;680;680;18495[Am Gericht];2021-11-26T08:37:00.555Z
0.16512702;open;2021-11-26T08:32:00Z;143;723;70;936;866;109240[MyZeil];2021-11-26T08:37:00.555Z
0.51892745;open;2021-11-26T08:32:00Z;329;305;0;634;634;18494[Konrad-Adenauer-Straße];2021-11-26T08:37:00.555Z
0.8933333;open;2021-11-26T08:42:00Z;134;16;200;350;150;24276[Turmcenter];2021-11-26T08:47:00.674Z
0.34398034;open;2021-11-26T08:42:00Z;140;267;0;407;407;18944[Alte Oper];2021-11-26T08:47:00.674Z
0.31043956;open;2021-11-26T08:42:00Z;113;251;0;364;364;24281[Hauptbahnhof Süd];2021-11-26T08:47:00.674Z
0.671875;open;2021-11-26T08:42:00Z;258;126;0;384;384;105479[Baseler Platz];2021-11-26T08:47:00.674Z
0.45488256;open;2021-11-26T08:42:00Z;368;441;0;809;809;24279[Konstabler];2021-11-26T08:47:00.674Z
0.7910798;open;2021-11-26T08:42:00Z;337;89;0;426;426;18497[Hauptwache];2021-11-26T08:47:00.674Z
0.725;open;2021-11-26T08:42:00Z;493;187;0;680;680;18495[Am Gericht];2021-11-26T08:47:00.674Z
0.51892745;open;2021-11-26T08:42:00Z;329;305;0;634;634;18494[Konrad-Adenauer-Straße];2021-11-26T08:47:00.674Z
0.92;open;2021-11-26T08:57:00Z;138;12;200;350;150;24276[Turmcenter];2021-11-26T09:02:01.191Z
0.3882064;open;2021-11-26T08:57:00Z;158;249;0;407;407;18944[Alte Oper];2021-11-26T09:02:01.191Z
0.31318682;open;2021-11-26T08:57:00Z;114;250;0;364;364;24281[Hauptbahnhof Süd];2021-11-26T09:02:01.191Z
0.7135417;open;2021-11-26T08:57:00Z;274;110;0;384;384;105479[Baseler Platz];2021-11-26T09:02:01.191Z
0.5067985;open;2021-11-26T08:57:00Z;410;399;0;809;809;24279[Konstabler];2021-11-26T09:02:01.191Z
0.8544601;open;2021-11-26T08:57:00Z;364;62;0;426;426;18497[Hauptwache];2021-11-26T09:02:01.191Z
0.74852943;open;2021-11-26T08:57:00Z;509;171;0;680;680;18495[Am Gericht];2021-11-26T09:02:01.191Z
0.20323326;open;2021-11-26T08:57:00Z;176;690;70;936;866;109240[MyZeil];2021-11-26T09:02:01.191Z
0.54258674;open;2021-11-26T08:57:00Z;344;290;0;634;634;18494[Konrad-Adenauer-Straße];2021-11-26T09:02:01.191Z
0.96;open;2021-11-26T09:17:00Z;144;6;200;350;150;24276[Turmcenter];2021-11-26T09:22:02.479Z
0.43243244;open;2021-11-26T09:17:00Z;176;231;0;407;407;18944[Alte Oper];2021-11-26T09:22:02.479Z
0.3021978;open;2021-11-26T09:17:00Z;110;254;0;364;364;24281[Hauptbahnhof Süd];2021-11-26T09:22:02.479Z
0.7135417;open;2021-11-26T09:17:00Z;274;110;0;384;384;105479[Baseler Platz];2021-11-26T09:22:02.479Z
0.60197777;open;2021-11-26T09:17:00Z;487;322;0;809;809;24279[Konstabler];2021-11-26T09:22:02.479Z
0.9624413;open;2021-11-26T09:17:00Z;410;16;0;426;426;18497[Hauptwache];2021-11-26T09:22:02.479Z
0.7941176;open;2021-11-26T09:17:00Z;540;140;0;680;680;18495[Am Gericht];2021-11-26T09:22:02.479Z
0.23441109;open;2021-11-26T09:17:00Z;203;663;70;936;866;109240[MyZeil];2021-11-26T09:22:02.479Z
0.5835962;open;2021-11-26T09:17:00Z;370;264;0;634;634;18494[Konrad-Adenauer-Straße];2021-11-26T09:22:02.479Z
0.9;open;2021-11-26T09:32:00Z;135;15;200;350;150;24276[Turmcenter];2021-11-26T09:37:01.497Z
0.45454547;open;2021-11-26T09:32:00Z;185;222;0;407;407;18944[Alte Oper];2021-11-26T09:37:01.497Z
0.30769232;open;2021-11-26T09:32:00Z;112;252;0;364;364;24281[Hauptbahnhof Süd];2021-11-26T09:37:01.497Z
0.7135417;open;2021-11-26T09:32:00Z;274;110;0;384;384;105479[Baseler Platz];2021-11-26T09:37:01.497Z
0.6600742;open;2021-11-26T09:32:00Z;534;275;0;809;809;24279[Konstabler];2021-11-26T09:37:01.497Z
1;open;2021-11-26T09:32:00Z;426;0;0;426;426;18497[Hauptwache];2021-11-26T09:37:01.497Z
0.82058823;open;2021-11-26T09:32:00Z;558;122;0;680;680;18495[Am Gericht];2021-11-26T09:37:01.497Z
0.26327944;open;2021-11-26T09:32:00Z;228;638;70;936;866;109240[MyZeil];2021-11-26T09:37:01.497Z
0.6151419;open;2021-11-26T09:32:00Z;390;244;0;634;634;18494[Konrad-Adenauer-Straße];2021-11-26T09:37:01.497Z
0.92;open;2021-11-26T09:47:00Z;138;12;200;350;150;24276[Turmcenter];2021-11-26T09:52:02.359Z
0.4938575;open;2021-11-26T09:47:00Z;201;206;0;407;407;18944[Alte Oper];2021-11-26T09:52:02.359Z
0.29945055;open;2021-11-26T09:47:00Z;109;255;0;364;364;24281[Hauptbahnhof Süd];2021-11-26T09:52:02.359Z
0.7135417;open;2021-11-26T09:47:00Z;274;110;0;384;384;105479[Baseler Platz];2021-11-26T09:52:02.359Z
0.7181706;open;2021-11-26T09:47:00Z;581;228;0;809;809;24279[Konstabler];2021-11-26T09:52:02.359Z
1;open;2021-11-26T09:47:00Z;426;0;0;426;426;18497[Hauptwache];2021-11-26T09:52:02.359Z
0.85588235;open;2021-11-26T09:47:00Z;582;98;0;680;680;18495[Am Gericht];2021-11-26T09:52:02.359Z
0.278291;open;2021-11-26T09:47:00Z;241;625;70;936;866;109240[MyZeil];2021-11-26T09:52:02.359Z
0.6198738;open;2021-11-26T09:47:00Z;393;241;0;634;634;18494[Konrad-Adenauer-Straße];2021-11-26T09:52:02.359Z
0.94666666;open;2021-11-26T09:57:00Z;142;8;200;350;150;24276[Turmcenter];2021-11-26T10:02:02.212Z
0.5159705;open;2021-11-26T09:57:00Z;210;197;0;407;407;18944[Alte Oper];2021-11-26T10:02:02.212Z
0.30769232;open;2021-11-26T09:57:00Z;112;252;0;364;364;24281[Hauptbahnhof Süd];2021-11-26T10:02:02.212Z
0.7135417;open;2021-11-26T09:57:00Z;274;110;0;384;384;105479[Baseler Platz];2021-11-26T10:02:02.212Z
0.7540173;open;2021-11-26T09:57:00Z;610;199;0;809;809;24279[Konstabler];2021-11-26T10:02:02.212Z
1;open;2021-11-26T09:57:00Z;426;0;0;426;426;18497[Hauptwache];2021-11-26T10:02:02.212Z
0.8691176;open;2021-11-26T09:57:00Z;591;89;0;680;680;18495[Am Gericht];2021-11-26T10:02:02.212Z
0.28290993;open;2021-11-26T09:57:00Z;245;621;70;936;866;109240[MyZeil];2021-11-26T10:02:02.212Z
0.62933755;open;2021-11-26T09:57:00Z;399;235;0;634;634;18494[Konrad-Adenauer-Straße];2021-11-26T10:02:02.212Z
0.94;open;2021-11-26T10:28:00Z;141;9;200;350;150;24276[Turmcenter];2021-11-26T10:32:01.275Z
0.5331695;open;2021-11-26T10:28:00Z;217;190;0;407;407;18944[Alte Oper];2021-11-26T10:32:01.275Z
0.32692307;open;2021-11-26T10:28:00Z;119;245;0;364;364;24281[Hauptbahnhof Süd];2021-11-26T10:32:01.275Z
0.7135417;open;2021-11-26T10:28:00Z;274;110;0;384;384;105479[Baseler Platz];2021-11-26T10:32:01.275Z
0.8393078;open;2021-11-26T10:28:00Z;679;130;0;809;809;24279[Konstabler];2021-11-26T10:32:01.275Z
1;open;2021-11-26T10:28:00Z;426;0;0;426;426;18497[Hauptwache];2021-11-26T10:32:01.275Z
0.8720588;open;2021-11-26T10:28:00Z;593;87;0;680;680;18495[Am Gericht];2021-11-26T10:32:01.275Z
0.6876972;open;2021-11-26T10:28:00Z;436;198;0;634;634;18494[Konrad-Adenauer-Straße];2021-11-26T10:32:01.275Z
0.91333336;open;2021-11-26T10:43:00Z;137;13;200;350;150;24276[Turmcenter];2021-11-26T10:47:00.179Z
0.57002455;open;2021-11-26T10:43:00Z;232;175;0;407;407;18944[Alte Oper];2021-11-26T10:47:00.179Z
0.32417583;open;2021-11-26T10:43:00Z;118;246;0;364;364;24281[Hauptbahnhof Süd];2021-11-26T10:47:00.179Z
0.7135417;open;2021-11-26T10:43:00Z;274;110;0;384;384;105479[Baseler Platz];2021-11-26T10:47:00.179Z
0.8751545;open;2021-11-26T10:43:00Z;708;101;0;809;809;24279[Konstabler];2021-11-26T10:47:00.179Z
1;open;2021-11-26T10:43:00Z;426;0;0;426;426;18497[Hauptwache];2021-11-26T10:47:00.179Z
0.8779412;open;2021-11-26T10:43:00Z;597;83;0;680;680;18495[Am Gericht];2021-11-26T10:47:00.179Z
0.33256352;open;2021-11-26T10:43:00Z;288;578;70;936;866;109240[MyZeil];2021-11-26T10:47:00.179Z
0.6955836;open;2021-11-26T10:43:00Z;441;193;0;634;634;18494[Konrad-Adenauer-Straße];2021-11-26T10:47:00.179Z
0.9;open;2021-11-26T10:58:00Z;135;15;200;350;150;24276[Turmcenter];2021-11-26T11:02:00.676Z
0.5872236;open;2021-11-26T10:58:00Z;239;168;0;407;407;18944[Alte Oper];2021-11-26T11:02:00.676Z
0.32692307;open;2021-11-26T10:58:00Z;119;245;0;364;364;24281[Hauptbahnhof Süd];2021-11-26T11:02:00.676Z
0.7135417;open;2021-11-26T10:58:00Z;274;110;0;384;384;105479[Baseler Platz];2021-11-26T11:02:00.676Z
0.8961681;open;2021-11-26T10:58:00Z;725;84;0;809;809;24279[Konstabler];2021-11-26T11:02:00.676Z
0.9953052;open;2021-11-26T10:58:00Z;424;2;0;426;426;18497[Hauptwache];2021-11-26T11:02:00.676Z
0.89117646;open;2021-11-26T10:58:00Z;606;74;0;680;680;18495[Am Gericht];2021-11-26T11:02:00.676Z
0.35450345;open;2021-11-26T10:58:00Z;307;559;70;936;866;109240[MyZeil];2021-11-26T11:02:00.676Z
0.70347005;open;2021-11-26T10:58:00Z;446;188;0;634;634;18494[Konrad-Adenauer-Straße];2021-11-26T11:02:00.676Z
0.88;open;2021-11-26T11:18:00Z;132;18;200;350;150;24276[Turmcenter];2021-11-26T11:22:00.264Z
0.6167076;open;2021-11-26T11:18:00Z;251;156;0;407;407;18944[Alte Oper];2021-11-26T11:22:00.264Z
0.32417583;open;2021-11-26T11:18:00Z;118;246;0;364;364;24281[Hauptbahnhof Süd];2021-11-26T11:22:00.264Z
0.7135417;open;2021-11-26T11:18:00Z;274;110;0;384;384;105479[Baseler Platz];2021-11-26T11:22:00.264Z
0.9233622;open;2021-11-26T11:18:00Z;747;62;0;809;809;24279[Konstabler];2021-11-26T11:22:00.264Z
0.9976526;open;2021-11-26T11:18:00Z;425;1;0;426;426;18497[Hauptwache];2021-11-26T11:22:00.264Z
0.87647057;open;2021-11-26T11:18:00Z;596;84;0;680;680;18495[Am Gericht];2021-11-26T11:22:00.264Z
0.3452656;open;2021-11-26T11:18:00Z;299;567;70;936;866;109240[MyZeil];2021-11-26T11:22:00.264Z
0.7050473;open;2021-11-26T11:18:00Z;447;187;0;634;634;18494[Konrad-Adenauer-Straße];2021-11-26T11:22:00.264Z
0.9066667;open;2021-11-26T11:28:00Z;136;14;200;350;150;24276[Turmcenter];2021-11-26T11:32:01.417Z
0.63390666;open;2021-11-26T11:28:00Z;258;149;0;407;407;18944[Alte Oper];2021-11-26T11:32:01.417Z
0.3021978;open;2021-11-26T11:28:00Z;110;254;0;364;364;24281[Hauptbahnhof Süd];2021-11-26T11:32:01.417Z
0.7135417;open;2021-11-26T11:28:00Z;274;110;0;384;384;105479[Baseler Platz];2021-11-26T11:32:01.417Z
0.92583436;open;2021-11-26T11:28:00Z;749;60;0;809;809;24279[Konstabler];2021-11-26T11:32:01.417Z
1;open;2021-11-26T11:28:00Z;426;0;0;426;426;18497[Hauptwache];2021-11-26T11:32:01.417Z
0.8632353;open;2021-11-26T11:28:00Z;587;93;0;680;680;18495[Am Gericht];2021-11-26T11:32:01.417Z
0.34757507;open;2021-11-26T11:28:00Z;301;565;70;936;866;109240[MyZeil];2021-11-26T11:32:01.417Z
0.7050473;open;2021-11-26T11:28:00Z;447;187;0;634;634;18494[Konrad-Adenauer-Straße];2021-11-26T11:32:01.417Z
0.88;open;2021-11-26T11:38:00Z;132;18;200;350;150;24276[Turmcenter];2021-11-26T11:42:01.350Z
0.65110564;open;2021-11-26T11:38:00Z;265;142;0;407;407;18944[Alte Oper];2021-11-26T11:42:01.350Z
0.29945055;open;2021-11-26T11:38:00Z;109;255;0;364;364;24281[Hauptbahnhof Süd];2021-11-26T11:42:01.350Z
0.7135417;open;2021-11-26T11:38:00Z;274;110;0;384;384;105479[Baseler Platz];2021-11-26T11:42:01.350Z
0.9369592;open;2021-11-26T11:38:00Z;758;51;0;809;809;24279[Konstabler];2021-11-26T11:42:01.350Z
0.9953052;open;2021-11-26T11:38:00Z;424;2;0;426;426;18497[Hauptwache];2021-11-26T11:42:01.350Z
0.8485294;open;2021-11-26T11:38:00Z;577;103;0;680;680;18495[Am Gericht];2021-11-26T11:42:01.350Z
0.34642032;open;2021-11-26T11:38:00Z;300;566;70;936;866;109240[MyZeil];2021-11-26T11:42:01.350Z
0.70189273;open;2021-11-26T11:38:00Z;445;189;0;634;634;18494[Konrad-Adenauer-Straße];2021-11-26T11:42:01.350Z
0.8066667;open;2021-11-26T11:59:00Z;121;29;200;350;150;24276[Turmcenter];2021-11-26T12:02:00.469Z
0.66339064;open;2021-11-26T11:59:00Z;270;137;0;407;407;18944[Alte Oper];2021-11-26T12:02:00.469Z
0.29395604;open;2021-11-26T11:59:00Z;107;257;0;364;364;24281[Hauptbahnhof Süd];2021-11-26T12:02:00.469Z
0.7135417;open;2021-11-26T11:59:00Z;274;110;0;384;384;105479[Baseler Platz];2021-11-26T12:02:00.469Z
0.9505562;open;2021-11-26T11:59:00Z;769;40;0;809;809;24279[Konstabler];2021-11-26T12:02:00.469Z
1;open;2021-11-26T11:59:00Z;426;0;0;426;426;18497[Hauptwache];2021-11-26T12:02:00.469Z
0.8352941;open;2021-11-26T11:59:00Z;568;112;0;680;680;18495[Am Gericht];2021-11-26T12:02:00.469Z
0.34064665;open;2021-11-26T11:59:00Z;295;571;70;936;866;109240[MyZeil];2021-11-26T12:02:00.469Z
0.69873816;open;2021-11-26T11:59:00Z;443;191;0;634;634;18494[Konrad-Adenauer-Straße];2021-11-26T12:02:00.469Z
0.7733333;open;2021-11-26T12:34:00Z;116;34;200;350;150;24276[Turmcenter];2021-11-26T12:37:03.003Z
0.65110564;open;2021-11-26T12:34:00Z;265;142;0;407;407;18944[Alte Oper];2021-11-26T12:37:03.003Z
0.2554945;open;2021-11-26T12:34:00Z;93;271;0;364;364;24281[Hauptbahnhof Süd];2021-11-26T12:37:03.003Z
0.7135417;open;2021-11-26T12:34:00Z;274;110;0;384;384;105479[Baseler Platz];2021-11-26T12:37:03.003Z
0.94808406;open;2021-11-26T12:34:00Z;767;42;0;809;809;24279[Konstabler];2021-11-26T12:37:03.003Z
1;open;2021-11-26T12:34:00Z;426;0;0;426;426;18497[Hauptwache];2021-11-26T12:37:03.003Z
0.8029412;open;2021-11-26T12:34:00Z;546;134;0;680;680;18495[Am Gericht];2021-11-26T12:37:03.003Z
0.33833718;open;2021-11-26T12:34:00Z;293;573;70;936;866;109240[MyZeil];2021-11-26T12:37:03.003Z
0.7129338;open;2021-11-26T12:34:00Z;452;182;0;634;634;18494[Konrad-Adenauer-Straße];2021-11-26T12:37:03.003Z
0.7866667;open;2021-11-26T13:04:00Z;118;32;200;350;150;24276[Turmcenter];2021-11-26T13:07:01.889Z
0.6609337;open;2021-11-26T13:04:00Z;269;138;0;407;407;18944[Alte Oper];2021-11-26T13:07:01.889Z
0.23076923;open;2021-11-26T13:04:00Z;84;280;0;364;364;24281[Hauptbahnhof Süd];2021-11-26T13:07:01.889Z
0.7135417;open;2021-11-26T13:04:00Z;274;110;0;384;384;105479[Baseler Platz];2021-11-26T13:07:01.889Z
0.92089;open;2021-11-26T13:04:00Z;745;64;0;809;809;24279[Konstabler];2021-11-26T13:07:01.889Z
1;open;2021-11-26T13:04:00Z;426;0;0;426;426;18497[Hauptwache];2021-11-26T13:07:01.889Z
0.80441177;open;2021-11-26T13:04:00Z;547;133;0;680;680;18495[Am Gericht];2021-11-26T13:07:01.889Z
0.36374134;open;2021-11-26T13:04:00Z;315;551;70;936;866;109240[MyZeil];2021-11-26T13:07:01.889Z
0.71451104;open;2021-11-26T13:04:00Z;453;181;0;634;634;18494[Konrad-Adenauer-Straße];2021-11-26T13:07:01.889Z
0.74666667;open;2021-11-26T13:29:00Z;112;38;200;350;150;24276[Turmcenter];2021-11-26T13:32:02.658Z
0.67813265;open;2021-11-26T13:29:00Z;276;131;0;407;407;18944[Alte Oper];2021-11-26T13:32:02.658Z
0.2032967;open;2021-11-26T13:29:00Z;74;290;0;364;364;24281[Hauptbahnhof Süd];2021-11-26T13:32:02.658Z
0.7135417;open;2021-11-26T13:29:00Z;274;110;0;384;384;105479[Baseler Platz];2021-11-26T13:32:02.658Z
0.9381953;open;2021-11-26T13:29:00Z;759;50;0;809;809;24279[Konstabler];2021-11-26T13:32:02.658Z
1;open;2021-11-26T13:29:00Z;426;0;0;426;426;18497[Hauptwache];2021-11-26T13:32:02.658Z
0.79558825;open;2021-11-26T13:29:00Z;541;139;0;680;680;18495[Am Gericht];2021-11-26T13:32:02.658Z
0.37413394;open;2021-11-26T13:29:00Z;324;542;70;936;866;109240[MyZeil];2021-11-26T13:32:02.658Z
0.68611985;open;2021-11-26T13:29:00Z;435;199;0;634;634;18494[Konrad-Adenauer-Straße];2021-11-26T13:32:02.658Z
0.74666667;open;2021-11-26T13:50:00Z;112;38;200;350;150;24276[Turmcenter];2021-11-26T13:52:01.824Z
0.6879607;open;2021-11-26T13:50:00Z;280;127;0;407;407;18944[Alte Oper];2021-11-26T13:52:01.824Z
0.17582418;open;2021-11-26T13:50:00Z;64;300;0;364;364;24281[Hauptbahnhof Süd];2021-11-26T13:52:01.824Z
0.7135417;open;2021-11-26T13:50:00Z;274;110;0;384;384;105479[Baseler Platz];2021-11-26T13:52:01.824Z
0.9641533;open;2021-11-26T13:50:00Z;780;29;0;809;809;24279[Konstabler];2021-11-26T13:52:01.824Z
1;open;2021-11-26T13:50:00Z;426;0;0;426;426;18497[Hauptwache];2021-11-26T13:52:01.824Z
0.8014706;open;2021-11-26T13:50:00Z;545;135;0;680;680;18495[Am Gericht];2021-11-26T13:52:01.824Z
0.3752887;open;2021-11-26T13:50:00Z;325;541;70;936;866;109240[MyZeil];2021-11-26T13:52:01.824Z
0.6955836;open;2021-11-26T13:50:00Z;441;193;0;634;634;18494[Konrad-Adenauer-Straße];2021-11-26T13:52:01.824Z
0.74;open;2021-11-26T14:00:00Z;111;39;200;350;150;24276[Turmcenter];2021-11-26T14:02:01.683Z
0.6977887;open;2021-11-26T14:00:00Z;284;123;0;407;407;18944[Alte Oper];2021-11-26T14:02:01.683Z
0.17032968;open;2021-11-26T14:00:00Z;62;302;0;364;364;24281[Hauptbahnhof Süd];2021-11-26T14:02:01.683Z
0.7135417;open;2021-11-26T14:00:00Z;274;110;0;384;384;105479[Baseler Platz];2021-11-26T14:02:01.683Z
0.9690977;open;2021-11-26T14:00:00Z;784;25;0;809;809;24279[Konstabler];2021-11-26T14:02:01.683Z
0.9929578;open;2021-11-26T14:00:00Z;423;3;0;426;426;18497[Hauptwache];2021-11-26T14:02:01.683Z
0.8029412;open;2021-11-26T14:00:00Z;546;134;0;680;680;18495[Am Gericht];2021-11-26T14:02:01.683Z
0.37644342;open;2021-11-26T14:00:00Z;326;540;70;936;866;109240[MyZeil];2021-11-26T14:02:01.683Z
0.68611985;open;2021-11-26T14:00:00Z;435;199;0;634;634;18494[Konrad-Adenauer-Straße];2021-11-26T14:02:01.683Z
0.70666665;open;2021-11-26T14:25:00Z;106;44;200;350;150;24276[Turmcenter];2021-11-26T14:27:01.768Z
0.67321867;open;2021-11-26T14:25:00Z;274;133;0;407;407;18944[Alte Oper];2021-11-26T14:27:01.768Z
0.15659341;open;2021-11-26T14:25:00Z;57;307;0;364;364;24281[Hauptbahnhof Süd];2021-11-26T14:27:01.768Z
0.7135417;open;2021-11-26T14:25:00Z;274;110;0;384;384;105479[Baseler Platz];2021-11-26T14:27:01.768Z
0.96786153;open;2021-11-26T14:25:00Z;783;26;0;809;809;24279[Konstabler];2021-11-26T14:27:01.768Z
1;open;2021-11-26T14:25:00Z;426;0;0;426;426;18497[Hauptwache];2021-11-26T14:27:01.768Z
0.7647059;open;2021-11-26T14:25:00Z;520;160;0;680;680;18495[Am Gericht];2021-11-26T14:27:01.768Z
0.38799077;open;2021-11-26T14:25:00Z;336;530;70;936;866;109240[MyZeil];2021-11-26T14:27:01.768Z
0.6829653;open;2021-11-26T14:25:00Z;433;201;0;634;634;18494[Konrad-Adenauer-Straße];2021-11-26T14:27:01.768Z
0.7;open;2021-11-26T14:40:00Z;105;45;200;350;150;24276[Turmcenter];2021-11-26T14:42:01.360Z
0.6830467;open;2021-11-26T14:40:00Z;278;129;0;407;407;18944[Alte Oper];2021-11-26T14:42:01.360Z
0.15384616;open;2021-11-26T14:40:00Z;56;308;0;364;364;24281[Hauptbahnhof Süd];2021-11-26T14:42:01.360Z
0.7135417;open;2021-11-26T14:40:00Z;274;110;0;384;384;105479[Baseler Platz];2021-11-26T14:42:01.360Z
0.9728059;open;2021-11-26T14:40:00Z;787;22;0;809;809;24279[Konstabler];2021-11-26T14:42:01.360Z
1;open;2021-11-26T14:40:00Z;426;0;0;426;426;18497[Hauptwache];2021-11-26T14:42:01.360Z
0.75;open;2021-11-26T14:40:00Z;510;170;0;680;680;18495[Am Gericht];2021-11-26T14:42:01.360Z
0.38799077;open;2021-11-26T14:40:00Z;336;530;70;936;866;109240[MyZeil];2021-11-26T14:42:01.360Z
0.69085175;open;2021-11-26T14:40:00Z;438;196;0;634;634;18494[Konrad-Adenauer-Straße];2021-11-26T14:42:01.360Z
0.68666667;open;2021-11-26T14:50:00Z;103;47;200;350;150;24276[Turmcenter];2021-11-26T14:52:01.657Z
0.67321867;open;2021-11-26T14:50:00Z;274;133;0;407;407;18944[Alte Oper];2021-11-26T14:52:01.657Z
0.14835165;open;2021-11-26T14:50:00Z;54;310;0;364;364;24281[Hauptbahnhof Süd];2021-11-26T14:52:01.657Z
0.7135417;open;2021-11-26T14:50:00Z;274;110;0;384;384;105479[Baseler Platz];2021-11-26T14:52:01.657Z
0.9826947;open;2021-11-26T14:50:00Z;795;14;0;809;809;24279[Konstabler];2021-11-26T14:52:01.657Z
1;open;2021-11-26T14:50:00Z;426;0;0;426;426;18497[Hauptwache];2021-11-26T14:52:01.657Z
0.74852943;open;2021-11-26T14:50:00Z;509;171;0;680;680;18495[Am Gericht];2021-11-26T14:52:01.657Z
0.3960739;open;2021-11-26T14:50:00Z;343;523;70;936;866;109240[MyZeil];2021-11-26T14:52:01.657Z
0.7050473;open;2021-11-26T14:50:00Z;447;187;0;634;634;18494[Konrad-Adenauer-Straße];2021-11-26T14:52:01.657Z
0.68;open;2021-11-26T15:01:00Z;102;48;200;350;150;24276[Turmcenter];2021-11-26T15:02:01.318Z
0.67321867;open;2021-11-26T15:01:00Z;274;133;0;407;407;18944[Alte Oper];2021-11-26T15:02:01.318Z
0.1456044;open;2021-11-26T15:01:00Z;53;311;0;364;364;24281[Hauptbahnhof Süd];2021-11-26T15:02:01.318Z
0.7135417;open;2021-11-26T15:01:00Z;274;110;0;384;384;105479[Baseler Platz];2021-11-26T15:02:01.318Z
0.97527814;open;2021-11-26T15:01:00Z;789;20;0;809;809;24279[Konstabler];2021-11-26T15:02:01.318Z
0.9929578;open;2021-11-26T15:01:00Z;423;3;0;426;426;18497[Hauptwache];2021-11-26T15:02:01.318Z
0.7323529;open;2021-11-26T15:01:00Z;498;182;0;680;680;18495[Am Gericht];2021-11-26T15:02:01.318Z
0.7082019;open;2021-11-26T15:01:00Z;449;185;0;634;634;18494[Konrad-Adenauer-Straße];2021-11-26T15:02:01.318Z
0.68;open;2021-11-26T15:26:00Z;102;48;200;350;150;24276[Turmcenter];2021-11-26T15:27:00.295Z
0.6142506;open;2021-11-26T15:26:00Z;250;157;0;407;407;18944[Alte Oper];2021-11-26T15:27:00.295Z
0.12362637;open;2021-11-26T15:26:00Z;45;319;0;364;364;24281[Hauptbahnhof Süd];2021-11-26T15:27:00.295Z
0.98887515;open;2021-11-26T15:26:00Z;800;9;0;809;809;24279[Konstabler];2021-11-26T15:27:00.295Z
0.9976526;open;2021-11-26T15:26:00Z;425;1;0;426;426;18497[Hauptwache];2021-11-26T15:27:00.295Z
0.72205883;open;2021-11-26T15:26:00Z;491;189;0;680;680;18495[Am Gericht];2021-11-26T15:27:00.295Z
0.38683602;open;2021-11-26T15:26:00Z;335;531;70;936;866;109240[MyZeil];2021-11-26T15:27:00.295Z
0.7003155;open;2021-11-26T15:26:00Z;444;190;0;634;634;18494[Konrad-Adenauer-Straße];2021-11-26T15:27:00.295Z
0.66;open;2021-11-26T15:46:00Z;99;51;200;350;150;24276[Turmcenter];2021-11-26T15:47:01.680Z
0.57002455;open;2021-11-26T15:46:00Z;232;175;0;407;407;18944[Alte Oper];2021-11-26T15:47:01.680Z
0.10714286;open;2021-11-26T15:46:00Z;39;325;0;364;364;24281[Hauptbahnhof Süd];2021-11-26T15:47:01.680Z
0.9579728;open;2021-11-26T15:46:00Z;775;34;0;809;809;24279[Konstabler];2021-11-26T15:47:01.680Z
1;open;2021-11-26T15:46:00Z;426;0;0;426;426;18497[Hauptwache];2021-11-26T15:47:01.680Z
0.7117647;open;2021-11-26T15:46:00Z;484;196;0;680;680;18495[Am Gericht];2021-11-26T15:47:01.680Z
0.38337183;open;2021-11-26T15:46:00Z;332;534;70;936;866;109240[MyZeil];2021-11-26T15:47:01.680Z
0.68927443;open;2021-11-26T15:46:00Z;437;197;0;634;634;18494[Konrad-Adenauer-Straße];2021-11-26T15:47:01.680Z
0.6066667;open;2021-11-26T16:32:00Z;91;59;200;350;150;24276[Turmcenter];2021-11-26T16:37:02.786Z
0.47665846;open;2021-11-26T16:32:00Z;194;213;0;407;407;18944[Alte Oper];2021-11-26T16:37:02.786Z
0.07417583;open;2021-11-26T16:32:00Z;27;337;0;364;364;24281[Hauptbahnhof Süd];2021-11-26T16:37:02.786Z
0.703125;open;2021-11-26T16:32:00Z;270;114;0;384;384;105479[Baseler Platz];2021-11-26T16:37:02.786Z
0.9814586;open;2021-11-26T16:32:00Z;794;15;0;809;809;24279[Konstabler];2021-11-26T16:37:02.786Z
1;open;2021-11-26T16:32:00Z;426;0;0;426;426;18497[Hauptwache];2021-11-26T16:37:02.786Z
0.70735294;open;2021-11-26T16:32:00Z;481;199;0;680;680;18495[Am Gericht];2021-11-26T16:37:02.786Z
0.38452655;open;2021-11-26T16:32:00Z;333;533;70;936;866;109240[MyZeil];2021-11-26T16:37:02.786Z
0.6608833;open;2021-11-26T16:32:00Z;419;215;0;634;634;18494[Konrad-Adenauer-Straße];2021-11-26T16:37:02.786Z
0.54;open;2021-11-26T17:02:00Z;81;69;200;350;150;24276[Turmcenter];2021-11-26T17:07:01.396Z
0.4864865;open;2021-11-26T17:02:00Z;198;209;0;407;407;18944[Alte Oper];2021-11-26T17:07:01.396Z
0.071428575;open;2021-11-26T17:02:00Z;26;338;0;364;364;24281[Hauptbahnhof Süd];2021-11-26T17:07:01.396Z
0.6953125;open;2021-11-26T17:02:00Z;267;117;0;384;384;105479[Baseler Platz];2021-11-26T17:07:01.396Z
0.9802225;open;2021-11-26T17:02:00Z;793;16;0;809;809;24279[Konstabler];2021-11-26T17:07:01.396Z
1;open;2021-11-26T17:02:00Z;426;0;0;426;426;18497[Hauptwache];2021-11-26T17:07:01.396Z
0.7029412;open;2021-11-26T17:02:00Z;478;202;0;680;680;18495[Am Gericht];2021-11-26T17:07:01.396Z
0.6845426;open;2021-11-26T17:02:00Z;434;200;0;634;634;18494[Konrad-Adenauer-Straße];2021-11-26T17:07:01.396Z
0.415;open;2021-11-26T17:33:00Z;83;117;150;350;200;24276[Turmcenter];2021-11-26T17:37:02.185Z
0.4864865;open;2021-11-26T17:33:00Z;198;209;0;407;407;18944[Alte Oper];2021-11-26T17:37:02.185Z
0.06593407;open;2021-11-26T17:33:00Z;24;340;0;364;364;24281[Hauptbahnhof Süd];2021-11-26T17:37:02.185Z
0.6901042;open;2021-11-26T17:33:00Z;265;119;0;384;384;105479[Baseler Platz];2021-11-26T17:37:02.185Z
0.9913473;open;2021-11-26T17:33:00Z;802;7;0;809;809;24279[Konstabler];2021-11-26T17:37:02.185Z
1;open;2021-11-26T17:33:00Z;426;0;0;426;426;18497[Hauptwache];2021-11-26T17:37:02.185Z
0.65588236;open;2021-11-26T17:33:00Z;446;234;0;680;680;18495[Am Gericht];2021-11-26T17:37:02.185Z
0.40069285;open;2021-11-26T17:33:00Z;347;519;70;936;866;109240[MyZeil];2021-11-26T17:37:02.185Z
0.72397476;open;2021-11-26T17:33:00Z;459;175;0;634;634;18494[Konrad-Adenauer-Straße];2021-11-26T17:37:02.185Z
0.385;open;2021-11-26T17:48:00Z;77;123;150;350;200;24276[Turmcenter];2021-11-26T17:52:02.394Z
0.5135135;open;2021-11-26T17:48:00Z;209;198;0;407;407;18944[Alte Oper];2021-11-26T17:52:02.394Z
0.06593407;open;2021-11-26T17:48:00Z;24;340;0;364;364;24281[Hauptbahnhof Süd];2021-11-26T17:52:02.394Z
0.6953125;open;2021-11-26T17:48:00Z;267;117;0;384;384;105479[Baseler Platz];2021-11-26T17:52:02.394Z
0.99258345;open;2021-11-26T17:48:00Z;803;6;0;809;809;24279[Konstabler];2021-11-26T17:52:02.394Z
1;open;2021-11-26T17:48:00Z;426;0;0;426;426;18497[Hauptwache];2021-11-26T17:52:02.394Z
0.63529414;open;2021-11-26T17:48:00Z;432;248;0;680;680;18495[Am Gericht];2021-11-26T17:52:02.394Z
0.39838338;open;2021-11-26T17:48:00Z;345;521;70;936;866;109240[MyZeil];2021-11-26T17:52:02.394Z
0.7413249;open;2021-11-26T17:48:00Z;470;164;0;634;634;18494[Konrad-Adenauer-Straße];2021-11-26T17:52:02.394Z
0.37;open;2021-11-26T17:58:00Z;74;126;150;350;200;24276[Turmcenter];2021-11-26T18:02:02.010Z
0.5110565;open;2021-11-26T17:58:00Z;208;199;0;407;407;18944[Alte Oper];2021-11-26T18:02:02.010Z
0.06318682;open;2021-11-26T17:58:00Z;23;341;0;364;364;24281[Hauptbahnhof Süd];2021-11-26T18:02:02.010Z
0.7057292;open;2021-11-26T17:58:00Z;271;113;0;384;384;105479[Baseler Platz];2021-11-26T18:02:02.010Z
0.9765142;open;2021-11-26T17:58:00Z;790;19;0;809;809;24279[Konstabler];2021-11-26T18:02:02.010Z
1;open;2021-11-26T17:58:00Z;426;0;0;426;426;18497[Hauptwache];2021-11-26T18:02:02.010Z
0.6382353;open;2021-11-26T17:58:00Z;434;246;0;680;680;18495[Am Gericht];2021-11-26T18:02:02.010Z
0.40415704;open;2021-11-26T17:58:00Z;350;516;70;936;866;109240[MyZeil];2021-11-26T18:02:02.010Z
0.7492114;open;2021-11-26T17:58:00Z;475;159;0;634;634;18494[Konrad-Adenauer-Straße];2021-11-26T18:02:02.010Z
0.46;open;2021-11-26T18:28:00Z;92;108;150;350;200;24276[Turmcenter];2021-11-26T18:32:01.558Z
0.5012285;open;2021-11-26T18:28:00Z;204;203;0;407;407;18944[Alte Oper];2021-11-26T18:32:01.558Z
0.057692308;open;2021-11-26T18:28:00Z;21;343;0;364;364;24281[Hauptbahnhof Süd];2021-11-26T18:32:01.558Z
0.6953125;open;2021-11-26T18:28:00Z;267;117;0;384;384;105479[Baseler Platz];2021-11-26T18:32:01.558Z
0.98516685;open;2021-11-26T18:28:00Z;797;12;0;809;809;24279[Konstabler];2021-11-26T18:32:01.558Z
1;open;2021-11-26T18:28:00Z;426;0;0;426;426;18497[Hauptwache];2021-11-26T18:32:01.558Z
0.6779412;open;2021-11-26T18:28:00Z;461;219;0;680;680;18495[Am Gericht];2021-11-26T18:32:01.558Z
0.3960739;open;2021-11-26T18:28:00Z;343;523;70;936;866;109240[MyZeil];2021-11-26T18:32:01.558Z
0.7665615;open;2021-11-26T18:28:00Z;486;148;0;634;634;18494[Konrad-Adenauer-Straße];2021-11-26T18:32:01.558Z
0.525;open;2021-11-26T18:49:00Z;105;95;150;350;200;24276[Turmcenter];2021-11-26T18:52:01.593Z
0.4963145;open;2021-11-26T18:49:00Z;202;205;0;407;407;18944[Alte Oper];2021-11-26T18:52:01.593Z
0.06318682;open;2021-11-26T18:49:00Z;23;341;0;364;364;24281[Hauptbahnhof Süd];2021-11-26T18:52:01.593Z
0.6979167;open;2021-11-26T18:49:00Z;268;116;0;384;384;105479[Baseler Platz];2021-11-26T18:52:01.593Z
0.9690977;open;2021-11-26T18:49:00Z;784;25;0;809;809;24279[Konstabler];2021-11-26T18:52:01.593Z
1;open;2021-11-26T18:49:00Z;426;0;0;426;426;18497[Hauptwache];2021-11-26T18:52:01.593Z
0.67058825;open;2021-11-26T18:49:00Z;456;224;0;680;680;18495[Am Gericht];2021-11-26T18:52:01.593Z
0.37759817;open;2021-11-26T18:49:00Z;327;539;70;936;866;109240[MyZeil];2021-11-26T18:52:01.593Z
0.7539432;open;2021-11-26T18:49:00Z;478;156;0;634;634;18494[Konrad-Adenauer-Straße];2021-11-26T18:52:01.593Z
0.545;open;2021-11-26T18:59:00Z;109;91;150;350;200;24276[Turmcenter];2021-11-26T19:02:01.663Z
0.4987715;open;2021-11-26T18:59:00Z;203;204;0;407;407;18944[Alte Oper];2021-11-26T19:02:01.663Z
0.06043956;open;2021-11-26T18:59:00Z;22;342;0;364;364;24281[Hauptbahnhof Süd];2021-11-26T19:02:01.663Z
0.6927083;open;2021-11-26T18:59:00Z;266;118;0;384;384;105479[Baseler Platz];2021-11-26T19:02:01.663Z
0.9456119;open;2021-11-26T18:59:00Z;765;44;0;809;809;24279[Konstabler];2021-11-26T19:02:01.663Z
1;open;2021-11-26T18:59:00Z;426;0;0;426;426;18497[Hauptwache];2021-11-26T19:02:01.663Z
0.6911765;open;2021-11-26T18:59:00Z;470;210;0;680;680;18495[Am Gericht];2021-11-26T19:02:01.663Z
0.36720553;open;2021-11-26T18:59:00Z;318;548;70;936;866;109240[MyZeil];2021-11-26T19:02:01.663Z
0.7381703;open;2021-11-26T18:59:00Z;468;166;0;634;634;18494[Konrad-Adenauer-Straße];2021-11-26T19:02:01.663Z
0.57;open;2021-11-26T19:14:00Z;114;86;150;350;200;24276[Turmcenter];2021-11-26T19:17:02.475Z
0.4864865;open;2021-11-26T19:14:00Z;198;209;0;407;407;18944[Alte Oper];2021-11-26T19:17:02.475Z
0.04945055;open;2021-11-26T19:14:00Z;18;346;0;364;364;24281[Hauptbahnhof Süd];2021-11-26T19:17:02.475Z
0.71875;open;2021-11-26T19:14:00Z;276;108;0;384;384;105479[Baseler Platz];2021-11-26T19:17:02.475Z
0.92954266;open;2021-11-26T19:14:00Z;752;57;0;809;809;24279[Konstabler];2021-11-26T19:17:02.475Z
1;open;2021-11-26T19:14:00Z;426;0;0;426;426;18497[Hauptwache];2021-11-26T19:17:02.475Z
0.7014706;open;2021-11-26T19:14:00Z;477;203;0;680;680;18495[Am Gericht];2021-11-26T19:17:02.475Z
0.34642032;open;2021-11-26T19:14:00Z;300;566;70;936;866;109240[MyZeil];2021-11-26T19:17:02.475Z
0.7097792;open;2021-11-26T19:14:00Z;450;184;0;634;634;18494[Konrad-Adenauer-Straße];2021-11-26T19:17:02.475Z
0.59;open;2021-11-26T19:30:00Z;118;82;150;350;200;24276[Turmcenter];2021-11-26T19:32:02.895Z
0.46928746;open;2021-11-26T19:30:00Z;191;216;0;407;407;18944[Alte Oper];2021-11-26T19:32:02.895Z
0.046703298;open;2021-11-26T19:30:00Z;17;347;0;364;364;24281[Hauptbahnhof Süd];2021-11-26T19:32:02.895Z
0.71875;open;2021-11-26T19:30:00Z;276;108;0;384;384;105479[Baseler Platz];2021-11-26T19:32:02.895Z
0.88627934;open;2021-11-26T19:30:00Z;717;92;0;809;809;24279[Konstabler];2021-11-26T19:32:02.895Z
0.9906103;open;2021-11-26T19:30:00Z;422;4;0;426;426;18497[Hauptwache];2021-11-26T19:32:02.895Z
0.68235296;open;2021-11-26T19:30:00Z;464;216;0;680;680;18495[Am Gericht];2021-11-26T19:32:02.895Z
0.3221709;open;2021-11-26T19:30:00Z;279;587;70;936;866;109240[MyZeil];2021-11-26T19:32:02.895Z
0.69085175;open;2021-11-26T19:30:00Z;438;196;0;634;634;18494[Konrad-Adenauer-Straße];2021-11-26T19:32:02.895Z
0.585;open;2021-11-26T19:40:00Z;117;83;150;350;200;24276[Turmcenter];2021-11-26T19:42:00.900Z
0.45208845;open;2021-11-26T19:40:00Z;184;223;0;407;407;18944[Alte Oper];2021-11-26T19:42:00.900Z
0.046703298;open;2021-11-26T19:40:00Z;17;347;0;364;364;24281[Hauptbahnhof Süd];2021-11-26T19:42:00.900Z
0.7109375;open;2021-11-26T19:40:00Z;273;111;0;384;384;105479[Baseler Platz];2021-11-26T19:42:00.900Z
0.86773795;open;2021-11-26T19:40:00Z;702;107;0;809;809;24279[Konstabler];2021-11-26T19:42:00.900Z
0.9859155;open;2021-11-26T19:40:00Z;420;6;0;426;426;18497[Hauptwache];2021-11-26T19:42:00.900Z
0.675;open;2021-11-26T19:40:00Z;459;221;0;680;680;18495[Am Gericht];2021-11-26T19:42:00.900Z
0.29792148;open;2021-11-26T19:40:00Z;258;608;70;936;866;109240[MyZeil];2021-11-26T19:42:00.900Z
0.670347;open;2021-11-26T19:40:00Z;425;209;0;634;634;18494[Konrad-Adenauer-Straße];2021-11-26T19:42:00.900Z
0.555;open;2021-11-26T19:55:00Z;111;89;150;350;200;24276[Turmcenter];2021-11-26T19:57:01.172Z
0.43488944;open;2021-11-26T19:55:00Z;177;230;0;407;407;18944[Alte Oper];2021-11-26T19:57:01.172Z
0.041208792;open;2021-11-26T19:55:00Z;15;349;0;364;364;24281[Hauptbahnhof Süd];2021-11-26T19:57:01.172Z
0.7161458;open;2021-11-26T19:55:00Z;275;109;0;384;384;105479[Baseler Platz];2021-11-26T19:57:01.172Z
0.815822;open;2021-11-26T19:55:00Z;660;149;0;809;809;24279[Konstabler];2021-11-26T19:57:01.172Z
0.9413146;open;2021-11-26T19:55:00Z;401;25;0;426;426;18497[Hauptwache];2021-11-26T19:57:01.172Z
0.6661765;open;2021-11-26T19:55:00Z;453;227;0;680;680;18495[Am Gericht];2021-11-26T19:57:01.172Z
0.278291;open;2021-11-26T19:55:00Z;241;625;70;936;866;109240[MyZeil];2021-11-26T19:57:01.172Z
0.64984226;open;2021-11-26T19:55:00Z;412;222;0;634;634;18494[Konrad-Adenauer-Straße];2021-11-26T19:57:01.172Z
0.49;open;2021-11-26T20:21:00Z;98;102;150;350;200;24276[Turmcenter];2021-11-26T20:22:02.493Z
0.4054054;open;2021-11-26T20:21:00Z;165;242;0;407;407;18944[Alte Oper];2021-11-26T20:22:02.493Z
0.032967035;open;2021-11-26T20:21:00Z;12;352;0;364;364;24281[Hauptbahnhof Süd];2021-11-26T20:22:02.493Z
0.7213542;open;2021-11-26T20:21:00Z;277;107;0;384;384;105479[Baseler Platz];2021-11-26T20:22:02.493Z
0.7045736;open;2021-11-26T20:21:00Z;570;239;0;809;809;24279[Konstabler];2021-11-26T20:22:02.493Z
0.8309859;open;2021-11-26T20:21:00Z;354;72;0;426;426;18497[Hauptwache];2021-11-26T20:22:02.493Z
0.62941176;open;2021-11-26T20:21:00Z;428;252;0;680;680;18495[Am Gericht];2021-11-26T20:22:02.493Z
0.21939954;open;2021-11-26T20:21:00Z;190;676;70;936;866;109240[MyZeil];2021-11-26T20:22:02.493Z
0.6025237;open;2021-11-26T20:21:00Z;382;252;0;634;634;18494[Konrad-Adenauer-Straße];2021-11-26T20:22:02.493Z
0.47;open;2021-11-26T20:36:00Z;94;106;150;350;200;24276[Turmcenter];2021-11-26T20:37:02.609Z
0.37100738;open;2021-11-26T20:36:00Z;151;256;0;407;407;18944[Alte Oper];2021-11-26T20:37:02.609Z
0.027472528;open;2021-11-26T20:36:00Z;10;354;0;364;364;24281[Hauptbahnhof Süd];2021-11-26T20:37:02.609Z
0.71875;open;2021-11-26T20:36:00Z;276;108;0;384;384;105479[Baseler Platz];2021-11-26T20:37:02.609Z
0.6514215;open;2021-11-26T20:36:00Z;527;282;0;809;809;24279[Konstabler];2021-11-26T20:37:02.609Z
0.79812205;open;2021-11-26T20:36:00Z;340;86;0;426;426;18497[Hauptwache];2021-11-26T20:37:02.609Z
0.60294116;open;2021-11-26T20:36:00Z;410;270;0;680;680;18495[Am Gericht];2021-11-26T20:37:02.609Z
0.19976905;open;2021-11-26T20:36:00Z;173;693;70;936;866;109240[MyZeil];2021-11-26T20:37:02.609Z
0.5646688;open;2021-11-26T20:36:00Z;358;276;0;634;634;18494[Konrad-Adenauer-Straße];2021-11-26T20:37:02.609Z
0.445;open;2021-11-26T20:51:00Z;89;111;150;350;200;24276[Turmcenter];2021-11-26T20:52:00.093Z
0.35872236;open;2021-11-26T20:51:00Z;146;261;0;407;407;18944[Alte Oper];2021-11-26T20:52:00.093Z
0.027472528;open;2021-11-26T20:51:00Z;10;354;0;364;364;24281[Hauptbahnhof Süd];2021-11-26T20:52:00.093Z
0.71875;open;2021-11-26T20:51:00Z;276;108;0;384;384;105479[Baseler Platz];2021-11-26T20:52:00.093Z
0.61681086;open;2021-11-26T20:51:00Z;499;310;0;809;809;24279[Konstabler];2021-11-26T20:52:00.093Z
0.75821596;open;2021-11-26T20:51:00Z;323;103;0;426;426;18497[Hauptwache];2021-11-26T20:52:00.093Z
0.5779412;open;2021-11-26T20:51:00Z;393;287;0;680;680;18495[Am Gericht];2021-11-26T20:52:00.093Z
0.16859123;open;2021-11-26T20:51:00Z;146;720;70;936;866;109240[MyZeil];2021-11-26T20:52:00.093Z
0.5378549;open;2021-11-26T20:51:00Z;341;293;0;634;634;18494[Konrad-Adenauer-Straße];2021-11-26T20:52:00.093Z
0.4;open;2021-11-26T21:17:00Z;80;120;150;350;200;24276[Turmcenter];2021-11-26T21:22:01.858Z
0.32923833;open;2021-11-26T21:17:00Z;134;273;0;407;407;18944[Alte Oper];2021-11-26T21:22:01.858Z
0.021978023;open;2021-11-26T21:17:00Z;8;356;0;364;364;24281[Hauptbahnhof Süd];2021-11-26T21:22:01.858Z
0.7213542;open;2021-11-26T21:17:00Z;277;107;0;384;384;105479[Baseler Platz];2021-11-26T21:22:01.858Z
0.55747837;open;2021-11-26T21:17:00Z;451;358;0;809;809;24279[Konstabler];2021-11-26T21:22:01.858Z
0.7183099;open;2021-11-26T21:17:00Z;306;120;0;426;426;18497[Hauptwache];2021-11-26T21:22:01.858Z
0.5647059;open;2021-11-26T21:17:00Z;384;296;0;680;680;18495[Am Gericht];2021-11-26T21:22:01.858Z
0.5126183;open;2021-11-26T21:17:00Z;325;309;0;634;634;18494[Konrad-Adenauer-Straße];2021-11-26T21:22:01.858Z
0.35;open;2021-11-26T21:32:00Z;70;130;150;350;200;24276[Turmcenter];2021-11-26T21:37:02.250Z
0.31695333;open;2021-11-26T21:32:00Z;129;278;0;407;407;18944[Alte Oper];2021-11-26T21:37:02.250Z
0.021978023;open;2021-11-26T21:32:00Z;8;356;0;364;364;24281[Hauptbahnhof Süd];2021-11-26T21:37:02.250Z
0.7109375;open;2021-11-26T21:32:00Z;273;111;0;384;384;105479[Baseler Platz];2021-11-26T21:37:02.250Z
0.52286774;open;2021-11-26T21:32:00Z;423;386;0;809;809;24279[Konstabler];2021-11-26T21:37:02.250Z
0.6971831;open;2021-11-26T21:32:00Z;297;129;0;426;426;18497[Hauptwache];2021-11-26T21:37:02.250Z
0.55;open;2021-11-26T21:32:00Z;374;306;0;680;680;18495[Am Gericht];2021-11-26T21:37:02.250Z
0.14318706;open;2021-11-26T21:32:00Z;124;742;70;936;866;109240[MyZeil];2021-11-26T21:37:02.250Z
0.4984227;open;2021-11-26T21:32:00Z;316;318;0;634;634;18494[Konrad-Adenauer-Straße];2021-11-26T21:37:02.250Z
0.335;open;2021-11-26T21:42:00Z;67;133;150;350;200;24276[Turmcenter];2021-11-26T21:47:01.555Z
0.3022113;open;2021-11-26T21:42:00Z;123;284;0;407;407;18944[Alte Oper];2021-11-26T21:47:01.555Z
0.024725275;open;2021-11-26T21:42:00Z;9;355;0;364;364;24281[Hauptbahnhof Süd];2021-11-26T21:47:01.555Z
0.7109375;open;2021-11-26T21:42:00Z;273;111;0;384;384;105479[Baseler Platz];2021-11-26T21:47:01.555Z
0.5080346;open;2021-11-26T21:42:00Z;411;398;0;809;809;24279[Konstabler];2021-11-26T21:47:01.555Z
0.69014084;open;2021-11-26T21:42:00Z;294;132;0;426;426;18497[Hauptwache];2021-11-26T21:47:01.555Z
0.5411765;open;2021-11-26T21:42:00Z;368;312;0;680;680;18495[Am Gericht];2021-11-26T21:47:01.555Z
0.13279445;open;2021-11-26T21:42:00Z;115;751;70;936;866;109240[MyZeil];2021-11-26T21:47:01.555Z
0.49369085;open;2021-11-26T21:42:00Z;313;321;0;634;634;18494[Konrad-Adenauer-Straße];2021-11-26T21:47:01.555Z
0.335;open;2021-11-26T21:52:00Z;67;133;150;350;200;24276[Turmcenter];2021-11-26T21:57:02.616Z
0.2874693;open;2021-11-26T21:52:00Z;117;290;0;407;407;18944[Alte Oper];2021-11-26T21:57:02.616Z
0.027472528;open;2021-11-26T21:52:00Z;10;354;0;364;364;24281[Hauptbahnhof Süd];2021-11-26T21:57:02.616Z
0.7083333;open;2021-11-26T21:52:00Z;272;112;0;384;384;105479[Baseler Platz];2021-11-26T21:57:02.616Z
0.49938196;open;2021-11-26T21:52:00Z;404;405;0;809;809;24279[Konstabler];2021-11-26T21:57:02.616Z
0.69014084;open;2021-11-26T21:52:00Z;294;132;0;426;426;18497[Hauptwache];2021-11-26T21:57:02.616Z
0.5367647;open;2021-11-26T21:52:00Z;365;315;0;680;680;18495[Am Gericht];2021-11-26T21:57:02.616Z
0.49053627;open;2021-11-26T21:52:00Z;311;323;0;634;634;18494[Konrad-Adenauer-Straße];2021-11-26T21:57:02.616Z
0.23;open;2021-11-26T22:23:00Z;46;154;150;350;200;24276[Turmcenter];2021-11-26T22:27:02.360Z
0.23587224;open;2021-11-26T22:23:00Z;96;311;0;407;407;18944[Alte Oper];2021-11-26T22:27:02.360Z
0.021978023;open;2021-11-26T22:23:00Z;8;356;0;364;364;24281[Hauptbahnhof Süd];2021-11-26T22:27:02.360Z
0.7083333;open;2021-11-26T22:23:00Z;272;112;0;384;384;105479[Baseler Platz];2021-11-26T22:27:02.360Z
0.46353522;open;2021-11-26T22:23:00Z;375;434;0;809;809;24279[Konstabler];2021-11-26T22:27:02.360Z
0.6549296;open;2021-11-26T22:23:00Z;279;147;0;426;426;18497[Hauptwache];2021-11-26T22:27:02.360Z
0.5132353;open;2021-11-26T22:23:00Z;349;331;0;680;680;18495[Am Gericht];2021-11-26T22:27:02.360Z
0.10969977;open;2021-11-26T22:23:00Z;95;771;70;936;866;109240[MyZeil];2021-11-26T22:27:02.360Z
0.47003156;open;2021-11-26T22:23:00Z;298;336;0;634;634;18494[Konrad-Adenauer-Straße];2021-11-26T22:27:02.360Z
0.225;open;2021-11-26T22:39:00Z;45;155;150;350;200;24276[Turmcenter];2021-11-26T22:42:02.593Z
0.21867321;open;2021-11-26T22:39:00Z;89;318;0;407;407;18944[Alte Oper];2021-11-26T22:42:02.593Z
0.013736264;open;2021-11-26T22:39:00Z;5;359;0;364;364;24281[Hauptbahnhof Süd];2021-11-26T22:42:02.593Z
0.7005208;open;2021-11-26T22:39:00Z;269;115;0;384;384;105479[Baseler Platz];2021-11-26T22:42:02.593Z
0.43881336;open;2021-11-26T22:39:00Z;355;454;0;809;809;24279[Konstabler];2021-11-26T22:42:02.593Z
0.65258217;open;2021-11-26T22:39:00Z;278;148;0;426;426;18497[Hauptwache];2021-11-26T22:42:02.593Z
0.50441176;open;2021-11-26T22:39:00Z;343;337;0;680;680;18495[Am Gericht];2021-11-26T22:42:02.593Z
0.10969977;open;2021-11-26T22:39:00Z;95;771;70;936;866;109240[MyZeil];2021-11-26T22:42:02.593Z
0.4652997;open;2021-11-26T22:39:00Z;295;339;0;634;634;18494[Konrad-Adenauer-Straße];2021-11-26T22:42:02.593Z
0.205;open;2021-11-26T22:49:00Z;41;159;150;350;200;24276[Turmcenter];2021-11-26T22:52:02.248Z
0.21621622;open;2021-11-26T22:49:00Z;88;319;0;407;407;18944[Alte Oper];2021-11-26T22:52:02.248Z
0.013736264;open;2021-11-26T22:49:00Z;5;359;0;364;364;24281[Hauptbahnhof Süd];2021-11-26T22:52:02.248Z
0.7005208;open;2021-11-26T22:49:00Z;269;115;0;384;384;105479[Baseler Platz];2021-11-26T22:52:02.248Z
0.4326329;open;2021-11-26T22:49:00Z;350;459;0;809;809;24279[Konstabler];2021-11-26T22:52:02.248Z
0.65023476;open;2021-11-26T22:49:00Z;277;149;0;426;426;18497[Hauptwache];2021-11-26T22:52:02.248Z
0.50441176;open;2021-11-26T22:49:00Z;343;337;0;680;680;18495[Am Gericht];2021-11-26T22:52:02.248Z
0.1073903;open;2021-11-26T22:49:00Z;93;773;70;936;866;109240[MyZeil];2021-11-26T22:52:02.248Z
0.46056783;open;2021-11-26T22:49:00Z;292;342;0;634;634;18494[Konrad-Adenauer-Straße];2021-11-26T22:52:02.248Z
0.175;open;2021-11-26T23:15:00Z;35;165;150;350;200;24276[Turmcenter];2021-11-26T23:17:01.339Z
0.1891892;open;2021-11-26T23:15:00Z;77;330;0;407;407;18944[Alte Oper];2021-11-26T23:17:01.339Z
0.016483517;open;2021-11-26T23:15:00Z;6;358;0;364;364;24281[Hauptbahnhof Süd];2021-11-26T23:17:01.339Z
0.703125;open;2021-11-26T23:15:00Z;270;114;0;384;384;105479[Baseler Platz];2021-11-26T23:17:01.339Z
0.4301607;open;2021-11-26T23:15:00Z;348;461;0;809;809;24279[Konstabler];2021-11-26T23:17:01.339Z
0.64084506;open;2021-11-26T23:15:00Z;273;153;0;426;426;18497[Hauptwache];2021-11-26T23:17:01.339Z
0;closed;2021-11-26T23:15:00Z;;340;0;0;0;18495[Am Gericht];2021-11-26T23:17:01.339Z
0.1039261;open;2021-11-26T23:15:00Z;90;776;70;936;866;109240[MyZeil];2021-11-26T23:17:01.339Z
0.4526814;open;2021-11-26T23:15:00Z;287;347;0;634;634;18494[Konrad-Adenauer-Straße];2021-11-26T23:17:01.339Z
0.165;open;2021-11-26T23:35:00Z;33;167;150;350;200;24276[Turmcenter];2021-11-26T23:37:01.665Z
0.16953316;open;2021-11-26T23:35:00Z;69;338;0;407;407;18944[Alte Oper];2021-11-26T23:37:01.665Z
0.016483517;open;2021-11-26T23:35:00Z;6;358;0;364;364;24281[Hauptbahnhof Süd];2021-11-26T23:37:01.665Z
0.7005208;open;2021-11-26T23:35:00Z;269;115;0;384;384;105479[Baseler Platz];2021-11-26T23:37:01.665Z
0.41532758;open;2021-11-26T23:35:00Z;336;473;0;809;809;24279[Konstabler];2021-11-26T23:37:01.665Z
0.6220657;open;2021-11-26T23:35:00Z;265;161;0;426;426;18497[Hauptwache];2021-11-26T23:37:01.665Z
0;closed;2021-11-26T23:35:00Z;;340;0;0;0;18495[Am Gericht];2021-11-26T23:37:01.665Z
0.45741326;open;2021-11-26T23:35:00Z;290;344;0;634;634;18494[Konrad-Adenauer-Straße];2021-11-26T23:37:01.665Z
0.16;open;2021-11-26T23:45:00Z;32;168;150;350;200;24276[Turmcenter];2021-11-26T23:47:02.508Z
0.16216215;open;2021-11-26T23:45:00Z;66;341;0;407;407;18944[Alte Oper];2021-11-26T23:47:02.508Z
0.016483517;open;2021-11-26T23:45:00Z;6;358;0;364;364;24281[Hauptbahnhof Süd];2021-11-26T23:47:02.508Z
0.7005208;open;2021-11-26T23:45:00Z;269;115;0;384;384;105479[Baseler Platz];2021-11-26T23:47:02.508Z
0.41532758;open;2021-11-26T23:45:00Z;336;473;0;809;809;24279[Konstabler];2021-11-26T23:47:02.508Z
0.6173709;open;2021-11-26T23:45:00Z;263;163;0;426;426;18497[Hauptwache];2021-11-26T23:47:02.508Z
0;closed;2021-11-26T23:45:00Z;;340;0;0;0;18495[Am Gericht];2021-11-26T23:47:02.508Z
0.45425868;open;2021-11-26T23:45:00Z;288;346;0;634;634;18494[Konrad-Adenauer-Straße];2021-11-26T23:47:02.508Z
0.14;open;2021-11-27T00:01:00Z;28;172;150;350;200;24276[Turmcenter];2021-11-27T00:02:02.053Z
0.15724815;open;2021-11-27T00:01:00Z;64;343;0;407;407;18944[Alte Oper];2021-11-27T00:02:02.053Z
0.016483517;open;2021-11-27T00:01:00Z;6;358;0;364;364;24281[Hauptbahnhof Süd];2021-11-27T00:02:02.053Z
0.7005208;open;2021-11-27T00:01:00Z;269;115;0;384;384;105479[Baseler Platz];2021-11-27T00:02:02.053Z
0.407911;open;2021-11-27T00:01:00Z;330;479;0;809;809;24279[Konstabler];2021-11-27T00:02:02.053Z
0.6150235;open;2021-11-27T00:01:00Z;262;164;0;426;426;18497[Hauptwache];2021-11-27T00:02:02.053Z
0;closed;2021-11-27T00:01:00Z;;340;0;0;0;18495[Am Gericht];2021-11-27T00:02:02.053Z
0.09468822;open;2021-11-27T00:01:00Z;82;784;70;936;866;109240[MyZeil];2021-11-27T00:02:02.053Z
0.4511041;open;2021-11-27T00:01:00Z;286;348;0;634;634;18494[Konrad-Adenauer-Straße];2021-11-27T00:02:02.053Z
0.135;open;2021-11-27T01:07:00Z;27;173;150;350;200;24276[Turmcenter];2021-11-27T01:12:01.920Z
0.14987715;open;2021-11-27T01:07:00Z;61;346;0;407;407;18944[Alte Oper];2021-11-27T01:12:01.920Z
0.013736264;open;2021-11-27T01:07:00Z;5;359;0;364;364;24281[Hauptbahnhof Süd];2021-11-27T01:12:01.920Z
0.7005208;open;2021-11-27T01:07:00Z;269;115;0;384;384;105479[Baseler Platz];2021-11-27T01:12:01.920Z
0.37330037;open;2021-11-27T01:07:00Z;302;507;0;809;809;24279[Konstabler];2021-11-27T01:12:01.920Z
0.57746476;open;2021-11-27T01:07:00Z;246;180;0;426;426;18497[Hauptwache];2021-11-27T01:12:01.920Z
0;closed;2021-11-27T01:07:00Z;;340;0;0;0;18495[Am Gericht];2021-11-27T01:12:01.920Z
0.09237875;open;2021-11-27T01:07:00Z;80;786;70;936;866;109240[MyZeil];2021-11-27T01:12:01.920Z
0.4384858;open;2021-11-27T01:07:00Z;278;356;0;634;634;18494[Konrad-Adenauer-Straße];2021-11-27T01:12:01.920Z
0.145;open;2021-11-27T02:03:00Z;29;171;150;350;200;24276[Turmcenter];2021-11-27T02:07:00.458Z
0.13759214;open;2021-11-27T02:03:00Z;56;351;0;407;407;18944[Alte Oper];2021-11-27T02:07:00.458Z
0.010989011;open;2021-11-27T02:03:00Z;4;360;0;364;364;24281[Hauptbahnhof Süd];2021-11-27T02:07:00.458Z
0.7005208;open;2021-11-27T02:03:00Z;269;115;0;384;384;105479[Baseler Platz];2021-11-27T02:07:00.458Z
0.3473424;open;2021-11-27T02:03:00Z;281;528;0;809;809;24279[Konstabler];2021-11-27T02:07:00.458Z
0.5516432;open;2021-11-27T02:03:00Z;235;191;0;426;426;18497[Hauptwache];2021-11-27T02:07:00.458Z
0;closed;2021-11-27T02:03:00Z;;340;0;0;0;18495[Am Gericht];2021-11-27T02:07:00.458Z
0.43217665;open;2021-11-27T02:03:00Z;274;360;0;634;634;18494[Konrad-Adenauer-Straße];2021-11-27T02:07:00.458Z
0.14;open;2021-11-27T02:43:00Z;28;172;150;350;200;24276[Turmcenter];2021-11-27T02:47:01.919Z
0.13267814;open;2021-11-27T02:43:00Z;54;353;0;407;407;18944[Alte Oper];2021-11-27T02:47:01.919Z
0.010989011;open;2021-11-27T02:43:00Z;4;360;0;364;364;24281[Hauptbahnhof Süd];2021-11-27T02:47:01.919Z
0.7005208;open;2021-11-27T02:43:00Z;269;115;0;384;384;105479[Baseler Platz];2021-11-27T02:47:01.919Z
0.34116194;open;2021-11-27T02:43:00Z;276;533;0;809;809;24279[Konstabler];2021-11-27T02:47:01.919Z
0.53051645;open;2021-11-27T02:43:00Z;226;200;0;426;426;18497[Hauptwache];2021-11-27T02:47:01.919Z
0;closed;2021-11-27T02:43:00Z;;340;0;0;0;18495[Am Gericht];2021-11-27T02:47:01.919Z
0.091224015;open;2021-11-27T02:43:00Z;79;787;70;936;866;109240[MyZeil];2021-11-27T02:47:01.919Z
0.43059936;open;2021-11-27T02:43:00Z;273;361;0;634;634;18494[Konrad-Adenauer-Straße];2021-11-27T02:47:01.919Z
0.14;open;2021-11-27T02:53:00Z;28;172;150;350;200;24276[Turmcenter];2021-11-27T02:57:01.307Z
0.13267814;open;2021-11-27T02:53:00Z;54;353;0;407;407;18944[Alte Oper];2021-11-27T02:57:01.307Z
0.010989011;open;2021-11-27T02:53:00Z;4;360;0;364;364;24281[Hauptbahnhof Süd];2021-11-27T02:57:01.307Z
0.6979167;open;2021-11-27T02:53:00Z;268;116;0;384;384;105479[Baseler Platz];2021-11-27T02:57:01.307Z
0.33992583;open;2021-11-27T02:53:00Z;275;534;0;809;809;24279[Konstabler];2021-11-27T02:57:01.307Z
0.52347416;open;2021-11-27T02:53:00Z;223;203;0;426;426;18497[Hauptwache];2021-11-27T02:57:01.307Z
0;closed;2021-11-27T02:53:00Z;;340;0;0;0;18495[Am Gericht];2021-11-27T02:57:01.307Z
0.091224015;open;2021-11-27T02:53:00Z;79;787;70;936;866;109240[MyZeil];2021-11-27T02:57:01.307Z
0.43059936;open;2021-11-27T02:53:00Z;273;361;0;634;634;18494[Konrad-Adenauer-Straße];2021-11-27T02:57:01.307Z
0.14;open;2021-11-27T03:19:00Z;28;172;150;350;200;24276[Turmcenter];2021-11-27T03:22:01.256Z
0.13267814;open;2021-11-27T03:19:00Z;54;353;0;407;407;18944[Alte Oper];2021-11-27T03:22:01.256Z
0.010989011;open;2021-11-27T03:19:00Z;4;360;0;364;364;24281[Hauptbahnhof Süd];2021-11-27T03:22:01.256Z
0.6953125;open;2021-11-27T03:19:00Z;267;117;0;384;384;105479[Baseler Platz];2021-11-27T03:22:01.256Z
0.3275649;open;2021-11-27T03:19:00Z;265;544;0;809;809;24279[Konstabler];2021-11-27T03:22:01.256Z
0.5093897;open;2021-11-27T03:19:00Z;217;209;0;426;426;18497[Hauptwache];2021-11-27T03:22:01.256Z
0;closed;2021-11-27T03:19:00Z;;;0;0;0;18495[Am Gericht];2021-11-27T03:22:01.256Z
0.091224015;open;2021-11-27T03:19:00Z;79;787;70;936;866;109240[MyZeil];2021-11-27T03:22:01.256Z
0.43217665;open;2021-11-27T03:19:00Z;274;360;0;634;634;18494[Konrad-Adenauer-Straße];2021-11-27T03:22:01.256Z
0.14;open;2021-11-27T03:44:00Z;28;172;150;350;200;24276[Turmcenter];2021-11-27T03:47:02.830Z
0.13267814;open;2021-11-27T03:44:00Z;54;353;0;407;407;18944[Alte Oper];2021-11-27T03:47:02.830Z
0.010989011;open;2021-11-27T03:44:00Z;4;360;0;364;364;24281[Hauptbahnhof Süd];2021-11-27T03:47:02.830Z
0.6953125;open;2021-11-27T03:44:00Z;267;117;0;384;384;105479[Baseler Platz];2021-11-27T03:47:02.830Z
0.31520396;open;2021-11-27T03:44:00Z;255;554;0;809;809;24279[Konstabler];2021-11-27T03:47:02.830Z
0.5046948;open;2021-11-27T03:44:00Z;215;211;0;426;426;18497[Hauptwache];2021-11-27T03:47:02.830Z
0;closed;2021-11-27T03:44:00Z;;;0;0;0;18495[Am Gericht];2021-11-27T03:47:02.830Z
0.091224015;open;2021-11-27T03:44:00Z;79;787;70;936;866;109240[MyZeil];2021-11-27T03:47:02.830Z
0.43375394;open;2021-11-27T03:44:00Z;275;359;0;634;634;18494[Konrad-Adenauer-Straße];2021-11-27T03:47:02.830Z
0.14;open;2021-11-27T03:59:00Z;28;172;150;350;200;24276[Turmcenter];2021-11-27T04:02:00.966Z
0.13267814;open;2021-11-27T03:59:00Z;54;353;0;407;407;18944[Alte Oper];2021-11-27T04:02:00.966Z
0.013736264;open;2021-11-27T03:59:00Z;5;359;0;364;364;24281[Hauptbahnhof Süd];2021-11-27T04:02:00.966Z
0.6953125;open;2021-11-27T03:59:00Z;267;117;0;384;384;105479[Baseler Platz];2021-11-27T04:02:00.966Z
0.31396785;open;2021-11-27T03:59:00Z;254;555;0;809;809;24279[Konstabler];2021-11-27T04:02:00.966Z
0.5023474;open;2021-11-27T03:59:00Z;214;212;0;426;426;18497[Hauptwache];2021-11-27T04:02:00.966Z
0;closed;2021-11-27T03:59:00Z;;;0;0;0;18495[Am Gericht];2021-11-27T04:02:00.966Z
0.091224015;open;2021-11-27T03:59:00Z;79;787;70;936;866;109240[MyZeil];2021-11-27T04:02:00.966Z
0.43375394;open;2021-11-27T03:59:00Z;275;359;0;634;634;18494[Konrad-Adenauer-Straße];2021-11-27T04:02:00.966Z
0.14;open;2021-11-27T04:29:00Z;28;172;150;350;200;24276[Turmcenter];2021-11-27T04:32:02.088Z
0.13267814;open;2021-11-27T04:29:00Z;54;353;0;407;407;18944[Alte Oper];2021-11-27T04:32:02.088Z
0.013736264;open;2021-11-27T04:29:00Z;5;359;0;364;364;24281[Hauptbahnhof Süd];2021-11-27T04:32:02.088Z
0.6927083;open;2021-11-27T04:29:00Z;266;118;0;384;384;105479[Baseler Platz];2021-11-27T04:32:02.088Z
0.31149566;open;2021-11-27T04:29:00Z;252;557;0;809;809;24279[Konstabler];2021-11-27T04:32:02.088Z
0.5;open;2021-11-27T04:29:00Z;213;213;0;426;426;18497[Hauptwache];2021-11-27T04:32:02.088Z
0;closed;2021-11-27T04:29:00Z;;;0;0;0;18495[Am Gericht];2021-11-27T04:32:02.088Z
0.43059936;open;2021-11-27T04:29:00Z;273;361;0;634;634;18494[Konrad-Adenauer-Straße];2021-11-27T04:32:02.088Z
0.14;open;2021-11-27T04:54:00Z;28;172;150;350;200;24276[Turmcenter];2021-11-27T04:57:00.978Z
0.13267814;open;2021-11-27T04:54:00Z;54;353;0;407;407;18944[Alte Oper];2021-11-27T04:57:00.978Z
0.016483517;open;2021-11-27T04:54:00Z;6;358;0;364;364;24281[Hauptbahnhof Süd];2021-11-27T04:57:00.978Z
0.6848958;open;2021-11-27T04:54:00Z;263;121;0;384;384;105479[Baseler Platz];2021-11-27T04:57:00.978Z
0.302843;open;2021-11-27T04:54:00Z;245;564;0;809;809;24279[Konstabler];2021-11-27T04:57:00.978Z
0.5;open;2021-11-27T04:54:00Z;213;213;0;426;426;18497[Hauptwache];2021-11-27T04:57:00.978Z
0;closed;2021-11-27T04:54:00Z;;;0;0;0;18495[Am Gericht];2021-11-27T04:57:00.978Z
0.08501594;open;2021-11-27T04:54:00Z;80;861;70;1011;941;109240[MyZeil];2021-11-27T04:57:00.978Z
0.43059936;open;2021-11-27T04:54:00Z;273;361;0;634;634;18494[Konrad-Adenauer-Straße];2021-11-27T04:57:00.978Z
0.14;open;2021-11-27T05:14:00Z;28;172;150;350;200;24276[Turmcenter];2021-11-27T05:17:00.682Z
0.13267814;open;2021-11-27T05:14:00Z;54;353;0;407;407;18944[Alte Oper];2021-11-27T05:17:00.682Z
0.01923077;open;2021-11-27T05:14:00Z;7;357;0;364;364;24281[Hauptbahnhof Süd];2021-11-27T05:17:00.682Z
0.6848958;open;2021-11-27T05:14:00Z;263;121;0;384;384;105479[Baseler Platz];2021-11-27T05:17:00.682Z
0.30037084;open;2021-11-27T05:14:00Z;243;566;0;809;809;24279[Konstabler];2021-11-27T05:17:00.682Z
0.5;open;2021-11-27T05:14:00Z;213;213;0;426;426;18497[Hauptwache];2021-11-27T05:17:00.682Z
0.43088236;open;2021-11-27T05:14:00Z;293;387;0;680;680;18495[Am Gericht];2021-11-27T05:17:00.682Z
0.43059936;open;2021-11-27T05:14:00Z;273;361;0;634;634;18494[Konrad-Adenauer-Straße];2021-11-27T05:17:00.682Z
0.14;open;2021-11-27T05:29:00Z;28;172;150;350;200;24276[Turmcenter];2021-11-27T05:32:01.339Z
0.13267814;open;2021-11-27T05:29:00Z;54;353;0;407;407;18944[Alte Oper];2021-11-27T05:32:01.339Z
0.021978023;open;2021-11-27T05:29:00Z;8;356;0;364;364;24281[Hauptbahnhof Süd];2021-11-27T05:32:01.339Z
0.6848958;open;2021-11-27T05:29:00Z;263;121;0;384;384;105479[Baseler Platz];2021-11-27T05:32:01.339Z
0.29666254;open;2021-11-27T05:29:00Z;240;569;0;809;809;24279[Konstabler];2021-11-27T05:32:01.339Z
0.5023474;open;2021-11-27T05:29:00Z;214;212;0;426;426;18497[Hauptwache];2021-11-27T05:32:01.339Z
0.43088236;open;2021-11-27T05:29:00Z;293;387;0;680;680;18495[Am Gericht];2021-11-27T05:32:01.339Z
0.43059936;open;2021-11-27T05:29:00Z;273;361;0;634;634;18494[Konrad-Adenauer-Straße];2021-11-27T05:32:01.339Z
0.14;open;2021-11-27T05:39:00Z;28;172;150;350;200;24276[Turmcenter];2021-11-27T05:42:01.937Z
0.13267814;open;2021-11-27T05:39:00Z;54;353;0;407;407;18944[Alte Oper];2021-11-27T05:42:01.937Z
0.021978023;open;2021-11-27T05:39:00Z;8;356;0;364;364;24281[Hauptbahnhof Süd];2021-11-27T05:42:01.937Z
0.6848958;open;2021-11-27T05:39:00Z;263;121;0;384;384;105479[Baseler Platz];2021-11-27T05:42:01.937Z
0.29542646;open;2021-11-27T05:39:00Z;239;570;0;809;809;24279[Konstabler];2021-11-27T05:42:01.937Z
0.5023474;open;2021-11-27T05:39:00Z;214;212;0;426;426;18497[Hauptwache];2021-11-27T05:42:01.937Z
0.43088236;open;2021-11-27T05:39:00Z;293;387;0;680;680;18495[Am Gericht];2021-11-27T05:42:01.937Z
0.08501594;open;2021-11-27T05:39:00Z;80;861;70;1011;941;109240[MyZeil];2021-11-27T05:42:01.937Z
0.43059936;open;2021-11-27T05:39:00Z;273;361;0;634;634;18494[Konrad-Adenauer-Straße];2021-11-27T05:42:01.937Z
0.14;open;2021-11-27T05:49:00Z;28;172;150;350;200;24276[Turmcenter];2021-11-27T05:52:01.698Z
0.13267814;open;2021-11-27T05:49:00Z;54;353;0;407;407;18944[Alte Oper];2021-11-27T05:52:01.698Z
0.016483517;open;2021-11-27T05:49:00Z;6;358;0;364;364;24281[Hauptbahnhof Süd];2021-11-27T05:52:01.698Z
0.6848958;open;2021-11-27T05:49:00Z;263;121;0;384;384;105479[Baseler Platz];2021-11-27T05:52:01.698Z
0.29542646;open;2021-11-27T05:49:00Z;239;570;0;809;809;24279[Konstabler];2021-11-27T05:52:01.698Z
0.5023474;open;2021-11-27T05:49:00Z;214;212;0;426;426;18497[Hauptwache];2021-11-27T05:52:01.698Z
0.43088236;open;2021-11-27T05:49:00Z;293;387;0;680;680;18495[Am Gericht];2021-11-27T05:52:01.698Z
0.08501594;open;2021-11-27T05:49:00Z;80;861;70;1011;941;109240[MyZeil];2021-11-27T05:52:01.698Z
0.43059936;open;2021-11-27T05:49:00Z;273;361;0;634;634;18494[Konrad-Adenauer-Straße];2021-11-27T05:52:01.698Z
0.14;open;2021-11-27T06:20:00Z;28;172;150;350;200;24276[Turmcenter];2021-11-27T06:22:02.143Z
0.13267814;open;2021-11-27T06:20:00Z;54;353;0;407;407;18944[Alte Oper];2021-11-27T06:22:02.143Z
0.021978023;open;2021-11-27T06:20:00Z;8;356;0;364;364;24281[Hauptbahnhof Süd];2021-11-27T06:22:02.143Z
0.6875;open;2021-11-27T06:20:00Z;264;120;0;384;384;105479[Baseler Platz];2021-11-27T06:22:02.143Z
0.29419035;open;2021-11-27T06:20:00Z;238;571;0;809;809;24279[Konstabler];2021-11-27T06:22:02.143Z
0.5023474;open;2021-11-27T06:20:00Z;214;212;0;426;426;18497[Hauptwache];2021-11-27T06:22:02.143Z
0.43088236;open;2021-11-27T06:20:00Z;293;387;0;680;680;18495[Am Gericht];2021-11-27T06:22:02.143Z
0.08607864;open;2021-11-27T06:20:00Z;81;860;70;1011;941;109240[MyZeil];2021-11-27T06:22:02.143Z
0.4274448;open;2021-11-27T06:20:00Z;271;363;0;634;634;18494[Konrad-Adenauer-Straße];2021-11-27T06:22:02.143Z
0.14;open;2021-11-27T06:45:00Z;28;172;150;350;200;24276[Turmcenter];2021-11-27T06:47:02.143Z
0.13267814;open;2021-11-27T06:45:00Z;54;353;0;407;407;18944[Alte Oper];2021-11-27T06:47:02.143Z
0.021978023;open;2021-11-27T06:45:00Z;8;356;0;364;364;24281[Hauptbahnhof Süd];2021-11-27T06:47:02.143Z
0.6770833;open;2021-11-27T06:45:00Z;260;124;0;384;384;105479[Baseler Platz];2021-11-27T06:47:02.143Z
0.29295427;open;2021-11-27T06:45:00Z;237;572;0;809;809;24279[Konstabler];2021-11-27T06:47:02.143Z
0.5093897;open;2021-11-27T06:45:00Z;217;209;0;426;426;18497[Hauptwache];2021-11-27T06:47:02.143Z
0.42647058;open;2021-11-27T06:45:00Z;290;390;0;680;680;18495[Am Gericht];2021-11-27T06:47:02.143Z
0.08501594;open;2021-11-27T06:45:00Z;80;861;70;1011;941;109240[MyZeil];2021-11-27T06:47:02.143Z
0.4258675;open;2021-11-27T06:45:00Z;270;364;0;634;634;18494[Konrad-Adenauer-Straße];2021-11-27T06:47:02.143Z
0.145;open;2021-11-27T06:55:00Z;29;171;150;350;200;24276[Turmcenter];2021-11-27T06:57:02.090Z
0.13267814;open;2021-11-27T06:55:00Z;54;353;0;407;407;18944[Alte Oper];2021-11-27T06:57:02.090Z
0.021978023;open;2021-11-27T06:55:00Z;8;356;0;364;364;24281[Hauptbahnhof Süd];2021-11-27T06:57:02.090Z
0.6744792;open;2021-11-27T06:55:00Z;259;125;0;384;384;105479[Baseler Platz];2021-11-27T06:57:02.090Z
0.29295427;open;2021-11-27T06:55:00Z;237;572;0;809;809;24279[Konstabler];2021-11-27T06:57:02.090Z
0.5117371;open;2021-11-27T06:55:00Z;218;208;0;426;426;18497[Hauptwache];2021-11-27T06:57:02.090Z
0.42794117;open;2021-11-27T06:55:00Z;291;389;0;680;680;18495[Am Gericht];2021-11-27T06:57:02.090Z
0.08820404;open;2021-11-27T06:55:00Z;83;858;70;1011;941;109240[MyZeil];2021-11-27T06:57:02.090Z
0.4274448;open;2021-11-27T06:55:00Z;271;363;0;634;634;18494[Konrad-Adenauer-Straße];2021-11-27T06:57:02.090Z
0.145;open;2021-11-27T07:20:00Z;29;171;150;350;200;24276[Turmcenter];2021-11-27T07:22:02.722Z
0.13759214;open;2021-11-27T07:20:00Z;56;351;0;407;407;18944[Alte Oper];2021-11-27T07:22:02.722Z
0.027472528;open;2021-11-27T07:20:00Z;10;354;0;364;364;24281[Hauptbahnhof Süd];2021-11-27T07:22:02.722Z
0.6744792;open;2021-11-27T07:20:00Z;259;125;0;384;384;105479[Baseler Platz];2021-11-27T07:22:02.722Z
0.3053152;open;2021-11-27T07:20:00Z;247;562;0;809;809;24279[Konstabler];2021-11-27T07:22:02.722Z
0.52582157;open;2021-11-27T07:20:00Z;224;202;0;426;426;18497[Hauptwache];2021-11-27T07:22:02.722Z
0.42794117;open;2021-11-27T07:20:00Z;291;389;0;680;680;18495[Am Gericht];2021-11-27T07:22:02.722Z
0.4258675;open;2021-11-27T07:20:00Z;270;364;0;634;634;18494[Konrad-Adenauer-Straße];2021-11-27T07:22:02.722Z
0.15;open;2021-11-27T07:35:00Z;30;170;150;350;200;24276[Turmcenter];2021-11-27T07:37:02.168Z
0.13759214;open;2021-11-27T07:35:00Z;56;351;0;407;407;18944[Alte Oper];2021-11-27T07:37:02.168Z
0.03021978;open;2021-11-27T07:35:00Z;11;353;0;364;364;24281[Hauptbahnhof Süd];2021-11-27T07:37:02.168Z
0.6744792;open;2021-11-27T07:35:00Z;259;125;0;384;384;105479[Baseler Platz];2021-11-27T07:37:02.168Z
0.3065513;open;2021-11-27T07:35:00Z;248;561;0;809;809;24279[Konstabler];2021-11-27T07:37:02.168Z
0.52816904;open;2021-11-27T07:35:00Z;225;201;0;426;426;18497[Hauptwache];2021-11-27T07:37:02.168Z
0.425;open;2021-11-27T07:35:00Z;289;391;0;680;680;18495[Am Gericht];2021-11-27T07:37:02.168Z
0.43059936;open;2021-11-27T07:35:00Z;273;361;0;634;634;18494[Konrad-Adenauer-Straße];2021-11-27T07:37:02.168Z
0.145;open;2021-11-27T07:45:00Z;29;171;150;350;200;24276[Turmcenter];2021-11-27T07:47:01.785Z
0.14250614;open;2021-11-27T07:45:00Z;58;349;0;407;407;18944[Alte Oper];2021-11-27T07:47:01.785Z
0.03021978;open;2021-11-27T07:45:00Z;11;353;0;364;364;24281[Hauptbahnhof Süd];2021-11-27T07:47:01.785Z
0.6744792;open;2021-11-27T07:45:00Z;259;125;0;384;384;105479[Baseler Platz];2021-11-27T07:47:01.785Z
0.3090235;open;2021-11-27T07:45:00Z;250;559;0;809;809;24279[Konstabler];2021-11-27T07:47:01.785Z
0.53286386;open;2021-11-27T07:45:00Z;227;199;0;426;426;18497[Hauptwache];2021-11-27T07:47:01.785Z
0.42647058;open;2021-11-27T07:45:00Z;290;390;0;680;680;18495[Am Gericht];2021-11-27T07:47:01.785Z
0.44164038;open;2021-11-27T07:45:00Z;280;354;0;634;634;18494[Konrad-Adenauer-Straße];2021-11-27T07:47:01.785Z
0.15;open;2021-11-27T07:55:00Z;30;170;150;350;200;24276[Turmcenter];2021-11-27T07:57:02.728Z
0.14742015;open;2021-11-27T07:55:00Z;60;347;0;407;407;18944[Alte Oper];2021-11-27T07:57:02.728Z
0.03021978;open;2021-11-27T07:55:00Z;11;353;0;364;364;24281[Hauptbahnhof Süd];2021-11-27T07:57:02.728Z
0.6744792;open;2021-11-27T07:55:00Z;259;125;0;384;384;105479[Baseler Platz];2021-11-27T07:57:02.728Z
0.31767616;open;2021-11-27T07:55:00Z;257;552;0;809;809;24279[Konstabler];2021-11-27T07:57:02.728Z
0.5399061;open;2021-11-27T07:55:00Z;230;196;0;426;426;18497[Hauptwache];2021-11-27T07:57:02.728Z
0.43088236;open;2021-11-27T07:55:00Z;293;387;0;680;680;18495[Am Gericht];2021-11-27T07:57:02.728Z
0.44637224;open;2021-11-27T07:55:00Z;283;351;0;634;634;18494[Konrad-Adenauer-Straße];2021-11-27T07:57:02.728Z
0.175;open;2021-11-27T08:31:00Z;35;165;150;350;200;24276[Turmcenter];2021-11-27T08:32:00.987Z
0.1891892;open;2021-11-27T08:31:00Z;77;330;0;407;407;18944[Alte Oper];2021-11-27T08:32:00.987Z
0.03021978;open;2021-11-27T08:31:00Z;11;353;0;364;364;24281[Hauptbahnhof Süd];2021-11-27T08:32:00.987Z
0.6744792;open;2021-11-27T08:31:00Z;259;125;0;384;384;105479[Baseler Platz];2021-11-27T08:32:00.987Z
0.36093944;open;2021-11-27T08:31:00Z;292;517;0;809;809;24279[Konstabler];2021-11-27T08:32:00.987Z
0.5938967;open;2021-11-27T08:31:00Z;253;173;0;426;426;18497[Hauptwache];2021-11-27T08:32:00.987Z
0.43970588;open;2021-11-27T08:31:00Z;299;381;0;680;680;18495[Am Gericht];2021-11-27T08:32:00.987Z
0.12752391;open;2021-11-27T08:31:00Z;120;821;70;1011;941;109240[MyZeil];2021-11-27T08:32:00.987Z
0.45899054;open;2021-11-27T08:31:00Z;291;343;0;634;634;18494[Konrad-Adenauer-Straße];2021-11-27T08:32:00.987Z
0.2;open;2021-11-27T08:46:00Z;40;160;150;350;200;24276[Turmcenter];2021-11-27T08:47:02.794Z
0.21621622;open;2021-11-27T08:46:00Z;88;319;0;407;407;18944[Alte Oper];2021-11-27T08:47:02.794Z
0.03021978;open;2021-11-27T08:46:00Z;11;353;0;364;364;24281[Hauptbahnhof Süd];2021-11-27T08:47:02.794Z
0.6744792;open;2021-11-27T08:46:00Z;259;125;0;384;384;105479[Baseler Platz];2021-11-27T08:47:02.794Z
0.39555007;open;2021-11-27T08:46:00Z;320;489;0;809;809;24279[Konstabler];2021-11-27T08:47:02.794Z
0.64084506;open;2021-11-27T08:46:00Z;273;153;0;426;426;18497[Hauptwache];2021-11-27T08:47:02.794Z
0.44705883;open;2021-11-27T08:46:00Z;304;376;0;680;680;18495[Am Gericht];2021-11-27T08:47:02.794Z
0.47949526;open;2021-11-27T08:46:00Z;304;330;0;634;634;18494[Konrad-Adenauer-Straße];2021-11-27T08:47:02.794Z
0.255;open;2021-11-27T09:01:00Z;51;149;150;350;200;24276[Turmcenter];2021-11-27T09:02:01.181Z
0.25307125;open;2021-11-27T09:01:00Z;103;304;0;407;407;18944[Alte Oper];2021-11-27T09:02:01.181Z
0.03846154;open;2021-11-27T09:01:00Z;14;350;0;364;364;24281[Hauptbahnhof Süd];2021-11-27T09:02:01.181Z
0.6744792;open;2021-11-27T09:01:00Z;259;125;0;384;384;105479[Baseler Platz];2021-11-27T09:02:01.181Z
0.45735475;open;2021-11-27T09:01:00Z;370;439;0;809;809;24279[Konstabler];2021-11-27T09:02:01.181Z
0.70422536;open;2021-11-27T09:01:00Z;300;126;0;426;426;18497[Hauptwache];2021-11-27T09:02:01.181Z
0.46029413;open;2021-11-27T09:01:00Z;313;367;0;680;680;18495[Am Gericht];2021-11-27T09:02:01.181Z
0.17428268;open;2021-11-27T09:01:00Z;164;777;70;1011;941;109240[MyZeil];2021-11-27T09:02:01.181Z
0.5094637;open;2021-11-27T09:01:00Z;323;311;0;634;634;18494[Konrad-Adenauer-Straße];2021-11-27T09:02:01.181Z
0.245;open;2021-11-27T09:21:00Z;49;151;150;350;200;24276[Turmcenter];2021-11-27T09:22:03.009Z
0.3046683;open;2021-11-27T09:21:00Z;124;283;0;407;407;18944[Alte Oper];2021-11-27T09:22:03.009Z
0.035714287;open;2021-11-27T09:21:00Z;13;351;0;364;364;24281[Hauptbahnhof Süd];2021-11-27T09:22:03.009Z
0.6744792;open;2021-11-27T09:21:00Z;259;125;0;384;384;105479[Baseler Platz];2021-11-27T09:22:03.009Z
0.5377009;open;2021-11-27T09:21:00Z;435;374;0;809;809;24279[Konstabler];2021-11-27T09:22:03.009Z
0.8028169;open;2021-11-27T09:21:00Z;342;84;0;426;426;18497[Hauptwache];2021-11-27T09:22:03.009Z
0.475;open;2021-11-27T09:21:00Z;323;357;0;680;680;18495[Am Gericht];2021-11-27T09:22:03.009Z
0.5488959;open;2021-11-27T09:21:00Z;348;286;0;634;634;18494[Konrad-Adenauer-Straße];2021-11-27T09:22:03.009Z
0.295;open;2021-11-27T09:36:00Z;59;141;150;350;200;24276[Turmcenter];2021-11-27T09:37:02.733Z
0.35872236;open;2021-11-27T09:36:00Z;146;261;0;407;407;18944[Alte Oper];2021-11-27T09:37:02.733Z
0.032967035;open;2021-11-27T09:36:00Z;12;352;0;364;364;24281[Hauptbahnhof Süd];2021-11-27T09:37:02.733Z
0.6744792;open;2021-11-27T09:36:00Z;259;125;0;384;384;105479[Baseler Platz];2021-11-27T09:37:02.733Z
0.58961684;open;2021-11-27T09:36:00Z;477;332;0;809;809;24279[Konstabler];2021-11-27T09:37:02.733Z
0.8779343;open;2021-11-27T09:36:00Z;374;52;0;426;426;18497[Hauptwache];2021-11-27T09:37:02.733Z
0.4985294;open;2021-11-27T09:36:00Z;339;341;0;680;680;18495[Am Gericht];2021-11-27T09:37:02.733Z
0.56782335;open;2021-11-27T09:36:00Z;360;274;0;634;634;18494[Konrad-Adenauer-Straße];2021-11-27T09:37:02.733Z
0.32;open;2021-11-27T09:56:00Z;64;136;150;350;200;24276[Turmcenter];2021-11-27T10:02:01.088Z
0.38329238;open;2021-11-27T09:56:00Z;156;251;0;407;407;18944[Alte Oper];2021-11-27T10:02:01.088Z
0.035714287;open;2021-11-27T09:56:00Z;13;351;0;364;364;24281[Hauptbahnhof Süd];2021-11-27T10:02:01.088Z
0.6744792;open;2021-11-27T09:56:00Z;259;125;0;384;384;105479[Baseler Platz];2021-11-27T10:02:01.088Z
0.64771324;open;2021-11-27T09:56:00Z;524;285;0;809;809;24279[Konstabler];2021-11-27T10:02:01.088Z
0.9577465;open;2021-11-27T09:56:00Z;408;18;0;426;426;18497[Hauptwache];2021-11-27T10:02:01.088Z
0.5147059;open;2021-11-27T09:56:00Z;350;330;0;680;680;18495[Am Gericht];2021-11-27T10:02:01.088Z
0.6025237;open;2021-11-27T09:56:00Z;382;252;0;634;634;18494[Konrad-Adenauer-Straße];2021-11-27T10:02:01.088Z
0.335;open;2021-11-27T10:22:00Z;67;133;150;350;200;24276[Turmcenter];2021-11-27T10:27:02.227Z
0.44226044;open;2021-11-27T10:22:00Z;180;227;0;407;407;18944[Alte Oper];2021-11-27T10:27:02.227Z
0.035714287;open;2021-11-27T10:22:00Z;13;351;0;364;364;24281[Hauptbahnhof Süd];2021-11-27T10:27:02.227Z
0.6744792;open;2021-11-27T10:22:00Z;259;125;0;384;384;105479[Baseler Platz];2021-11-27T10:27:02.227Z
0.7391842;open;2021-11-27T10:22:00Z;598;211;0;809;809;24279[Konstabler];2021-11-27T10:27:02.227Z
1;open;2021-11-27T10:22:00Z;426;0;0;426;426;18497[Hauptwache];2021-11-27T10:27:02.227Z
0.55441177;open;2021-11-27T10:22:00Z;377;303;0;680;680;18495[Am Gericht];2021-11-27T10:27:02.227Z
0.32199788;open;2021-11-27T10:22:00Z;303;638;70;1011;941;109240[MyZeil];2021-11-27T10:27:02.227Z
0.67350155;open;2021-11-27T10:22:00Z;427;207;0;634;634;18494[Konrad-Adenauer-Straße];2021-11-27T10:27:02.227Z
0.335;open;2021-11-27T10:37:00Z;67;133;150;350;200;24276[Turmcenter];2021-11-27T10:42:01.711Z
0.47665846;open;2021-11-27T10:37:00Z;194;213;0;407;407;18944[Alte Oper];2021-11-27T10:42:01.711Z
0.03846154;open;2021-11-27T10:37:00Z;14;350;0;364;364;24281[Hauptbahnhof Süd];2021-11-27T10:42:01.711Z
0.6744792;open;2021-11-27T10:37:00Z;259;125;0;384;384;105479[Baseler Platz];2021-11-27T10:42:01.711Z
0.7923362;open;2021-11-27T10:37:00Z;641;168;0;809;809;24279[Konstabler];2021-11-27T10:42:01.711Z
1;open;2021-11-27T10:37:00Z;426;0;0;426;426;18497[Hauptwache];2021-11-27T10:42:01.711Z
0.56764704;open;2021-11-27T10:37:00Z;386;294;0;680;680;18495[Am Gericht];2021-11-27T10:42:01.711Z
0.33262485;open;2021-11-27T10:37:00Z;313;628;70;1011;941;109240[MyZeil];2021-11-27T10:42:01.711Z
0.6955836;open;2021-11-27T10:37:00Z;441;193;0;634;634;18494[Konrad-Adenauer-Straße];2021-11-27T10:42:01.711Z
0.355;open;2021-11-27T10:52:00Z;71;129;150;350;200;24276[Turmcenter];2021-11-27T10:57:02.791Z
0.5085995;open;2021-11-27T10:52:00Z;207;200;0;407;407;18944[Alte Oper];2021-11-27T10:57:02.791Z
0.03846154;open;2021-11-27T10:52:00Z;14;350;0;364;364;24281[Hauptbahnhof Süd];2021-11-27T10:57:02.791Z
0.6744792;open;2021-11-27T10:52:00Z;259;125;0;384;384;105479[Baseler Platz];2021-11-27T10:57:02.791Z
0.8343634;open;2021-11-27T10:52:00Z;675;134;0;809;809;24279[Konstabler];2021-11-27T10:57:02.791Z
1;open;2021-11-27T10:52:00Z;426;0;0;426;426;18497[Hauptwache];2021-11-27T10:57:02.791Z
0.59117645;open;2021-11-27T10:52:00Z;402;278;0;680;680;18495[Am Gericht];2021-11-27T10:57:02.791Z
0.34856537;open;2021-11-27T10:52:00Z;328;613;70;1011;941;109240[MyZeil];2021-11-27T10:57:02.791Z
0.71608835;open;2021-11-27T10:52:00Z;454;180;0;634;634;18494[Konrad-Adenauer-Straße];2021-11-27T10:57:02.791Z
0.405;open;2021-11-27T11:12:00Z;81;119;150;350;200;24276[Turmcenter];2021-11-27T11:17:01.774Z
0.5798526;open;2021-11-27T11:12:00Z;236;171;0;407;407;18944[Alte Oper];2021-11-27T11:17:01.774Z
0.041208792;open;2021-11-27T11:12:00Z;15;349;0;364;364;24281[Hauptbahnhof Süd];2021-11-27T11:17:01.774Z
0.6744792;open;2021-11-27T11:12:00Z;259;125;0;384;384;105479[Baseler Platz];2021-11-27T11:17:01.774Z
0.8912237;open;2021-11-27T11:12:00Z;721;88;0;809;809;24279[Konstabler];2021-11-27T11:17:01.774Z
1;open;2021-11-27T11:12:00Z;426;0;0;426;426;18497[Hauptwache];2021-11-27T11:17:01.774Z
0.625;open;2021-11-27T11:12:00Z;425;255;0;680;680;18495[Am Gericht];2021-11-27T11:17:01.774Z
0.37407014;open;2021-11-27T11:12:00Z;352;589;70;1011;941;109240[MyZeil];2021-11-27T11:17:01.774Z
0.74763405;open;2021-11-27T11:12:00Z;474;160;0;634;634;18494[Konrad-Adenauer-Straße];2021-11-27T11:17:01.774Z
0.435;open;2021-11-27T11:27:00Z;87;113;150;350;200;24276[Turmcenter];2021-11-27T11:32:01.802Z
0.5798526;open;2021-11-27T11:27:00Z;236;171;0;407;407;18944[Alte Oper];2021-11-27T11:32:01.802Z
0.041208792;open;2021-11-27T11:27:00Z;15;349;0;364;364;24281[Hauptbahnhof Süd];2021-11-27T11:32:01.802Z
0.6744792;open;2021-11-27T11:27:00Z;259;125;0;384;384;105479[Baseler Platz];2021-11-27T11:32:01.802Z
0.92089;open;2021-11-27T11:27:00Z;745;64;0;809;809;24279[Konstabler];2021-11-27T11:32:01.802Z
1;open;2021-11-27T11:27:00Z;426;0;0;426;426;18497[Hauptwache];2021-11-27T11:32:01.802Z
0.6338235;open;2021-11-27T11:27:00Z;431;249;0;680;680;18495[Am Gericht];2021-11-27T11:32:01.802Z
0.7586751;open;2021-11-27T11:27:00Z;481;153;0;634;634;18494[Konrad-Adenauer-Straße];2021-11-27T11:32:01.802Z
0.445;open;2021-11-27T11:37:00Z;89;111;150;350;200;24276[Turmcenter];2021-11-27T11:42:02.093Z
0.5872236;open;2021-11-27T11:37:00Z;239;168;0;407;407;18944[Alte Oper];2021-11-27T11:42:02.093Z
0.041208792;open;2021-11-27T11:37:00Z;15;349;0;364;364;24281[Hauptbahnhof Süd];2021-11-27T11:42:02.093Z
0.6744792;open;2021-11-27T11:37:00Z;259;125;0;384;384;105479[Baseler Platz];2021-11-27T11:42:02.093Z
0.960445;open;2021-11-27T11:37:00Z;777;32;0;809;809;24279[Konstabler];2021-11-27T11:42:02.093Z
1;open;2021-11-27T11:37:00Z;426;0;0;426;426;18497[Hauptwache];2021-11-27T11:42:02.093Z
0.6426471;open;2021-11-27T11:37:00Z;437;243;0;680;680;18495[Am Gericht];2021-11-27T11:42:02.093Z
0.40167364;open;2021-11-27T11:37:00Z;384;572;70;1026;956;109240[MyZeil];2021-11-27T11:42:02.093Z
0.7791798;open;2021-11-27T11:37:00Z;494;140;0;634;634;18494[Konrad-Adenauer-Straße];2021-11-27T11:42:02.093Z
0.45;open;2021-11-27T11:48:00Z;90;110;150;350;200;24276[Turmcenter];2021-11-27T11:52:01.878Z
0.61179364;open;2021-11-27T11:48:00Z;249;158;0;407;407;18944[Alte Oper];2021-11-27T11:52:01.878Z
0.046703298;open;2021-11-27T11:48:00Z;17;347;0;364;364;24281[Hauptbahnhof Süd];2021-11-27T11:52:01.878Z
0.6744792;open;2021-11-27T11:48:00Z;259;125;0;384;384;105479[Baseler Platz];2021-11-27T11:52:01.878Z
0.9802225;open;2021-11-27T11:48:00Z;793;16;0;809;809;24279[Konstabler];2021-11-27T11:52:01.878Z
1;open;2021-11-27T11:48:00Z;426;0;0;426;426;18497[Hauptwache];2021-11-27T11:52:01.878Z
0.6514706;open;2021-11-27T11:48:00Z;443;237;0;680;680;18495[Am Gericht];2021-11-27T11:52:01.878Z
0.77760255;open;2021-11-27T11:48:00Z;493;141;0;634;634;18494[Konrad-Adenauer-Straße];2021-11-27T11:52:01.878Z
0.435;open;2021-11-27T12:23:00Z;87;113;150;350;200;24276[Turmcenter];2021-11-27T12:27:00.131Z
0.5995086;open;2021-11-27T12:23:00Z;244;163;0;407;407;18944[Alte Oper];2021-11-27T12:27:00.131Z
0.041208792;open;2021-11-27T12:23:00Z;15;349;0;364;364;24281[Hauptbahnhof Süd];2021-11-27T12:27:00.131Z
0.6744792;open;2021-11-27T12:23:00Z;259;125;0;384;384;105479[Baseler Platz];2021-11-27T12:27:00.131Z
1;open;2021-11-27T12:23:00Z;809;0;0;809;809;24279[Konstabler];2021-11-27T12:27:00.131Z
0.9976526;open;2021-11-27T12:23:00Z;425;1;0;426;426;18497[Hauptwache];2021-11-27T12:27:00.131Z
0.7117647;open;2021-11-27T12:23:00Z;484;196;0;680;680;18495[Am Gericht];2021-11-27T12:27:00.131Z
0.44351465;open;2021-11-27T12:23:00Z;424;532;70;1026;956;109240[MyZeil];2021-11-27T12:27:00.131Z
0.81388015;open;2021-11-27T12:23:00Z;516;118;0;634;634;18494[Konrad-Adenauer-Straße];2021-11-27T12:27:00.131Z
0.44;open;2021-11-27T12:54:00Z;88;112;150;350;200;24276[Turmcenter];2021-11-27T12:57:02.205Z
0.64373463;open;2021-11-27T12:54:00Z;262;145;0;407;407;18944[Alte Oper];2021-11-27T12:57:02.205Z
0.046703298;open;2021-11-27T12:54:00Z;17;347;0;364;364;24281[Hauptbahnhof Süd];2021-11-27T12:57:02.205Z
0.6744792;open;2021-11-27T12:54:00Z;259;125;0;384;384;105479[Baseler Platz];2021-11-27T12:57:02.205Z
0.99258345;open;2021-11-27T12:54:00Z;803;6;0;809;809;24279[Konstabler];2021-11-27T12:57:02.205Z
0.9929578;open;2021-11-27T12:54:00Z;423;3;0;426;426;18497[Hauptwache];2021-11-27T12:57:02.205Z
0.7558824;open;2021-11-27T12:54:00Z;514;166;0;680;680;18495[Am Gericht];2021-11-27T12:57:02.205Z
0.87223977;open;2021-11-27T12:54:00Z;553;81;0;634;634;18494[Konrad-Adenauer-Straße];2021-11-27T12:57:02.205Z
0.525;open;2021-11-27T13:24:00Z;105;95;150;350;200;24276[Turmcenter];2021-11-27T13:27:00.368Z
0.7248157;open;2021-11-27T13:24:00Z;295;112;0;407;407;18944[Alte Oper];2021-11-27T13:27:00.368Z
0.043956045;open;2021-11-27T13:24:00Z;16;348;0;364;364;24281[Hauptbahnhof Süd];2021-11-27T13:27:00.368Z
0.6744792;open;2021-11-27T13:24:00Z;259;125;0;384;384;105479[Baseler Platz];2021-11-27T13:27:00.368Z
1;open;2021-11-27T13:24:00Z;809;0;0;809;809;24279[Konstabler];2021-11-27T13:27:00.368Z
1;open;2021-11-27T13:24:00Z;426;0;0;426;426;18497[Hauptwache];2021-11-27T13:27:00.368Z
0.8088235;open;2021-11-27T13:24:00Z;550;130;0;680;680;18495[Am Gericht];2021-11-27T13:27:00.368Z
0.47175732;open;2021-11-27T13:24:00Z;451;505;70;1026;956;109240[MyZeil];2021-11-27T13:27:00.368Z
0.8927445;open;2021-11-27T13:24:00Z;566;68;0;634;634;18494[Konrad-Adenauer-Straße];2021-11-27T13:27:00.368Z
0.585;open;2021-11-27T13:39:00Z;117;83;150;350;200;24276[Turmcenter];2021-11-27T13:42:00.535Z
0.7886978;open;2021-11-27T13:39:00Z;321;86;0;407;407;18944[Alte Oper];2021-11-27T13:42:00.535Z
0.041208792;open;2021-11-27T13:39:00Z;15;349;0;364;364;24281[Hauptbahnhof Süd];2021-11-27T13:42:00.535Z
0.671875;open;2021-11-27T13:39:00Z;258;126;0;384;384;105479[Baseler Platz];2021-11-27T13:42:00.535Z
0.99258345;open;2021-11-27T13:39:00Z;803;6;0;809;809;24279[Konstabler];2021-11-27T13:42:00.535Z
0.96478873;open;2021-11-27T13:39:00Z;411;15;0;426;426;18497[Hauptwache];2021-11-27T13:42:00.535Z
0.8455882;open;2021-11-27T13:39:00Z;575;105;0;680;680;18495[Am Gericht];2021-11-27T13:42:00.535Z
0.49476987;open;2021-11-27T13:39:00Z;473;483;70;1026;956;109240[MyZeil];2021-11-27T13:42:00.535Z
0.9100946;open;2021-11-27T13:39:00Z;577;57;0;634;634;18494[Konrad-Adenauer-Straße];2021-11-27T13:42:00.535Z
0.605;open;2021-11-27T13:49:00Z;121;79;150;350;200;24276[Turmcenter];2021-11-27T13:52:02.081Z
0.8918919;open;2021-11-27T13:49:00Z;363;44;0;407;407;18944[Alte Oper];2021-11-27T13:52:02.081Z
0.03846154;open;2021-11-27T13:49:00Z;14;350;0;364;364;24281[Hauptbahnhof Süd];2021-11-27T13:52:02.081Z
0.671875;open;2021-11-27T13:49:00Z;258;126;0;384;384;105479[Baseler Platz];2021-11-27T13:52:02.081Z
0.98516685;open;2021-11-27T13:49:00Z;797;12;0;809;809;24279[Konstabler];2021-11-27T13:52:02.081Z
1;open;2021-11-27T13:49:00Z;426;0;0;426;426;18497[Hauptwache];2021-11-27T13:52:02.081Z
0.85588235;open;2021-11-27T13:49:00Z;582;98;0;680;680;18495[Am Gericht];2021-11-27T13:52:02.081Z
0.50627613;open;2021-11-27T13:49:00Z;484;472;70;1026;956;109240[MyZeil];2021-11-27T13:52:02.081Z
0.9148265;open;2021-11-27T13:49:00Z;580;54;0;634;634;18494[Konrad-Adenauer-Straße];2021-11-27T13:52:02.081Z
0.625;open;2021-11-27T14:04:00Z;125;75;150;350;200;24276[Turmcenter];2021-11-27T14:07:00.511Z
1;open;2021-11-27T14:04:00Z;407;0;0;407;407;18944[Alte Oper];2021-11-27T14:07:00.511Z
0.035714287;open;2021-11-27T14:04:00Z;13;351;0;364;364;24281[Hauptbahnhof Süd];2021-11-27T14:07:00.511Z
0.671875;open;2021-11-27T14:04:00Z;258;126;0;384;384;105479[Baseler Platz];2021-11-27T14:07:00.511Z
1;open;2021-11-27T14:04:00Z;809;0;0;809;809;24279[Konstabler];2021-11-27T14:07:00.511Z
1;open;2021-11-27T14:04:00Z;426;0;0;426;426;18497[Hauptwache];2021-11-27T14:07:00.511Z
0.86764705;open;2021-11-27T14:04:00Z;590;90;0;680;680;18495[Am Gericht];2021-11-27T14:07:00.511Z
0.50627613;open;2021-11-27T14:04:00Z;484;472;70;1026;956;109240[MyZeil];2021-11-27T14:07:00.511Z
0.93375397;open;2021-11-27T14:04:00Z;592;42;0;634;634;18494[Konrad-Adenauer-Straße];2021-11-27T14:07:00.511Z
0.6;open;2021-11-27T14:25:00Z;120;80;150;350;200;24276[Turmcenter];2021-11-27T14:27:02.422Z
1;open;2021-11-27T14:25:00Z;407;0;0;407;407;18944[Alte Oper];2021-11-27T14:27:02.422Z
0.03846154;open;2021-11-27T14:25:00Z;14;350;0;364;364;24281[Hauptbahnhof Süd];2021-11-27T14:27:02.422Z
0.6744792;open;2021-11-27T14:25:00Z;259;125;0;384;384;105479[Baseler Platz];2021-11-27T14:27:02.422Z
0.99258345;open;2021-11-27T14:25:00Z;803;6;0;809;809;24279[Konstabler];2021-11-27T14:27:02.422Z
1;open;2021-11-27T14:25:00Z;426;0;0;426;426;18497[Hauptwache];2021-11-27T14:27:02.422Z
0.8838235;open;2021-11-27T14:25:00Z;601;79;0;680;680;18495[Am Gericht];2021-11-27T14:27:02.422Z
0.5052301;open;2021-11-27T14:25:00Z;483;473;70;1026;956;109240[MyZeil];2021-11-27T14:27:02.422Z
0.9479495;open;2021-11-27T14:25:00Z;601;33;0;634;634;18494[Konrad-Adenauer-Straße];2021-11-27T14:27:02.422Z
0.63;open;2021-11-27T14:35:00Z;126;74;150;350;200;24276[Turmcenter];2021-11-27T14:37:02.294Z
1;open;2021-11-27T14:35:00Z;407;0;0;407;407;18944[Alte Oper];2021-11-27T14:37:02.294Z
0.041208792;open;2021-11-27T14:35:00Z;15;349;0;364;364;24281[Hauptbahnhof Süd];2021-11-27T14:37:02.294Z
0.6744792;open;2021-11-27T14:35:00Z;259;125;0;384;384;105479[Baseler Platz];2021-11-27T14:37:02.294Z
1;open;2021-11-27T14:35:00Z;809;0;0;809;809;24279[Konstabler];2021-11-27T14:37:02.294Z
1;open;2021-11-27T14:35:00Z;426;0;0;426;426;18497[Hauptwache];2021-11-27T14:37:02.294Z
0.9014706;open;2021-11-27T14:35:00Z;613;67;0;680;680;18495[Am Gericht];2021-11-27T14:37:02.294Z
0.5125261;open;2021-11-27T14:35:00Z;491;467;70;1028;958;109240[MyZeil];2021-11-27T14:37:02.294Z
0.96529967;open;2021-11-27T14:35:00Z;612;22;0;634;634;18494[Konrad-Adenauer-Straße];2021-11-27T14:37:02.294Z
0.64;open;2021-11-27T14:50:00Z;128;72;150;350;200;24276[Turmcenter];2021-11-27T14:52:01.705Z
0.97051597;open;2021-11-27T14:50:00Z;395;12;0;407;407;18944[Alte Oper];2021-11-27T14:52:01.705Z
0.041208792;open;2021-11-27T14:50:00Z;15;349;0;364;364;24281[Hauptbahnhof Süd];2021-11-27T14:52:01.705Z
0.6744792;open;2021-11-27T14:50:00Z;259;125;0;384;384;105479[Baseler Platz];2021-11-27T14:52:01.705Z
0.99011123;open;2021-11-27T14:50:00Z;801;8;0;809;809;24279[Konstabler];2021-11-27T14:52:01.705Z
1;open;2021-11-27T14:50:00Z;426;0;0;426;426;18497[Hauptwache];2021-11-27T14:52:01.705Z
0.9411765;open;2021-11-27T14:50:00Z;640;40;0;680;680;18495[Am Gericht];2021-11-27T14:52:01.705Z
0.5187892;open;2021-11-27T14:50:00Z;497;461;70;1028;958;109240[MyZeil];2021-11-27T14:52:01.705Z
1;open;2021-11-27T14:50:00Z;634;0;0;634;634;18494[Konrad-Adenauer-Straße];2021-11-27T14:52:01.705Z
0.66;open;2021-11-27T15:00:00Z;132;68;150;350;200;24276[Turmcenter];2021-11-27T15:02:00.899Z
0.97051597;open;2021-11-27T15:00:00Z;395;12;0;407;407;18944[Alte Oper];2021-11-27T15:02:00.899Z
0.041208792;open;2021-11-27T15:00:00Z;15;349;0;364;364;24281[Hauptbahnhof Süd];2021-11-27T15:02:00.899Z
0.671875;open;2021-11-27T15:00:00Z;258;126;0;384;384;105479[Baseler Platz];2021-11-27T15:02:00.899Z
1;open;2021-11-27T15:00:00Z;809;0;0;809;809;24279[Konstabler];2021-11-27T15:02:00.899Z
1;open;2021-11-27T15:00:00Z;426;0;0;426;426;18497[Hauptwache];2021-11-27T15:02:00.899Z
0.9647059;open;2021-11-27T15:00:00Z;656;24;0;680;680;18495[Am Gericht];2021-11-27T15:02:00.899Z
0.5209205;open;2021-11-27T15:00:00Z;498;458;70;1026;956;109240[MyZeil];2021-11-27T15:02:00.899Z
0.99526817;open;2021-11-27T15:00:00Z;631;3;0;634;634;18494[Konrad-Adenauer-Straße];2021-11-27T15:02:00.899Z
0.6;open;2021-11-27T15:25:00Z;120;80;150;350;200;24276[Turmcenter];2021-11-27T15:27:02.219Z
1;open;2021-11-27T15:25:00Z;407;0;0;407;407;18944[Alte Oper];2021-11-27T15:27:02.219Z
0.032967035;open;2021-11-27T15:25:00Z;12;352;0;364;364;24281[Hauptbahnhof Süd];2021-11-27T15:27:02.219Z
0.6640625;open;2021-11-27T15:25:00Z;255;129;0;384;384;105479[Baseler Platz];2021-11-27T15:27:02.219Z
1;open;2021-11-27T15:25:00Z;809;0;0;809;809;24279[Konstabler];2021-11-27T15:27:02.219Z
0.9976526;open;2021-11-27T15:25:00Z;425;1;0;426;426;18497[Hauptwache];2021-11-27T15:27:02.219Z
0.9970588;open;2021-11-27T15:25:00Z;678;2;0;680;680;18495[Am Gericht];2021-11-27T15:27:02.219Z
0.51150626;open;2021-11-27T15:25:00Z;489;467;70;1026;956;109240[MyZeil];2021-11-27T15:27:02.219Z
1;open;2021-11-27T15:25:00Z;634;0;0;634;634;18494[Konrad-Adenauer-Straße];2021-11-27T15:27:02.219Z
0.605;open;2021-11-27T15:45:00Z;121;79;150;350;200;24276[Turmcenter];2021-11-27T15:47:00.225Z
1;open;2021-11-27T15:45:00Z;407;0;0;407;407;18944[Alte Oper];2021-11-27T15:47:00.225Z
0.032967035;open;2021-11-27T15:45:00Z;12;352;0;364;364;24281[Hauptbahnhof Süd];2021-11-27T15:47:00.225Z
0.6875;open;2021-11-27T15:45:00Z;264;120;0;384;384;105479[Baseler Platz];2021-11-27T15:47:00.225Z
0.9913473;open;2021-11-27T15:45:00Z;802;7;0;809;809;24279[Konstabler];2021-11-27T15:47:00.225Z
0.9953052;open;2021-11-27T15:45:00Z;424;2;0;426;426;18497[Hauptwache];2021-11-27T15:47:00.225Z
0.9941176;open;2021-11-27T15:45:00Z;676;4;0;680;680;18495[Am Gericht];2021-11-27T15:47:00.225Z
0.54288703;open;2021-11-27T15:45:00Z;519;437;70;1026;956;109240[MyZeil];2021-11-27T15:47:00.225Z
1;open;2021-11-27T15:45:00Z;634;0;0;634;634;18494[Konrad-Adenauer-Straße];2021-11-27T15:47:00.225Z
0.615;open;2021-11-27T15:56:00Z;123;77;150;350;200;24276[Turmcenter];2021-11-27T15:57:02.615Z
0.997543;open;2021-11-27T15:56:00Z;406;1;0;407;407;18944[Alte Oper];2021-11-27T15:57:02.615Z
0.03021978;open;2021-11-27T15:56:00Z;11;353;0;364;364;24281[Hauptbahnhof Süd];2021-11-27T15:57:02.615Z
0.6822917;open;2021-11-27T15:56:00Z;262;122;0;384;384;105479[Baseler Platz];2021-11-27T15:57:02.615Z
0.98763907;open;2021-11-27T15:56:00Z;799;10;0;809;809;24279[Konstabler];2021-11-27T15:57:02.615Z
1;open;2021-11-27T15:56:00Z;426;0;0;426;426;18497[Hauptwache];2021-11-27T15:57:02.615Z
1;open;2021-11-27T15:56:00Z;680;0;0;680;680;18495[Am Gericht];2021-11-27T15:57:02.615Z
0.5690377;open;2021-11-27T15:56:00Z;544;412;70;1026;956;109240[MyZeil];2021-11-27T15:57:02.615Z
0.9873817;open;2021-11-27T15:56:00Z;626;8;0;634;634;18494[Konrad-Adenauer-Straße];2021-11-27T15:57:02.615Z
0.685;open;2021-11-27T16:31:00Z;137;63;150;350;200;24276[Turmcenter];2021-11-27T16:32:02.575Z
0.94103193;open;2021-11-27T16:31:00Z;383;24;0;407;407;18944[Alte Oper];2021-11-27T16:32:02.575Z
0.03021978;open;2021-11-27T16:31:00Z;11;353;0;364;364;24281[Hauptbahnhof Süd];2021-11-27T16:32:02.575Z
0.703125;open;2021-11-27T16:31:00Z;270;114;0;384;384;105479[Baseler Platz];2021-11-27T16:32:02.575Z
1;open;2021-11-27T16:31:00Z;809;0;0;809;809;24279[Konstabler];2021-11-27T16:32:02.575Z
1;open;2021-11-27T16:31:00Z;426;0;0;426;426;18497[Hauptwache];2021-11-27T16:32:02.575Z
0.9823529;open;2021-11-27T16:31:00Z;668;12;0;680;680;18495[Am Gericht];2021-11-27T16:32:02.575Z
0.5083682;open;2021-11-27T16:31:00Z;486;470;70;1026;956;109240[MyZeil];2021-11-27T16:32:02.575Z
0.9416404;open;2021-11-27T16:31:00Z;597;37;0;634;634;18494[Konrad-Adenauer-Straße];2021-11-27T16:32:02.575Z
0.655;open;2021-11-27T17:02:00Z;131;69;150;350;200;24276[Turmcenter];2021-11-27T17:07:02.106Z
0.7886978;open;2021-11-27T17:02:00Z;321;86;0;407;407;18944[Alte Oper];2021-11-27T17:07:02.106Z
0.032967035;open;2021-11-27T17:02:00Z;12;352;0;364;364;24281[Hauptbahnhof Süd];2021-11-27T17:07:02.106Z
0.6927083;open;2021-11-27T17:02:00Z;266;118;0;384;384;105479[Baseler Platz];2021-11-27T17:07:02.106Z
0.98887515;open;2021-11-27T17:02:00Z;800;9;0;809;809;24279[Konstabler];2021-11-27T17:07:02.106Z
0.9976526;open;2021-11-27T17:02:00Z;425;1;0;426;426;18497[Hauptwache];2021-11-27T17:07:02.106Z
0.96911764;open;2021-11-27T17:02:00Z;659;21;0;680;680;18495[Am Gericht];2021-11-27T17:07:02.106Z
0.49686193;open;2021-11-27T17:02:00Z;475;481;70;1026;956;109240[MyZeil];2021-11-27T17:07:02.106Z
0.9258675;open;2021-11-27T17:02:00Z;587;47;0;634;634;18494[Konrad-Adenauer-Straße];2021-11-27T17:07:02.106Z
0.625;open;2021-11-27T17:27:00Z;125;75;150;350;200;24276[Turmcenter];2021-11-27T17:32:02.809Z
0.76167077;open;2021-11-27T17:27:00Z;310;97;0;407;407;18944[Alte Oper];2021-11-27T17:32:02.809Z
0.027472528;open;2021-11-27T17:27:00Z;10;354;0;364;364;24281[Hauptbahnhof Süd];2021-11-27T17:32:02.809Z
0.6979167;open;2021-11-27T17:27:00Z;268;116;0;384;384;105479[Baseler Platz];2021-11-27T17:32:02.809Z
1;open;2021-11-27T17:27:00Z;809;0;0;809;809;24279[Konstabler];2021-11-27T17:32:02.809Z
1;open;2021-11-27T17:27:00Z;426;0;0;426;426;18497[Hauptwache];2021-11-27T17:32:02.809Z
0.9558824;open;2021-11-27T17:27:00Z;650;30;0;680;680;18495[Am Gericht];2021-11-27T17:32:02.809Z
0.4707113;open;2021-11-27T17:27:00Z;450;506;70;1026;956;109240[MyZeil];2021-11-27T17:32:02.809Z
0.9053628;open;2021-11-27T17:27:00Z;574;60;0;634;634;18494[Konrad-Adenauer-Straße];2021-11-27T17:32:02.809Z
0.63;open;2021-11-27T17:42:00Z;126;74;150;350;200;24276[Turmcenter];2021-11-27T17:47:02.830Z
0.74692875;open;2021-11-27T17:42:00Z;304;103;0;407;407;18944[Alte Oper];2021-11-27T17:47:02.830Z
0.027472528;open;2021-11-27T17:42:00Z;10;354;0;364;364;24281[Hauptbahnhof Süd];2021-11-27T17:47:02.830Z
0.7005208;open;2021-11-27T17:42:00Z;269;115;0;384;384;105479[Baseler Platz];2021-11-27T17:47:02.830Z
1;open;2021-11-27T17:42:00Z;809;0;0;809;809;24279[Konstabler];2021-11-27T17:47:02.830Z
0.9976526;open;2021-11-27T17:42:00Z;425;1;0;426;426;18497[Hauptwache];2021-11-27T17:47:02.830Z
0.9735294;open;2021-11-27T17:42:00Z;662;18;0;680;680;18495[Am Gericht];2021-11-27T17:47:02.830Z
0.45502093;open;2021-11-27T17:42:00Z;435;521;70;1026;956;109240[MyZeil];2021-11-27T17:47:02.830Z
0.9305994;open;2021-11-27T17:42:00Z;590;44;0;634;634;18494[Konrad-Adenauer-Straße];2021-11-27T17:47:02.830Z
0.615;open;2021-11-27T17:57:00Z;123;77;150;350;200;24276[Turmcenter];2021-11-27T18:02:01.705Z
0.7567568;open;2021-11-27T17:57:00Z;308;99;0;407;407;18944[Alte Oper];2021-11-27T18:02:01.705Z
0.03021978;open;2021-11-27T17:57:00Z;11;353;0;364;364;24281[Hauptbahnhof Süd];2021-11-27T18:02:01.705Z
0.703125;open;2021-11-27T17:57:00Z;270;114;0;384;384;105479[Baseler Platz];2021-11-27T18:02:01.705Z
1;open;2021-11-27T17:57:00Z;809;0;0;809;809;24279[Konstabler];2021-11-27T18:02:01.705Z
1;open;2021-11-27T17:57:00Z;426;0;0;426;426;18497[Hauptwache];2021-11-27T18:02:01.705Z
0.9617647;open;2021-11-27T17:57:00Z;654;26;0;680;680;18495[Am Gericht];2021-11-27T18:02:01.705Z
0.44037658;open;2021-11-27T17:57:00Z;421;535;70;1026;956;109240[MyZeil];2021-11-27T18:02:01.705Z
0.9542587;open;2021-11-27T17:57:00Z;605;29;0;634;634;18494[Konrad-Adenauer-Straße];2021-11-27T18:02:01.705Z
0.64;open;2021-11-27T18:23:00Z;128;72;150;350;200;24276[Turmcenter];2021-11-27T18:27:02.974Z
0.71990174;open;2021-11-27T18:23:00Z;293;114;0;407;407;18944[Alte Oper];2021-11-27T18:27:02.974Z
0.021978023;open;2021-11-27T18:23:00Z;8;356;0;364;364;24281[Hauptbahnhof Süd];2021-11-27T18:27:02.974Z
0.7005208;open;2021-11-27T18:23:00Z;269;115;0;384;384;105479[Baseler Platz];2021-11-27T18:27:02.974Z
1;open;2021-11-27T18:23:00Z;809;0;0;809;809;24279[Konstabler];2021-11-27T18:27:02.974Z
1;open;2021-11-27T18:23:00Z;426;0;0;426;426;18497[Hauptwache];2021-11-27T18:27:02.974Z
0.93088233;open;2021-11-27T18:23:00Z;633;47;0;680;680;18495[Am Gericht];2021-11-27T18:27:02.974Z
0.41004184;open;2021-11-27T18:23:00Z;392;564;70;1026;956;109240[MyZeil];2021-11-27T18:27:02.974Z
0.93690854;open;2021-11-27T18:23:00Z;594;40;0;634;634;18494[Konrad-Adenauer-Straße];2021-11-27T18:27:02.974Z
0.67;open;2021-11-27T18:43:00Z;134;66;150;350;200;24276[Turmcenter];2021-11-27T18:47:02.532Z
0.7051597;open;2021-11-27T18:43:00Z;287;120;0;407;407;18944[Alte Oper];2021-11-27T18:47:02.532Z
0.01923077;open;2021-11-27T18:43:00Z;7;357;0;364;364;24281[Hauptbahnhof Süd];2021-11-27T18:47:02.532Z
0.6979167;open;2021-11-27T18:43:00Z;268;116;0;384;384;105479[Baseler Platz];2021-11-27T18:47:02.532Z
0.986403;open;2021-11-27T18:43:00Z;798;11;0;809;809;24279[Konstabler];2021-11-27T18:47:02.532Z
1;open;2021-11-27T18:43:00Z;426;0;0;426;426;18497[Hauptwache];2021-11-27T18:47:02.532Z
0.9235294;open;2021-11-27T18:43:00Z;628;52;0;680;680;18495[Am Gericht];2021-11-27T18:47:02.532Z
0.38389122;open;2021-11-27T18:43:00Z;367;589;70;1026;956;109240[MyZeil];2021-11-27T18:47:02.532Z
0.90694004;open;2021-11-27T18:43:00Z;575;59;0;634;634;18494[Konrad-Adenauer-Straße];2021-11-27T18:47:02.532Z
0.68;open;2021-11-27T18:53:00Z;136;64;150;350;200;24276[Turmcenter];2021-11-27T18:57:02.418Z
0.69287467;open;2021-11-27T18:53:00Z;282;125;0;407;407;18944[Alte Oper];2021-11-27T18:57:02.418Z
0.016483517;open;2021-11-27T18:53:00Z;6;358;0;364;364;24281[Hauptbahnhof Süd];2021-11-27T18:57:02.418Z
0.7057292;open;2021-11-27T18:53:00Z;271;113;0;384;384;105479[Baseler Platz];2021-11-27T18:57:02.418Z
0.9777503;open;2021-11-27T18:53:00Z;791;18;0;809;809;24279[Konstabler];2021-11-27T18:57:02.418Z
1;open;2021-11-27T18:53:00Z;426;0;0;426;426;18497[Hauptwache];2021-11-27T18:57:02.418Z
0.91764706;open;2021-11-27T18:53:00Z;624;56;0;680;680;18495[Am Gericht];2021-11-27T18:57:02.418Z
0.37238494;open;2021-11-27T18:53:00Z;356;600;70;1026;956;109240[MyZeil];2021-11-27T18:57:02.418Z
0.9022082;open;2021-11-27T18:53:00Z;572;62;0;634;634;18494[Konrad-Adenauer-Straße];2021-11-27T18:57:02.418Z
0.65;open;2021-11-27T19:14:00Z;130;70;150;350;200;24276[Turmcenter];2021-11-27T19:17:02.189Z
0.6560196;open;2021-11-27T19:14:00Z;267;140;0;407;407;18944[Alte Oper];2021-11-27T19:17:02.189Z
0.016483517;open;2021-11-27T19:14:00Z;6;358;0;364;364;24281[Hauptbahnhof Süd];2021-11-27T19:17:02.189Z
0.7057292;open;2021-11-27T19:14:00Z;271;113;0;384;384;105479[Baseler Platz];2021-11-27T19:17:02.189Z
0.9789864;open;2021-11-27T19:14:00Z;792;17;0;809;809;24279[Konstabler];2021-11-27T19:17:02.189Z
1;open;2021-11-27T19:14:00Z;426;0;0;426;426;18497[Hauptwache];2021-11-27T19:17:02.189Z
0.8897059;open;2021-11-27T19:14:00Z;605;75;0;680;680;18495[Am Gericht];2021-11-27T19:17:02.189Z
0.3410042;open;2021-11-27T19:14:00Z;326;630;70;1026;956;109240[MyZeil];2021-11-27T19:17:02.189Z
0.89589906;open;2021-11-27T19:14:00Z;568;66;0;634;634;18494[Konrad-Adenauer-Straße];2021-11-27T19:17:02.189Z
0.62;open;2021-11-27T19:29:00Z;124;76;150;350;200;24276[Turmcenter];2021-11-27T19:32:02.652Z
0.64373463;open;2021-11-27T19:29:00Z;262;145;0;407;407;18944[Alte Oper];2021-11-27T19:32:02.652Z
0.01923077;open;2021-11-27T19:29:00Z;7;357;0;364;364;24281[Hauptbahnhof Süd];2021-11-27T19:32:02.652Z
0.7083333;open;2021-11-27T19:29:00Z;272;112;0;384;384;105479[Baseler Platz];2021-11-27T19:32:02.652Z
0.96662545;open;2021-11-27T19:29:00Z;782;27;0;809;809;24279[Konstabler];2021-11-27T19:32:02.652Z
0.9976526;open;2021-11-27T19:29:00Z;425;1;0;426;426;18497[Hauptwache];2021-11-27T19:32:02.652Z
0.8617647;open;2021-11-27T19:29:00Z;586;94;0;680;680;18495[Am Gericht];2021-11-27T19:32:02.652Z
0.31589958;open;2021-11-27T19:29:00Z;302;654;70;1026;956;109240[MyZeil];2021-11-27T19:32:02.652Z
0.85804415;open;2021-11-27T19:29:00Z;544;90;0;634;634;18494[Konrad-Adenauer-Straße];2021-11-27T19:32:02.652Z
0.61;open;2021-11-27T19:34:00Z;122;78;150;350;200;24276[Turmcenter];2021-11-27T19:37:02.425Z
0.6363636;open;2021-11-27T19:34:00Z;259;148;0;407;407;18944[Alte Oper];2021-11-27T19:37:02.425Z
0.021978023;open;2021-11-27T19:34:00Z;8;356;0;364;364;24281[Hauptbahnhof Süd];2021-11-27T19:37:02.425Z
0.7109375;open;2021-11-27T19:34:00Z;273;111;0;384;384;105479[Baseler Platz];2021-11-27T19:37:02.425Z
0.9592089;open;2021-11-27T19:34:00Z;776;33;0;809;809;24279[Konstabler];2021-11-27T19:37:02.425Z
1;open;2021-11-27T19:34:00Z;426;0;0;426;426;18497[Hauptwache];2021-11-27T19:37:02.425Z
0.84411764;open;2021-11-27T19:34:00Z;574;106;0;680;680;18495[Am Gericht];2021-11-27T19:37:02.425Z
0.31276152;open;2021-11-27T19:34:00Z;299;657;70;1026;956;109240[MyZeil];2021-11-27T19:37:02.425Z
0.83753943;open;2021-11-27T19:34:00Z;531;103;0;634;634;18494[Konrad-Adenauer-Straße];2021-11-27T19:37:02.425Z
0.595;open;2021-11-27T19:49:00Z;119;81;150;350;200;24276[Turmcenter];2021-11-27T19:52:02.080Z
0.57002455;open;2021-11-27T19:49:00Z;232;175;0;407;407;18944[Alte Oper];2021-11-27T19:52:02.080Z
0.024725275;open;2021-11-27T19:49:00Z;9;355;0;364;364;24281[Hauptbahnhof Süd];2021-11-27T19:52:02.080Z
0.7161458;open;2021-11-27T19:49:00Z;275;109;0;384;384;105479[Baseler Platz];2021-11-27T19:52:02.080Z
0.9159456;open;2021-11-27T19:49:00Z;741;68;0;809;809;24279[Konstabler];2021-11-27T19:52:02.080Z
0.9953052;open;2021-11-27T19:49:00Z;424;2;0;426;426;18497[Hauptwache];2021-11-27T19:52:02.080Z
0.8117647;open;2021-11-27T19:49:00Z;552;128;0;680;680;18495[Am Gericht];2021-11-27T19:52:02.080Z
0.2876569;open;2021-11-27T19:49:00Z;275;681;70;1026;956;109240[MyZeil];2021-11-27T19:52:02.080Z
0.78864354;open;2021-11-27T19:49:00Z;500;134;0;634;634;18494[Konrad-Adenauer-Straße];2021-11-27T19:52:02.080Z
0.605;open;2021-11-27T19:59:00Z;121;79;150;350;200;24276[Turmcenter];2021-11-27T20:02:01.281Z
0.55773956;open;2021-11-27T19:59:00Z;227;180;0;407;407;18944[Alte Oper];2021-11-27T20:02:01.281Z
0.024725275;open;2021-11-27T19:59:00Z;9;355;0;364;364;24281[Hauptbahnhof Süd];2021-11-27T20:02:01.281Z
0.71875;open;2021-11-27T19:59:00Z;276;108;0;384;384;105479[Baseler Platz];2021-11-27T20:02:01.281Z
0.89493203;open;2021-11-27T19:59:00Z;724;85;0;809;809;24279[Konstabler];2021-11-27T20:02:01.281Z
0.9953052;open;2021-11-27T19:59:00Z;424;2;0;426;426;18497[Hauptwache];2021-11-27T20:02:01.281Z
0.7823529;open;2021-11-27T19:59:00Z;532;148;0;680;680;18495[Am Gericht];2021-11-27T20:02:01.281Z
0.26882845;open;2021-11-27T19:59:00Z;257;699;70;1026;956;109240[MyZeil];2021-11-27T20:02:01.281Z
0.7665615;open;2021-11-27T19:59:00Z;486;148;0;634;634;18494[Konrad-Adenauer-Straße];2021-11-27T20:02:01.281Z
0.575;open;2021-11-27T20:25:00Z;115;85;150;350;200;24276[Turmcenter];2021-11-27T20:27:02.408Z
0.5012285;open;2021-11-27T20:25:00Z;204;203;0;407;407;18944[Alte Oper];2021-11-27T20:27:02.408Z
0.024725275;open;2021-11-27T20:25:00Z;9;355;0;364;364;24281[Hauptbahnhof Süd];2021-11-27T20:27:02.408Z
0.71875;open;2021-11-27T20:25:00Z;276;108;0;384;384;105479[Baseler Platz];2021-11-27T20:27:02.408Z
0.7960445;open;2021-11-27T20:25:00Z;644;165;0;809;809;24279[Konstabler];2021-11-27T20:27:02.408Z
0.9319249;open;2021-11-27T20:25:00Z;397;29;0;426;426;18497[Hauptwache];2021-11-27T20:27:02.408Z
0.7205882;open;2021-11-27T20:25:00Z;490;190;0;680;680;18495[Am Gericht];2021-11-27T20:27:02.408Z
0.2123431;open;2021-11-27T20:25:00Z;203;753;70;1026;956;109240[MyZeil];2021-11-27T20:27:02.408Z
0.69085175;open;2021-11-27T20:25:00Z;438;196;0;634;634;18494[Konrad-Adenauer-Straße];2021-11-27T20:27:02.408Z
0.27;open;2021-11-27T23:34:00Z;54;146;150;350;200;24276[Turmcenter];2021-11-27T23:37:00.602Z
0.21867321;open;2021-11-27T23:34:00Z;89;318;0;407;407;18944[Alte Oper];2021-11-27T23:37:00.602Z
0.032967035;open;2021-11-27T23:34:00Z;12;352;0;364;364;24281[Hauptbahnhof Süd];2021-11-27T23:37:00.602Z
0.71875;open;2021-11-27T23:34:00Z;276;108;0;384;384;105479[Baseler Platz];2021-11-27T23:37:00.602Z
0.4894932;open;2021-11-27T23:34:00Z;396;413;0;809;809;24279[Konstabler];2021-11-27T23:37:00.602Z
0.6619718;open;2021-11-27T23:34:00Z;282;144;0;426;426;18497[Hauptwache];2021-11-27T23:37:00.602Z
0;closed;2021-11-27T23:34:00Z;;385;0;0;0;18495[Am Gericht];2021-11-27T23:37:00.602Z
0.121147715;open;2021-11-27T23:34:00Z;114;827;70;1011;941;109240[MyZeil];2021-11-27T23:37:00.602Z
0.47634068;open;2021-11-27T23:34:00Z;302;332;0;634;634;18494[Konrad-Adenauer-Straße];2021-11-27T23:37:00.602Z
0.255;open;2021-11-27T23:54:00Z;51;149;150;350;200;24276[Turmcenter];2021-11-27T23:57:01.111Z
0.21867321;open;2021-11-27T23:54:00Z;89;318;0;407;407;18944[Alte Oper];2021-11-27T23:57:01.111Z
0.032967035;open;2021-11-27T23:54:00Z;12;352;0;364;364;24281[Hauptbahnhof Süd];2021-11-27T23:57:01.111Z
0.7213542;open;2021-11-27T23:54:00Z;277;107;0;384;384;105479[Baseler Platz];2021-11-27T23:57:01.111Z
0.46477133;open;2021-11-27T23:54:00Z;376;433;0;809;809;24279[Konstabler];2021-11-27T23:57:01.111Z
0.63380283;open;2021-11-27T23:54:00Z;270;156;0;426;426;18497[Hauptwache];2021-11-27T23:57:01.111Z
0;closed;2021-11-27T23:54:00Z;;385;0;0;0;18495[Am Gericht];2021-11-27T23:57:01.111Z
0.12221041;open;2021-11-27T23:54:00Z;115;826;70;1011;941;109240[MyZeil];2021-11-27T23:57:01.111Z
0.46687698;open;2021-11-27T23:54:00Z;296;338;0;634;634;18494[Konrad-Adenauer-Straße];2021-11-27T23:57:01.111Z
0.2;open;2021-11-28T01:15:00Z;40;160;150;350;200;24276[Turmcenter];2021-11-28T01:17:00.366Z
0.17199017;open;2021-11-28T01:15:00Z;70;337;0;407;407;18944[Alte Oper];2021-11-28T01:17:00.366Z
0.027472528;open;2021-11-28T01:15:00Z;10;354;0;364;364;24281[Hauptbahnhof Süd];2021-11-28T01:17:00.366Z
0.7265625;open;2021-11-28T01:15:00Z;279;105;0;384;384;105479[Baseler Platz];2021-11-28T01:17:00.366Z
0.41161928;open;2021-11-28T01:15:00Z;333;476;0;809;809;24279[Konstabler];2021-11-28T01:17:00.366Z
0.5798122;open;2021-11-28T01:15:00Z;247;179;0;426;426;18497[Hauptwache];2021-11-28T01:17:00.366Z
0;closed;2021-11-28T01:15:00Z;;385;0;0;0;18495[Am Gericht];2021-11-28T01:17:00.366Z
0.11158342;open;2021-11-28T01:15:00Z;105;836;70;1011;941;109240[MyZeil];2021-11-28T01:17:00.366Z
0.46056783;open;2021-11-28T01:15:00Z;292;342;0;634;634;18494[Konrad-Adenauer-Straße];2021-11-28T01:17:00.366Z
0.195;open;2021-11-28T02:06:00Z;39;161;150;350;200;24276[Turmcenter];2021-11-28T02:07:03.006Z
0.15724815;open;2021-11-28T02:06:00Z;64;343;0;407;407;18944[Alte Oper];2021-11-28T02:07:03.006Z
0.027472528;open;2021-11-28T02:06:00Z;10;354;0;364;364;24281[Hauptbahnhof Süd];2021-11-28T02:07:03.006Z
0.7265625;open;2021-11-28T02:06:00Z;279;105;0;384;384;105479[Baseler Platz];2021-11-28T02:07:03.006Z
0.39431396;open;2021-11-28T02:06:00Z;319;490;0;809;809;24279[Konstabler];2021-11-28T02:07:03.006Z
0.556338;open;2021-11-28T02:06:00Z;237;189;0;426;426;18497[Hauptwache];2021-11-28T02:07:03.006Z
0;closed;2021-11-28T02:06:00Z;;385;0;0;0;18495[Am Gericht];2021-11-28T02:07:03.006Z
0.10839532;open;2021-11-28T02:06:00Z;102;839;70;1011;941;109240[MyZeil];2021-11-28T02:07:03.006Z
0.44952682;open;2021-11-28T02:06:00Z;285;349;0;634;634;18494[Konrad-Adenauer-Straße];2021-11-28T02:07:03.006Z
0.195;open;2021-11-28T02:41:00Z;39;161;150;350;200;24276[Turmcenter];2021-11-28T02:42:00.236Z
0.15233415;open;2021-11-28T02:41:00Z;62;345;0;407;407;18944[Alte Oper];2021-11-28T02:42:00.236Z
0.024725275;open;2021-11-28T02:41:00Z;9;355;0;364;364;24281[Hauptbahnhof Süd];2021-11-28T02:42:00.236Z
0.7239583;open;2021-11-28T02:41:00Z;278;106;0;384;384;105479[Baseler Platz];2021-11-28T02:42:00.236Z
0.37948084;open;2021-11-28T02:41:00Z;307;502;0;809;809;24279[Konstabler];2021-11-28T02:42:00.236Z
0.5539906;open;2021-11-28T02:41:00Z;236;190;0;426;426;18497[Hauptwache];2021-11-28T02:42:00.236Z
0;closed;2021-11-28T02:41:00Z;;385;0;0;0;18495[Am Gericht];2021-11-28T02:42:00.236Z
0.107332624;open;2021-11-28T02:41:00Z;101;840;70;1011;941;109240[MyZeil];2021-11-28T02:42:00.236Z
0.4384858;open;2021-11-28T02:41:00Z;278;356;0;634;634;18494[Konrad-Adenauer-Straße];2021-11-28T02:42:00.236Z
0.185;open;2021-11-28T02:56:00Z;37;163;150;350;200;24276[Turmcenter];2021-11-28T02:57:02.156Z
0.15233415;open;2021-11-28T02:56:00Z;62;345;0;407;407;18944[Alte Oper];2021-11-28T02:57:02.156Z
0.021978023;open;2021-11-28T02:56:00Z;8;356;0;364;364;24281[Hauptbahnhof Süd];2021-11-28T02:57:02.156Z
0.7239583;open;2021-11-28T02:56:00Z;278;106;0;384;384;105479[Baseler Platz];2021-11-28T02:57:02.156Z
0.3695921;open;2021-11-28T02:56:00Z;299;510;0;809;809;24279[Konstabler];2021-11-28T02:57:02.156Z
0.5469484;open;2021-11-28T02:56:00Z;233;193;0;426;426;18497[Hauptwache];2021-11-28T02:57:02.156Z
0;closed;2021-11-28T02:56:00Z;;385;0;0;0;18495[Am Gericht];2021-11-28T02:57:02.156Z
0.106269926;open;2021-11-28T02:56:00Z;100;841;70;1011;941;109240[MyZeil];2021-11-28T02:57:02.156Z
0.43533123;open;2021-11-28T02:56:00Z;276;358;0;634;634;18494[Konrad-Adenauer-Straße];2021-11-28T02:57:02.156Z
0.185;open;2021-11-28T03:17:00Z;37;163;150;350;200;24276[Turmcenter];2021-11-28T03:22:00.290Z
0.15233415;open;2021-11-28T03:17:00Z;62;345;0;407;407;18944[Alte Oper];2021-11-28T03:22:00.290Z
0.01923077;open;2021-11-28T03:17:00Z;7;357;0;364;364;24281[Hauptbahnhof Süd];2021-11-28T03:22:00.290Z
0.7239583;open;2021-11-28T03:17:00Z;278;106;0;384;384;105479[Baseler Platz];2021-11-28T03:22:00.290Z
0.34857848;open;2021-11-28T03:17:00Z;282;527;0;809;809;24279[Konstabler];2021-11-28T03:22:00.290Z
0.53521127;open;2021-11-28T03:17:00Z;228;198;0;426;426;18497[Hauptwache];2021-11-28T03:22:00.290Z
0;closed;2021-11-28T03:17:00Z;;;0;0;0;18495[Am Gericht];2021-11-28T03:22:00.290Z
0.10520723;open;2021-11-28T03:17:00Z;99;842;70;1011;941;109240[MyZeil];2021-11-28T03:22:00.290Z
0.43533123;open;2021-11-28T03:17:00Z;276;358;0;634;634;18494[Konrad-Adenauer-Straße];2021-11-28T03:22:00.290Z
0.185;open;2021-11-28T03:37:00Z;37;163;150;350;200;24276[Turmcenter];2021-11-28T03:42:00.436Z
0.15233415;open;2021-11-28T03:37:00Z;62;345;0;407;407;18944[Alte Oper];2021-11-28T03:42:00.436Z
0.01923077;open;2021-11-28T03:37:00Z;7;357;0;364;364;24281[Hauptbahnhof Süd];2021-11-28T03:42:00.436Z
0.7239583;open;2021-11-28T03:37:00Z;278;106;0;384;384;105479[Baseler Platz];2021-11-28T03:42:00.436Z
0.34239802;open;2021-11-28T03:37:00Z;277;532;0;809;809;24279[Konstabler];2021-11-28T03:42:00.436Z
0.52816904;open;2021-11-28T03:37:00Z;225;201;0;426;426;18497[Hauptwache];2021-11-28T03:42:00.436Z
0;closed;2021-11-28T03:37:00Z;;;0;0;0;18495[Am Gericht];2021-11-28T03:42:00.436Z
0.10520723;open;2021-11-28T03:37:00Z;99;842;70;1011;941;109240[MyZeil];2021-11-28T03:42:00.436Z
0.43217665;open;2021-11-28T03:37:00Z;274;360;0;634;634;18494[Konrad-Adenauer-Straße];2021-11-28T03:42:00.436Z
0.185;open;2021-11-28T03:47:00Z;37;163;150;350;200;24276[Turmcenter];2021-11-28T03:52:00.915Z
0.15233415;open;2021-11-28T03:47:00Z;62;345;0;407;407;18944[Alte Oper];2021-11-28T03:52:00.915Z
0.01923077;open;2021-11-28T03:47:00Z;7;357;0;364;364;24281[Hauptbahnhof Süd];2021-11-28T03:52:00.915Z
0.7239583;open;2021-11-28T03:47:00Z;278;106;0;384;384;105479[Baseler Platz];2021-11-28T03:52:00.915Z
0.33250928;open;2021-11-28T03:47:00Z;269;540;0;809;809;24279[Konstabler];2021-11-28T03:52:00.915Z
0.52112675;open;2021-11-28T03:47:00Z;222;204;0;426;426;18497[Hauptwache];2021-11-28T03:52:00.915Z
0;closed;2021-11-28T03:47:00Z;;;0;0;0;18495[Am Gericht];2021-11-28T03:52:00.915Z
0.10520723;open;2021-11-28T03:47:00Z;99;842;70;1011;941;109240[MyZeil];2021-11-28T03:52:00.915Z
0.43217665;open;2021-11-28T03:47:00Z;274;360;0;634;634;18494[Konrad-Adenauer-Straße];2021-11-28T03:52:00.915Z
0.185;open;2021-11-28T03:52:00Z;37;163;150;350;200;24276[Turmcenter];2021-11-28T03:57:00.928Z
0.15233415;open;2021-11-28T03:52:00Z;62;345;0;407;407;18944[Alte Oper];2021-11-28T03:57:00.928Z
0.01923077;open;2021-11-28T03:52:00Z;7;357;0;364;364;24281[Hauptbahnhof Süd];2021-11-28T03:57:00.928Z
0.7239583;open;2021-11-28T03:52:00Z;278;106;0;384;384;105479[Baseler Platz];2021-11-28T03:57:00.928Z
0.3275649;open;2021-11-28T03:52:00Z;265;544;0;809;809;24279[Konstabler];2021-11-28T03:57:00.928Z
0.5164319;open;2021-11-28T03:52:00Z;220;206;0;426;426;18497[Hauptwache];2021-11-28T03:57:00.928Z
0;closed;2021-11-28T03:52:00Z;;;0;0;0;18495[Am Gericht];2021-11-28T03:57:00.928Z
0.10520723;open;2021-11-28T03:52:00Z;99;842;70;1011;941;109240[MyZeil];2021-11-28T03:57:00.928Z
0.4274448;open;2021-11-28T03:52:00Z;271;363;0;634;634;18494[Konrad-Adenauer-Straße];2021-11-28T03:57:00.928Z
0.185;open;2021-11-28T04:27:00Z;37;163;150;350;200;24276[Turmcenter];2021-11-28T04:32:02.174Z
0.14987715;open;2021-11-28T04:27:00Z;61;346;0;407;407;18944[Alte Oper];2021-11-28T04:32:02.174Z
0.021978023;open;2021-11-28T04:27:00Z;8;356;0;364;364;24281[Hauptbahnhof Süd];2021-11-28T04:32:02.174Z
0.7239583;open;2021-11-28T04:27:00Z;278;106;0;384;384;105479[Baseler Platz];2021-11-28T04:32:02.174Z
0.31273177;open;2021-11-28T04:27:00Z;253;556;0;809;809;24279[Konstabler];2021-11-28T04:32:02.174Z
0.5093897;open;2021-11-28T04:27:00Z;217;209;0;426;426;18497[Hauptwache];2021-11-28T04:32:02.174Z
0;closed;2021-11-28T04:27:00Z;;;0;0;0;18495[Am Gericht];2021-11-28T04:32:02.174Z
0.10520723;open;2021-11-28T04:27:00Z;99;842;70;1011;941;109240[MyZeil];2021-11-28T04:32:02.174Z
0.41798106;open;2021-11-28T04:27:00Z;265;369;0;634;634;18494[Konrad-Adenauer-Straße];2021-11-28T04:32:02.174Z
0.185;open;2021-11-28T04:52:00Z;37;163;150;350;200;24276[Turmcenter];2021-11-28T04:57:01.638Z
0.14987715;open;2021-11-28T04:52:00Z;61;346;0;407;407;18944[Alte Oper];2021-11-28T04:57:01.638Z
0.016483517;open;2021-11-28T04:52:00Z;6;358;0;364;364;24281[Hauptbahnhof Süd];2021-11-28T04:57:01.638Z
0.7239583;open;2021-11-28T04:52:00Z;278;106;0;384;384;105479[Baseler Platz];2021-11-28T04:57:01.638Z
0.3077874;open;2021-11-28T04:52:00Z;249;560;0;809;809;24279[Konstabler];2021-11-28T04:57:01.638Z
0.5046948;open;2021-11-28T04:52:00Z;215;211;0;426;426;18497[Hauptwache];2021-11-28T04:57:01.638Z
0;closed;2021-11-28T04:52:00Z;;;0;0;0;18495[Am Gericht];2021-11-28T04:57:01.638Z
0.10414453;open;2021-11-28T04:52:00Z;98;843;70;1011;941;109240[MyZeil];2021-11-28T04:57:01.638Z
0.41324922;open;2021-11-28T04:52:00Z;262;372;0;634;634;18494[Konrad-Adenauer-Straße];2021-11-28T04:57:01.638Z
0.185;open;2021-11-28T05:12:00Z;37;163;150;350;200;24276[Turmcenter];2021-11-28T05:17:02.445Z
0.14987715;open;2021-11-28T05:12:00Z;61;346;0;407;407;18944[Alte Oper];2021-11-28T05:17:02.445Z
0.01923077;open;2021-11-28T05:12:00Z;7;357;0;364;364;24281[Hauptbahnhof Süd];2021-11-28T05:17:02.445Z
0.7239583;open;2021-11-28T05:12:00Z;278;106;0;384;384;105479[Baseler Platz];2021-11-28T05:17:02.445Z
0.30160692;open;2021-11-28T05:12:00Z;244;565;0;809;809;24279[Konstabler];2021-11-28T05:17:02.445Z
0.5046948;open;2021-11-28T05:12:00Z;215;211;0;426;426;18497[Hauptwache];2021-11-28T05:17:02.445Z
0.33970588;open;2021-11-28T05:12:00Z;231;449;0;680;680;18495[Am Gericht];2021-11-28T05:17:02.445Z
0.10414453;open;2021-11-28T05:12:00Z;98;843;70;1011;941;109240[MyZeil];2021-11-28T05:17:02.445Z
0.41009465;open;2021-11-28T05:12:00Z;260;374;0;634;634;18494[Konrad-Adenauer-Straße];2021-11-28T05:17:02.445Z
0.185;open;2021-11-28T05:27:00Z;37;163;150;350;200;24276[Turmcenter];2021-11-28T05:32:01.913Z
0.14987715;open;2021-11-28T05:27:00Z;61;346;0;407;407;18944[Alte Oper];2021-11-28T05:32:01.913Z
0.01923077;open;2021-11-28T05:27:00Z;7;357;0;364;364;24281[Hauptbahnhof Süd];2021-11-28T05:32:01.913Z
0.7239583;open;2021-11-28T05:27:00Z;278;106;0;384;384;105479[Baseler Platz];2021-11-28T05:32:01.913Z
0.29542646;open;2021-11-28T05:27:00Z;239;570;0;809;809;24279[Konstabler];2021-11-28T05:32:01.913Z
0.5046948;open;2021-11-28T05:27:00Z;215;211;0;426;426;18497[Hauptwache];2021-11-28T05:32:01.913Z
0.33970588;open;2021-11-28T05:27:00Z;231;449;0;680;680;18495[Am Gericht];2021-11-28T05:32:01.913Z
0.10414453;open;2021-11-28T05:27:00Z;98;843;70;1011;941;109240[MyZeil];2021-11-28T05:32:01.913Z
0.40851736;open;2021-11-28T05:27:00Z;259;375;0;634;634;18494[Konrad-Adenauer-Straße];2021-11-28T05:32:01.913Z
0.185;open;2021-11-28T05:37:00Z;37;163;150;350;200;24276[Turmcenter];2021-11-28T05:42:02.464Z
0.14987715;open;2021-11-28T05:37:00Z;61;346;0;407;407;18944[Alte Oper];2021-11-28T05:42:02.464Z
0.01923077;open;2021-11-28T05:37:00Z;7;357;0;364;364;24281[Hauptbahnhof Süd];2021-11-28T05:42:02.464Z
0.7239583;open;2021-11-28T05:37:00Z;278;106;0;384;384;105479[Baseler Platz];2021-11-28T05:42:02.464Z
0.29171818;open;2021-11-28T05:37:00Z;236;573;0;809;809;24279[Konstabler];2021-11-28T05:42:02.464Z
0.5046948;open;2021-11-28T05:37:00Z;215;211;0;426;426;18497[Hauptwache];2021-11-28T05:42:02.464Z
0.3382353;open;2021-11-28T05:37:00Z;230;450;0;680;680;18495[Am Gericht];2021-11-28T05:42:02.464Z
0.10414453;open;2021-11-28T05:37:00Z;98;843;70;1011;941;109240[MyZeil];2021-11-28T05:42:02.464Z
0.40851736;open;2021-11-28T05:37:00Z;259;375;0;634;634;18494[Konrad-Adenauer-Straße];2021-11-28T05:42:02.464Z
0.185;open;2021-11-28T05:47:00Z;37;163;150;350;200;24276[Turmcenter];2021-11-28T05:52:00.208Z
0.14987715;open;2021-11-28T05:47:00Z;61;346;0;407;407;18944[Alte Oper];2021-11-28T05:52:00.208Z
0.016483517;open;2021-11-28T05:47:00Z;6;358;0;364;364;24281[Hauptbahnhof Süd];2021-11-28T05:52:00.208Z
0.7239583;open;2021-11-28T05:47:00Z;278;106;0;384;384;105479[Baseler Platz];2021-11-28T05:52:00.208Z
0.29048207;open;2021-11-28T05:47:00Z;235;574;0;809;809;24279[Konstabler];2021-11-28T05:52:00.208Z
0.5046948;open;2021-11-28T05:47:00Z;215;211;0;426;426;18497[Hauptwache];2021-11-28T05:52:00.208Z
0.3382353;open;2021-11-28T05:47:00Z;230;450;0;680;680;18495[Am Gericht];2021-11-28T05:52:00.208Z
0.10414453;open;2021-11-28T05:47:00Z;98;843;70;1011;941;109240[MyZeil];2021-11-28T05:52:00.208Z
0.40536278;open;2021-11-28T05:47:00Z;257;377;0;634;634;18494[Konrad-Adenauer-Straße];2021-11-28T05:52:00.208Z
0.185;open;2021-11-28T06:23:00Z;37;163;150;350;200;24276[Turmcenter];2021-11-28T06:27:02.542Z
0.14987715;open;2021-11-28T06:23:00Z;61;346;0;407;407;18944[Alte Oper];2021-11-28T06:27:02.542Z
0.016483517;open;2021-11-28T06:23:00Z;6;358;0;364;364;24281[Hauptbahnhof Süd];2021-11-28T06:27:02.542Z
0.7239583;open;2021-11-28T06:23:00Z;278;106;0;384;384;105479[Baseler Platz];2021-11-28T06:27:02.542Z
0.28800988;open;2021-11-28T06:23:00Z;233;576;0;809;809;24279[Konstabler];2021-11-28T06:27:02.542Z
0.5070422;open;2021-11-28T06:23:00Z;216;210;0;426;426;18497[Hauptwache];2021-11-28T06:27:02.542Z
0.33970588;open;2021-11-28T06:23:00Z;231;449;0;680;680;18495[Am Gericht];2021-11-28T06:27:02.542Z
0.10414453;open;2021-11-28T06:23:00Z;98;843;70;1011;941;109240[MyZeil];2021-11-28T06:27:02.542Z
0.39905363;open;2021-11-28T06:23:00Z;253;381;0;634;634;18494[Konrad-Adenauer-Straße];2021-11-28T06:27:02.542Z
0.185;open;2021-11-28T06:43:00Z;37;163;150;350;200;24276[Turmcenter];2021-11-28T06:47:01.130Z
0.14987715;open;2021-11-28T06:43:00Z;61;346;0;407;407;18944[Alte Oper];2021-11-28T06:47:01.130Z
0.016483517;open;2021-11-28T06:43:00Z;6;358;0;364;364;24281[Hauptbahnhof Süd];2021-11-28T06:47:01.130Z
0.7213542;open;2021-11-28T06:43:00Z;277;107;0;384;384;105479[Baseler Platz];2021-11-28T06:47:01.130Z
0.2855377;open;2021-11-28T06:43:00Z;231;578;0;809;809;24279[Konstabler];2021-11-28T06:47:01.130Z
0.5046948;open;2021-11-28T06:43:00Z;215;211;0;426;426;18497[Hauptwache];2021-11-28T06:47:01.130Z
0.33235294;open;2021-11-28T06:43:00Z;226;454;0;680;680;18495[Am Gericht];2021-11-28T06:47:01.130Z
0.10414453;open;2021-11-28T06:43:00Z;98;843;70;1011;941;109240[MyZeil];2021-11-28T06:47:01.130Z
0.39905363;open;2021-11-28T06:43:00Z;253;381;0;634;634;18494[Konrad-Adenauer-Straße];2021-11-28T06:47:01.130Z
0.185;open;2021-11-28T06:53:00Z;37;163;150;350;200;24276[Turmcenter];2021-11-28T06:57:02.367Z
0.14987715;open;2021-11-28T06:53:00Z;61;346;0;407;407;18944[Alte Oper];2021-11-28T06:57:02.367Z
0.01923077;open;2021-11-28T06:53:00Z;7;357;0;364;364;24281[Hauptbahnhof Süd];2021-11-28T06:57:02.367Z
0.7161458;open;2021-11-28T06:53:00Z;275;109;0;384;384;105479[Baseler Platz];2021-11-28T06:57:02.367Z
0.2843016;open;2021-11-28T06:53:00Z;230;579;0;809;809;24279[Konstabler];2021-11-28T06:57:02.367Z
0.5023474;open;2021-11-28T06:53:00Z;214;212;0;426;426;18497[Hauptwache];2021-11-28T06:57:02.367Z
0.33235294;open;2021-11-28T06:53:00Z;226;454;0;680;680;18495[Am Gericht];2021-11-28T06:57:02.367Z
0.10414453;open;2021-11-28T06:53:00Z;98;843;70;1011;941;109240[MyZeil];2021-11-28T06:57:02.367Z
0.39747635;open;2021-11-28T06:53:00Z;252;382;0;634;634;18494[Konrad-Adenauer-Straße];2021-11-28T06:57:02.367Z
0.19;open;2021-11-28T07:18:00Z;38;162;150;350;200;24276[Turmcenter];2021-11-28T07:22:00.363Z
0.15479116;open;2021-11-28T07:18:00Z;63;344;0;407;407;18944[Alte Oper];2021-11-28T07:22:00.363Z
0.01923077;open;2021-11-28T07:18:00Z;7;357;0;364;364;24281[Hauptbahnhof Süd];2021-11-28T07:22:00.363Z
0.7083333;open;2021-11-28T07:18:00Z;272;112;0;384;384;105479[Baseler Platz];2021-11-28T07:22:00.363Z
0.28059334;open;2021-11-28T07:18:00Z;227;582;0;809;809;24279[Konstabler];2021-11-28T07:22:00.363Z
0.5023474;open;2021-11-28T07:18:00Z;214;212;0;426;426;18497[Hauptwache];2021-11-28T07:22:00.363Z
0.32941177;open;2021-11-28T07:18:00Z;224;456;0;680;680;18495[Am Gericht];2021-11-28T07:22:00.363Z
0.106269926;open;2021-11-28T07:18:00Z;100;841;70;1011;941;109240[MyZeil];2021-11-28T07:22:00.363Z
0.39432177;open;2021-11-28T07:18:00Z;250;384;0;634;634;18494[Konrad-Adenauer-Straße];2021-11-28T07:22:00.363Z
0.185;open;2021-11-28T07:33:00Z;37;163;150;350;200;24276[Turmcenter];2021-11-28T07:37:01.187Z
0.15724815;open;2021-11-28T07:33:00Z;64;343;0;407;407;18944[Alte Oper];2021-11-28T07:37:01.187Z
0.01923077;open;2021-11-28T07:33:00Z;7;357;0;364;364;24281[Hauptbahnhof Süd];2021-11-28T07:37:01.187Z
0.6979167;open;2021-11-28T07:33:00Z;268;116;0;384;384;105479[Baseler Platz];2021-11-28T07:37:01.187Z
0.27812114;open;2021-11-28T07:33:00Z;225;584;0;809;809;24279[Konstabler];2021-11-28T07:37:01.187Z
0.5023474;open;2021-11-28T07:33:00Z;214;212;0;426;426;18497[Hauptwache];2021-11-28T07:37:01.187Z
0.32941177;open;2021-11-28T07:33:00Z;224;456;0;680;680;18495[Am Gericht];2021-11-28T07:37:01.187Z
0.10520723;open;2021-11-28T07:33:00Z;99;842;70;1011;941;109240[MyZeil];2021-11-28T07:37:01.187Z
0.3895899;open;2021-11-28T07:33:00Z;247;387;0;634;634;18494[Konrad-Adenauer-Straße];2021-11-28T07:37:01.187Z
0.185;open;2021-11-28T07:44:00Z;37;163;150;350;200;24276[Turmcenter];2021-11-28T07:47:02.644Z
0.15724815;open;2021-11-28T07:44:00Z;64;343;0;407;407;18944[Alte Oper];2021-11-28T07:47:02.644Z
0.016483517;open;2021-11-28T07:44:00Z;6;358;0;364;364;24281[Hauptbahnhof Süd];2021-11-28T07:47:02.644Z
0.6953125;open;2021-11-28T07:44:00Z;267;117;0;384;384;105479[Baseler Platz];2021-11-28T07:47:02.644Z
0.27935722;open;2021-11-28T07:44:00Z;226;583;0;809;809;24279[Konstabler];2021-11-28T07:47:02.644Z
0.5023474;open;2021-11-28T07:44:00Z;214;212;0;426;426;18497[Hauptwache];2021-11-28T07:47:02.644Z
0.32794118;open;2021-11-28T07:44:00Z;223;457;0;680;680;18495[Am Gericht];2021-11-28T07:47:02.644Z
0.10520723;open;2021-11-28T07:44:00Z;99;842;70;1011;941;109240[MyZeil];2021-11-28T07:47:02.644Z
0.3895899;open;2021-11-28T07:44:00Z;247;387;0;634;634;18494[Konrad-Adenauer-Straße];2021-11-28T07:47:02.644Z
0.18;open;2021-11-28T07:59:00Z;36;164;150;350;200;24276[Turmcenter];2021-11-28T08:02:02.399Z
0.15724815;open;2021-11-28T07:59:00Z;64;343;0;407;407;18944[Alte Oper];2021-11-28T08:02:02.399Z
0.013736264;open;2021-11-28T07:59:00Z;5;359;0;364;364;24281[Hauptbahnhof Süd];2021-11-28T08:02:02.399Z
0.7005208;open;2021-11-28T07:59:00Z;269;115;0;384;384;105479[Baseler Platz];2021-11-28T08:02:02.399Z
0.27688503;open;2021-11-28T07:59:00Z;224;585;0;809;809;24279[Konstabler];2021-11-28T08:02:02.399Z
0.5046948;open;2021-11-28T07:59:00Z;215;211;0;426;426;18497[Hauptwache];2021-11-28T08:02:02.399Z
0.32941177;open;2021-11-28T07:59:00Z;224;456;0;680;680;18495[Am Gericht];2021-11-28T08:02:02.399Z
0.106269926;open;2021-11-28T07:59:00Z;100;841;70;1011;941;109240[MyZeil];2021-11-28T08:02:02.399Z
0.39274448;open;2021-11-28T07:59:00Z;249;385;0;634;634;18494[Konrad-Adenauer-Straße];2021-11-28T08:02:02.399Z
0.175;open;2021-11-28T08:29:00Z;35;165;150;350;200;24276[Turmcenter];2021-11-28T08:32:00.378Z
0.16953316;open;2021-11-28T08:29:00Z;69;338;0;407;407;18944[Alte Oper];2021-11-28T08:32:00.378Z
0.01923077;open;2021-11-28T08:29:00Z;7;357;0;364;364;24281[Hauptbahnhof Süd];2021-11-28T08:32:00.378Z
0.703125;open;2021-11-28T08:29:00Z;270;114;0;384;384;105479[Baseler Platz];2021-11-28T08:32:00.378Z
0.27935722;open;2021-11-28T08:29:00Z;226;583;0;809;809;24279[Konstabler];2021-11-28T08:32:00.378Z
0.5070422;open;2021-11-28T08:29:00Z;216;210;0;426;426;18497[Hauptwache];2021-11-28T08:32:00.378Z
0.32941177;open;2021-11-28T08:29:00Z;224;456;0;680;680;18495[Am Gericht];2021-11-28T08:32:00.378Z
0.11052072;open;2021-11-28T08:29:00Z;104;837;70;1011;941;109240[MyZeil];2021-11-28T08:32:00.378Z
0.38801262;open;2021-11-28T08:29:00Z;246;388;0;634;634;18494[Konrad-Adenauer-Straße];2021-11-28T08:32:00.378Z
0.175;open;2021-11-28T08:39:00Z;35;165;150;350;200;24276[Turmcenter];2021-11-28T08:42:00.154Z
0.18181819;open;2021-11-28T08:39:00Z;74;333;0;407;407;18944[Alte Oper];2021-11-28T08:42:00.154Z
0.01923077;open;2021-11-28T08:39:00Z;7;357;0;364;364;24281[Hauptbahnhof Süd];2021-11-28T08:42:00.154Z
0.703125;open;2021-11-28T08:39:00Z;270;114;0;384;384;105479[Baseler Platz];2021-11-28T08:42:00.154Z
0.28182942;open;2021-11-28T08:39:00Z;228;581;0;809;809;24279[Konstabler];2021-11-28T08:42:00.154Z
0.5093897;open;2021-11-28T08:39:00Z;217;209;0;426;426;18497[Hauptwache];2021-11-28T08:42:00.154Z
0.32941177;open;2021-11-28T08:39:00Z;224;456;0;680;680;18495[Am Gericht];2021-11-28T08:42:00.154Z
0.10945802;open;2021-11-28T08:39:00Z;103;838;70;1011;941;109240[MyZeil];2021-11-28T08:42:00.154Z
0.38801262;open;2021-11-28T08:39:00Z;246;388;0;634;634;18494[Konrad-Adenauer-Straße];2021-11-28T08:42:00.154Z
0.175;open;2021-11-28T08:54:00Z;35;165;150;350;200;24276[Turmcenter];2021-11-28T08:57:02.258Z
0.2113022;open;2021-11-28T08:54:00Z;86;321;0;407;407;18944[Alte Oper];2021-11-28T08:57:02.258Z
0.021978023;open;2021-11-28T08:54:00Z;8;356;0;364;364;24281[Hauptbahnhof Süd];2021-11-28T08:57:02.258Z
0.703125;open;2021-11-28T08:54:00Z;270;114;0;384;384;105479[Baseler Platz];2021-11-28T08:57:02.258Z
0.2867738;open;2021-11-28T08:54:00Z;232;577;0;809;809;24279[Konstabler];2021-11-28T08:57:02.258Z
0.5164319;open;2021-11-28T08:54:00Z;220;206;0;426;426;18497[Hauptwache];2021-11-28T08:57:02.258Z
0.32647058;open;2021-11-28T08:54:00Z;222;458;0;680;680;18495[Am Gericht];2021-11-28T08:57:02.258Z
0.10839532;open;2021-11-28T08:54:00Z;102;839;70;1011;941;109240[MyZeil];2021-11-28T08:57:02.258Z
0.38485804;open;2021-11-28T08:54:00Z;244;390;0;634;634;18494[Konrad-Adenauer-Straße];2021-11-28T08:57:02.258Z
0.175;open;2021-11-28T09:19:00Z;35;165;150;350;200;24276[Turmcenter];2021-11-28T09:22:01.792Z
0.33906633;open;2021-11-28T09:19:00Z;138;269;0;407;407;18944[Alte Oper];2021-11-28T09:22:01.792Z
0.01923077;open;2021-11-28T09:19:00Z;7;357;0;364;364;24281[Hauptbahnhof Süd];2021-11-28T09:22:01.792Z
0.703125;open;2021-11-28T09:19:00Z;270;114;0;384;384;105479[Baseler Platz];2021-11-28T09:22:01.792Z
0.29171818;open;2021-11-28T09:19:00Z;236;573;0;809;809;24279[Konstabler];2021-11-28T09:22:01.792Z
0.53521127;open;2021-11-28T09:19:00Z;228;198;0;426;426;18497[Hauptwache];2021-11-28T09:22:01.792Z
0.325;open;2021-11-28T09:19:00Z;221;459;0;680;680;18495[Am Gericht];2021-11-28T09:22:01.792Z
0.11052072;open;2021-11-28T09:19:00Z;104;837;70;1011;941;109240[MyZeil];2021-11-28T09:22:01.792Z
0.38328075;open;2021-11-28T09:19:00Z;243;391;0;634;634;18494[Konrad-Adenauer-Straße];2021-11-28T09:22:01.792Z
0.185;open;2021-11-28T09:35:00Z;37;163;150;350;200;24276[Turmcenter];2021-11-28T09:37:01.885Z
0.43243244;open;2021-11-28T09:35:00Z;176;231;0;407;407;18944[Alte Oper];2021-11-28T09:37:01.885Z
0.01923077;open;2021-11-28T09:35:00Z;7;357;0;364;364;24281[Hauptbahnhof Süd];2021-11-28T09:37:01.885Z
0.703125;open;2021-11-28T09:35:00Z;270;114;0;384;384;105479[Baseler Platz];2021-11-28T09:37:01.885Z
0.29419035;open;2021-11-28T09:35:00Z;238;571;0;809;809;24279[Konstabler];2021-11-28T09:37:01.885Z
0.5516432;open;2021-11-28T09:35:00Z;235;191;0;426;426;18497[Hauptwache];2021-11-28T09:37:01.885Z
0.325;open;2021-11-28T09:35:00Z;221;459;0;680;680;18495[Am Gericht];2021-11-28T09:37:01.885Z
0.10945802;open;2021-11-28T09:35:00Z;103;838;70;1011;941;109240[MyZeil];2021-11-28T09:37:01.885Z
0.37381703;open;2021-11-28T09:35:00Z;237;397;0;634;634;18494[Konrad-Adenauer-Straße];2021-11-28T09:37:01.885Z
0.185;open;2021-11-28T09:45:00Z;37;163;150;350;200;24276[Turmcenter];2021-11-28T09:47:01.593Z
0.46683046;open;2021-11-28T09:45:00Z;190;217;0;407;407;18944[Alte Oper];2021-11-28T09:47:01.593Z
0.01923077;open;2021-11-28T09:45:00Z;7;357;0;364;364;24281[Hauptbahnhof Süd];2021-11-28T09:47:01.593Z
0.703125;open;2021-11-28T09:45:00Z;270;114;0;384;384;105479[Baseler Platz];2021-11-28T09:47:01.593Z
0.29666254;open;2021-11-28T09:45:00Z;240;569;0;809;809;24279[Konstabler];2021-11-28T09:47:01.593Z
0.58215964;open;2021-11-28T09:45:00Z;248;178;0;426;426;18497[Hauptwache];2021-11-28T09:47:01.593Z
0.325;open;2021-11-28T09:45:00Z;221;459;0;680;680;18495[Am Gericht];2021-11-28T09:47:01.593Z
0.11158342;open;2021-11-28T09:45:00Z;105;836;70;1011;941;109240[MyZeil];2021-11-28T09:47:01.593Z
0.3769716;open;2021-11-28T09:45:00Z;239;395;0;634;634;18494[Konrad-Adenauer-Straße];2021-11-28T09:47:01.593Z
0.195;open;2021-11-28T09:55:00Z;39;161;150;350;200;24276[Turmcenter];2021-11-28T09:57:01.147Z
0.4864865;open;2021-11-28T09:55:00Z;198;209;0;407;407;18944[Alte Oper];2021-11-28T09:57:01.147Z
0.01923077;open;2021-11-28T09:55:00Z;7;357;0;364;364;24281[Hauptbahnhof Süd];2021-11-28T09:57:01.147Z
0.703125;open;2021-11-28T09:55:00Z;270;114;0;384;384;105479[Baseler Platz];2021-11-28T09:57:01.147Z
0.29666254;open;2021-11-28T09:55:00Z;240;569;0;809;809;24279[Konstabler];2021-11-28T09:57:01.147Z
0.58920187;open;2021-11-28T09:55:00Z;251;175;0;426;426;18497[Hauptwache];2021-11-28T09:57:01.147Z
0.32352942;open;2021-11-28T09:55:00Z;220;460;0;680;680;18495[Am Gericht];2021-11-28T09:57:01.147Z
0.113708824;open;2021-11-28T09:55:00Z;107;834;70;1011;941;109240[MyZeil];2021-11-28T09:57:01.147Z
0.3785489;open;2021-11-28T09:55:00Z;240;394;0;634;634;18494[Konrad-Adenauer-Straße];2021-11-28T09:57:01.147Z
0.185;open;2021-11-28T10:25:00Z;37;163;150;350;200;24276[Turmcenter];2021-11-28T10:27:00.347Z
0.5012285;open;2021-11-28T10:25:00Z;204;203;0;407;407;18944[Alte Oper];2021-11-28T10:27:00.347Z
0.01923077;open;2021-11-28T10:25:00Z;7;357;0;364;364;24281[Hauptbahnhof Süd];2021-11-28T10:27:00.347Z
0.703125;open;2021-11-28T10:25:00Z;270;114;0;384;384;105479[Baseler Platz];2021-11-28T10:27:00.347Z
0.3077874;open;2021-11-28T10:25:00Z;249;560;0;809;809;24279[Konstabler];2021-11-28T10:27:00.347Z
0.64788735;open;2021-11-28T10:25:00Z;276;150;0;426;426;18497[Hauptwache];2021-11-28T10:27:00.347Z
0.32794118;open;2021-11-28T10:25:00Z;223;457;0;680;680;18495[Am Gericht];2021-11-28T10:27:00.347Z
0.11689692;open;2021-11-28T10:25:00Z;110;831;70;1011;941;109240[MyZeil];2021-11-28T10:27:00.347Z
0.3769716;open;2021-11-28T10:25:00Z;239;395;0;634;634;18494[Konrad-Adenauer-Straße];2021-11-28T10:27:00.347Z
0.19;open;2021-11-28T10:45:00Z;38;162;150;350;200;24276[Turmcenter];2021-11-28T10:47:01.337Z
0.5085995;open;2021-11-28T10:45:00Z;207;200;0;407;407;18944[Alte Oper];2021-11-28T10:47:01.337Z
0.01923077;open;2021-11-28T10:45:00Z;7;357;0;364;364;24281[Hauptbahnhof Süd];2021-11-28T10:47:01.337Z
0.703125;open;2021-11-28T10:45:00Z;270;114;0;384;384;105479[Baseler Platz];2021-11-28T10:47:01.337Z
0.3250927;open;2021-11-28T10:45:00Z;263;546;0;809;809;24279[Konstabler];2021-11-28T10:47:01.337Z
0.6619718;open;2021-11-28T10:45:00Z;282;144;0;426;426;18497[Hauptwache];2021-11-28T10:47:01.337Z
0.32941177;open;2021-11-28T10:45:00Z;224;456;0;680;680;18495[Am Gericht];2021-11-28T10:47:01.337Z
0.12221041;open;2021-11-28T10:45:00Z;115;826;70;1011;941;109240[MyZeil];2021-11-28T10:47:01.337Z
0.37381703;open;2021-11-28T10:45:00Z;237;397;0;634;634;18494[Konrad-Adenauer-Straße];2021-11-28T10:47:01.337Z
0.175;open;2021-11-28T10:55:00Z;35;165;150;350;200;24276[Turmcenter];2021-11-28T10:57:01.418Z
0.5135135;open;2021-11-28T10:55:00Z;209;198;0;407;407;18944[Alte Oper];2021-11-28T10:57:01.418Z
0.021978023;open;2021-11-28T10:55:00Z;8;356;0;364;364;24281[Hauptbahnhof Süd];2021-11-28T10:57:01.418Z
0.703125;open;2021-11-28T10:55:00Z;270;114;0;384;384;105479[Baseler Platz];2021-11-28T10:57:01.418Z
0.33374536;open;2021-11-28T10:55:00Z;270;539;0;809;809;24279[Konstabler];2021-11-28T10:57:01.418Z
0.6830986;open;2021-11-28T10:55:00Z;291;135;0;426;426;18497[Hauptwache];2021-11-28T10:57:01.418Z
0.32941177;open;2021-11-28T10:55:00Z;224;456;0;680;680;18495[Am Gericht];2021-11-28T10:57:01.418Z
0.12221041;open;2021-11-28T10:55:00Z;115;826;70;1011;941;109240[MyZeil];2021-11-28T10:57:01.418Z
0.3769716;open;2021-11-28T10:55:00Z;239;395;0;634;634;18494[Konrad-Adenauer-Straße];2021-11-28T10:57:01.418Z
0.17;open;2021-11-28T11:15:00Z;34;166;150;350;200;24276[Turmcenter];2021-11-28T11:17:02.524Z
0.5085995;open;2021-11-28T11:15:00Z;207;200;0;407;407;18944[Alte Oper];2021-11-28T11:17:02.524Z
0.021978023;open;2021-11-28T11:15:00Z;8;356;0;364;364;24281[Hauptbahnhof Süd];2021-11-28T11:17:02.524Z
0.703125;open;2021-11-28T11:15:00Z;270;114;0;384;384;105479[Baseler Platz];2021-11-28T11:17:02.524Z
0.35599506;open;2021-11-28T11:15:00Z;288;521;0;809;809;24279[Konstabler];2021-11-28T11:17:02.524Z
0.7253521;open;2021-11-28T11:15:00Z;309;117;0;426;426;18497[Hauptwache];2021-11-28T11:17:02.524Z
0.33235294;open;2021-11-28T11:15:00Z;226;454;0;680;680;18495[Am Gericht];2021-11-28T11:17:02.524Z
0.12964931;open;2021-11-28T11:15:00Z;122;819;70;1011;941;109240[MyZeil];2021-11-28T11:17:02.524Z
0.38328075;open;2021-11-28T11:15:00Z;243;391;0;634;634;18494[Konrad-Adenauer-Straße];2021-11-28T11:17:02.524Z
0.17;open;2021-11-28T11:36:00Z;34;166;150;350;200;24276[Turmcenter];2021-11-28T11:37:00.093Z
0.5208845;open;2021-11-28T11:36:00Z;212;195;0;407;407;18944[Alte Oper];2021-11-28T11:37:00.093Z
0.024725275;open;2021-11-28T11:36:00Z;9;355;0;364;364;24281[Hauptbahnhof Süd];2021-11-28T11:37:00.093Z
0.703125;open;2021-11-28T11:36:00Z;270;114;0;384;384;105479[Baseler Platz];2021-11-28T11:37:00.093Z
0.38689741;open;2021-11-28T11:36:00Z;313;496;0;809;809;24279[Konstabler];2021-11-28T11:37:00.093Z
0.79812205;open;2021-11-28T11:36:00Z;340;86;0;426;426;18497[Hauptwache];2021-11-28T11:37:00.093Z
0.33529413;open;2021-11-28T11:36:00Z;228;452;0;680;680;18495[Am Gericht];2021-11-28T11:37:00.093Z
0.1381509;open;2021-11-28T11:36:00Z;130;811;70;1011;941;109240[MyZeil];2021-11-28T11:37:00.093Z
0.38643533;open;2021-11-28T11:36:00Z;245;389;0;634;634;18494[Konrad-Adenauer-Straße];2021-11-28T11:37:00.093Z
0.17;open;2021-11-28T11:41:00Z;34;166;150;350;200;24276[Turmcenter];2021-11-28T11:42:02.684Z
0.5184275;open;2021-11-28T11:41:00Z;211;196;0;407;407;18944[Alte Oper];2021-11-28T11:42:02.684Z
0.03021978;open;2021-11-28T11:41:00Z;11;353;0;364;364;24281[Hauptbahnhof Süd];2021-11-28T11:42:02.684Z
0.703125;open;2021-11-28T11:41:00Z;270;114;0;384;384;105479[Baseler Platz];2021-11-28T11:42:02.684Z
0.40049443;open;2021-11-28T11:41:00Z;324;485;0;809;809;24279[Konstabler];2021-11-28T11:42:02.684Z
0.80516434;open;2021-11-28T11:41:00Z;343;83;0;426;426;18497[Hauptwache];2021-11-28T11:42:02.684Z
0.3367647;open;2021-11-28T11:41:00Z;229;451;0;680;680;18495[Am Gericht];2021-11-28T11:42:02.684Z
0.1392136;open;2021-11-28T11:41:00Z;131;810;70;1011;941;109240[MyZeil];2021-11-28T11:42:02.684Z
0.38170347;open;2021-11-28T11:41:00Z;242;392;0;634;634;18494[Konrad-Adenauer-Straße];2021-11-28T11:42:02.684Z
0.185;open;2021-11-28T11:56:00Z;37;163;150;350;200;24276[Turmcenter];2021-11-28T11:57:02.339Z
0.5282555;open;2021-11-28T11:56:00Z;215;192;0;407;407;18944[Alte Oper];2021-11-28T11:57:02.339Z
0.024725275;open;2021-11-28T11:56:00Z;9;355;0;364;364;24281[Hauptbahnhof Süd];2021-11-28T11:57:02.339Z
0.703125;open;2021-11-28T11:56:00Z;270;114;0;384;384;105479[Baseler Platz];2021-11-28T11:57:02.339Z
0.42398024;open;2021-11-28T11:56:00Z;343;466;0;809;809;24279[Konstabler];2021-11-28T11:57:02.339Z
0.82159626;open;2021-11-28T11:56:00Z;350;76;0;426;426;18497[Hauptwache];2021-11-28T11:57:02.339Z
0.3382353;open;2021-11-28T11:56:00Z;230;450;0;680;680;18495[Am Gericht];2021-11-28T11:57:02.339Z
0.13708821;open;2021-11-28T11:56:00Z;129;812;70;1011;941;109240[MyZeil];2021-11-28T11:57:02.339Z
0.38012618;open;2021-11-28T11:56:00Z;241;393;0;634;634;18494[Konrad-Adenauer-Straße];2021-11-28T11:57:02.339Z
0.19;open;2021-11-28T12:26:00Z;38;162;150;350;200;24276[Turmcenter];2021-11-28T12:27:00.486Z
0.3882064;open;2021-11-28T12:26:00Z;158;249;0;407;407;18944[Alte Oper];2021-11-28T12:27:00.486Z
0.032967035;open;2021-11-28T12:26:00Z;12;352;0;364;364;24281[Hauptbahnhof Süd];2021-11-28T12:27:00.486Z
0.703125;open;2021-11-28T12:26:00Z;270;114;0;384;384;105479[Baseler Platz];2021-11-28T12:27:00.486Z
0.4437577;open;2021-11-28T12:26:00Z;359;450;0;809;809;24279[Konstabler];2021-11-28T12:27:00.486Z
0.86150235;open;2021-11-28T12:26:00Z;367;59;0;426;426;18497[Hauptwache];2021-11-28T12:27:00.486Z
0.34411764;open;2021-11-28T12:26:00Z;234;446;0;680;680;18495[Am Gericht];2021-11-28T12:27:00.486Z
0.1445271;open;2021-11-28T12:26:00Z;136;805;70;1011;941;109240[MyZeil];2021-11-28T12:27:00.486Z
0.39432177;open;2021-11-28T12:26:00Z;250;384;0;634;634;18494[Konrad-Adenauer-Straße];2021-11-28T12:27:00.486Z
0.26;open;2021-11-28T13:01:00Z;52;148;150;350;200;24276[Turmcenter];2021-11-28T13:02:01.004Z
0.33415234;open;2021-11-28T13:01:00Z;136;271;0;407;407;18944[Alte Oper];2021-11-28T13:02:01.004Z
0.041208792;open;2021-11-28T13:01:00Z;15;349;0;364;364;24281[Hauptbahnhof Süd];2021-11-28T13:02:01.004Z
0.703125;open;2021-11-28T13:01:00Z;270;114;0;384;384;105479[Baseler Platz];2021-11-28T13:02:01.004Z
0.48207664;open;2021-11-28T13:01:00Z;390;419;0;809;809;24279[Konstabler];2021-11-28T13:02:01.004Z
0.92957747;open;2021-11-28T13:01:00Z;396;30;0;426;426;18497[Hauptwache];2021-11-28T13:02:01.004Z
0.36911765;open;2021-11-28T13:01:00Z;251;429;0;680;680;18495[Am Gericht];2021-11-28T13:02:01.004Z
0.1445271;open;2021-11-28T13:01:00Z;136;805;70;1011;941;109240[MyZeil];2021-11-28T13:02:01.004Z
0.4037855;open;2021-11-28T13:01:00Z;256;378;0;634;634;18494[Konrad-Adenauer-Straße];2021-11-28T13:02:01.004Z
0.29;open;2021-11-28T13:21:00Z;58;142;150;350;200;24276[Turmcenter];2021-11-28T13:27:00.822Z
0.33169532;open;2021-11-28T13:21:00Z;135;272;0;407;407;18944[Alte Oper];2021-11-28T13:27:00.822Z
0.03846154;open;2021-11-28T13:21:00Z;14;350;0;364;364;24281[Hauptbahnhof Süd];2021-11-28T13:27:00.822Z
0.703125;open;2021-11-28T13:21:00Z;270;114;0;384;384;105479[Baseler Platz];2021-11-28T13:27:00.822Z
0.49814585;open;2021-11-28T13:21:00Z;403;406;0;809;809;24279[Konstabler];2021-11-28T13:27:00.822Z
0.92723006;open;2021-11-28T13:21:00Z;395;31;0;426;426;18497[Hauptwache];2021-11-28T13:27:00.822Z
0.38088235;open;2021-11-28T13:21:00Z;259;421;0;680;680;18495[Am Gericht];2021-11-28T13:27:00.822Z
0.1392136;open;2021-11-28T13:21:00Z;131;810;70;1011;941;109240[MyZeil];2021-11-28T13:27:00.822Z
0.41324922;open;2021-11-28T13:21:00Z;262;372;0;634;634;18494[Konrad-Adenauer-Straße];2021-11-28T13:27:00.822Z
0.285;open;2021-11-28T13:32:00Z;57;143;150;350;200;24276[Turmcenter];2021-11-28T13:37:02.416Z
0.33169532;open;2021-11-28T13:32:00Z;135;272;0;407;407;18944[Alte Oper];2021-11-28T13:37:02.416Z
0.041208792;open;2021-11-28T13:32:00Z;15;349;0;364;364;24281[Hauptbahnhof Süd];2021-11-28T13:37:02.416Z
0.703125;open;2021-11-28T13:32:00Z;270;114;0;384;384;105479[Baseler Platz];2021-11-28T13:37:02.416Z
0.512979;open;2021-11-28T13:32:00Z;415;394;0;809;809;24279[Konstabler];2021-11-28T13:37:02.416Z
0.9530516;open;2021-11-28T13:32:00Z;406;20;0;426;426;18497[Hauptwache];2021-11-28T13:37:02.416Z
0.38382354;open;2021-11-28T13:32:00Z;261;419;0;680;680;18495[Am Gericht];2021-11-28T13:37:02.416Z
0.13708821;open;2021-11-28T13:32:00Z;129;812;70;1011;941;109240[MyZeil];2021-11-28T13:37:02.416Z
0.4148265;open;2021-11-28T13:32:00Z;263;371;0;634;634;18494[Konrad-Adenauer-Straße];2021-11-28T13:37:02.416Z
0.29;open;2021-11-28T13:47:00Z;58;142;150;350;200;24276[Turmcenter];2021-11-28T13:52:01.805Z
0.35626537;open;2021-11-28T13:47:00Z;145;262;0;407;407;18944[Alte Oper];2021-11-28T13:52:01.805Z
0.041208792;open;2021-11-28T13:47:00Z;15;349;0;364;364;24281[Hauptbahnhof Süd];2021-11-28T13:52:01.805Z
0.703125;open;2021-11-28T13:47:00Z;270;114;0;384;384;105479[Baseler Platz];2021-11-28T13:52:01.805Z
0.53522867;open;2021-11-28T13:47:00Z;433;376;0;809;809;24279[Konstabler];2021-11-28T13:52:01.805Z
0.9976526;open;2021-11-28T13:47:00Z;425;1;0;426;426;18497[Hauptwache];2021-11-28T13:52:01.805Z
0.4;open;2021-11-28T13:47:00Z;272;408;0;680;680;18495[Am Gericht];2021-11-28T13:52:01.805Z
0.13496281;open;2021-11-28T13:47:00Z;127;814;70;1011;941;109240[MyZeil];2021-11-28T13:52:01.805Z
0.41955835;open;2021-11-28T13:47:00Z;266;368;0;634;634;18494[Konrad-Adenauer-Straße];2021-11-28T13:52:01.805Z
0.305;open;2021-11-28T14:17:00Z;61;139;150;350;200;24276[Turmcenter];2021-11-28T14:22:02.249Z
0.34643734;open;2021-11-28T14:17:00Z;141;266;0;407;407;18944[Alte Oper];2021-11-28T14:22:02.249Z
0.035714287;open;2021-11-28T14:17:00Z;13;351;0;364;364;24281[Hauptbahnhof Süd];2021-11-28T14:22:02.249Z
0.703125;open;2021-11-28T14:17:00Z;270;114;0;384;384;105479[Baseler Platz];2021-11-28T14:22:02.249Z
0.57725585;open;2021-11-28T14:17:00Z;467;342;0;809;809;24279[Konstabler];2021-11-28T14:22:02.249Z
0.9976526;open;2021-11-28T14:17:00Z;425;1;0;426;426;18497[Hauptwache];2021-11-28T14:22:02.249Z
0.42647058;open;2021-11-28T14:17:00Z;290;390;0;680;680;18495[Am Gericht];2021-11-28T14:22:02.249Z
0.14665249;open;2021-11-28T14:17:00Z;138;803;70;1011;941;109240[MyZeil];2021-11-28T14:22:02.249Z
0.43217665;open;2021-11-28T14:17:00Z;274;360;0;634;634;18494[Konrad-Adenauer-Straße];2021-11-28T14:22:02.249Z
0.31;open;2021-11-28T14:27:00Z;62;138;150;350;200;24276[Turmcenter];2021-11-28T14:32:01.800Z
0.34152335;open;2021-11-28T14:27:00Z;139;268;0;407;407;18944[Alte Oper];2021-11-28T14:32:01.800Z
0.035714287;open;2021-11-28T14:27:00Z;13;351;0;364;364;24281[Hauptbahnhof Süd];2021-11-28T14:32:01.800Z
0.703125;open;2021-11-28T14:27:00Z;270;114;0;384;384;105479[Baseler Platz];2021-11-28T14:32:01.800Z
0.58343637;open;2021-11-28T14:27:00Z;472;337;0;809;809;24279[Konstabler];2021-11-28T14:32:01.800Z
1;open;2021-11-28T14:27:00Z;426;0;0;426;426;18497[Hauptwache];2021-11-28T14:32:01.800Z
0.43676472;open;2021-11-28T14:27:00Z;297;383;0;680;680;18495[Am Gericht];2021-11-28T14:32:01.800Z
0.1477152;open;2021-11-28T14:27:00Z;139;802;70;1011;941;109240[MyZeil];2021-11-28T14:32:01.800Z
0.4400631;open;2021-11-28T14:27:00Z;279;355;0;634;634;18494[Konrad-Adenauer-Straße];2021-11-28T14:32:01.800Z
0.305;open;2021-11-28T14:37:00Z;61;139;150;350;200;24276[Turmcenter];2021-11-28T14:42:01.244Z
0.34398034;open;2021-11-28T14:37:00Z;140;267;0;407;407;18944[Alte Oper];2021-11-28T14:42:01.244Z
0.03846154;open;2021-11-28T14:37:00Z;14;350;0;364;364;24281[Hauptbahnhof Süd];2021-11-28T14:42:01.244Z
0.703125;open;2021-11-28T14:37:00Z;270;114;0;384;384;105479[Baseler Platz];2021-11-28T14:42:01.244Z
0.6118665;open;2021-11-28T14:37:00Z;495;314;0;809;809;24279[Konstabler];2021-11-28T14:42:01.244Z
0.9976526;open;2021-11-28T14:37:00Z;425;1;0;426;426;18497[Hauptwache];2021-11-28T14:42:01.244Z
0.45294118;open;2021-11-28T14:37:00Z;308;372;0;680;680;18495[Am Gericht];2021-11-28T14:42:01.244Z
0.1445271;open;2021-11-28T14:37:00Z;136;805;70;1011;941;109240[MyZeil];2021-11-28T14:42:01.244Z
0.44164038;open;2021-11-28T14:37:00Z;280;354;0;634;634;18494[Konrad-Adenauer-Straße];2021-11-28T14:42:01.244Z
0.29;open;2021-11-28T14:53:00Z;58;142;150;350;200;24276[Turmcenter];2021-11-28T14:57:02.251Z
0.3980344;open;2021-11-28T14:53:00Z;162;245;0;407;407;18944[Alte Oper];2021-11-28T14:57:02.251Z
0.03846154;open;2021-11-28T14:53:00Z;14;350;0;364;364;24281[Hauptbahnhof Süd];2021-11-28T14:57:02.251Z
0.703125;open;2021-11-28T14:53:00Z;270;114;0;384;384;105479[Baseler Platz];2021-11-28T14:57:02.251Z
0.6464771;open;2021-11-28T14:53:00Z;523;286;0;809;809;24279[Konstabler];2021-11-28T14:57:02.251Z
1;open;2021-11-28T14:53:00Z;426;0;0;426;426;18497[Hauptwache];2021-11-28T14:57:02.251Z
0.45882353;open;2021-11-28T14:53:00Z;312;368;0;680;680;18495[Am Gericht];2021-11-28T14:57:02.251Z
0.1445271;open;2021-11-28T14:53:00Z;136;805;70;1011;941;109240[MyZeil];2021-11-28T14:57:02.251Z
0.4511041;open;2021-11-28T14:53:00Z;286;348;0;634;634;18494[Konrad-Adenauer-Straße];2021-11-28T14:57:02.251Z
0.26;open;2021-11-28T15:23:00Z;52;148;150;350;200;24276[Turmcenter];2021-11-28T15:27:01.086Z
0.5724816;open;2021-11-28T15:23:00Z;233;174;0;407;407;18944[Alte Oper];2021-11-28T15:27:01.086Z
0.027472528;open;2021-11-28T15:23:00Z;10;354;0;364;364;24281[Hauptbahnhof Süd];2021-11-28T15:27:01.086Z
0.703125;open;2021-11-28T15:23:00Z;270;114;0;384;384;105479[Baseler Platz];2021-11-28T15:27:01.086Z
0.64029664;open;2021-11-28T15:23:00Z;518;291;0;809;809;24279[Konstabler];2021-11-28T15:27:01.086Z
1;open;2021-11-28T15:23:00Z;426;0;0;426;426;18497[Hauptwache];2021-11-28T15:27:01.086Z
0.46617648;open;2021-11-28T15:23:00Z;317;363;0;680;680;18495[Am Gericht];2021-11-28T15:27:01.086Z
0.1498406;open;2021-11-28T15:23:00Z;141;800;70;1011;941;109240[MyZeil];2021-11-28T15:27:01.086Z
0.4384858;open;2021-11-28T15:23:00Z;278;356;0;634;634;18494[Konrad-Adenauer-Straße];2021-11-28T15:27:01.086Z
0.27;open;2021-11-28T15:43:00Z;54;146;150;350;200;24276[Turmcenter];2021-11-28T15:47:02.891Z
0.67321867;open;2021-11-28T15:43:00Z;274;133;0;407;407;18944[Alte Oper];2021-11-28T15:47:02.891Z
0.035714287;open;2021-11-28T15:43:00Z;13;351;0;364;364;24281[Hauptbahnhof Süd];2021-11-28T15:47:02.891Z
0.703125;open;2021-11-28T15:43:00Z;270;114;0;384;384;105479[Baseler Platz];2021-11-28T15:47:02.891Z
0.66254634;open;2021-11-28T15:43:00Z;536;273;0;809;809;24279[Konstabler];2021-11-28T15:47:02.891Z
1;open;2021-11-28T15:43:00Z;426;0;0;426;426;18497[Hauptwache];2021-11-28T15:47:02.891Z
0.4632353;open;2021-11-28T15:43:00Z;315;365;0;680;680;18495[Am Gericht];2021-11-28T15:47:02.891Z
0.1530287;open;2021-11-28T15:43:00Z;144;797;70;1011;941;109240[MyZeil];2021-11-28T15:47:02.891Z
0.42902207;open;2021-11-28T15:43:00Z;272;362;0;634;634;18494[Konrad-Adenauer-Straße];2021-11-28T15:47:02.891Z
0.295;open;2021-11-28T15:58:00Z;59;141;150;350;200;24276[Turmcenter];2021-11-28T16:02:01.736Z
0.71253073;open;2021-11-28T15:58:00Z;290;117;0;407;407;18944[Alte Oper];2021-11-28T16:02:01.736Z
0.041208792;open;2021-11-28T15:58:00Z;15;349;0;364;364;24281[Hauptbahnhof Süd];2021-11-28T16:02:01.736Z
0.5885417;open;2021-11-28T15:58:00Z;226;158;0;384;384;105479[Baseler Platz];2021-11-28T16:02:01.736Z
0.68479604;open;2021-11-28T15:58:00Z;554;255;0;809;809;24279[Konstabler];2021-11-28T16:02:01.736Z
0.9953052;open;2021-11-28T15:58:00Z;424;2;0;426;426;18497[Hauptwache];2021-11-28T16:02:01.736Z
0.4735294;open;2021-11-28T15:58:00Z;322;358;0;680;680;18495[Am Gericht];2021-11-28T16:02:01.736Z
0.15834218;open;2021-11-28T15:58:00Z;149;792;70;1011;941;109240[MyZeil];2021-11-28T16:02:01.736Z
0.43217665;open;2021-11-28T15:58:00Z;274;360;0;634;634;18494[Konrad-Adenauer-Straße];2021-11-28T16:02:01.736Z
0.3;open;2021-11-28T16:29:00Z;60;140;150;350;200;24276[Turmcenter];2021-11-28T16:32:02.957Z
0.6904177;open;2021-11-28T16:29:00Z;281;126;0;407;407;18944[Alte Oper];2021-11-28T16:32:02.957Z
0.021978023;open;2021-11-28T16:29:00Z;8;356;0;364;364;24281[Hauptbahnhof Süd];2021-11-28T16:32:02.957Z
0.5885417;open;2021-11-28T16:29:00Z;226;158;0;384;384;105479[Baseler Platz];2021-11-28T16:32:02.957Z
0.6538937;open;2021-11-28T16:29:00Z;529;280;0;809;809;24279[Konstabler];2021-11-28T16:32:02.957Z
0.9953052;open;2021-11-28T16:29:00Z;424;2;0;426;426;18497[Hauptwache];2021-11-28T16:32:02.957Z
0.49411765;open;2021-11-28T16:29:00Z;336;344;0;680;680;18495[Am Gericht];2021-11-28T16:32:02.957Z
0.15940489;open;2021-11-28T16:29:00Z;150;791;70;1011;941;109240[MyZeil];2021-11-28T16:32:02.957Z
0.41798106;open;2021-11-28T16:29:00Z;265;369;0;634;634;18494[Konrad-Adenauer-Straße];2021-11-28T16:32:02.957Z
0.3;open;2021-11-28T17:04:00Z;60;140;150;350;200;24276[Turmcenter];2021-11-28T17:07:00.323Z
0.6560196;open;2021-11-28T17:04:00Z;267;140;0;407;407;18944[Alte Oper];2021-11-28T17:07:00.323Z
0.03021978;open;2021-11-28T17:04:00Z;11;353;0;364;364;24281[Hauptbahnhof Süd];2021-11-28T17:07:00.323Z
0.59375;open;2021-11-28T17:04:00Z;228;156;0;384;384;105479[Baseler Platz];2021-11-28T17:07:00.323Z
0.65760195;open;2021-11-28T17:04:00Z;532;277;0;809;809;24279[Konstabler];2021-11-28T17:07:00.323Z
1;open;2021-11-28T17:04:00Z;426;0;0;426;426;18497[Hauptwache];2021-11-28T17:07:00.323Z
0.5058824;open;2021-11-28T17:04:00Z;344;336;0;680;680;18495[Am Gericht];2021-11-28T17:07:00.323Z
0.15621679;open;2021-11-28T17:04:00Z;147;794;70;1011;941;109240[MyZeil];2021-11-28T17:07:00.323Z
0.42113563;open;2021-11-28T17:04:00Z;267;367;0;634;634;18494[Konrad-Adenauer-Straße];2021-11-28T17:07:00.323Z
0.29;open;2021-11-28T17:35:00Z;58;142;150;350;200;24276[Turmcenter];2021-11-28T17:37:02.795Z
0.6363636;open;2021-11-28T17:35:00Z;259;148;0;407;407;18944[Alte Oper];2021-11-28T17:37:02.795Z
0.035714287;open;2021-11-28T17:35:00Z;13;351;0;364;364;24281[Hauptbahnhof Süd];2021-11-28T17:37:02.795Z
0.5911458;open;2021-11-28T17:35:00Z;227;157;0;384;384;105479[Baseler Platz];2021-11-28T17:37:02.795Z
0.66131026;open;2021-11-28T17:35:00Z;535;274;0;809;809;24279[Konstabler];2021-11-28T17:37:02.795Z
0.97183096;open;2021-11-28T17:35:00Z;414;12;0;426;426;18497[Hauptwache];2021-11-28T17:37:02.795Z
0.5176471;open;2021-11-28T17:35:00Z;352;328;0;680;680;18495[Am Gericht];2021-11-28T17:37:02.795Z
0.16365568;open;2021-11-28T17:35:00Z;154;787;70;1011;941;109240[MyZeil];2021-11-28T17:37:02.795Z
0.42902207;open;2021-11-28T17:35:00Z;272;362;0;634;634;18494[Konrad-Adenauer-Straße];2021-11-28T17:37:02.795Z
0.295;open;2021-11-28T17:50:00Z;59;141;150;350;200;24276[Turmcenter];2021-11-28T17:52:02.474Z
0.6412777;open;2021-11-28T17:50:00Z;261;146;0;407;407;18944[Alte Oper];2021-11-28T17:52:02.474Z
0.027472528;open;2021-11-28T17:50:00Z;10;354;0;364;364;24281[Hauptbahnhof Süd];2021-11-28T17:52:02.474Z
0.5963542;open;2021-11-28T17:50:00Z;229;155;0;384;384;105479[Baseler Platz];2021-11-28T17:52:02.474Z
0.6687268;open;2021-11-28T17:50:00Z;541;268;0;809;809;24279[Konstabler];2021-11-28T17:52:02.474Z
0.9600939;open;2021-11-28T17:50:00Z;409;17;0;426;426;18497[Hauptwache];2021-11-28T17:52:02.474Z
0.5264706;open;2021-11-28T17:50:00Z;358;322;0;680;680;18495[Am Gericht];2021-11-28T17:52:02.474Z
0.16153029;open;2021-11-28T17:50:00Z;152;789;70;1011;941;109240[MyZeil];2021-11-28T17:52:02.474Z
0.43375394;open;2021-11-28T17:50:00Z;275;359;0;634;634;18494[Konrad-Adenauer-Straße];2021-11-28T17:52:02.474Z
0.295;open;2021-11-28T17:55:00Z;59;141;150;350;200;24276[Turmcenter];2021-11-28T17:57:01.425Z
0.64373463;open;2021-11-28T17:55:00Z;262;145;0;407;407;18944[Alte Oper];2021-11-28T17:57:01.425Z
0.027472528;open;2021-11-28T17:55:00Z;10;354;0;364;364;24281[Hauptbahnhof Süd];2021-11-28T17:57:01.425Z
0.5963542;open;2021-11-28T17:55:00Z;229;155;0;384;384;105479[Baseler Platz];2021-11-28T17:57:01.425Z
0.67490727;open;2021-11-28T17:55:00Z;546;263;0;809;809;24279[Konstabler];2021-11-28T17:57:01.425Z
0.96478873;open;2021-11-28T17:55:00Z;411;15;0;426;426;18497[Hauptwache];2021-11-28T17:57:01.425Z
0.53382355;open;2021-11-28T17:55:00Z;363;317;0;680;680;18495[Am Gericht];2021-11-28T17:57:01.425Z
0.1604676;open;2021-11-28T17:55:00Z;151;790;70;1011;941;109240[MyZeil];2021-11-28T17:57:01.425Z
0.43375394;open;2021-11-28T17:55:00Z;275;359;0;634;634;18494[Konrad-Adenauer-Straße];2021-11-28T17:57:01.425Z
0.285;open;2021-11-28T18:30:00Z;57;143;150;350;200;24276[Turmcenter];2021-11-28T18:32:01.837Z
0.42751843;open;2021-11-28T18:30:00Z;174;233;0;407;407;18944[Alte Oper];2021-11-28T18:32:01.837Z
0.024725275;open;2021-11-28T18:30:00Z;9;355;0;364;364;24281[Hauptbahnhof Süd];2021-11-28T18:32:01.837Z
0.5963542;open;2021-11-28T18:30:00Z;229;155;0;384;384;105479[Baseler Platz];2021-11-28T18:32:01.837Z
0.5957973;open;2021-11-28T18:30:00Z;482;327;0;809;809;24279[Konstabler];2021-11-28T18:32:01.837Z
0.9624413;open;2021-11-28T18:30:00Z;410;16;0;426;426;18497[Hauptwache];2021-11-28T18:32:01.837Z
0.5352941;open;2021-11-28T18:30:00Z;364;316;0;680;680;18495[Am Gericht];2021-11-28T18:32:01.837Z
0.1445271;open;2021-11-28T18:30:00Z;136;805;70;1011;941;109240[MyZeil];2021-11-28T18:32:01.837Z
0.44479495;open;2021-11-28T18:30:00Z;282;352;0;634;634;18494[Konrad-Adenauer-Straße];2021-11-28T18:32:01.837Z
0.27;open;2021-11-28T18:46:00Z;54;146;150;350;200;24276[Turmcenter];2021-11-28T18:47:00.763Z
0.3144963;open;2021-11-28T18:46:00Z;128;279;0;407;407;18944[Alte Oper];2021-11-28T18:47:00.763Z
0.024725275;open;2021-11-28T18:46:00Z;9;355;0;364;364;24281[Hauptbahnhof Süd];2021-11-28T18:47:00.763Z
0.5963542;open;2021-11-28T18:46:00Z;229;155;0;384;384;105479[Baseler Platz];2021-11-28T18:47:00.763Z
0.56242275;open;2021-11-28T18:46:00Z;455;354;0;809;809;24279[Konstabler];2021-11-28T18:47:00.763Z
0.9366197;open;2021-11-28T18:46:00Z;399;27;0;426;426;18497[Hauptwache];2021-11-28T18:47:00.763Z
0.53382355;open;2021-11-28T18:46:00Z;363;317;0;680;680;18495[Am Gericht];2021-11-28T18:47:00.763Z
0.1360255;open;2021-11-28T18:46:00Z;128;813;70;1011;941;109240[MyZeil];2021-11-28T18:47:00.763Z
0.4384858;open;2021-11-28T18:46:00Z;278;356;0;634;634;18494[Konrad-Adenauer-Straße];2021-11-28T18:47:00.763Z
0.275;open;2021-11-28T19:01:00Z;55;145;150;350;200;24276[Turmcenter];2021-11-28T19:02:00.404Z
0.3071253;open;2021-11-28T19:01:00Z;125;282;0;407;407;18944[Alte Oper];2021-11-28T19:02:00.404Z
0.021978023;open;2021-11-28T19:01:00Z;8;356;0;364;364;24281[Hauptbahnhof Süd];2021-11-28T19:02:00.404Z
0.5989583;open;2021-11-28T19:01:00Z;230;154;0;384;384;105479[Baseler Platz];2021-11-28T19:02:00.404Z
0.54140913;open;2021-11-28T19:01:00Z;438;371;0;809;809;24279[Konstabler];2021-11-28T19:02:00.404Z
0.9061033;open;2021-11-28T19:01:00Z;386;40;0;426;426;18497[Hauptwache];2021-11-28T19:02:00.404Z
0.525;open;2021-11-28T19:01:00Z;357;323;0;680;680;18495[Am Gericht];2021-11-28T19:02:00.404Z
0.1328374;open;2021-11-28T19:01:00Z;125;816;70;1011;941;109240[MyZeil];2021-11-28T19:02:00.404Z
0.42271292;open;2021-11-28T19:01:00Z;268;366;0;634;634;18494[Konrad-Adenauer-Straße];2021-11-28T19:02:00.404Z
0.23;open;2021-11-28T19:26:00Z;46;154;150;350;200;24276[Turmcenter];2021-11-28T19:27:02.654Z
0.27764127;open;2021-11-28T19:26:00Z;113;294;0;407;407;18944[Alte Oper];2021-11-28T19:27:02.654Z
0.021978023;open;2021-11-28T19:26:00Z;8;356;0;364;364;24281[Hauptbahnhof Süd];2021-11-28T19:27:02.654Z
0.609375;open;2021-11-28T19:26:00Z;234;150;0;384;384;105479[Baseler Platz];2021-11-28T19:27:02.654Z
0.50061804;open;2021-11-28T19:26:00Z;405;404;0;809;809;24279[Konstabler];2021-11-28T19:27:02.654Z
0.8333333;open;2021-11-28T19:26:00Z;355;71;0;426;426;18497[Hauptwache];2021-11-28T19:27:02.654Z
0.5058824;open;2021-11-28T19:26:00Z;344;336;0;680;680;18495[Am Gericht];2021-11-28T19:27:02.654Z
0.1360255;open;2021-11-28T19:26:00Z;128;813;70;1011;941;109240[MyZeil];2021-11-28T19:27:02.654Z
0.4274448;open;2021-11-28T19:26:00Z;271;363;0;634;634;18494[Konrad-Adenauer-Straße];2021-11-28T19:27:02.654Z
0.215;open;2021-11-28T19:32:00Z;43;157;150;350;200;24276[Turmcenter];2021-11-28T19:37:01.655Z
0.27272728;open;2021-11-28T19:32:00Z;111;296;0;407;407;18944[Alte Oper];2021-11-28T19:37:01.655Z
0.021978023;open;2021-11-28T19:32:00Z;8;356;0;364;364;24281[Hauptbahnhof Süd];2021-11-28T19:37:01.655Z
0.6119792;open;2021-11-28T19:32:00Z;235;149;0;384;384;105479[Baseler Platz];2021-11-28T19:37:01.655Z
0.4932015;open;2021-11-28T19:32:00Z;399;410;0;809;809;24279[Konstabler];2021-11-28T19:37:01.655Z
0.80985916;open;2021-11-28T19:32:00Z;345;81;0;426;426;18497[Hauptwache];2021-11-28T19:37:01.655Z
0.4985294;open;2021-11-28T19:32:00Z;339;341;0;680;680;18495[Am Gericht];2021-11-28T19:37:01.655Z
0.13708821;open;2021-11-28T19:32:00Z;129;812;70;1011;941;109240[MyZeil];2021-11-28T19:37:01.655Z
0.41955835;open;2021-11-28T19:32:00Z;266;368;0;634;634;18494[Konrad-Adenauer-Straße];2021-11-28T19:37:01.655Z
0.22;open;2021-11-28T19:42:00Z;44;156;150;350;200;24276[Turmcenter];2021-11-28T19:47:01.095Z
0.26044226;open;2021-11-28T19:42:00Z;106;301;0;407;407;18944[Alte Oper];2021-11-28T19:47:01.095Z
0.027472528;open;2021-11-28T19:42:00Z;10;354;0;364;364;24281[Hauptbahnhof Süd];2021-11-28T19:47:01.095Z
0.6119792;open;2021-11-28T19:42:00Z;235;149;0;384;384;105479[Baseler Platz];2021-11-28T19:47:01.095Z
0.4709518;open;2021-11-28T19:42:00Z;381;428;0;809;809;24279[Konstabler];2021-11-28T19:47:01.095Z
0.78403753;open;2021-11-28T19:42:00Z;334;92;0;426;426;18497[Hauptwache];2021-11-28T19:47:01.095Z
0.49264705;open;2021-11-28T19:42:00Z;335;345;0;680;680;18495[Am Gericht];2021-11-28T19:47:01.095Z
0.12964931;open;2021-11-28T19:42:00Z;122;819;70;1011;941;109240[MyZeil];2021-11-28T19:47:01.095Z
0.40536278;open;2021-11-28T19:42:00Z;257;377;0;634;634;18494[Konrad-Adenauer-Straße];2021-11-28T19:47:01.095Z
0.2;open;2021-11-28T19:57:00Z;40;160;150;350;200;24276[Turmcenter];2021-11-28T20:02:01.262Z
0.22358723;open;2021-11-28T19:57:00Z;91;316;0;407;407;18944[Alte Oper];2021-11-28T20:02:01.262Z
0.027472528;open;2021-11-28T19:57:00Z;10;354;0;364;364;24281[Hauptbahnhof Süd];2021-11-28T20:02:01.262Z
0.6119792;open;2021-11-28T19:57:00Z;235;149;0;384;384;105479[Baseler Platz];2021-11-28T20:02:01.262Z
0.43634117;open;2021-11-28T19:57:00Z;353;456;0;809;809;24279[Konstabler];2021-11-28T20:02:01.262Z
0.73239434;open;2021-11-28T19:57:00Z;312;114;0;426;426;18497[Hauptwache];2021-11-28T20:02:01.262Z
0.48235294;open;2021-11-28T19:57:00Z;328;352;0;680;680;18495[Am Gericht];2021-11-28T20:02:01.262Z
0.12752391;open;2021-11-28T19:57:00Z;120;821;70;1011;941;109240[MyZeil];2021-11-28T20:02:01.262Z
0.40063092;open;2021-11-28T19:57:00Z;254;380;0;634;634;18494[Konrad-Adenauer-Straße];2021-11-28T20:02:01.262Z
0.18;open;2021-11-28T20:22:00Z;36;164;150;350;200;24276[Turmcenter];2021-11-28T20:27:00.742Z
0.18673219;open;2021-11-28T20:22:00Z;76;331;0;407;407;18944[Alte Oper];2021-11-28T20:27:00.742Z
0.024725275;open;2021-11-28T20:22:00Z;9;355;0;364;364;24281[Hauptbahnhof Süd];2021-11-28T20:27:00.742Z
0.6119792;open;2021-11-28T20:22:00Z;235;149;0;384;384;105479[Baseler Platz];2021-11-28T20:27:00.742Z
0.3671199;open;2021-11-28T20:22:00Z;297;512;0;809;809;24279[Konstabler];2021-11-28T20:27:00.742Z
0.6056338;open;2021-11-28T20:22:00Z;258;168;0;426;426;18497[Hauptwache];2021-11-28T20:27:00.742Z
0.46029413;open;2021-11-28T20:22:00Z;313;367;0;680;680;18495[Am Gericht];2021-11-28T20:27:00.742Z
0.10520723;open;2021-11-28T20:22:00Z;99;842;70;1011;941;109240[MyZeil];2021-11-28T20:27:00.742Z
0.3911672;open;2021-11-28T20:22:00Z;248;386;0;634;634;18494[Konrad-Adenauer-Straße];2021-11-28T20:27:00.742Z
0.17;open;2021-11-28T20:38:00Z;34;166;150;350;200;24276[Turmcenter];2021-11-28T20:42:02.182Z
0.17444718;open;2021-11-28T20:38:00Z;71;336;0;407;407;18944[Alte Oper];2021-11-28T20:42:02.182Z
0.024725275;open;2021-11-28T20:38:00Z;9;355;0;364;364;24281[Hauptbahnhof Süd];2021-11-28T20:42:02.182Z
0.6119792;open;2021-11-28T20:38:00Z;235;149;0;384;384;105479[Baseler Platz];2021-11-28T20:42:02.182Z
0.33868974;open;2021-11-28T20:38:00Z;274;535;0;809;809;24279[Konstabler];2021-11-28T20:42:02.182Z
0.556338;open;2021-11-28T20:38:00Z;237;189;0;426;426;18497[Hauptwache];2021-11-28T20:42:02.182Z
0.41029412;open;2021-11-28T20:38:00Z;279;401;0;680;680;18495[Am Gericht];2021-11-28T20:42:02.182Z
0.09989373;open;2021-11-28T20:38:00Z;94;847;70;1011;941;109240[MyZeil];2021-11-28T20:42:02.182Z
0.38643533;open;2021-11-28T20:38:00Z;245;389;0;634;634;18494[Konrad-Adenauer-Straße];2021-11-28T20:42:02.182Z
0.17;open;2021-11-28T20:48:00Z;34;166;150;350;200;24276[Turmcenter];2021-11-28T20:52:01.948Z
0.16953316;open;2021-11-28T20:48:00Z;69;338;0;407;407;18944[Alte Oper];2021-11-28T20:52:01.948Z
0.024725275;open;2021-11-28T20:48:00Z;9;355;0;364;364;24281[Hauptbahnhof Süd];2021-11-28T20:52:01.948Z
0.6119792;open;2021-11-28T20:48:00Z;235;149;0;384;384;105479[Baseler Platz];2021-11-28T20:52:01.948Z
0.32880098;open;2021-11-28T20:48:00Z;266;543;0;809;809;24279[Konstabler];2021-11-28T20:52:01.948Z
0.54460096;open;2021-11-28T20:48:00Z;232;194;0;426;426;18497[Hauptwache];2021-11-28T20:52:01.948Z
0.40294117;open;2021-11-28T20:48:00Z;274;406;0;680;680;18495[Am Gericht];2021-11-28T20:52:01.948Z
0.09883103;open;2021-11-28T20:48:00Z;93;848;70;1011;941;109240[MyZeil];2021-11-28T20:52:01.948Z
0.38643533;open;2021-11-28T20:48:00Z;245;389;0;634;634;18494[Konrad-Adenauer-Straße];2021-11-28T20:52:01.948Z
0.15;open;2021-11-28T21:03:00Z;30;170;150;350;200;24276[Turmcenter];2021-11-28T21:07:00.425Z
0.15970516;open;2021-11-28T21:03:00Z;65;342;0;407;407;18944[Alte Oper];2021-11-28T21:07:00.425Z
0.027472528;open;2021-11-28T21:03:00Z;10;354;0;364;364;24281[Hauptbahnhof Süd];2021-11-28T21:07:00.425Z
0.6119792;open;2021-11-28T21:03:00Z;235;149;0;384;384;105479[Baseler Platz];2021-11-28T21:07:00.425Z
0.31396785;open;2021-11-28T21:03:00Z;254;555;0;809;809;24279[Konstabler];2021-11-28T21:07:00.425Z
0.5375587;open;2021-11-28T21:03:00Z;229;197;0;426;426;18497[Hauptwache];2021-11-28T21:07:00.425Z
0.3985294;open;2021-11-28T21:03:00Z;271;409;0;680;680;18495[Am Gericht];2021-11-28T21:07:00.425Z
0.09458023;open;2021-11-28T21:03:00Z;89;852;70;1011;941;109240[MyZeil];2021-11-28T21:07:00.425Z
0.38012618;open;2021-11-28T21:03:00Z;241;393;0;634;634;18494[Konrad-Adenauer-Straße];2021-11-28T21:07:00.425Z
0.145;open;2021-11-28T21:23:00Z;29;171;150;350;200;24276[Turmcenter];2021-11-28T21:27:01.783Z
0.13759214;open;2021-11-28T21:23:00Z;56;351;0;407;407;18944[Alte Oper];2021-11-28T21:27:01.783Z
0.024725275;open;2021-11-28T21:23:00Z;9;355;0;364;364;24281[Hauptbahnhof Süd];2021-11-28T21:27:01.783Z
0.6119792;open;2021-11-28T21:23:00Z;235;149;0;384;384;105479[Baseler Platz];2021-11-28T21:27:01.783Z
0.30160692;open;2021-11-28T21:23:00Z;244;565;0;809;809;24279[Konstabler];2021-11-28T21:27:01.783Z
0.5140845;open;2021-11-28T21:23:00Z;219;207;0;426;426;18497[Hauptwache];2021-11-28T21:27:01.783Z
0.39117646;open;2021-11-28T21:23:00Z;266;414;0;680;680;18495[Am Gericht];2021-11-28T21:27:01.783Z
0.08607864;open;2021-11-28T21:23:00Z;81;860;70;1011;941;109240[MyZeil];2021-11-28T21:27:01.783Z
0.37066245;open;2021-11-28T21:23:00Z;235;399;0;634;634;18494[Konrad-Adenauer-Straße];2021-11-28T21:27:01.783Z
0.125;open;2021-11-28T21:39:00Z;25;175;150;350;200;24276[Turmcenter];2021-11-28T21:42:00.933Z
0.13513513;open;2021-11-28T21:39:00Z;55;352;0;407;407;18944[Alte Oper];2021-11-28T21:42:00.933Z
0.027472528;open;2021-11-28T21:39:00Z;10;354;0;364;364;24281[Hauptbahnhof Süd];2021-11-28T21:42:00.933Z
0.6145833;open;2021-11-28T21:39:00Z;236;148;0;384;384;105479[Baseler Platz];2021-11-28T21:42:00.933Z
0.29171818;open;2021-11-28T21:39:00Z;236;573;0;809;809;24279[Konstabler];2021-11-28T21:42:00.933Z
0.5046948;open;2021-11-28T21:39:00Z;215;211;0;426;426;18497[Hauptwache];2021-11-28T21:42:00.933Z
0.3897059;open;2021-11-28T21:39:00Z;265;415;0;680;680;18495[Am Gericht];2021-11-28T21:42:00.933Z
0.08714134;open;2021-11-28T21:39:00Z;82;859;70;1011;941;109240[MyZeil];2021-11-28T21:42:00.933Z
0.37066245;open;2021-11-28T21:39:00Z;235;399;0;634;634;18494[Konrad-Adenauer-Straße];2021-11-28T21:42:00.933Z
0.115;open;2021-11-28T21:49:00Z;23;177;150;350;200;24276[Turmcenter];2021-11-28T21:52:01.867Z
0.13022113;open;2021-11-28T21:49:00Z;53;354;0;407;407;18944[Alte Oper];2021-11-28T21:52:01.867Z
0.027472528;open;2021-11-28T21:49:00Z;10;354;0;364;364;24281[Hauptbahnhof Süd];2021-11-28T21:52:01.867Z
0.6145833;open;2021-11-28T21:49:00Z;236;148;0;384;384;105479[Baseler Platz];2021-11-28T21:52:01.867Z
0.29419035;open;2021-11-28T21:49:00Z;238;571;0;809;809;24279[Konstabler];2021-11-28T21:52:01.867Z
0.4976526;open;2021-11-28T21:49:00Z;212;214;0;426;426;18497[Hauptwache];2021-11-28T21:52:01.867Z
0.3852941;open;2021-11-28T21:49:00Z;262;418;0;680;680;18495[Am Gericht];2021-11-28T21:52:01.867Z
0.08501594;open;2021-11-28T21:49:00Z;80;861;70;1011;941;109240[MyZeil];2021-11-28T21:52:01.867Z
0.37223974;open;2021-11-28T21:49:00Z;236;398;0;634;634;18494[Konrad-Adenauer-Straße];2021-11-28T21:52:01.867Z
0.115;open;2021-11-28T21:59:00Z;23;177;150;350;200;24276[Turmcenter];2021-11-28T22:02:02.726Z
0.13022113;open;2021-11-28T21:59:00Z;53;354;0;407;407;18944[Alte Oper];2021-11-28T22:02:02.726Z
0.027472528;open;2021-11-28T21:59:00Z;10;354;0;364;364;24281[Hauptbahnhof Süd];2021-11-28T22:02:02.726Z
0.6145833;open;2021-11-28T21:59:00Z;236;148;0;384;384;105479[Baseler Platz];2021-11-28T22:02:02.726Z
0.29048207;open;2021-11-28T21:59:00Z;235;574;0;809;809;24279[Konstabler];2021-11-28T22:02:02.726Z
0.4976526;open;2021-11-28T21:59:00Z;212;214;0;426;426;18497[Hauptwache];2021-11-28T22:02:02.726Z
0.38088235;open;2021-11-28T21:59:00Z;259;421;0;680;680;18495[Am Gericht];2021-11-28T22:02:02.726Z
0.08501594;open;2021-11-28T21:59:00Z;80;861;70;1011;941;109240[MyZeil];2021-11-28T22:02:02.726Z
0.37066245;open;2021-11-28T21:59:00Z;235;399;0;634;634;18494[Konrad-Adenauer-Straße];2021-11-28T22:02:02.726Z
0.095;open;2021-11-28T22:25:00Z;19;181;150;350;200;24276[Turmcenter];2021-11-28T22:27:01.419Z
0.12530713;open;2021-11-28T22:25:00Z;51;356;0;407;407;18944[Alte Oper];2021-11-28T22:27:01.419Z
0.024725275;open;2021-11-28T22:25:00Z;9;355;0;364;364;24281[Hauptbahnhof Süd];2021-11-28T22:27:01.419Z
0.6145833;open;2021-11-28T22:25:00Z;236;148;0;384;384;105479[Baseler Platz];2021-11-28T22:27:01.419Z
0.2843016;open;2021-11-28T22:25:00Z;230;579;0;809;809;24279[Konstabler];2021-11-28T22:27:01.419Z
0.48826292;open;2021-11-28T22:25:00Z;208;218;0;426;426;18497[Hauptwache];2021-11-28T22:27:01.419Z
0.37941176;open;2021-11-28T22:25:00Z;258;422;0;680;680;18495[Am Gericht];2021-11-28T22:27:01.419Z
0.08395324;open;2021-11-28T22:25:00Z;79;862;70;1011;941;109240[MyZeil];2021-11-28T22:27:01.419Z
0.36908516;open;2021-11-28T22:25:00Z;234;400;0;634;634;18494[Konrad-Adenauer-Straße];2021-11-28T22:27:01.419Z
0.095;open;2021-11-28T22:41:00Z;19;181;150;350;200;24276[Turmcenter];2021-11-28T22:42:00.146Z
0.12285012;open;2021-11-28T22:41:00Z;50;357;0;407;407;18944[Alte Oper];2021-11-28T22:42:00.146Z
0.024725275;open;2021-11-28T22:41:00Z;9;355;0;364;364;24281[Hauptbahnhof Süd];2021-11-28T22:42:00.146Z
0.6145833;open;2021-11-28T22:41:00Z;236;148;0;384;384;105479[Baseler Platz];2021-11-28T22:42:00.146Z
0.28182942;open;2021-11-28T22:41:00Z;228;581;0;809;809;24279[Konstabler];2021-11-28T22:42:00.146Z
0.48826292;open;2021-11-28T22:41:00Z;208;218;0;426;426;18497[Hauptwache];2021-11-28T22:42:00.146Z
0.38088235;open;2021-11-28T22:41:00Z;259;421;0;680;680;18495[Am Gericht];2021-11-28T22:42:00.146Z
0.08395324;open;2021-11-28T22:41:00Z;79;862;70;1011;941;109240[MyZeil];2021-11-28T22:42:00.146Z
0.36750787;open;2021-11-28T22:41:00Z;233;401;0;634;634;18494[Konrad-Adenauer-Straße];2021-11-28T22:42:00.146Z
0.095;open;2021-11-28T23:01:00Z;19;181;150;350;200;24276[Turmcenter];2021-11-28T23:02:01.677Z
0.11547912;open;2021-11-28T23:01:00Z;47;360;0;407;407;18944[Alte Oper];2021-11-28T23:02:01.677Z
0.024725275;open;2021-11-28T23:01:00Z;9;355;0;364;364;24281[Hauptbahnhof Süd];2021-11-28T23:02:01.677Z
0.6145833;open;2021-11-28T23:01:00Z;236;148;0;384;384;105479[Baseler Platz];2021-11-28T23:02:01.677Z
0.27935722;open;2021-11-28T23:01:00Z;226;583;0;809;809;24279[Konstabler];2021-11-28T23:02:01.677Z
0.48122066;open;2021-11-28T23:01:00Z;205;221;0;426;426;18497[Hauptwache];2021-11-28T23:02:01.677Z
0;closed;2021-11-28T23:01:00Z;;420;0;0;0;18495[Am Gericht];2021-11-28T23:02:01.677Z
0.08076514;open;2021-11-28T23:01:00Z;76;865;70;1011;941;109240[MyZeil];2021-11-28T23:02:01.677Z
0.3643533;open;2021-11-28T23:01:00Z;231;403;0;634;634;18494[Konrad-Adenauer-Straße];2021-11-28T23:02:01.677Z
0.09;open;2021-11-28T23:17:00Z;18;182;150;350;200;24276[Turmcenter];2021-11-28T23:22:03.016Z
0.11547912;open;2021-11-28T23:17:00Z;47;360;0;407;407;18944[Alte Oper];2021-11-28T23:22:03.016Z
0.024725275;open;2021-11-28T23:17:00Z;9;355;0;364;364;24281[Hauptbahnhof Süd];2021-11-28T23:22:03.016Z
0.6145833;open;2021-11-28T23:17:00Z;236;148;0;384;384;105479[Baseler Platz];2021-11-28T23:22:03.016Z
0.27688503;open;2021-11-28T23:17:00Z;224;585;0;809;809;24279[Konstabler];2021-11-28T23:22:03.016Z
0.48122066;open;2021-11-28T23:17:00Z;205;221;0;426;426;18497[Hauptwache];2021-11-28T23:22:03.016Z
0;closed;2021-11-28T23:17:00Z;;420;0;0;0;18495[Am Gericht];2021-11-28T23:22:03.016Z
0.079702444;open;2021-11-28T23:17:00Z;75;866;70;1011;941;109240[MyZeil];2021-11-28T23:22:03.016Z
0.35962147;open;2021-11-28T23:17:00Z;228;406;0;634;634;18494[Konrad-Adenauer-Straße];2021-11-28T23:22:03.016Z
0.09;open;2021-11-28T23:37:00Z;18;182;150;350;200;24276[Turmcenter];2021-11-28T23:42:01.280Z
0.11547912;open;2021-11-28T23:37:00Z;47;360;0;407;407;18944[Alte Oper];2021-11-28T23:42:01.280Z
0.021978023;open;2021-11-28T23:37:00Z;8;356;0;364;364;24281[Hauptbahnhof Süd];2021-11-28T23:42:01.280Z
0.6171875;open;2021-11-28T23:37:00Z;237;147;0;384;384;105479[Baseler Platz];2021-11-28T23:42:01.280Z
0.27441284;open;2021-11-28T23:37:00Z;222;587;0;809;809;24279[Konstabler];2021-11-28T23:42:01.280Z
0.47887325;open;2021-11-28T23:37:00Z;204;222;0;426;426;18497[Hauptwache];2021-11-28T23:42:01.280Z
0;closed;2021-11-28T23:37:00Z;;420;0;0;0;18495[Am Gericht];2021-11-28T23:42:01.280Z
0.07757705;open;2021-11-28T23:37:00Z;73;868;70;1011;941;109240[MyZeil];2021-11-28T23:42:01.280Z
0.35962147;open;2021-11-28T23:37:00Z;228;406;0;634;634;18494[Konrad-Adenauer-Straße];2021-11-28T23:42:01.280Z
0.09;open;2021-11-28T23:47:00Z;18;182;150;350;200;24276[Turmcenter];2021-11-28T23:52:00.459Z
0.11547912;open;2021-11-28T23:47:00Z;47;360;0;407;407;18944[Alte Oper];2021-11-28T23:52:00.459Z
0.021978023;open;2021-11-28T23:47:00Z;8;356;0;364;364;24281[Hauptbahnhof Süd];2021-11-28T23:52:00.459Z
0.6171875;open;2021-11-28T23:47:00Z;237;147;0;384;384;105479[Baseler Platz];2021-11-28T23:52:00.459Z
0.27441284;open;2021-11-28T23:47:00Z;222;587;0;809;809;24279[Konstabler];2021-11-28T23:52:00.459Z
0.47887325;open;2021-11-28T23:47:00Z;204;222;0;426;426;18497[Hauptwache];2021-11-28T23:52:00.459Z
0;closed;2021-11-28T23:47:00Z;;420;0;0;0;18495[Am Gericht];2021-11-28T23:52:00.459Z
0.07757705;open;2021-11-28T23:47:00Z;73;868;70;1011;941;109240[MyZeil];2021-11-28T23:52:00.459Z
0.3548896;open;2021-11-28T23:47:00Z;225;409;0;634;634;18494[Konrad-Adenauer-Straße];2021-11-28T23:52:00.459Z
0.09;open;2021-11-29T00:59:00Z;18;182;150;350;200;24276[Turmcenter];2021-11-29T01:02:00.152Z
0.11547912;open;2021-11-29T00:59:00Z;47;360;0;407;407;18944[Alte Oper];2021-11-29T01:02:00.152Z
0.021978023;open;2021-11-29T00:59:00Z;8;356;0;364;364;24281[Hauptbahnhof Süd];2021-11-29T01:02:00.152Z
0.6171875;open;2021-11-29T00:59:00Z;237;147;0;384;384;105479[Baseler Platz];2021-11-29T01:02:00.152Z
0.27441284;open;2021-11-29T00:59:00Z;222;587;0;809;809;24279[Konstabler];2021-11-29T01:02:00.152Z
0.4741784;open;2021-11-29T00:59:00Z;202;224;0;426;426;18497[Hauptwache];2021-11-29T01:02:00.152Z
0;closed;2021-11-29T00:59:00Z;;420;0;0;0;18495[Am Gericht];2021-11-29T01:02:00.152Z
0.07757705;open;2021-11-29T00:59:00Z;73;868;70;1011;941;109240[MyZeil];2021-11-29T01:02:00.152Z
0.35173503;open;2021-11-29T00:59:00Z;223;411;0;634;634;18494[Konrad-Adenauer-Straße];2021-11-29T01:02:00.152Z
0.09;open;2021-11-29T01:59:00Z;18;182;150;350;200;24276[Turmcenter];2021-11-29T02:02:02.595Z
0.11547912;open;2021-11-29T01:59:00Z;47;360;0;407;407;18944[Alte Oper];2021-11-29T02:02:02.595Z
0.01923077;open;2021-11-29T01:59:00Z;7;357;0;364;364;24281[Hauptbahnhof Süd];2021-11-29T02:02:02.595Z
0.6171875;open;2021-11-29T01:59:00Z;237;147;0;384;384;105479[Baseler Platz];2021-11-29T02:02:02.595Z
0.27194068;open;2021-11-29T01:59:00Z;220;589;0;809;809;24279[Konstabler];2021-11-29T02:02:02.595Z
0.4741784;open;2021-11-29T01:59:00Z;202;224;0;426;426;18497[Hauptwache];2021-11-29T02:02:02.595Z
0;closed;2021-11-29T01:59:00Z;;420;0;0;0;18495[Am Gericht];2021-11-29T02:02:02.595Z
0.07757705;open;2021-11-29T01:59:00Z;73;868;70;1011;941;109240[MyZeil];2021-11-29T02:02:02.595Z
0.35015774;open;2021-11-29T01:59:00Z;222;412;0;634;634;18494[Konrad-Adenauer-Straße];2021-11-29T02:02:02.595Z
0.09;open;2021-11-29T03:02:00Z;18;182;150;350;200;24276[Turmcenter];2021-11-29T03:07:02.734Z
0.11547912;open;2021-11-29T03:02:00Z;47;360;0;407;407;18944[Alte Oper];2021-11-29T03:07:02.734Z
0.01923077;open;2021-11-29T03:02:00Z;7;357;0;364;364;24281[Hauptbahnhof Süd];2021-11-29T03:07:02.734Z
0.6171875;open;2021-11-29T03:02:00Z;237;147;0;384;384;105479[Baseler Platz];2021-11-29T03:07:02.734Z
0.27441284;open;2021-11-29T03:02:00Z;222;587;0;809;809;24279[Konstabler];2021-11-29T03:07:02.734Z
0.4741784;open;2021-11-29T03:02:00Z;202;224;0;426;426;18497[Hauptwache];2021-11-29T03:07:02.734Z
0;closed;2021-11-29T03:02:00Z;;;0;0;0;18495[Am Gericht];2021-11-29T03:07:02.734Z
0.07757705;open;2021-11-29T03:02:00Z;73;868;70;1011;941;109240[MyZeil];2021-11-29T03:07:02.734Z
0.35015774;open;2021-11-29T03:02:00Z;222;412;0;634;634;18494[Konrad-Adenauer-Straße];2021-11-29T03:07:02.734Z
0.09;open;2021-11-29T03:17:00Z;18;182;150;350;200;24276[Turmcenter];2021-11-29T03:22:01.629Z
0.11547912;open;2021-11-29T03:17:00Z;47;360;0;407;407;18944[Alte Oper];2021-11-29T03:22:01.629Z
0.01923077;open;2021-11-29T03:17:00Z;7;357;0;364;364;24281[Hauptbahnhof Süd];2021-11-29T03:22:01.629Z
0.6171875;open;2021-11-29T03:17:00Z;237;147;0;384;384;105479[Baseler Platz];2021-11-29T03:22:01.629Z
0.27441284;open;2021-11-29T03:17:00Z;222;587;0;809;809;24279[Konstabler];2021-11-29T03:22:01.629Z
0.4741784;open;2021-11-29T03:17:00Z;202;224;0;426;426;18497[Hauptwache];2021-11-29T03:22:01.629Z
0;closed;2021-11-29T03:17:00Z;;;0;0;0;18495[Am Gericht];2021-11-29T03:22:01.629Z
0.07757705;open;2021-11-29T03:17:00Z;73;868;70;1011;941;109240[MyZeil];2021-11-29T03:22:01.629Z
0.35015774;open;2021-11-29T03:17:00Z;222;412;0;634;634;18494[Konrad-Adenauer-Straße];2021-11-29T03:22:01.629Z
0.095;open;2021-11-29T03:32:00Z;19;181;150;350;200;24276[Turmcenter];2021-11-29T03:37:00.998Z
0.11547912;open;2021-11-29T03:32:00Z;47;360;0;407;407;18944[Alte Oper];2021-11-29T03:37:00.998Z
0.01923077;open;2021-11-29T03:32:00Z;7;357;0;364;364;24281[Hauptbahnhof Süd];2021-11-29T03:37:00.998Z
0.6171875;open;2021-11-29T03:32:00Z;237;147;0;384;384;105479[Baseler Platz];2021-11-29T03:37:00.998Z
0.27441284;open;2021-11-29T03:32:00Z;222;587;0;809;809;24279[Konstabler];2021-11-29T03:37:00.998Z
0.4741784;open;2021-11-29T03:32:00Z;202;224;0;426;426;18497[Hauptwache];2021-11-29T03:37:00.998Z
0;closed;2021-11-29T03:32:00Z;;;0;0;0;18495[Am Gericht];2021-11-29T03:37:00.998Z
0.07757705;open;2021-11-29T03:32:00Z;73;868;70;1011;941;109240[MyZeil];2021-11-29T03:37:00.998Z
0.35173503;open;2021-11-29T03:32:00Z;223;411;0;634;634;18494[Konrad-Adenauer-Straße];2021-11-29T03:37:00.998Z
0.095;open;2021-11-29T03:42:00Z;19;181;150;350;200;24276[Turmcenter];2021-11-29T03:47:02.273Z
0.11547912;open;2021-11-29T03:42:00Z;47;360;0;407;407;18944[Alte Oper];2021-11-29T03:47:02.273Z
0.01923077;open;2021-11-29T03:42:00Z;7;357;0;364;364;24281[Hauptbahnhof Süd];2021-11-29T03:47:02.273Z
0.6171875;open;2021-11-29T03:42:00Z;237;147;0;384;384;105479[Baseler Platz];2021-11-29T03:47:02.273Z
0.27441284;open;2021-11-29T03:42:00Z;222;587;0;809;809;24279[Konstabler];2021-11-29T03:47:02.273Z
0.4741784;open;2021-11-29T03:42:00Z;202;224;0;426;426;18497[Hauptwache];2021-11-29T03:47:02.273Z
0;closed;2021-11-29T03:42:00Z;;;0;0;0;18495[Am Gericht];2021-11-29T03:47:02.273Z
0.07757705;open;2021-11-29T03:42:00Z;73;868;70;1011;941;109240[MyZeil];2021-11-29T03:47:02.273Z
0.3548896;open;2021-11-29T03:42:00Z;225;409;0;634;634;18494[Konrad-Adenauer-Straße];2021-11-29T03:47:02.273Z
0.095;open;2021-11-29T03:57:00Z;19;181;150;350;200;24276[Turmcenter];2021-11-29T04:02:00.359Z
0.11547912;open;2021-11-29T03:57:00Z;47;360;0;407;407;18944[Alte Oper];2021-11-29T04:02:00.359Z
0.01923077;open;2021-11-29T03:57:00Z;7;357;0;364;364;24281[Hauptbahnhof Süd];2021-11-29T04:02:00.359Z
0.6171875;open;2021-11-29T03:57:00Z;237;147;0;384;384;105479[Baseler Platz];2021-11-29T04:02:00.359Z
0.27441284;open;2021-11-29T03:57:00Z;222;587;0;809;809;24279[Konstabler];2021-11-29T04:02:00.359Z
0.4741784;open;2021-11-29T03:57:00Z;202;224;0;426;426;18497[Hauptwache];2021-11-29T04:02:00.359Z
0;closed;2021-11-29T03:57:00Z;;;0;0;0;18495[Am Gericht];2021-11-29T04:02:00.359Z
0.07757705;open;2021-11-29T03:57:00Z;73;868;70;1011;941;109240[MyZeil];2021-11-29T04:02:00.359Z
0.3533123;open;2021-11-29T03:57:00Z;224;410;0;634;634;18494[Konrad-Adenauer-Straße];2021-11-29T04:02:00.359Z
0.095;open;2021-11-29T04:27:00Z;19;181;150;350;200;24276[Turmcenter];2021-11-29T04:32:02.779Z
0.11547912;open;2021-11-29T04:27:00Z;47;360;0;407;407;18944[Alte Oper];2021-11-29T04:32:02.779Z
0.01923077;open;2021-11-29T04:27:00Z;7;357;0;364;364;24281[Hauptbahnhof Süd];2021-11-29T04:32:02.779Z
0.6171875;open;2021-11-29T04:27:00Z;237;147;0;384;384;105479[Baseler Platz];2021-11-29T04:32:02.779Z
0.27441284;open;2021-11-29T04:27:00Z;222;587;0;809;809;24279[Konstabler];2021-11-29T04:32:02.779Z
0.4741784;open;2021-11-29T04:27:00Z;202;224;0;426;426;18497[Hauptwache];2021-11-29T04:32:02.779Z
0;closed;2021-11-29T04:27:00Z;;;0;0;0;18495[Am Gericht];2021-11-29T04:32:02.779Z
0.084295616;open;2021-11-29T04:27:00Z;73;793;70;936;866;109240[MyZeil];2021-11-29T04:32:02.779Z
0.3533123;open;2021-11-29T04:27:00Z;224;410;0;634;634;18494[Konrad-Adenauer-Straße];2021-11-29T04:32:02.779Z
0.14;open;2021-11-29T04:52:00Z;28;172;150;350;200;24276[Turmcenter];2021-11-29T04:57:00.448Z
0.11302211;open;2021-11-29T04:52:00Z;46;361;0;407;407;18944[Alte Oper];2021-11-29T04:57:00.448Z
0.027472528;open;2021-11-29T04:52:00Z;10;354;0;364;364;24281[Hauptbahnhof Süd];2021-11-29T04:57:00.448Z
0.6145833;open;2021-11-29T04:52:00Z;236;148;0;384;384;105479[Baseler Platz];2021-11-29T04:57:00.448Z
0.27564895;open;2021-11-29T04:52:00Z;223;586;0;809;809;24279[Konstabler];2021-11-29T04:57:00.448Z
0.4741784;open;2021-11-29T04:52:00Z;202;224;0;426;426;18497[Hauptwache];2021-11-29T04:57:00.448Z
0;closed;2021-11-29T04:52:00Z;;;0;0;0;18495[Am Gericht];2021-11-29T04:57:00.448Z
0.07967667;open;2021-11-29T04:52:00Z;69;797;70;936;866;109240[MyZeil];2021-11-29T04:57:00.448Z
0.35804418;open;2021-11-29T04:52:00Z;227;407;0;634;634;18494[Konrad-Adenauer-Straße];2021-11-29T04:57:00.448Z
0.19333333;open;2021-11-29T05:12:00Z;29;121;200;350;150;24276[Turmcenter];2021-11-29T05:17:01.843Z
0.11547912;open;2021-11-29T05:12:00Z;47;360;0;407;407;18944[Alte Oper];2021-11-29T05:17:01.843Z
0.054945055;open;2021-11-29T05:12:00Z;20;344;0;364;364;24281[Hauptbahnhof Süd];2021-11-29T05:17:01.843Z
0.6145833;open;2021-11-29T05:12:00Z;236;148;0;384;384;105479[Baseler Platz];2021-11-29T05:17:01.843Z
0.27688503;open;2021-11-29T05:12:00Z;224;585;0;809;809;24279[Konstabler];2021-11-29T05:17:01.843Z
0.4741784;open;2021-11-29T05:12:00Z;202;224;0;426;426;18497[Hauptwache];2021-11-29T05:17:01.843Z
0.3970588;open;2021-11-29T05:12:00Z;270;410;0;680;680;18495[Am Gericht];2021-11-29T05:17:01.843Z
0.07967667;open;2021-11-29T05:12:00Z;69;797;70;936;866;109240[MyZeil];2021-11-29T05:17:01.843Z
0.3643533;open;2021-11-29T05:12:00Z;231;403;0;634;634;18494[Konrad-Adenauer-Straße];2021-11-29T05:17:01.843Z
0.19333333;open;2021-11-29T05:32:00Z;29;121;200;350;150;24276[Turmcenter];2021-11-29T05:37:00.284Z
0.12530713;open;2021-11-29T05:32:00Z;51;356;0;407;407;18944[Alte Oper];2021-11-29T05:37:00.284Z
0.082417585;open;2021-11-29T05:32:00Z;30;334;0;364;364;24281[Hauptbahnhof Süd];2021-11-29T05:37:00.284Z
0.6145833;open;2021-11-29T05:32:00Z;236;148;0;384;384;105479[Baseler Platz];2021-11-29T05:37:00.284Z
0.28059334;open;2021-11-29T05:32:00Z;227;582;0;809;809;24279[Konstabler];2021-11-29T05:37:00.284Z
0.4765258;open;2021-11-29T05:32:00Z;203;223;0;426;426;18497[Hauptwache];2021-11-29T05:37:00.284Z
0.40735295;open;2021-11-29T05:32:00Z;277;403;0;680;680;18495[Am Gericht];2021-11-29T05:37:00.284Z
0.08083141;open;2021-11-29T05:32:00Z;70;796;70;936;866;109240[MyZeil];2021-11-29T05:37:00.284Z
0.36750787;open;2021-11-29T05:32:00Z;233;401;0;634;634;18494[Konrad-Adenauer-Straße];2021-11-29T05:37:00.284Z
0.19333333;open;2021-11-29T05:42:00Z;29;121;200;350;150;24276[Turmcenter];2021-11-29T05:47:00.996Z
0.13022113;open;2021-11-29T05:42:00Z;53;354;0;407;407;18944[Alte Oper];2021-11-29T05:47:00.996Z
0.08791209;open;2021-11-29T05:42:00Z;32;332;0;364;364;24281[Hauptbahnhof Süd];2021-11-29T05:47:00.996Z
0.6145833;open;2021-11-29T05:42:00Z;236;148;0;384;384;105479[Baseler Platz];2021-11-29T05:47:00.996Z
0.28182942;open;2021-11-29T05:42:00Z;228;581;0;809;809;24279[Konstabler];2021-11-29T05:47:00.996Z
0.4765258;open;2021-11-29T05:42:00Z;203;223;0;426;426;18497[Hauptwache];2021-11-29T05:47:00.996Z
0.4117647;open;2021-11-29T05:42:00Z;280;400;0;680;680;18495[Am Gericht];2021-11-29T05:47:00.996Z
0.08083141;open;2021-11-29T05:42:00Z;70;796;70;936;866;109240[MyZeil];2021-11-29T05:47:00.996Z
0.36750787;open;2021-11-29T05:42:00Z;233;401;0;634;634;18494[Konrad-Adenauer-Straße];2021-11-29T05:47:00.996Z
0.20666666;open;2021-11-29T05:58:00Z;31;119;200;350;150;24276[Turmcenter];2021-11-29T06:02:00.596Z
0.13759214;open;2021-11-29T05:58:00Z;56;351;0;407;407;18944[Alte Oper];2021-11-29T06:02:00.596Z
0.08516484;open;2021-11-29T05:58:00Z;31;333;0;364;364;24281[Hauptbahnhof Süd];2021-11-29T06:02:00.596Z
0.6119792;open;2021-11-29T05:58:00Z;235;149;0;384;384;105479[Baseler Platz];2021-11-29T06:02:00.596Z
0.2855377;open;2021-11-29T05:58:00Z;231;578;0;809;809;24279[Konstabler];2021-11-29T06:02:00.596Z
0.47887325;open;2021-11-29T05:58:00Z;204;222;0;426;426;18497[Hauptwache];2021-11-29T06:02:00.596Z
0.42205882;open;2021-11-29T05:58:00Z;287;393;0;680;680;18495[Am Gericht];2021-11-29T06:02:00.596Z
0.081986144;open;2021-11-29T05:58:00Z;71;795;70;936;866;109240[MyZeil];2021-11-29T06:02:00.596Z
0.3753943;open;2021-11-29T05:58:00Z;238;396;0;634;634;18494[Konrad-Adenauer-Straße];2021-11-29T06:02:00.596Z
0.22666667;open;2021-11-29T06:23:00Z;34;116;200;350;150;24276[Turmcenter];2021-11-29T06:27:01.562Z
0.14496315;open;2021-11-29T06:23:00Z;59;348;0;407;407;18944[Alte Oper];2021-11-29T06:27:01.562Z
0.11263736;open;2021-11-29T06:23:00Z;41;323;0;364;364;24281[Hauptbahnhof Süd];2021-11-29T06:27:01.562Z
0.6223958;open;2021-11-29T06:23:00Z;239;145;0;384;384;105479[Baseler Platz];2021-11-29T06:27:01.562Z
0.2867738;open;2021-11-29T06:23:00Z;232;577;0;809;809;24279[Konstabler];2021-11-29T06:27:01.562Z
0.49061033;open;2021-11-29T06:23:00Z;209;217;0;426;426;18497[Hauptwache];2021-11-29T06:27:01.562Z
0.44264707;open;2021-11-29T06:23:00Z;301;379;0;680;680;18495[Am Gericht];2021-11-29T06:27:01.562Z
0.08083141;open;2021-11-29T06:23:00Z;70;796;70;936;866;109240[MyZeil];2021-11-29T06:27:01.562Z
0.38170347;open;2021-11-29T06:23:00Z;242;392;0;634;634;18494[Konrad-Adenauer-Straße];2021-11-29T06:27:01.562Z
0.28;open;2021-11-29T06:48:00Z;42;108;200;350;150;24276[Turmcenter];2021-11-29T06:52:00.328Z
0.16216215;open;2021-11-29T06:48:00Z;66;341;0;407;407;18944[Alte Oper];2021-11-29T06:52:00.328Z
0.15384616;open;2021-11-29T06:48:00Z;56;308;0;364;364;24281[Hauptbahnhof Süd];2021-11-29T06:52:00.328Z
0.625;open;2021-11-29T06:48:00Z;240;144;0;384;384;105479[Baseler Platz];2021-11-29T06:52:00.328Z
0.29666254;open;2021-11-29T06:48:00Z;240;569;0;809;809;24279[Konstabler];2021-11-29T06:52:00.328Z
0.5093897;open;2021-11-29T06:48:00Z;217;209;0;426;426;18497[Hauptwache];2021-11-29T06:52:00.328Z
0.4779412;open;2021-11-29T06:48:00Z;325;355;0;680;680;18495[Am Gericht];2021-11-29T06:52:00.328Z
0.085450344;open;2021-11-29T06:48:00Z;74;792;70;936;866;109240[MyZeil];2021-11-29T06:52:00.328Z
0.39589906;open;2021-11-29T06:48:00Z;251;383;0;634;634;18494[Konrad-Adenauer-Straße];2021-11-29T06:52:00.328Z
0.32666665;open;2021-11-29T06:58:00Z;49;101;200;350;150;24276[Turmcenter];2021-11-29T07:02:02.662Z
0.16461916;open;2021-11-29T06:58:00Z;67;340;0;407;407;18944[Alte Oper];2021-11-29T07:02:02.662Z
0.17032968;open;2021-11-29T06:58:00Z;62;302;0;364;364;24281[Hauptbahnhof Süd];2021-11-29T07:02:02.662Z
0.6276042;open;2021-11-29T06:58:00Z;241;143;0;384;384;105479[Baseler Platz];2021-11-29T07:02:02.662Z
0.30407912;open;2021-11-29T06:58:00Z;246;563;0;809;809;24279[Konstabler];2021-11-29T07:02:02.662Z
0.52582157;open;2021-11-29T06:58:00Z;224;202;0;426;426;18497[Hauptwache];2021-11-29T07:02:02.662Z
0.49558824;open;2021-11-29T06:58:00Z;337;343;0;680;680;18495[Am Gericht];2021-11-29T07:02:02.662Z
0.08660508;open;2021-11-29T06:58:00Z;75;791;70;936;866;109240[MyZeil];2021-11-29T07:02:02.662Z
0.4022082;open;2021-11-29T06:58:00Z;255;379;0;634;634;18494[Konrad-Adenauer-Straße];2021-11-29T07:02:02.662Z
0.5133333;open;2021-11-29T07:23:00Z;77;73;200;350;150;24276[Turmcenter];2021-11-29T07:27:00.871Z
0.1941032;open;2021-11-29T07:23:00Z;79;328;0;407;407;18944[Alte Oper];2021-11-29T07:27:00.871Z
0.21978022;open;2021-11-29T07:23:00Z;80;284;0;364;364;24281[Hauptbahnhof Süd];2021-11-29T07:27:00.871Z
0.6510417;open;2021-11-29T07:23:00Z;250;134;0;384;384;105479[Baseler Platz];2021-11-29T07:27:00.871Z
0.3263288;open;2021-11-29T07:23:00Z;264;545;0;809;809;24279[Konstabler];2021-11-29T07:27:00.871Z
0.57042253;open;2021-11-29T07:23:00Z;243;183;0;426;426;18497[Hauptwache];2021-11-29T07:27:00.871Z
0.53088236;open;2021-11-29T07:23:00Z;361;319;0;680;680;18495[Am Gericht];2021-11-29T07:27:00.871Z
0.10161663;open;2021-11-29T07:23:00Z;88;778;70;936;866;109240[MyZeil];2021-11-29T07:27:00.871Z
0.4164038;open;2021-11-29T07:23:00Z;264;370;0;634;634;18494[Konrad-Adenauer-Straße];2021-11-29T07:27:00.871Z
0.6;open;2021-11-29T07:39:00Z;90;60;200;350;150;24276[Turmcenter];2021-11-29T07:42:00.051Z
0.21375921;open;2021-11-29T07:39:00Z;87;320;0;407;407;18944[Alte Oper];2021-11-29T07:42:00.051Z
0.24175824;open;2021-11-29T07:39:00Z;88;276;0;364;364;24281[Hauptbahnhof Süd];2021-11-29T07:42:00.051Z
0.6510417;open;2021-11-29T07:39:00Z;250;134;0;384;384;105479[Baseler Platz];2021-11-29T07:42:00.051Z
0.3461063;open;2021-11-29T07:39:00Z;280;529;0;809;809;24279[Konstabler];2021-11-29T07:42:00.051Z
0.58450705;open;2021-11-29T07:39:00Z;249;177;0;426;426;18497[Hauptwache];2021-11-29T07:42:00.051Z
0.5720588;open;2021-11-29T07:39:00Z;389;291;0;680;680;18495[Am Gericht];2021-11-29T07:42:00.051Z
0.1039261;open;2021-11-29T07:39:00Z;90;776;70;936;866;109240[MyZeil];2021-11-29T07:42:00.051Z
0.4369085;open;2021-11-29T07:39:00Z;277;357;0;634;634;18494[Konrad-Adenauer-Straße];2021-11-29T07:42:00.051Z
0.66;open;2021-11-29T07:48:00Z;99;51;200;350;150;24276[Turmcenter];2021-11-29T07:52:00.193Z
0.24324325;open;2021-11-29T07:48:00Z;99;308;0;407;407;18944[Alte Oper];2021-11-29T07:52:00.193Z
0.26648352;open;2021-11-29T07:48:00Z;97;267;0;364;364;24281[Hauptbahnhof Süd];2021-11-29T07:52:00.193Z
0.6510417;open;2021-11-29T07:48:00Z;250;134;0;384;384;105479[Baseler Platz];2021-11-29T07:52:00.193Z
0.35723114;open;2021-11-29T07:48:00Z;289;520;0;809;809;24279[Konstabler];2021-11-29T07:52:00.193Z
0.600939;open;2021-11-29T07:48:00Z;256;170;0;426;426;18497[Hauptwache];2021-11-29T07:52:00.193Z
0.5985294;open;2021-11-29T07:48:00Z;407;273;0;680;680;18495[Am Gericht];2021-11-29T07:52:00.193Z
0.106235564;open;2021-11-29T07:48:00Z;92;774;70;936;866;109240[MyZeil];2021-11-29T07:52:00.193Z
0.44479495;open;2021-11-29T07:48:00Z;282;352;0;634;634;18494[Konrad-Adenauer-Straße];2021-11-29T07:52:00.193Z
0.74;open;2021-11-29T08:03:00Z;111;39;200;350;150;24276[Turmcenter];2021-11-29T08:07:01.731Z
0.27027026;open;2021-11-29T08:03:00Z;110;297;0;407;407;18944[Alte Oper];2021-11-29T08:07:01.731Z
0.29395604;open;2021-11-29T08:03:00Z;107;257;0;364;364;24281[Hauptbahnhof Süd];2021-11-29T08:07:01.731Z
0.6510417;open;2021-11-29T08:03:00Z;250;134;0;384;384;105479[Baseler Platz];2021-11-29T08:07:01.731Z
0.37330037;open;2021-11-29T08:03:00Z;302;507;0;809;809;24279[Konstabler];2021-11-29T08:07:01.731Z
0.6220657;open;2021-11-29T08:03:00Z;265;161;0;426;426;18497[Hauptwache];2021-11-29T08:07:01.731Z
0.65588236;open;2021-11-29T08:03:00Z;446;234;0;680;680;18495[Am Gericht];2021-11-29T08:07:01.731Z
0.114318706;open;2021-11-29T08:03:00Z;99;767;70;936;866;109240[MyZeil];2021-11-29T08:07:01.731Z
0.46214512;open;2021-11-29T08:03:00Z;293;341;0;634;634;18494[Konrad-Adenauer-Straße];2021-11-29T08:07:01.731Z
0.8933333;open;2021-11-29T08:34:00Z;134;16;200;350;150;24276[Turmcenter];2021-11-29T08:37:01.174Z
0.32186732;open;2021-11-29T08:34:00Z;131;276;0;407;407;18944[Alte Oper];2021-11-29T08:37:01.174Z
0.33516484;open;2021-11-29T08:34:00Z;122;242;0;364;364;24281[Hauptbahnhof Süd];2021-11-29T08:37:01.174Z
0.6510417;open;2021-11-29T08:34:00Z;250;134;0;384;384;105479[Baseler Platz];2021-11-29T08:37:01.174Z
0.41656366;open;2021-11-29T08:34:00Z;337;472;0;809;809;24279[Konstabler];2021-11-29T08:37:01.174Z
0.713615;open;2021-11-29T08:34:00Z;304;122;0;426;426;18497[Hauptwache];2021-11-29T08:37:01.174Z
0.7441176;open;2021-11-29T08:34:00Z;506;174;0;680;680;18495[Am Gericht];2021-11-29T08:37:01.174Z
0.12933025;open;2021-11-29T08:34:00Z;112;754;70;936;866;109240[MyZeil];2021-11-29T08:37:01.174Z
0.4858044;open;2021-11-29T08:34:00Z;308;326;0;634;634;18494[Konrad-Adenauer-Straße];2021-11-29T08:37:01.174Z
0.94;open;2021-11-29T08:49:00Z;141;9;200;350;150;24276[Turmcenter];2021-11-29T08:52:02.927Z
0.36609337;open;2021-11-29T08:49:00Z;149;258;0;407;407;18944[Alte Oper];2021-11-29T08:52:02.927Z
0.35164836;open;2021-11-29T08:49:00Z;128;236;0;364;364;24281[Hauptbahnhof Süd];2021-11-29T08:52:02.927Z
0.6510417;open;2021-11-29T08:49:00Z;250;134;0;384;384;105479[Baseler Platz];2021-11-29T08:52:02.927Z
0.44499382;open;2021-11-29T08:49:00Z;360;449;0;809;809;24279[Konstabler];2021-11-29T08:52:02.927Z
0.7629108;open;2021-11-29T08:49:00Z;325;101;0;426;426;18497[Hauptwache];2021-11-29T08:52:02.927Z
0.77794117;open;2021-11-29T08:49:00Z;529;151;0;680;680;18495[Am Gericht];2021-11-29T08:52:02.927Z
0.13972287;open;2021-11-29T08:49:00Z;121;745;70;936;866;109240[MyZeil];2021-11-29T08:52:02.927Z
0.5094637;open;2021-11-29T08:49:00Z;323;311;0;634;634;18494[Konrad-Adenauer-Straße];2021-11-29T08:52:02.927Z
0.94;open;2021-11-29T08:59:00Z;141;9;200;350;150;24276[Turmcenter];2021-11-29T09:02:00.133Z
0.39312038;open;2021-11-29T08:59:00Z;160;247;0;407;407;18944[Alte Oper];2021-11-29T09:02:00.133Z
0.3543956;open;2021-11-29T08:59:00Z;129;235;0;364;364;24281[Hauptbahnhof Süd];2021-11-29T09:02:00.133Z
0.6510417;open;2021-11-29T08:59:00Z;250;134;0;384;384;105479[Baseler Platz];2021-11-29T09:02:00.133Z
0.45982695;open;2021-11-29T08:59:00Z;372;437;0;809;809;24279[Konstabler];2021-11-29T09:02:00.133Z
0.79812205;open;2021-11-29T08:59:00Z;340;86;0;426;426;18497[Hauptwache];2021-11-29T09:02:00.133Z
0.7897059;open;2021-11-29T08:59:00Z;537;143;0;680;680;18495[Am Gericht];2021-11-29T09:02:00.133Z
0.15473442;open;2021-11-29T08:59:00Z;134;732;70;936;866;109240[MyZeil];2021-11-29T09:02:00.133Z
0.5205047;open;2021-11-29T08:59:00Z;330;304;0;634;634;18494[Konrad-Adenauer-Straße];2021-11-29T09:02:00.133Z
0.8933333;open;2021-11-29T09:24:00Z;134;16;200;350;150;24276[Turmcenter];2021-11-29T09:27:01.748Z
0.47420147;open;2021-11-29T09:24:00Z;193;214;0;407;407;18944[Alte Oper];2021-11-29T09:27:01.748Z
0.3543956;open;2021-11-29T09:24:00Z;129;235;0;364;364;24281[Hauptbahnhof Süd];2021-11-29T09:27:01.748Z
0.6510417;open;2021-11-29T09:24:00Z;250;134;0;384;384;105479[Baseler Platz];2021-11-29T09:27:01.748Z
0.5290482;open;2021-11-29T09:24:00Z;428;381;0;809;809;24279[Konstabler];2021-11-29T09:27:01.748Z
0.899061;open;2021-11-29T09:24:00Z;383;43;0;426;426;18497[Hauptwache];2021-11-29T09:27:01.748Z
0.8367647;open;2021-11-29T09:24:00Z;569;111;0;680;680;18495[Am Gericht];2021-11-29T09:27:01.748Z
0.18822171;open;2021-11-29T09:24:00Z;163;703;70;936;866;109240[MyZeil];2021-11-29T09:27:01.748Z
0.5488959;open;2021-11-29T09:24:00Z;348;286;0;634;634;18494[Konrad-Adenauer-Straße];2021-11-29T09:27:01.748Z
0.9066667;open;2021-11-29T09:44:00Z;136;14;200;350;150;24276[Turmcenter];2021-11-29T09:47:01.413Z
0.53071254;open;2021-11-29T09:44:00Z;216;191;0;407;407;18944[Alte Oper];2021-11-29T09:47:01.413Z
0.3598901;open;2021-11-29T09:44:00Z;131;233;0;364;364;24281[Hauptbahnhof Süd];2021-11-29T09:47:01.413Z
0.6510417;open;2021-11-29T09:44:00Z;250;134;0;384;384;105479[Baseler Platz];2021-11-29T09:47:01.413Z
0.5735476;open;2021-11-29T09:44:00Z;464;345;0;809;809;24279[Konstabler];2021-11-29T09:47:01.413Z
0.9624413;open;2021-11-29T09:44:00Z;410;16;0;426;426;18497[Hauptwache];2021-11-29T09:47:01.413Z
0.85882354;open;2021-11-29T09:44:00Z;584;96;0;680;680;18495[Am Gericht];2021-11-29T09:47:01.413Z
0.20900694;open;2021-11-29T09:44:00Z;181;685;70;936;866;109240[MyZeil];2021-11-29T09:47:01.413Z
0.5646688;open;2021-11-29T09:44:00Z;358;276;0;634;634;18494[Konrad-Adenauer-Straße];2021-11-29T09:47:01.413Z
0.91333336;open;2021-11-29T09:54:00Z;137;13;200;350;150;24276[Turmcenter];2021-11-29T09:57:02.600Z
0.54545456;open;2021-11-29T09:54:00Z;222;185;0;407;407;18944[Alte Oper];2021-11-29T09:57:02.600Z
0.36813188;open;2021-11-29T09:54:00Z;134;230;0;364;364;24281[Hauptbahnhof Süd];2021-11-29T09:57:02.600Z
0.6510417;open;2021-11-29T09:54:00Z;250;134;0;384;384;105479[Baseler Platz];2021-11-29T09:57:02.600Z
0.6131026;open;2021-11-29T09:54:00Z;496;313;0;809;809;24279[Konstabler];2021-11-29T09:57:02.600Z
0.9624413;open;2021-11-29T09:54:00Z;410;16;0;426;426;18497[Hauptwache];2021-11-29T09:57:02.600Z
0.86470586;open;2021-11-29T09:54:00Z;588;92;0;680;680;18495[Am Gericht];2021-11-29T09:57:02.600Z
0.2147806;open;2021-11-29T09:54:00Z;186;680;70;936;866;109240[MyZeil];2021-11-29T09:57:02.600Z
0.5725552;open;2021-11-29T09:54:00Z;363;271;0;634;634;18494[Konrad-Adenauer-Straße];2021-11-29T09:57:02.600Z
0.94;open;2021-11-29T10:24:00Z;141;9;200;350;150;24276[Turmcenter];2021-11-29T10:27:00.772Z
0.58476657;open;2021-11-29T10:24:00Z;238;169;0;407;407;18944[Alte Oper];2021-11-29T10:27:00.772Z
0.3653846;open;2021-11-29T10:24:00Z;133;231;0;364;364;24281[Hauptbahnhof Süd];2021-11-29T10:27:00.772Z
0.6510417;open;2021-11-29T10:24:00Z;250;134;0;384;384;105479[Baseler Platz];2021-11-29T10:27:00.772Z
0.6551298;open;2021-11-29T10:24:00Z;530;279;0;809;809;24279[Konstabler];2021-11-29T10:27:00.772Z
1;open;2021-11-29T10:24:00Z;426;0;0;426;426;18497[Hauptwache];2021-11-29T10:27:00.772Z
0.8602941;open;2021-11-29T10:24:00Z;585;95;0;680;680;18495[Am Gericht];2021-11-29T10:27:00.772Z
0.22979215;open;2021-11-29T10:24:00Z;199;667;70;936;866;109240[MyZeil];2021-11-29T10:27:00.772Z
0.6025237;open;2021-11-29T10:24:00Z;382;252;0;634;634;18494[Konrad-Adenauer-Straße];2021-11-29T10:27:00.772Z
0.9266667;open;2021-11-29T10:45:00Z;139;11;200;350;150;24276[Turmcenter];2021-11-29T10:47:02.626Z
0.5896806;open;2021-11-29T10:45:00Z;240;167;0;407;407;18944[Alte Oper];2021-11-29T10:47:02.626Z
0.36263737;open;2021-11-29T10:45:00Z;132;232;0;364;364;24281[Hauptbahnhof Süd];2021-11-29T10:47:02.626Z
0.6510417;open;2021-11-29T10:45:00Z;250;134;0;384;384;105479[Baseler Platz];2021-11-29T10:47:02.626Z
0.70210135;open;2021-11-29T10:45:00Z;568;241;0;809;809;24279[Konstabler];2021-11-29T10:47:02.626Z
1;open;2021-11-29T10:45:00Z;426;0;0;426;426;18497[Hauptwache];2021-11-29T10:47:02.626Z
0.87058824;open;2021-11-29T10:45:00Z;592;88;0;680;680;18495[Am Gericht];2021-11-29T10:47:02.626Z
0.22632794;open;2021-11-29T10:45:00Z;196;670;70;936;866;109240[MyZeil];2021-11-29T10:47:02.626Z
0.60410094;open;2021-11-29T10:45:00Z;383;251;0;634;634;18494[Konrad-Adenauer-Straße];2021-11-29T10:47:02.626Z
0.9266667;open;2021-11-29T11:00:00Z;139;11;200;350;150;24276[Turmcenter];2021-11-29T11:02:02.005Z
0.61179364;open;2021-11-29T11:00:00Z;249;158;0;407;407;18944[Alte Oper];2021-11-29T11:02:02.005Z
0.3434066;open;2021-11-29T11:00:00Z;125;239;0;364;364;24281[Hauptbahnhof Süd];2021-11-29T11:02:02.005Z
0.6510417;open;2021-11-29T11:00:00Z;250;134;0;384;384;105479[Baseler Platz];2021-11-29T11:02:02.005Z
0.72064275;open;2021-11-29T11:00:00Z;583;226;0;809;809;24279[Konstabler];2021-11-29T11:02:02.005Z
0.98122066;open;2021-11-29T11:00:00Z;418;8;0;426;426;18497[Hauptwache];2021-11-29T11:02:02.005Z
0.85294116;open;2021-11-29T11:00:00Z;580;100;0;680;680;18495[Am Gericht];2021-11-29T11:02:02.005Z
0.23556583;open;2021-11-29T11:00:00Z;204;662;70;936;866;109240[MyZeil];2021-11-29T11:02:02.005Z
0.60094637;open;2021-11-29T11:00:00Z;381;253;0;634;634;18494[Konrad-Adenauer-Straße];2021-11-29T11:02:02.005Z
0.8666667;open;2021-11-29T11:20:00Z;130;20;200;350;150;24276[Turmcenter];2021-11-29T11:22:00.357Z
0.6289926;open;2021-11-29T11:20:00Z;256;151;0;407;407;18944[Alte Oper];2021-11-29T11:22:00.357Z
0.3434066;open;2021-11-29T11:20:00Z;125;239;0;364;364;24281[Hauptbahnhof Süd];2021-11-29T11:22:00.357Z
0.6510417;open;2021-11-29T11:20:00Z;250;134;0;384;384;105479[Baseler Platz];2021-11-29T11:22:00.357Z
0.74289244;open;2021-11-29T11:20:00Z;601;208;0;809;809;24279[Konstabler];2021-11-29T11:22:00.357Z
1;open;2021-11-29T11:20:00Z;426;0;0;426;426;18497[Hauptwache];2021-11-29T11:22:00.357Z
0.83235294;open;2021-11-29T11:20:00Z;566;114;0;680;680;18495[Am Gericht];2021-11-29T11:22:00.357Z
0.25404158;open;2021-11-29T11:20:00Z;220;646;70;936;866;109240[MyZeil];2021-11-29T11:22:00.357Z
0.6151419;open;2021-11-29T11:20:00Z;390;244;0;634;634;18494[Konrad-Adenauer-Straße];2021-11-29T11:22:00.357Z
0.88666666;open;2021-11-29T11:30:00Z;133;17;200;350;150;24276[Turmcenter];2021-11-29T11:32:00.216Z
0.65847665;open;2021-11-29T11:30:00Z;268;139;0;407;407;18944[Alte Oper];2021-11-29T11:32:00.216Z
0.32967034;open;2021-11-29T11:30:00Z;120;244;0;364;364;24281[Hauptbahnhof Süd];2021-11-29T11:32:00.216Z
0.6510417;open;2021-11-29T11:30:00Z;250;134;0;384;384;105479[Baseler Platz];2021-11-29T11:32:00.216Z
0.75154513;open;2021-11-29T11:30:00Z;608;201;0;809;809;24279[Konstabler];2021-11-29T11:32:00.216Z
0.9953052;open;2021-11-29T11:30:00Z;424;2;0;426;426;18497[Hauptwache];2021-11-29T11:32:00.216Z
0.84117645;open;2021-11-29T11:30:00Z;572;108;0;680;680;18495[Am Gericht];2021-11-29T11:32:00.216Z
0.26096997;open;2021-11-29T11:30:00Z;226;640;70;936;866;109240[MyZeil];2021-11-29T11:32:00.216Z
0.5946372;open;2021-11-29T11:30:00Z;377;257;0;634;634;18494[Konrad-Adenauer-Straße];2021-11-29T11:32:00.216Z
0.87333333;open;2021-11-29T11:40:00Z;131;19;200;350;150;24276[Turmcenter];2021-11-29T11:42:02.225Z
0.6609337;open;2021-11-29T11:40:00Z;269;138;0;407;407;18944[Alte Oper];2021-11-29T11:42:02.225Z
0.32692307;open;2021-11-29T11:40:00Z;119;245;0;364;364;24281[Hauptbahnhof Süd];2021-11-29T11:42:02.225Z
0.6510417;open;2021-11-29T11:40:00Z;250;134;0;384;384;105479[Baseler Platz];2021-11-29T11:42:02.225Z
0.76019776;open;2021-11-29T11:40:00Z;615;194;0;809;809;24279[Konstabler];2021-11-29T11:42:02.225Z
0.9976526;open;2021-11-29T11:40:00Z;425;1;0;426;426;18497[Hauptwache];2021-11-29T11:42:02.225Z
0.8426471;open;2021-11-29T11:40:00Z;573;107;0;680;680;18495[Am Gericht];2021-11-29T11:42:02.225Z
0.26212472;open;2021-11-29T11:40:00Z;227;639;70;936;866;109240[MyZeil];2021-11-29T11:42:02.225Z
0.5977918;open;2021-11-29T11:40:00Z;379;255;0;634;634;18494[Konrad-Adenauer-Straße];2021-11-29T11:42:02.225Z
0.8666667;open;2021-11-29T11:55:00Z;130;20;200;350;150;24276[Turmcenter];2021-11-29T11:57:02.156Z
0.66339064;open;2021-11-29T11:55:00Z;270;137;0;407;407;18944[Alte Oper];2021-11-29T11:57:02.156Z
0.33791208;open;2021-11-29T11:55:00Z;123;241;0;364;364;24281[Hauptbahnhof Süd];2021-11-29T11:57:02.156Z
0.6510417;open;2021-11-29T11:55:00Z;250;134;0;384;384;105479[Baseler Platz];2021-11-29T11:57:02.156Z
0.76390606;open;2021-11-29T11:55:00Z;618;191;0;809;809;24279[Konstabler];2021-11-29T11:57:02.156Z
0.9835681;open;2021-11-29T11:55:00Z;419;7;0;426;426;18497[Hauptwache];2021-11-29T11:57:02.156Z
0.82941175;open;2021-11-29T11:55:00Z;564;116;0;680;680;18495[Am Gericht];2021-11-29T11:57:02.156Z
0.26674366;open;2021-11-29T11:55:00Z;231;635;70;936;866;109240[MyZeil];2021-11-29T11:57:02.156Z
0.6072555;open;2021-11-29T11:55:00Z;385;249;0;634;634;18494[Konrad-Adenauer-Straße];2021-11-29T11:57:02.156Z
0.8666667;open;2021-11-29T12:30:00Z;130;20;200;350;150;24276[Turmcenter];2021-11-29T12:32:01.537Z
0.6412777;open;2021-11-29T12:30:00Z;261;146;0;407;407;18944[Alte Oper];2021-11-29T12:32:01.537Z
0.33516484;open;2021-11-29T12:30:00Z;122;242;0;364;364;24281[Hauptbahnhof Süd];2021-11-29T12:32:01.537Z
0.6510417;open;2021-11-29T12:30:00Z;250;134;0;384;384;105479[Baseler Platz];2021-11-29T12:32:01.537Z
0.7540173;open;2021-11-29T12:30:00Z;610;199;0;809;809;24279[Konstabler];2021-11-29T12:32:01.537Z
1;open;2021-11-29T12:30:00Z;426;0;0;426;426;18497[Hauptwache];2021-11-29T12:32:01.537Z
0.8147059;open;2021-11-29T12:30:00Z;554;126;0;680;680;18495[Am Gericht];2021-11-29T12:32:01.537Z
0.27944574;open;2021-11-29T12:30:00Z;242;624;70;936;866;109240[MyZeil];2021-11-29T12:32:01.537Z
0.6025237;open;2021-11-29T12:30:00Z;382;252;0;634;634;18494[Konrad-Adenauer-Straße];2021-11-29T12:32:01.537Z
0.81333333;open;2021-11-29T13:01:00Z;122;28;200;350;150;24276[Turmcenter];2021-11-29T13:02:00.773Z
0.6216216;open;2021-11-29T13:01:00Z;253;154;0;407;407;18944[Alte Oper];2021-11-29T13:02:00.773Z
0.31043956;open;2021-11-29T13:01:00Z;113;251;0;364;364;24281[Hauptbahnhof Süd];2021-11-29T13:02:00.773Z
0.6510417;open;2021-11-29T13:01:00Z;250;134;0;384;384;105479[Baseler Platz];2021-11-29T13:02:00.773Z
0.7577256;open;2021-11-29T13:01:00Z;613;196;0;809;809;24279[Konstabler];2021-11-29T13:02:00.773Z
0.9929578;open;2021-11-29T13:01:00Z;423;3;0;426;426;18497[Hauptwache];2021-11-29T13:02:00.773Z
0.8029412;open;2021-11-29T13:01:00Z;546;134;0;680;680;18495[Am Gericht];2021-11-29T13:02:00.773Z
0.2944573;open;2021-11-29T13:01:00Z;255;611;70;936;866;109240[MyZeil];2021-11-29T13:02:00.773Z
0.5977918;open;2021-11-29T13:01:00Z;379;255;0;634;634;18494[Konrad-Adenauer-Straße];2021-11-29T13:02:00.773Z
0.7866667;open;2021-11-29T13:36:00Z;118;32;200;350;150;24276[Turmcenter];2021-11-29T13:37:00.125Z
0.5479115;open;2021-11-29T13:36:00Z;223;184;0;407;407;18944[Alte Oper];2021-11-29T13:37:00.125Z
0.2912088;open;2021-11-29T13:36:00Z;106;258;0;364;364;24281[Hauptbahnhof Süd];2021-11-29T13:37:00.125Z
0.6510417;open;2021-11-29T13:36:00Z;250;134;0;384;384;105479[Baseler Platz];2021-11-29T13:37:00.125Z
0.7775031;open;2021-11-29T13:36:00Z;629;180;0;809;809;24279[Konstabler];2021-11-29T13:37:00.125Z
0.9882629;open;2021-11-29T13:36:00Z;421;5;0;426;426;18497[Hauptwache];2021-11-29T13:37:00.125Z
0.73970586;open;2021-11-29T13:36:00Z;503;177;0;680;680;18495[Am Gericht];2021-11-29T13:37:00.125Z
0.28406465;open;2021-11-29T13:36:00Z;246;620;70;936;866;109240[MyZeil];2021-11-29T13:37:00.125Z
0.59305996;open;2021-11-29T13:36:00Z;376;258;0;634;634;18494[Konrad-Adenauer-Straße];2021-11-29T13:37:00.125Z
0.7733333;open;2021-11-29T13:51:00Z;116;34;200;350;150;24276[Turmcenter];2021-11-29T13:52:02.483Z
0.5282555;open;2021-11-29T13:51:00Z;215;192;0;407;407;18944[Alte Oper];2021-11-29T13:52:02.483Z
0.28846154;open;2021-11-29T13:51:00Z;105;259;0;364;364;24281[Hauptbahnhof Süd];2021-11-29T13:52:02.483Z
0.6510417;open;2021-11-29T13:51:00Z;250;134;0;384;384;105479[Baseler Platz];2021-11-29T13:52:02.483Z
0.76514214;open;2021-11-29T13:51:00Z;619;190;0;809;809;24279[Konstabler];2021-11-29T13:52:02.483Z
0.9882629;open;2021-11-29T13:51:00Z;421;5;0;426;426;18497[Hauptwache];2021-11-29T13:52:02.483Z
0.7205882;open;2021-11-29T13:51:00Z;490;190;0;680;680;18495[Am Gericht];2021-11-29T13:52:02.483Z
0.27367204;open;2021-11-29T13:51:00Z;237;629;70;936;866;109240[MyZeil];2021-11-29T13:52:02.483Z
0.5946372;open;2021-11-29T13:51:00Z;377;257;0;634;634;18494[Konrad-Adenauer-Straße];2021-11-29T13:52:02.483Z
0.79333335;open;2021-11-29T13:56:00Z;119;31;200;350;150;24276[Turmcenter];2021-11-29T14:02:01.691Z
0.52334154;open;2021-11-29T13:56:00Z;213;194;0;407;407;18944[Alte Oper];2021-11-29T14:02:01.691Z
0.2802198;open;2021-11-29T13:56:00Z;102;262;0;364;364;24281[Hauptbahnhof Süd];2021-11-29T14:02:01.691Z
0.6510417;open;2021-11-29T13:56:00Z;250;134;0;384;384;105479[Baseler Platz];2021-11-29T14:02:01.691Z
0.76019776;open;2021-11-29T13:56:00Z;615;194;0;809;809;24279[Konstabler];2021-11-29T14:02:01.691Z
1;open;2021-11-29T13:56:00Z;426;0;0;426;426;18497[Hauptwache];2021-11-29T14:02:01.691Z
0.7235294;open;2021-11-29T13:56:00Z;492;188;0;680;680;18495[Am Gericht];2021-11-29T14:02:01.691Z
0.2748268;open;2021-11-29T13:56:00Z;238;628;70;936;866;109240[MyZeil];2021-11-29T14:02:01.691Z
0.5899054;open;2021-11-29T13:56:00Z;374;260;0;634;634;18494[Konrad-Adenauer-Straße];2021-11-29T14:02:01.691Z
0.76;open;2021-11-29T14:22:00Z;114;36;200;350;150;24276[Turmcenter];2021-11-29T14:27:00.723Z
0.49140048;open;2021-11-29T14:22:00Z;200;207;0;407;407;18944[Alte Oper];2021-11-29T14:27:00.723Z
0.25824177;open;2021-11-29T14:22:00Z;94;270;0;364;364;24281[Hauptbahnhof Süd];2021-11-29T14:27:00.723Z
0.6510417;open;2021-11-29T14:22:00Z;250;134;0;384;384;105479[Baseler Platz];2021-11-29T14:27:00.723Z
0.7404203;open;2021-11-29T14:22:00Z;599;210;0;809;809;24279[Konstabler];2021-11-29T14:27:00.723Z
0.9929578;open;2021-11-29T14:22:00Z;423;3;0;426;426;18497[Hauptwache];2021-11-29T14:27:00.723Z
0.6985294;open;2021-11-29T14:22:00Z;475;205;0;680;680;18495[Am Gericht];2021-11-29T14:27:00.723Z
0.25288683;open;2021-11-29T14:22:00Z;219;647;70;936;866;109240[MyZeil];2021-11-29T14:27:00.723Z
0.5741325;open;2021-11-29T14:22:00Z;364;270;0;634;634;18494[Konrad-Adenauer-Straße];2021-11-29T14:27:00.723Z
0.7;open;2021-11-29T14:37:00Z;105;45;200;350;150;24276[Turmcenter];2021-11-29T14:42:00.677Z
0.48157248;open;2021-11-29T14:37:00Z;196;211;0;407;407;18944[Alte Oper];2021-11-29T14:42:00.677Z
0.2445055;open;2021-11-29T14:37:00Z;89;275;0;364;364;24281[Hauptbahnhof Süd];2021-11-29T14:42:00.677Z
0.6510417;open;2021-11-29T14:37:00Z;250;134;0;384;384;105479[Baseler Platz];2021-11-29T14:42:00.677Z
0.7404203;open;2021-11-29T14:37:00Z;599;210;0;809;809;24279[Konstabler];2021-11-29T14:42:00.677Z
0.9859155;open;2021-11-29T14:37:00Z;420;6;0;426;426;18497[Hauptwache];2021-11-29T14:42:00.677Z
0.6617647;open;2021-11-29T14:37:00Z;450;230;0;680;680;18495[Am Gericht];2021-11-29T14:42:00.677Z
0.24018475;open;2021-11-29T14:37:00Z;208;658;70;936;866;109240[MyZeil];2021-11-29T14:42:00.677Z
0.5867508;open;2021-11-29T14:37:00Z;372;262;0;634;634;18494[Konrad-Adenauer-Straße];2021-11-29T14:42:00.677Z
0.72;open;2021-11-29T14:52:00Z;108;42;200;350;150;24276[Turmcenter];2021-11-29T14:57:00.901Z
0.46683046;open;2021-11-29T14:52:00Z;190;217;0;407;407;18944[Alte Oper];2021-11-29T14:57:00.901Z
0.20879121;open;2021-11-29T14:52:00Z;76;288;0;364;364;24281[Hauptbahnhof Süd];2021-11-29T14:57:00.901Z
0.6510417;open;2021-11-29T14:52:00Z;250;134;0;384;384;105479[Baseler Platz];2021-11-29T14:57:00.901Z
0.7181706;open;2021-11-29T14:52:00Z;581;228;0;809;809;24279[Konstabler];2021-11-29T14:57:00.901Z
1;open;2021-11-29T14:52:00Z;426;0;0;426;426;18497[Hauptwache];2021-11-29T14:57:00.901Z
0.65294117;open;2021-11-29T14:52:00Z;444;236;0;680;680;18495[Am Gericht];2021-11-29T14:57:00.901Z
0.23787528;open;2021-11-29T14:52:00Z;206;660;70;936;866;109240[MyZeil];2021-11-29T14:57:00.901Z
0.5820189;open;2021-11-29T14:52:00Z;369;265;0;634;634;18494[Konrad-Adenauer-Straße];2021-11-29T14:57:00.901Z
0.72;open;2021-11-29T15:02:00Z;108;42;200;350;150;24276[Turmcenter];2021-11-29T15:07:01.219Z
0.46437347;open;2021-11-29T15:02:00Z;189;218;0;407;407;18944[Alte Oper];2021-11-29T15:07:01.219Z
0.1978022;open;2021-11-29T15:02:00Z;72;292;0;364;364;24281[Hauptbahnhof Süd];2021-11-29T15:07:01.219Z
0.6510417;open;2021-11-29T15:02:00Z;250;134;0;384;384;105479[Baseler Platz];2021-11-29T15:07:01.219Z
0.7144623;open;2021-11-29T15:02:00Z;578;231;0;809;809;24279[Konstabler];2021-11-29T15:07:01.219Z
1;open;2021-11-29T15:02:00Z;426;0;0;426;426;18497[Hauptwache];2021-11-29T15:07:01.219Z
0.62941176;open;2021-11-29T15:02:00Z;428;252;0;680;680;18495[Am Gericht];2021-11-29T15:07:01.219Z
0.25288683;open;2021-11-29T15:02:00Z;219;647;70;936;866;109240[MyZeil];2021-11-29T15:07:01.219Z
0.57886434;open;2021-11-29T15:02:00Z;367;267;0;634;634;18494[Konrad-Adenauer-Straße];2021-11-29T15:07:01.219Z
0.6933333;open;2021-11-29T15:32:00Z;104;46;200;350;150;24276[Turmcenter];2021-11-29T15:37:00.955Z
0.46437347;open;2021-11-29T15:32:00Z;189;218;0;407;407;18944[Alte Oper];2021-11-29T15:37:00.955Z
0.16758242;open;2021-11-29T15:32:00Z;61;303;0;364;364;24281[Hauptbahnhof Süd];2021-11-29T15:37:00.955Z
0.6510417;open;2021-11-29T15:32:00Z;250;134;0;384;384;105479[Baseler Platz];2021-11-29T15:37:00.955Z
0.7082818;open;2021-11-29T15:32:00Z;573;236;0;809;809;24279[Konstabler];2021-11-29T15:37:00.955Z
0.9882629;open;2021-11-29T15:32:00Z;421;5;0;426;426;18497[Hauptwache];2021-11-29T15:37:00.955Z
0.5882353;open;2021-11-29T15:32:00Z;400;280;0;680;680;18495[Am Gericht];2021-11-29T15:37:00.955Z
0.24133949;open;2021-11-29T15:32:00Z;209;657;70;936;866;109240[MyZeil];2021-11-29T15:37:00.955Z
0.5851735;open;2021-11-29T15:32:00Z;371;263;0;634;634;18494[Konrad-Adenauer-Straße];2021-11-29T15:37:00.955Z
0.64;open;2021-11-29T15:48:00Z;96;54;200;350;150;24276[Turmcenter];2021-11-29T15:52:00.171Z
0.44471744;open;2021-11-29T15:48:00Z;181;226;0;407;407;18944[Alte Oper];2021-11-29T15:52:00.171Z
0.17307693;open;2021-11-29T15:48:00Z;63;301;0;364;364;24281[Hauptbahnhof Süd];2021-11-29T15:52:00.171Z
0.6510417;open;2021-11-29T15:48:00Z;250;134;0;384;384;105479[Baseler Platz];2021-11-29T15:52:00.171Z
0.7082818;open;2021-11-29T15:48:00Z;573;236;0;809;809;24279[Konstabler];2021-11-29T15:52:00.171Z
0.9835681;open;2021-11-29T15:48:00Z;419;7;0;426;426;18497[Hauptwache];2021-11-29T15:52:00.171Z
0.5779412;open;2021-11-29T15:48:00Z;393;287;0;680;680;18495[Am Gericht];2021-11-29T15:52:00.171Z
0.24364896;open;2021-11-29T15:48:00Z;211;655;70;936;866;109240[MyZeil];2021-11-29T15:52:00.171Z
0.5993691;open;2021-11-29T15:48:00Z;380;254;0;634;634;18494[Konrad-Adenauer-Straße];2021-11-29T15:52:00.171Z
0.64666665;open;2021-11-29T15:58:00Z;97;53;200;350;150;24276[Turmcenter];2021-11-29T16:02:01.161Z
0.45454547;open;2021-11-29T15:58:00Z;185;222;0;407;407;18944[Alte Oper];2021-11-29T16:02:01.161Z
0.15659341;open;2021-11-29T15:58:00Z;57;307;0;364;364;24281[Hauptbahnhof Süd];2021-11-29T16:02:01.161Z
0.6510417;open;2021-11-29T15:58:00Z;250;134;0;384;384;105479[Baseler Platz];2021-11-29T16:02:01.161Z
0.7132262;open;2021-11-29T15:58:00Z;577;232;0;809;809;24279[Konstabler];2021-11-29T16:02:01.161Z
0.96478873;open;2021-11-29T15:58:00Z;411;15;0;426;426;18497[Hauptwache];2021-11-29T16:02:01.161Z
0.5617647;open;2021-11-29T15:58:00Z;382;298;0;680;680;18495[Am Gericht];2021-11-29T16:02:01.161Z
0.25057736;open;2021-11-29T15:58:00Z;217;649;70;936;866;109240[MyZeil];2021-11-29T16:02:01.161Z
0.59148264;open;2021-11-29T15:58:00Z;375;259;0;634;634;18494[Konrad-Adenauer-Straße];2021-11-29T16:02:01.161Z
0.46666667;open;2021-11-29T16:38:00Z;70;80;200;350;150;24276[Turmcenter];2021-11-29T16:42:01.260Z
0.41769043;open;2021-11-29T16:38:00Z;170;237;0;407;407;18944[Alte Oper];2021-11-29T16:42:01.260Z
0.10989011;open;2021-11-29T16:38:00Z;40;324;0;364;364;24281[Hauptbahnhof Süd];2021-11-29T16:42:01.260Z
0.6640625;open;2021-11-29T16:38:00Z;255;129;0;384;384;105479[Baseler Platz];2021-11-29T16:42:01.260Z
0.671199;open;2021-11-29T16:38:00Z;543;266;0;809;809;24279[Konstabler];2021-11-29T16:42:01.260Z
0.91549295;open;2021-11-29T16:38:00Z;390;36;0;426;426;18497[Hauptwache];2021-11-29T16:42:01.260Z
0.5264706;open;2021-11-29T16:38:00Z;358;322;0;680;680;18495[Am Gericht];2021-11-29T16:42:01.260Z
0.2517321;open;2021-11-29T16:38:00Z;218;648;70;936;866;109240[MyZeil];2021-11-29T16:42:01.260Z
0.55520505;open;2021-11-29T16:38:00Z;352;282;0;634;634;18494[Konrad-Adenauer-Straße];2021-11-29T16:42:01.260Z
0.38;open;2021-11-29T17:14:00Z;57;93;200;350;150;24276[Turmcenter];2021-11-29T17:17:02.773Z
0.3980344;open;2021-11-29T17:14:00Z;162;245;0;407;407;18944[Alte Oper];2021-11-29T17:17:02.773Z
0.08516484;open;2021-11-29T17:14:00Z;31;333;0;364;364;24281[Hauptbahnhof Süd];2021-11-29T17:17:02.773Z
0.6432292;open;2021-11-29T17:14:00Z;247;137;0;384;384;105479[Baseler Platz];2021-11-29T17:17:02.773Z
0.66254634;open;2021-11-29T17:14:00Z;536;273;0;809;809;24279[Konstabler];2021-11-29T17:17:02.773Z
0.8943662;open;2021-11-29T17:14:00Z;381;45;0;426;426;18497[Hauptwache];2021-11-29T17:17:02.773Z
0.5088235;open;2021-11-29T17:14:00Z;346;334;0;680;680;18495[Am Gericht];2021-11-29T17:17:02.773Z
0.25288683;open;2021-11-29T17:14:00Z;219;647;70;936;866;109240[MyZeil];2021-11-29T17:17:02.773Z
0.5362776;open;2021-11-29T17:14:00Z;340;294;0;634;634;18494[Konrad-Adenauer-Straße];2021-11-29T17:17:02.773Z
0.26;open;2021-11-29T17:39:00Z;52;148;150;350;200;24276[Turmcenter];2021-11-29T17:42:01.767Z
0.37346438;open;2021-11-29T17:39:00Z;152;255;0;407;407;18944[Alte Oper];2021-11-29T17:42:01.767Z
0.06593407;open;2021-11-29T17:39:00Z;24;340;0;364;364;24281[Hauptbahnhof Süd];2021-11-29T17:42:01.767Z
0.6328125;open;2021-11-29T17:39:00Z;243;141;0;384;384;105479[Baseler Platz];2021-11-29T17:42:01.767Z
0.6501854;open;2021-11-29T17:39:00Z;526;283;0;809;809;24279[Konstabler];2021-11-29T17:42:01.767Z
0.91784036;open;2021-11-29T17:39:00Z;391;35;0;426;426;18497[Hauptwache];2021-11-29T17:42:01.767Z
0.5058824;open;2021-11-29T17:39:00Z;344;336;0;680;680;18495[Am Gericht];2021-11-29T17:42:01.767Z
0.24133949;open;2021-11-29T17:39:00Z;209;657;70;936;866;109240[MyZeil];2021-11-29T17:42:01.767Z
0.52681386;open;2021-11-29T17:39:00Z;334;300;0;634;634;18494[Konrad-Adenauer-Straße];2021-11-29T17:42:01.767Z
0.275;open;2021-11-29T17:54:00Z;55;145;150;350;200;24276[Turmcenter];2021-11-29T17:57:00.791Z
0.35872236;open;2021-11-29T17:54:00Z;146;261;0;407;407;18944[Alte Oper];2021-11-29T17:57:00.791Z
0.057692308;open;2021-11-29T17:54:00Z;21;343;0;364;364;24281[Hauptbahnhof Süd];2021-11-29T17:57:00.791Z
0.625;open;2021-11-29T17:54:00Z;240;144;0;384;384;105479[Baseler Platz];2021-11-29T17:57:00.791Z
0.62175524;open;2021-11-29T17:54:00Z;503;306;0;809;809;24279[Konstabler];2021-11-29T17:57:00.791Z
0.91549295;open;2021-11-29T17:54:00Z;390;36;0;426;426;18497[Hauptwache];2021-11-29T17:57:00.791Z
0.4867647;open;2021-11-29T17:54:00Z;331;349;0;680;680;18495[Am Gericht];2021-11-29T17:57:00.791Z
0.23903002;open;2021-11-29T17:54:00Z;207;659;70;936;866;109240[MyZeil];2021-11-29T17:57:00.791Z
0.51735014;open;2021-11-29T17:54:00Z;328;306;0;634;634;18494[Konrad-Adenauer-Straße];2021-11-29T17:57:00.791Z
0.26;open;2021-11-29T18:35:00Z;52;148;150;350;200;24276[Turmcenter];2021-11-29T18:37:02.649Z
0.29238328;open;2021-11-29T18:35:00Z;119;288;0;407;407;18944[Alte Oper];2021-11-29T18:37:02.649Z
0.043956045;open;2021-11-29T18:35:00Z;16;348;0;364;364;24281[Hauptbahnhof Süd];2021-11-29T18:37:02.649Z
0.6354167;open;2021-11-29T18:35:00Z;244;140;0;384;384;105479[Baseler Platz];2021-11-29T18:37:02.649Z
0.56242275;open;2021-11-29T18:35:00Z;455;354;0;809;809;24279[Konstabler];2021-11-29T18:37:02.649Z
0.87323946;open;2021-11-29T18:35:00Z;372;54;0;426;426;18497[Hauptwache];2021-11-29T18:37:02.649Z
0.46764705;open;2021-11-29T18:35:00Z;318;362;0;680;680;18495[Am Gericht];2021-11-29T18:37:02.649Z
0.2078522;open;2021-11-29T18:35:00Z;180;686;70;936;866;109240[MyZeil];2021-11-29T18:37:02.649Z
0.49211356;open;2021-11-29T18:35:00Z;312;322;0;634;634;18494[Konrad-Adenauer-Straße];2021-11-29T18:37:02.649Z
0.25;open;2021-11-29T18:55:00Z;50;150;150;350;200;24276[Turmcenter];2021-11-29T18:57:00.125Z
0.2800983;open;2021-11-29T18:55:00Z;114;293;0;407;407;18944[Alte Oper];2021-11-29T18:57:00.125Z
0.035714287;open;2021-11-29T18:55:00Z;13;351;0;364;364;24281[Hauptbahnhof Süd];2021-11-29T18:57:00.125Z
0.6380208;open;2021-11-29T18:55:00Z;245;139;0;384;384;105479[Baseler Platz];2021-11-29T18:57:00.125Z
0.53152037;open;2021-11-29T18:55:00Z;430;379;0;809;809;24279[Konstabler];2021-11-29T18:57:00.125Z
0.8309859;open;2021-11-29T18:55:00Z;354;72;0;426;426;18497[Hauptwache];2021-11-29T18:57:00.125Z
0.45;open;2021-11-29T18:55:00Z;306;374;0;680;680;18495[Am Gericht];2021-11-29T18:57:00.125Z
0.20669746;open;2021-11-29T18:55:00Z;179;687;70;936;866;109240[MyZeil];2021-11-29T18:57:00.125Z
0.4731861;open;2021-11-29T18:55:00Z;300;334;0;634;634;18494[Konrad-Adenauer-Straße];2021-11-29T18:57:00.125Z
0.24;open;2021-11-29T19:00:00Z;48;152;150;350;200;24276[Turmcenter];2021-11-29T19:02:02.652Z
0.2800983;open;2021-11-29T19:00:00Z;114;293;0;407;407;18944[Alte Oper];2021-11-29T19:02:02.652Z
0.032967035;open;2021-11-29T19:00:00Z;12;352;0;364;364;24281[Hauptbahnhof Süd];2021-11-29T19:02:02.652Z
0.6380208;open;2021-11-29T19:00:00Z;245;139;0;384;384;105479[Baseler Platz];2021-11-29T19:02:02.652Z
0.5253399;open;2021-11-29T19:00:00Z;425;384;0;809;809;24279[Konstabler];2021-11-29T19:02:02.652Z
0.814554;open;2021-11-29T19:00:00Z;347;79;0;426;426;18497[Hauptwache];2021-11-29T19:02:02.652Z
0.44705883;open;2021-11-29T19:00:00Z;304;376;0;680;680;18495[Am Gericht];2021-11-29T19:02:02.652Z
0.20669746;open;2021-11-29T19:00:00Z;179;687;70;936;866;109240[MyZeil];2021-11-29T19:02:02.652Z
0.47160885;open;2021-11-29T19:00:00Z;299;335;0;634;634;18494[Konrad-Adenauer-Straße];2021-11-29T19:02:02.652Z
0.245;open;2021-11-29T19:20:00Z;49;151;150;350;200;24276[Turmcenter];2021-11-29T19:22:01.764Z
0.25798526;open;2021-11-29T19:20:00Z;105;302;0;407;407;18944[Alte Oper];2021-11-29T19:22:01.764Z
0.03021978;open;2021-11-29T19:20:00Z;11;353;0;364;364;24281[Hauptbahnhof Süd];2021-11-29T19:22:01.764Z
0.6302083;open;2021-11-29T19:20:00Z;242;142;0;384;384;105479[Baseler Platz];2021-11-29T19:22:01.764Z
0.4894932;open;2021-11-29T19:20:00Z;396;413;0;809;809;24279[Konstabler];2021-11-29T19:22:01.764Z
0.7605634;open;2021-11-29T19:20:00Z;324;102;0;426;426;18497[Hauptwache];2021-11-29T19:22:01.764Z
0.43676472;open;2021-11-29T19:20:00Z;297;383;0;680;680;18495[Am Gericht];2021-11-29T19:22:01.764Z
0.1743649;open;2021-11-29T19:20:00Z;151;715;70;936;866;109240[MyZeil];2021-11-29T19:22:01.764Z
0.44952682;open;2021-11-29T19:20:00Z;285;349;0;634;634;18494[Konrad-Adenauer-Straße];2021-11-29T19:22:01.764Z
0.215;open;2021-11-29T19:36:00Z;43;157;150;350;200;24276[Turmcenter];2021-11-29T19:37:00.692Z
0.24815725;open;2021-11-29T19:36:00Z;101;306;0;407;407;18944[Alte Oper];2021-11-29T19:37:00.692Z
0.03021978;open;2021-11-29T19:36:00Z;11;353;0;364;364;24281[Hauptbahnhof Süd];2021-11-29T19:37:00.692Z
0.6354167;open;2021-11-29T19:36:00Z;244;140;0;384;384;105479[Baseler Platz];2021-11-29T19:37:00.692Z
0.4684796;open;2021-11-29T19:36:00Z;379;430;0;809;809;24279[Konstabler];2021-11-29T19:37:00.692Z
0.7347418;open;2021-11-29T19:36:00Z;313;113;0;426;426;18497[Hauptwache];2021-11-29T19:37:00.692Z
0.42058823;open;2021-11-29T19:36:00Z;286;394;0;680;680;18495[Am Gericht];2021-11-29T19:37:00.692Z
0.114318706;open;2021-11-29T19:36:00Z;99;767;70;936;866;109240[MyZeil];2021-11-29T19:37:00.692Z
0.4400631;open;2021-11-29T19:36:00Z;279;355;0;634;634;18494[Konrad-Adenauer-Straße];2021-11-29T19:37:00.692Z
0.215;open;2021-11-29T19:41:00Z;43;157;150;350;200;24276[Turmcenter];2021-11-29T19:42:00.510Z
0.24324325;open;2021-11-29T19:41:00Z;99;308;0;407;407;18944[Alte Oper];2021-11-29T19:42:00.510Z
0.027472528;open;2021-11-29T19:41:00Z;10;354;0;364;364;24281[Hauptbahnhof Süd];2021-11-29T19:42:00.510Z
0.6302083;open;2021-11-29T19:41:00Z;242;142;0;384;384;105479[Baseler Platz];2021-11-29T19:42:00.510Z
0.46353522;open;2021-11-29T19:41:00Z;375;434;0;809;809;24279[Konstabler];2021-11-29T19:42:00.510Z
0.7276995;open;2021-11-29T19:41:00Z;310;116;0;426;426;18497[Hauptwache];2021-11-29T19:42:00.510Z
0.41617647;open;2021-11-29T19:41:00Z;283;397;0;680;680;18495[Am Gericht];2021-11-29T19:42:00.510Z
0.11085451;open;2021-11-29T19:41:00Z;96;770;70;936;866;109240[MyZeil];2021-11-29T19:42:00.510Z
0.43533123;open;2021-11-29T19:41:00Z;276;358;0;634;634;18494[Konrad-Adenauer-Straße];2021-11-29T19:42:00.510Z
0.19;open;2021-11-29T20:06:00Z;38;162;150;350;200;24276[Turmcenter];2021-11-29T20:07:01.266Z
0.22604422;open;2021-11-29T20:06:00Z;92;315;0;407;407;18944[Alte Oper];2021-11-29T20:07:01.266Z
0.024725275;open;2021-11-29T20:06:00Z;9;355;0;364;364;24281[Hauptbahnhof Süd];2021-11-29T20:07:01.266Z
0.6276042;open;2021-11-29T20:06:00Z;241;143;0;384;384;105479[Baseler Platz];2021-11-29T20:07:01.266Z
0.407911;open;2021-11-29T20:06:00Z;330;479;0;809;809;24279[Konstabler];2021-11-29T20:07:01.266Z
0.657277;open;2021-11-29T20:06:00Z;280;146;0;426;426;18497[Hauptwache];2021-11-29T20:07:01.266Z
0.39411765;open;2021-11-29T20:06:00Z;268;412;0;680;680;18495[Am Gericht];2021-11-29T20:07:01.266Z
0.41009465;open;2021-11-29T20:06:00Z;260;374;0;634;634;18494[Konrad-Adenauer-Straße];2021-11-29T20:07:01.266Z
0.15;open;2021-11-29T20:42:00Z;30;170;150;350;200;24276[Turmcenter];2021-11-29T20:47:00.226Z
0.18181819;open;2021-11-29T20:42:00Z;74;333;0;407;407;18944[Alte Oper];2021-11-29T20:47:00.226Z
0.016483517;open;2021-11-29T20:42:00Z;6;358;0;364;364;24281[Hauptbahnhof Süd];2021-11-29T20:47:00.226Z
0.6276042;open;2021-11-29T20:42:00Z;241;143;0;384;384;105479[Baseler Platz];2021-11-29T20:47:00.226Z
0.3461063;open;2021-11-29T20:42:00Z;280;529;0;809;809;24279[Konstabler];2021-11-29T20:47:00.226Z
0.5657277;open;2021-11-29T20:42:00Z;241;185;0;426;426;18497[Hauptwache];2021-11-29T20:47:00.226Z
0.3867647;open;2021-11-29T20:42:00Z;263;417;0;680;680;18495[Am Gericht];2021-11-29T20:47:00.226Z
0.06928407;open;2021-11-29T20:42:00Z;60;806;70;936;866;109240[MyZeil];2021-11-29T20:47:00.226Z
0.4022082;open;2021-11-29T20:42:00Z;255;379;0;634;634;18494[Konrad-Adenauer-Straße];2021-11-29T20:47:00.226Z
0.145;open;2021-11-29T20:52:00Z;29;171;150;350;200;24276[Turmcenter];2021-11-29T20:57:02.369Z
0.17199017;open;2021-11-29T20:52:00Z;70;337;0;407;407;18944[Alte Oper];2021-11-29T20:57:02.369Z
0.013736264;open;2021-11-29T20:52:00Z;5;359;0;364;364;24281[Hauptbahnhof Süd];2021-11-29T20:57:02.369Z
0.6276042;open;2021-11-29T20:52:00Z;241;143;0;384;384;105479[Baseler Platz];2021-11-29T20:57:02.369Z
0.33745363;open;2021-11-29T20:52:00Z;273;536;0;809;809;24279[Konstabler];2021-11-29T20:57:02.369Z
0.5539906;open;2021-11-29T20:52:00Z;236;190;0;426;426;18497[Hauptwache];2021-11-29T20:57:02.369Z
0.38382354;open;2021-11-29T20:52:00Z;261;419;0;680;680;18495[Am Gericht];2021-11-29T20:57:02.369Z
0.064665124;open;2021-11-29T20:52:00Z;56;810;70;936;866;109240[MyZeil];2021-11-29T20:57:02.369Z
0.39589906;open;2021-11-29T20:52:00Z;251;383;0;634;634;18494[Konrad-Adenauer-Straße];2021-11-29T20:57:02.369Z
0.13;open;2021-11-29T21:17:00Z;26;174;150;350;200;24276[Turmcenter];2021-11-29T21:22:02.572Z
0.16216215;open;2021-11-29T21:17:00Z;66;341;0;407;407;18944[Alte Oper];2021-11-29T21:22:02.572Z
0.010989011;open;2021-11-29T21:17:00Z;4;360;0;364;364;24281[Hauptbahnhof Süd];2021-11-29T21:22:02.572Z
0.6276042;open;2021-11-29T21:17:00Z;241;143;0;384;384;105479[Baseler Platz];2021-11-29T21:22:02.572Z
0.32385662;open;2021-11-29T21:17:00Z;262;547;0;809;809;24279[Konstabler];2021-11-29T21:22:02.572Z
0.52347416;open;2021-11-29T21:17:00Z;223;203;0;426;426;18497[Hauptwache];2021-11-29T21:22:02.572Z
0.38382354;open;2021-11-29T21:17:00Z;261;419;0;680;680;18495[Am Gericht];2021-11-29T21:22:02.572Z
0.054272518;open;2021-11-29T21:17:00Z;47;819;70;936;866;109240[MyZeil];2021-11-29T21:22:02.572Z
0.38170347;open;2021-11-29T21:17:00Z;242;392;0;634;634;18494[Konrad-Adenauer-Straße];2021-11-29T21:22:02.572Z
0.13;open;2021-11-29T21:27:00Z;26;174;150;350;200;24276[Turmcenter];2021-11-29T21:32:01.810Z
0.15479116;open;2021-11-29T21:27:00Z;63;344;0;407;407;18944[Alte Oper];2021-11-29T21:32:01.810Z
0.010989011;open;2021-11-29T21:27:00Z;4;360;0;364;364;24281[Hauptbahnhof Süd];2021-11-29T21:32:01.810Z
0.6276042;open;2021-11-29T21:27:00Z;241;143;0;384;384;105479[Baseler Platz];2021-11-29T21:32:01.810Z
0.31767616;open;2021-11-29T21:27:00Z;257;552;0;809;809;24279[Konstabler];2021-11-29T21:32:01.810Z
0.52112675;open;2021-11-29T21:27:00Z;222;204;0;426;426;18497[Hauptwache];2021-11-29T21:32:01.810Z
0.3779412;open;2021-11-29T21:27:00Z;257;423;0;680;680;18495[Am Gericht];2021-11-29T21:32:01.810Z
0.053117782;open;2021-11-29T21:27:00Z;46;820;70;936;866;109240[MyZeil];2021-11-29T21:32:01.810Z
0.3785489;open;2021-11-29T21:27:00Z;240;394;0;634;634;18494[Konrad-Adenauer-Straße];2021-11-29T21:32:01.810Z
0.12;open;2021-11-29T21:48:00Z;24;176;150;350;200;24276[Turmcenter];2021-11-29T21:52:00.369Z
0.15233415;open;2021-11-29T21:48:00Z;62;345;0;407;407;18944[Alte Oper];2021-11-29T21:52:00.369Z
0.008241759;open;2021-11-29T21:48:00Z;3;361;0;364;364;24281[Hauptbahnhof Süd];2021-11-29T21:52:00.369Z
0.6276042;open;2021-11-29T21:48:00Z;241;143;0;384;384;105479[Baseler Platz];2021-11-29T21:52:00.369Z
0.31149566;open;2021-11-29T21:48:00Z;252;557;0;809;809;24279[Konstabler];2021-11-29T21:52:00.369Z
0.5117371;open;2021-11-29T21:48:00Z;218;208;0;426;426;18497[Hauptwache];2021-11-29T21:52:00.369Z
0.3720588;open;2021-11-29T21:48:00Z;253;427;0;680;680;18495[Am Gericht];2021-11-29T21:52:00.369Z
0.3769716;open;2021-11-29T21:48:00Z;239;395;0;634;634;18494[Konrad-Adenauer-Straße];2021-11-29T21:52:00.369Z
0.12;open;2021-11-29T21:58:00Z;24;176;150;350;200;24276[Turmcenter];2021-11-29T22:02:02.140Z
0.14742015;open;2021-11-29T21:58:00Z;60;347;0;407;407;18944[Alte Oper];2021-11-29T22:02:02.140Z
0.008241759;open;2021-11-29T21:58:00Z;3;361;0;364;364;24281[Hauptbahnhof Süd];2021-11-29T22:02:02.140Z
0.6302083;open;2021-11-29T21:58:00Z;242;142;0;384;384;105479[Baseler Platz];2021-11-29T22:02:02.140Z
0.3090235;open;2021-11-29T21:58:00Z;250;559;0;809;809;24279[Konstabler];2021-11-29T22:02:02.140Z
0.5093897;open;2021-11-29T21:58:00Z;217;209;0;426;426;18497[Hauptwache];2021-11-29T22:02:02.140Z
0.3720588;open;2021-11-29T21:58:00Z;253;427;0;680;680;18495[Am Gericht];2021-11-29T22:02:02.140Z
0.04965358;open;2021-11-29T21:58:00Z;43;823;70;936;866;109240[MyZeil];2021-11-29T22:02:02.140Z
0.3785489;open;2021-11-29T21:58:00Z;240;394;0;634;634;18494[Konrad-Adenauer-Straße];2021-11-29T22:02:02.140Z
0.11;open;2021-11-29T22:24:00Z;22;178;150;350;200;24276[Turmcenter];2021-11-29T22:27:01.871Z
0.14004914;open;2021-11-29T22:24:00Z;57;350;0;407;407;18944[Alte Oper];2021-11-29T22:27:01.871Z
0.0054945056;open;2021-11-29T22:24:00Z;2;362;0;364;364;24281[Hauptbahnhof Süd];2021-11-29T22:27:01.871Z
0.6276042;open;2021-11-29T22:24:00Z;241;143;0;384;384;105479[Baseler Platz];2021-11-29T22:27:01.871Z
0.302843;open;2021-11-29T22:24:00Z;245;564;0;809;809;24279[Konstabler];2021-11-29T22:27:01.871Z
0.49530515;open;2021-11-29T22:24:00Z;211;215;0;426;426;18497[Hauptwache];2021-11-29T22:27:01.871Z
0.37058824;open;2021-11-29T22:24:00Z;252;428;0;680;680;18495[Am Gericht];2021-11-29T22:27:01.871Z
0.048498847;open;2021-11-29T22:24:00Z;42;824;70;936;866;109240[MyZeil];2021-11-29T22:27:01.871Z
0.3753943;open;2021-11-29T22:24:00Z;238;396;0;634;634;18494[Konrad-Adenauer-Straße];2021-11-29T22:27:01.871Z
0.105;open;2021-11-29T22:39:00Z;21;179;150;350;200;24276[Turmcenter];2021-11-29T22:42:01.938Z
0.13267814;open;2021-11-29T22:39:00Z;54;353;0;407;407;18944[Alte Oper];2021-11-29T22:42:01.938Z
0.0054945056;open;2021-11-29T22:39:00Z;2;362;0;364;364;24281[Hauptbahnhof Süd];2021-11-29T22:42:01.938Z
0.6276042;open;2021-11-29T22:39:00Z;241;143;0;384;384;105479[Baseler Platz];2021-11-29T22:42:01.938Z
0.29666254;open;2021-11-29T22:39:00Z;240;569;0;809;809;24279[Konstabler];2021-11-29T22:42:01.938Z
0.49295774;open;2021-11-29T22:39:00Z;210;216;0;426;426;18497[Hauptwache];2021-11-29T22:42:01.938Z
0.36911765;open;2021-11-29T22:39:00Z;251;429;0;680;680;18495[Am Gericht];2021-11-29T22:42:01.938Z
0.04734411;open;2021-11-29T22:39:00Z;41;825;70;936;866;109240[MyZeil];2021-11-29T22:42:01.938Z
0.37381703;open;2021-11-29T22:39:00Z;237;397;0;634;634;18494[Konrad-Adenauer-Straße];2021-11-29T22:42:01.938Z
0.105;open;2021-11-29T23:00:00Z;21;179;150;350;200;24276[Turmcenter];2021-11-29T23:02:01.222Z
0.12776412;open;2021-11-29T23:00:00Z;52;355;0;407;407;18944[Alte Oper];2021-11-29T23:02:01.222Z
0.0027472528;open;2021-11-29T23:00:00Z;1;363;0;364;364;24281[Hauptbahnhof Süd];2021-11-29T23:02:01.222Z
0.625;open;2021-11-29T23:00:00Z;240;144;0;384;384;105479[Baseler Platz];2021-11-29T23:02:01.222Z
0.2867738;open;2021-11-29T23:00:00Z;232;577;0;809;809;24279[Konstabler];2021-11-29T23:02:01.222Z
0.49061033;open;2021-11-29T23:00:00Z;209;217;0;426;426;18497[Hauptwache];2021-11-29T23:02:01.222Z
0;closed;2021-11-29T23:00:00Z;;430;0;0;0;18495[Am Gericht];2021-11-29T23:02:01.222Z
0.045034643;open;2021-11-29T23:00:00Z;39;827;70;936;866;109240[MyZeil];2021-11-29T23:02:01.222Z
0.37223974;open;2021-11-29T23:00:00Z;236;398;0;634;634;18494[Konrad-Adenauer-Straße];2021-11-29T23:02:01.222Z
0.095;open;2021-11-29T23:25:00Z;19;181;150;350;200;24276[Turmcenter];2021-11-29T23:27:00.327Z
0.12530713;open;2021-11-29T23:25:00Z;51;356;0;407;407;18944[Alte Oper];2021-11-29T23:27:00.327Z
0.0027472528;open;2021-11-29T23:25:00Z;1;363;0;364;364;24281[Hauptbahnhof Süd];2021-11-29T23:27:00.327Z
0.625;open;2021-11-29T23:25:00Z;240;144;0;384;384;105479[Baseler Platz];2021-11-29T23:27:00.327Z
0.28182942;open;2021-11-29T23:25:00Z;228;581;0;809;809;24279[Konstabler];2021-11-29T23:27:00.327Z
0.48591548;open;2021-11-29T23:25:00Z;207;219;0;426;426;18497[Hauptwache];2021-11-29T23:27:00.327Z
0;closed;2021-11-29T23:25:00Z;;430;0;0;0;18495[Am Gericht];2021-11-29T23:27:00.327Z
0.043879908;open;2021-11-29T23:25:00Z;38;828;70;936;866;109240[MyZeil];2021-11-29T23:27:00.327Z
0.36750787;open;2021-11-29T23:25:00Z;233;401;0;634;634;18494[Konrad-Adenauer-Straße];2021-11-29T23:27:00.327Z
0.085;open;2021-11-29T23:41:00Z;17;183;150;350;200;24276[Turmcenter];2021-11-29T23:42:02.382Z
0.12285012;open;2021-11-29T23:41:00Z;50;357;0;407;407;18944[Alte Oper];2021-11-29T23:42:02.382Z
0.0027472528;open;2021-11-29T23:41:00Z;1;363;0;364;364;24281[Hauptbahnhof Süd];2021-11-29T23:42:02.382Z
0.625;open;2021-11-29T23:41:00Z;240;144;0;384;384;105479[Baseler Platz];2021-11-29T23:42:02.382Z
0.28306553;open;2021-11-29T23:41:00Z;229;580;0;809;809;24279[Konstabler];2021-11-29T23:42:02.382Z
0.48591548;open;2021-11-29T23:41:00Z;207;219;0;426;426;18497[Hauptwache];2021-11-29T23:42:02.382Z
0;closed;2021-11-29T23:41:00Z;;430;0;0;0;18495[Am Gericht];2021-11-29T23:42:02.382Z
0.043879908;open;2021-11-29T23:41:00Z;38;828;70;936;866;109240[MyZeil];2021-11-29T23:42:02.382Z
0.36908516;open;2021-11-29T23:41:00Z;234;400;0;634;634;18494[Konrad-Adenauer-Straße];2021-11-29T23:42:02.382Z
0.085;open;2021-11-29T23:51:00Z;17;183;150;350;200;24276[Turmcenter];2021-11-29T23:52:00.444Z
0.12285012;open;2021-11-29T23:51:00Z;50;357;0;407;407;18944[Alte Oper];2021-11-29T23:52:00.444Z
0.0027472528;open;2021-11-29T23:51:00Z;1;363;0;364;364;24281[Hauptbahnhof Süd];2021-11-29T23:52:00.444Z
0.625;open;2021-11-29T23:51:00Z;240;144;0;384;384;105479[Baseler Platz];2021-11-29T23:52:00.444Z
0.28306553;open;2021-11-29T23:51:00Z;229;580;0;809;809;24279[Konstabler];2021-11-29T23:52:00.444Z
0.48591548;open;2021-11-29T23:51:00Z;207;219;0;426;426;18497[Hauptwache];2021-11-29T23:52:00.444Z
0;closed;2021-11-29T23:51:00Z;;430;0;0;0;18495[Am Gericht];2021-11-29T23:52:00.444Z
0.043879908;open;2021-11-29T23:51:00Z;38;828;70;936;866;109240[MyZeil];2021-11-29T23:52:00.444Z
0.36908516;open;2021-11-29T23:51:00Z;234;400;0;634;634;18494[Konrad-Adenauer-Straße];2021-11-29T23:52:00.444Z
0.09;open;2021-11-30T01:26:00Z;18;182;150;350;200;24276[Turmcenter];2021-11-30T01:27:00.773Z
0.11793612;open;2021-11-30T01:26:00Z;48;359;0;407;407;18944[Alte Oper];2021-11-30T01:27:00.773Z
0.0027472528;open;2021-11-30T01:26:00Z;1;363;0;364;364;24281[Hauptbahnhof Süd];2021-11-30T01:27:00.773Z
0.625;open;2021-11-30T01:26:00Z;240;144;0;384;384;105479[Baseler Platz];2021-11-30T01:27:00.773Z
0.27812114;open;2021-11-30T01:26:00Z;225;584;0;809;809;24279[Konstabler];2021-11-30T01:27:00.773Z
0.48356807;open;2021-11-30T01:26:00Z;206;220;0;426;426;18497[Hauptwache];2021-11-30T01:27:00.773Z
0;closed;2021-11-30T01:26:00Z;;430;0;0;0;18495[Am Gericht];2021-11-30T01:27:00.773Z
0.042725172;open;2021-11-30T01:26:00Z;37;829;70;936;866;109240[MyZeil];2021-11-30T01:27:00.773Z
0.37066245;open;2021-11-30T01:26:00Z;235;399;0;634;634;18494[Konrad-Adenauer-Straße];2021-11-30T01:27:00.773Z
0.09;open;2021-11-30T02:11:00Z;18;182;150;350;200;24276[Turmcenter];2021-11-30T02:12:02.940Z
0.11793612;open;2021-11-30T02:11:00Z;48;359;0;407;407;18944[Alte Oper];2021-11-30T02:12:02.940Z
0.0027472528;open;2021-11-30T02:11:00Z;1;363;0;364;364;24281[Hauptbahnhof Süd];2021-11-30T02:12:02.940Z
0.625;open;2021-11-30T02:11:00Z;240;144;0;384;384;105479[Baseler Platz];2021-11-30T02:12:02.940Z
0.27812114;open;2021-11-30T02:11:00Z;225;584;0;809;809;24279[Konstabler];2021-11-30T02:12:02.940Z
0.48356807;open;2021-11-30T02:11:00Z;206;220;0;426;426;18497[Hauptwache];2021-11-30T02:12:02.940Z
0;closed;2021-11-30T02:11:00Z;;430;0;0;0;18495[Am Gericht];2021-11-30T02:12:02.940Z
0.36908516;open;2021-11-30T02:11:00Z;234;400;0;634;634;18494[Konrad-Adenauer-Straße];2021-11-30T02:12:02.940Z
0.09;open;2021-11-30T02:42:00Z;18;182;150;350;200;24276[Turmcenter];2021-11-30T02:47:02.099Z
0.11793612;open;2021-11-30T02:42:00Z;48;359;0;407;407;18944[Alte Oper];2021-11-30T02:47:02.099Z
0.0027472528;open;2021-11-30T02:42:00Z;1;363;0;364;364;24281[Hauptbahnhof Süd];2021-11-30T02:47:02.099Z
0.6276042;open;2021-11-30T02:42:00Z;241;143;0;384;384;105479[Baseler Platz];2021-11-30T02:47:02.099Z
0.27812114;open;2021-11-30T02:42:00Z;225;584;0;809;809;24279[Konstabler];2021-11-30T02:47:02.099Z
0.48356807;open;2021-11-30T02:42:00Z;206;220;0;426;426;18497[Hauptwache];2021-11-30T02:47:02.099Z
0;closed;2021-11-30T02:42:00Z;;430;0;0;0;18495[Am Gericht];2021-11-30T02:47:02.099Z
0.042725172;open;2021-11-30T02:42:00Z;37;829;70;936;866;109240[MyZeil];2021-11-30T02:47:02.099Z
0.36750787;open;2021-11-30T02:42:00Z;233;401;0;634;634;18494[Konrad-Adenauer-Straße];2021-11-30T02:47:02.099Z
0.09;open;2021-11-30T03:02:00Z;18;182;150;350;200;24276[Turmcenter];2021-11-30T03:07:00.384Z
0.11793612;open;2021-11-30T03:02:00Z;48;359;0;407;407;18944[Alte Oper];2021-11-30T03:07:00.384Z
0.0027472528;open;2021-11-30T03:02:00Z;1;363;0;364;364;24281[Hauptbahnhof Süd];2021-11-30T03:07:00.384Z
0.6276042;open;2021-11-30T03:02:00Z;241;143;0;384;384;105479[Baseler Platz];2021-11-30T03:07:00.384Z
0.27812114;open;2021-11-30T03:02:00Z;225;584;0;809;809;24279[Konstabler];2021-11-30T03:07:00.384Z
0.48356807;open;2021-11-30T03:02:00Z;206;220;0;426;426;18497[Hauptwache];2021-11-30T03:07:00.384Z
0;closed;2021-11-30T03:02:00Z;;;0;0;0;18495[Am Gericht];2021-11-30T03:07:00.384Z
0.042725172;open;2021-11-30T03:02:00Z;37;829;70;936;866;109240[MyZeil];2021-11-30T03:07:00.384Z
0.36750787;open;2021-11-30T03:02:00Z;233;401;0;634;634;18494[Konrad-Adenauer-Straße];2021-11-30T03:07:00.384Z
0.09;open;2021-11-30T03:17:00Z;18;182;150;350;200;24276[Turmcenter];2021-11-30T03:22:00.760Z
0.11793612;open;2021-11-30T03:17:00Z;48;359;0;407;407;18944[Alte Oper];2021-11-30T03:22:00.760Z
0.0027472528;open;2021-11-30T03:17:00Z;1;363;0;364;364;24281[Hauptbahnhof Süd];2021-11-30T03:22:00.760Z
0.6276042;open;2021-11-30T03:17:00Z;241;143;0;384;384;105479[Baseler Platz];2021-11-30T03:22:00.760Z
0.27812114;open;2021-11-30T03:17:00Z;225;584;0;809;809;24279[Konstabler];2021-11-30T03:22:00.760Z
0.48356807;open;2021-11-30T03:17:00Z;206;220;0;426;426;18497[Hauptwache];2021-11-30T03:22:00.760Z
0;closed;2021-11-30T03:17:00Z;;;0;0;0;18495[Am Gericht];2021-11-30T03:22:00.760Z
0.042725172;open;2021-11-30T03:17:00Z;37;829;70;936;866;109240[MyZeil];2021-11-30T03:22:00.760Z
0.36750787;open;2021-11-30T03:17:00Z;233;401;0;634;634;18494[Konrad-Adenauer-Straße];2021-11-30T03:22:00.760Z
0.09;open;2021-11-30T03:27:00Z;18;182;150;350;200;24276[Turmcenter];2021-11-30T03:32:02.398Z
0.11793612;open;2021-11-30T03:27:00Z;48;359;0;407;407;18944[Alte Oper];2021-11-30T03:32:02.398Z
0.0027472528;open;2021-11-30T03:27:00Z;1;363;0;364;364;24281[Hauptbahnhof Süd];2021-11-30T03:32:02.398Z
0.625;open;2021-11-30T03:27:00Z;240;144;0;384;384;105479[Baseler Platz];2021-11-30T03:32:02.398Z
0.27812114;open;2021-11-30T03:27:00Z;225;584;0;809;809;24279[Konstabler];2021-11-30T03:32:02.398Z
0.48356807;open;2021-11-30T03:27:00Z;206;220;0;426;426;18497[Hauptwache];2021-11-30T03:32:02.398Z
0;closed;2021-11-30T03:27:00Z;;;0;0;0;18495[Am Gericht];2021-11-30T03:32:02.398Z
0.042725172;open;2021-11-30T03:27:00Z;37;829;70;936;866;109240[MyZeil];2021-11-30T03:32:02.398Z
0.37223974;open;2021-11-30T03:27:00Z;236;398;0;634;634;18494[Konrad-Adenauer-Straße];2021-11-30T03:32:02.398Z
0.095;open;2021-11-30T03:42:00Z;19;181;150;350;200;24276[Turmcenter];2021-11-30T03:47:02.878Z
0.11793612;open;2021-11-30T03:42:00Z;48;359;0;407;407;18944[Alte Oper];2021-11-30T03:47:02.878Z
0.0027472528;open;2021-11-30T03:42:00Z;1;363;0;364;364;24281[Hauptbahnhof Süd];2021-11-30T03:47:02.878Z
0.625;open;2021-11-30T03:42:00Z;240;144;0;384;384;105479[Baseler Platz];2021-11-30T03:47:02.878Z
0.27812114;open;2021-11-30T03:42:00Z;225;584;0;809;809;24279[Konstabler];2021-11-30T03:47:02.878Z
0.48356807;open;2021-11-30T03:42:00Z;206;220;0;426;426;18497[Hauptwache];2021-11-30T03:47:02.878Z
0;closed;2021-11-30T03:42:00Z;;;0;0;0;18495[Am Gericht];2021-11-30T03:47:02.878Z
0.042725172;open;2021-11-30T03:42:00Z;37;829;70;936;866;109240[MyZeil];2021-11-30T03:47:02.878Z
0.37381703;open;2021-11-30T03:42:00Z;237;397;0;634;634;18494[Konrad-Adenauer-Straße];2021-11-30T03:47:02.878Z
0.095;open;2021-11-30T03:57:00Z;19;181;150;350;200;24276[Turmcenter];2021-11-30T04:02:01.287Z
0.11793612;open;2021-11-30T03:57:00Z;48;359;0;407;407;18944[Alte Oper];2021-11-30T04:02:01.287Z
0.0027472528;open;2021-11-30T03:57:00Z;1;363;0;364;364;24281[Hauptbahnhof Süd];2021-11-30T04:02:01.287Z
0.625;open;2021-11-30T03:57:00Z;240;144;0;384;384;105479[Baseler Platz];2021-11-30T04:02:01.287Z
0.27812114;open;2021-11-30T03:57:00Z;225;584;0;809;809;24279[Konstabler];2021-11-30T04:02:01.287Z
0.48356807;open;2021-11-30T03:57:00Z;206;220;0;426;426;18497[Hauptwache];2021-11-30T04:02:01.287Z
0;closed;2021-11-30T03:57:00Z;;;0;0;0;18495[Am Gericht];2021-11-30T04:02:01.287Z
0.042725172;open;2021-11-30T03:57:00Z;37;829;70;936;866;109240[MyZeil];2021-11-30T04:02:01.287Z
0.37223974;open;2021-11-30T03:57:00Z;236;398;0;634;634;18494[Konrad-Adenauer-Straße];2021-11-30T04:02:01.287Z
0.095;open;2021-11-30T04:22:00Z;19;181;150;350;200;24276[Turmcenter];2021-11-30T04:27:01.682Z
0.11793612;open;2021-11-30T04:22:00Z;48;359;0;407;407;18944[Alte Oper];2021-11-30T04:27:01.682Z
0.0027472528;open;2021-11-30T04:22:00Z;1;363;0;364;364;24281[Hauptbahnhof Süd];2021-11-30T04:27:01.682Z
0.625;open;2021-11-30T04:22:00Z;240;144;0;384;384;105479[Baseler Platz];2021-11-30T04:27:01.682Z
0.27812114;open;2021-11-30T04:22:00Z;225;584;0;809;809;24279[Konstabler];2021-11-30T04:27:01.682Z
0.48356807;open;2021-11-30T04:22:00Z;206;220;0;426;426;18497[Hauptwache];2021-11-30T04:27:01.682Z
0;closed;2021-11-30T04:22:00Z;;;0;0;0;18495[Am Gericht];2021-11-30T04:27:01.682Z
0.042725172;open;2021-11-30T04:22:00Z;37;829;70;936;866;109240[MyZeil];2021-11-30T04:27:01.682Z
0.37381703;open;2021-11-30T04:22:00Z;237;397;0;634;634;18494[Konrad-Adenauer-Straße];2021-11-30T04:27:01.682Z
0.135;open;2021-11-30T04:47:00Z;27;173;150;350;200;24276[Turmcenter];2021-11-30T04:52:02.634Z
0.11793612;open;2021-11-30T04:47:00Z;48;359;0;407;407;18944[Alte Oper];2021-11-30T04:52:02.634Z
0.013736264;open;2021-11-30T04:47:00Z;5;359;0;364;364;24281[Hauptbahnhof Süd];2021-11-30T04:52:02.634Z
0.625;open;2021-11-30T04:47:00Z;240;144;0;384;384;105479[Baseler Platz];2021-11-30T04:52:02.634Z
0.27812114;open;2021-11-30T04:47:00Z;225;584;0;809;809;24279[Konstabler];2021-11-30T04:52:02.634Z
0.48356807;open;2021-11-30T04:47:00Z;206;220;0;426;426;18497[Hauptwache];2021-11-30T04:52:02.634Z
0;closed;2021-11-30T04:47:00Z;;;0;0;0;18495[Am Gericht];2021-11-30T04:52:02.634Z
0.040415704;open;2021-11-30T04:47:00Z;35;831;70;936;866;109240[MyZeil];2021-11-30T04:52:02.634Z
0.3769716;open;2021-11-30T04:47:00Z;239;395;0;634;634;18494[Konrad-Adenauer-Straße];2021-11-30T04:52:02.634Z
0.135;open;2021-11-30T04:57:00Z;27;173;150;350;200;24276[Turmcenter];2021-11-30T05:02:00.647Z
0.11793612;open;2021-11-30T04:57:00Z;48;359;0;407;407;18944[Alte Oper];2021-11-30T05:02:00.647Z
0.024725275;open;2021-11-30T04:57:00Z;9;355;0;364;364;24281[Hauptbahnhof Süd];2021-11-30T05:02:00.647Z
0.6276042;open;2021-11-30T04:57:00Z;241;143;0;384;384;105479[Baseler Platz];2021-11-30T05:02:00.647Z
0.27935722;open;2021-11-30T04:57:00Z;226;583;0;809;809;24279[Konstabler];2021-11-30T05:02:00.647Z
0.48356807;open;2021-11-30T04:57:00Z;206;220;0;426;426;18497[Hauptwache];2021-11-30T05:02:00.647Z
0;closed;2021-11-30T04:57:00Z;;;0;0;0;18495[Am Gericht];2021-11-30T05:02:00.647Z
0.04157044;open;2021-11-30T04:57:00Z;36;830;70;936;866;109240[MyZeil];2021-11-30T05:02:00.647Z
0.38170347;open;2021-11-30T04:57:00Z;242;392;0;634;634;18494[Konrad-Adenauer-Straße];2021-11-30T05:02:00.647Z
0.18;open;2021-11-30T05:12:00Z;27;123;200;350;150;24276[Turmcenter];2021-11-30T05:17:00.808Z
0.11793612;open;2021-11-30T05:12:00Z;48;359;0;407;407;18944[Alte Oper];2021-11-30T05:17:00.808Z
0.032967035;open;2021-11-30T05:12:00Z;12;352;0;364;364;24281[Hauptbahnhof Süd];2021-11-30T05:17:00.808Z
0.6276042;open;2021-11-30T05:12:00Z;241;143;0;384;384;105479[Baseler Platz];2021-11-30T05:17:00.808Z
0.28182942;open;2021-11-30T05:12:00Z;228;581;0;809;809;24279[Konstabler];2021-11-30T05:17:00.808Z
0.48356807;open;2021-11-30T05:12:00Z;206;220;0;426;426;18497[Hauptwache];2021-11-30T05:17:00.808Z
0.3882353;open;2021-11-30T05:12:00Z;264;416;0;680;680;18495[Am Gericht];2021-11-30T05:17:00.808Z
0.043879908;open;2021-11-30T05:12:00Z;38;828;70;936;866;109240[MyZeil];2021-11-30T05:17:00.808Z
0.38643533;open;2021-11-30T05:12:00Z;245;389;0;634;634;18494[Konrad-Adenauer-Straße];2021-11-30T05:17:00.808Z
0.18;open;2021-11-30T05:22:00Z;27;123;200;350;150;24276[Turmcenter];2021-11-30T05:27:01.226Z
0.12039312;open;2021-11-30T05:22:00Z;49;358;0;407;407;18944[Alte Oper];2021-11-30T05:27:01.226Z
0.052197803;open;2021-11-30T05:22:00Z;19;345;0;364;364;24281[Hauptbahnhof Süd];2021-11-30T05:27:01.226Z
0.6276042;open;2021-11-30T05:22:00Z;241;143;0;384;384;105479[Baseler Platz];2021-11-30T05:27:01.226Z
0.2843016;open;2021-11-30T05:22:00Z;230;579;0;809;809;24279[Konstabler];2021-11-30T05:27:01.226Z
0.48356807;open;2021-11-30T05:22:00Z;206;220;0;426;426;18497[Hauptwache];2021-11-30T05:27:01.226Z
0.39117646;open;2021-11-30T05:22:00Z;266;414;0;680;680;18495[Am Gericht];2021-11-30T05:27:01.226Z
0.043879908;open;2021-11-30T05:22:00Z;38;828;70;936;866;109240[MyZeil];2021-11-30T05:27:01.226Z
0.38801262;open;2021-11-30T05:22:00Z;246;388;0;634;634;18494[Konrad-Adenauer-Straße];2021-11-30T05:27:01.226Z
0.18;open;2021-11-30T05:37:00Z;27;123;200;350;150;24276[Turmcenter];2021-11-30T05:42:01.472Z
0.12285012;open;2021-11-30T05:37:00Z;50;357;0;407;407;18944[Alte Oper];2021-11-30T05:42:01.472Z
0.07967033;open;2021-11-30T05:37:00Z;29;335;0;364;364;24281[Hauptbahnhof Süd];2021-11-30T05:42:01.472Z
0.6276042;open;2021-11-30T05:37:00Z;241;143;0;384;384;105479[Baseler Platz];2021-11-30T05:42:01.472Z
0.2855377;open;2021-11-30T05:37:00Z;231;578;0;809;809;24279[Konstabler];2021-11-30T05:42:01.472Z
0.48356807;open;2021-11-30T05:37:00Z;206;220;0;426;426;18497[Hauptwache];2021-11-30T05:42:01.472Z
0.39411765;open;2021-11-30T05:37:00Z;268;412;0;680;680;18495[Am Gericht];2021-11-30T05:42:01.472Z
0.043879908;open;2021-11-30T05:37:00Z;38;828;70;936;866;109240[MyZeil];2021-11-30T05:42:01.472Z
0.39274448;open;2021-11-30T05:37:00Z;249;385;0;634;634;18494[Konrad-Adenauer-Straße];2021-11-30T05:42:01.472Z
0.18;open;2021-11-30T05:47:00Z;27;123;200;350;150;24276[Turmcenter];2021-11-30T05:52:02.140Z
0.13513513;open;2021-11-30T05:47:00Z;55;352;0;407;407;18944[Alte Oper];2021-11-30T05:52:02.140Z
0.08516484;open;2021-11-30T05:47:00Z;31;333;0;364;364;24281[Hauptbahnhof Süd];2021-11-30T05:52:02.140Z
0.6276042;open;2021-11-30T05:47:00Z;241;143;0;384;384;105479[Baseler Platz];2021-11-30T05:52:02.140Z
0.2867738;open;2021-11-30T05:47:00Z;232;577;0;809;809;24279[Konstabler];2021-11-30T05:52:02.140Z
0.48591548;open;2021-11-30T05:47:00Z;207;219;0;426;426;18497[Hauptwache];2021-11-30T05:52:02.140Z
0.3985294;open;2021-11-30T05:47:00Z;271;409;0;680;680;18495[Am Gericht];2021-11-30T05:52:02.140Z
0.045034643;open;2021-11-30T05:47:00Z;39;827;70;936;866;109240[MyZeil];2021-11-30T05:52:02.140Z
0.39432177;open;2021-11-30T05:47:00Z;250;384;0;634;634;18494[Konrad-Adenauer-Straße];2021-11-30T05:52:02.140Z
0.18;open;2021-11-30T05:57:00Z;27;123;200;350;150;24276[Turmcenter];2021-11-30T06:02:00.514Z
0.14004914;open;2021-11-30T05:57:00Z;57;350;0;407;407;18944[Alte Oper];2021-11-30T06:02:00.514Z
0.093406595;open;2021-11-30T05:57:00Z;34;330;0;364;364;24281[Hauptbahnhof Süd];2021-11-30T06:02:00.514Z
0.6328125;open;2021-11-30T05:57:00Z;243;141;0;384;384;105479[Baseler Platz];2021-11-30T06:02:00.514Z
0.289246;open;2021-11-30T05:57:00Z;234;575;0;809;809;24279[Konstabler];2021-11-30T06:02:00.514Z
0.48826292;open;2021-11-30T05:57:00Z;208;218;0;426;426;18497[Hauptwache];2021-11-30T06:02:00.514Z
0.40294117;open;2021-11-30T05:57:00Z;274;406;0;680;680;18495[Am Gericht];2021-11-30T06:02:00.514Z
0.045034643;open;2021-11-30T05:57:00Z;39;827;70;936;866;109240[MyZeil];2021-11-30T06:02:00.514Z
0.3895899;open;2021-11-30T05:57:00Z;247;387;0;634;634;18494[Konrad-Adenauer-Straße];2021-11-30T06:02:00.514Z
0.19333333;open;2021-11-30T06:23:00Z;29;121;200;350;150;24276[Turmcenter];2021-11-30T06:27:00.676Z
0.14004914;open;2021-11-30T06:23:00Z;57;350;0;407;407;18944[Alte Oper];2021-11-30T06:27:00.676Z
0.12362637;open;2021-11-30T06:23:00Z;45;319;0;364;364;24281[Hauptbahnhof Süd];2021-11-30T06:27:00.676Z
0.6380208;open;2021-11-30T06:23:00Z;245;139;0;384;384;105479[Baseler Platz];2021-11-30T06:27:00.676Z
0.28800988;open;2021-11-30T06:23:00Z;233;576;0;809;809;24279[Konstabler];2021-11-30T06:27:00.676Z
0.5023474;open;2021-11-30T06:23:00Z;214;212;0;426;426;18497[Hauptwache];2021-11-30T06:27:00.676Z
0.42352942;open;2021-11-30T06:23:00Z;288;392;0;680;680;18495[Am Gericht];2021-11-30T06:27:00.676Z
0.04734411;open;2021-11-30T06:23:00Z;41;825;70;936;866;109240[MyZeil];2021-11-30T06:27:00.676Z
0.40536278;open;2021-11-30T06:23:00Z;257;377;0;634;634;18494[Konrad-Adenauer-Straße];2021-11-30T06:27:00.676Z
0.23333333;open;2021-11-30T06:38:00Z;35;115;200;350;150;24276[Turmcenter];2021-11-30T06:42:01.608Z
0.14496315;open;2021-11-30T06:38:00Z;59;348;0;407;407;18944[Alte Oper];2021-11-30T06:42:01.608Z
0.14835165;open;2021-11-30T06:38:00Z;54;310;0;364;364;24281[Hauptbahnhof Süd];2021-11-30T06:42:01.608Z
0.640625;open;2021-11-30T06:38:00Z;246;138;0;384;384;105479[Baseler Platz];2021-11-30T06:42:01.608Z
0.29666254;open;2021-11-30T06:38:00Z;240;569;0;809;809;24279[Konstabler];2021-11-30T06:42:01.608Z
0.5093897;open;2021-11-30T06:38:00Z;217;209;0;426;426;18497[Hauptwache];2021-11-30T06:42:01.608Z
0.43823528;open;2021-11-30T06:38:00Z;298;382;0;680;680;18495[Am Gericht];2021-11-30T06:42:01.608Z
0.050808314;open;2021-11-30T06:38:00Z;44;822;70;936;866;109240[MyZeil];2021-11-30T06:42:01.608Z
0.4022082;open;2021-11-30T06:38:00Z;255;379;0;634;634;18494[Konrad-Adenauer-Straße];2021-11-30T06:42:01.608Z
0.27333334;open;2021-11-30T06:58:00Z;41;109;200;350;150;24276[Turmcenter];2021-11-30T07:02:02.733Z
0.16707617;open;2021-11-30T06:58:00Z;68;339;0;407;407;18944[Alte Oper];2021-11-30T07:02:02.733Z
0.18406594;open;2021-11-30T06:58:00Z;67;297;0;364;364;24281[Hauptbahnhof Süd];2021-11-30T07:02:02.733Z
0.6536458;open;2021-11-30T06:58:00Z;251;133;0;384;384;105479[Baseler Platz];2021-11-30T07:02:02.733Z
0.29789865;open;2021-11-30T06:58:00Z;241;568;0;809;809;24279[Konstabler];2021-11-30T07:02:02.733Z
0.53051645;open;2021-11-30T06:58:00Z;226;200;0;426;426;18497[Hauptwache];2021-11-30T07:02:02.733Z
0.46617648;open;2021-11-30T06:58:00Z;317;363;0;680;680;18495[Am Gericht];2021-11-30T07:02:02.733Z
0.053117782;open;2021-11-30T06:58:00Z;46;820;70;936;866;109240[MyZeil];2021-11-30T07:02:02.733Z
0.4148265;open;2021-11-30T06:58:00Z;263;371;0;634;634;18494[Konrad-Adenauer-Straße];2021-11-30T07:02:02.733Z
0.37333333;open;2021-11-30T07:18:00Z;56;94;200;350;150;24276[Turmcenter];2021-11-30T07:22:00.321Z
0.18427518;open;2021-11-30T07:18:00Z;75;332;0;407;407;18944[Alte Oper];2021-11-30T07:22:00.321Z
0.22527473;open;2021-11-30T07:18:00Z;82;282;0;364;364;24281[Hauptbahnhof Süd];2021-11-30T07:22:00.321Z
0.6614583;open;2021-11-30T07:18:00Z;254;130;0;384;384;105479[Baseler Platz];2021-11-30T07:22:00.321Z
0.31520396;open;2021-11-30T07:18:00Z;255;554;0;809;809;24279[Konstabler];2021-11-30T07:22:00.321Z
0.5516432;open;2021-11-30T07:18:00Z;235;191;0;426;426;18497[Hauptwache];2021-11-30T07:22:00.321Z
0.49264705;open;2021-11-30T07:18:00Z;335;345;0;680;680;18495[Am Gericht];2021-11-30T07:22:00.321Z
0.064665124;open;2021-11-30T07:18:00Z;56;810;70;936;866;109240[MyZeil];2021-11-30T07:22:00.321Z
0.4242902;open;2021-11-30T07:18:00Z;269;365;0;634;634;18494[Konrad-Adenauer-Straße];2021-11-30T07:22:00.321Z
0.4;open;2021-11-30T07:23:00Z;60;90;200;350;150;24276[Turmcenter];2021-11-30T07:27:02.096Z
0.1941032;open;2021-11-30T07:23:00Z;79;328;0;407;407;18944[Alte Oper];2021-11-30T07:27:02.096Z
0.23076923;open;2021-11-30T07:23:00Z;84;280;0;364;364;24281[Hauptbahnhof Süd];2021-11-30T07:27:02.096Z
0.6588542;open;2021-11-30T07:23:00Z;253;131;0;384;384;105479[Baseler Platz];2021-11-30T07:27:02.096Z
0.32385662;open;2021-11-30T07:23:00Z;262;547;0;809;809;24279[Konstabler];2021-11-30T07:27:02.096Z
0.556338;open;2021-11-30T07:23:00Z;237;189;0;426;426;18497[Hauptwache];2021-11-30T07:27:02.096Z
0.5029412;open;2021-11-30T07:23:00Z;342;338;0;680;680;18495[Am Gericht];2021-11-30T07:27:02.096Z
0.066974595;open;2021-11-30T07:23:00Z;58;808;70;936;866;109240[MyZeil];2021-11-30T07:27:02.096Z
0.4274448;open;2021-11-30T07:23:00Z;271;363;0;634;634;18494[Konrad-Adenauer-Straße];2021-11-30T07:27:02.096Z
0.5;open;2021-11-30T07:38:00Z;75;75;200;350;150;24276[Turmcenter];2021-11-30T07:42:02.102Z
0.22113022;open;2021-11-30T07:38:00Z;90;317;0;407;407;18944[Alte Oper];2021-11-30T07:42:02.102Z
0.26373628;open;2021-11-30T07:38:00Z;96;268;0;364;364;24281[Hauptbahnhof Süd];2021-11-30T07:42:02.102Z
0.6770833;open;2021-11-30T07:38:00Z;260;124;0;384;384;105479[Baseler Platz];2021-11-30T07:42:02.102Z
0.33250928;open;2021-11-30T07:38:00Z;269;540;0;809;809;24279[Konstabler];2021-11-30T07:42:02.102Z
0.57276994;open;2021-11-30T07:38:00Z;244;182;0;426;426;18497[Hauptwache];2021-11-30T07:42:02.102Z
0.5235294;open;2021-11-30T07:38:00Z;356;324;0;680;680;18495[Am Gericht];2021-11-30T07:42:02.102Z
0.07736721;open;2021-11-30T07:38:00Z;67;799;70;936;866;109240[MyZeil];2021-11-30T07:42:02.102Z
0.44164038;open;2021-11-30T07:38:00Z;280;354;0;634;634;18494[Konrad-Adenauer-Straße];2021-11-30T07:42:02.102Z
0.58;open;2021-11-30T07:48:00Z;87;63;200;350;150;24276[Turmcenter];2021-11-30T07:52:00.670Z
0.24078624;open;2021-11-30T07:48:00Z;98;309;0;407;407;18944[Alte Oper];2021-11-30T07:52:00.670Z
0.27197802;open;2021-11-30T07:48:00Z;99;265;0;364;364;24281[Hauptbahnhof Süd];2021-11-30T07:52:00.670Z
0.6770833;open;2021-11-30T07:48:00Z;260;124;0;384;384;105479[Baseler Platz];2021-11-30T07:52:00.670Z
0.3448702;open;2021-11-30T07:48:00Z;279;530;0;809;809;24279[Konstabler];2021-11-30T07:52:00.670Z
0.59859157;open;2021-11-30T07:48:00Z;255;171;0;426;426;18497[Hauptwache];2021-11-30T07:52:00.670Z
0.5588235;open;2021-11-30T07:48:00Z;380;300;0;680;680;18495[Am Gericht];2021-11-30T07:52:00.670Z
0.081986144;open;2021-11-30T07:48:00Z;71;795;70;936;866;109240[MyZeil];2021-11-30T07:52:00.670Z
0.45583597;open;2021-11-30T07:48:00Z;289;345;0;634;634;18494[Konrad-Adenauer-Straße];2021-11-30T07:52:00.670Z
0.6066667;open;2021-11-30T07:58:00Z;91;59;200;350;150;24276[Turmcenter];2021-11-30T08:02:00.884Z
0.26044226;open;2021-11-30T07:58:00Z;106;301;0;407;407;18944[Alte Oper];2021-11-30T08:02:00.884Z
0.28296703;open;2021-11-30T07:58:00Z;103;261;0;364;364;24281[Hauptbahnhof Süd];2021-11-30T08:02:00.884Z
0.6770833;open;2021-11-30T07:58:00Z;260;124;0;384;384;105479[Baseler Platz];2021-11-30T08:02:00.884Z
0.36093944;open;2021-11-30T07:58:00Z;292;517;0;809;809;24279[Konstabler];2021-11-30T08:02:00.884Z
0.6150235;open;2021-11-30T07:58:00Z;262;164;0;426;426;18497[Hauptwache];2021-11-30T08:02:00.884Z
0.5852941;open;2021-11-30T07:58:00Z;398;282;0;680;680;18495[Am Gericht];2021-11-30T08:02:00.884Z
0.46214512;open;2021-11-30T07:58:00Z;293;341;0;634;634;18494[Konrad-Adenauer-Straße];2021-11-30T08:02:00.884Z
0.8066667;open;2021-11-30T08:24:00Z;121;29;200;350;150;24276[Turmcenter];2021-11-30T08:27:02.436Z
0.2972973;open;2021-11-30T08:24:00Z;121;286;0;407;407;18944[Alte Oper];2021-11-30T08:27:02.436Z
0.31318682;open;2021-11-30T08:24:00Z;114;250;0;364;364;24281[Hauptbahnhof Süd];2021-11-30T08:27:02.436Z
0.6770833;open;2021-11-30T08:24:00Z;260;124;0;384;384;105479[Baseler Platz];2021-11-30T08:27:02.436Z
0.39802226;open;2021-11-30T08:24:00Z;322;487;0;809;809;24279[Konstabler];2021-11-30T08:27:02.436Z
0.65023476;open;2021-11-30T08:24:00Z;277;149;0;426;426;18497[Hauptwache];2021-11-30T08:27:02.436Z
0.6544118;open;2021-11-30T08:24:00Z;445;235;0;680;680;18495[Am Gericht];2021-11-30T08:27:02.436Z
0.47634068;open;2021-11-30T08:24:00Z;302;332;0;634;634;18494[Konrad-Adenauer-Straße];2021-11-30T08:27:02.436Z
0.82666665;open;2021-11-30T08:39:00Z;124;26;200;350;150;24276[Turmcenter];2021-11-30T08:42:01.630Z
0.32923833;open;2021-11-30T08:39:00Z;134;273;0;407;407;18944[Alte Oper];2021-11-30T08:42:01.630Z
0.33241758;open;2021-11-30T08:39:00Z;121;243;0;364;364;24281[Hauptbahnhof Süd];2021-11-30T08:42:01.630Z
0.6770833;open;2021-11-30T08:39:00Z;260;124;0;384;384;105479[Baseler Platz];2021-11-30T08:42:01.630Z
0.43634117;open;2021-11-30T08:39:00Z;353;456;0;809;809;24279[Konstabler];2021-11-30T08:42:01.630Z
0.685446;open;2021-11-30T08:39:00Z;292;134;0;426;426;18497[Hauptwache];2021-11-30T08:42:01.630Z
0.69558823;open;2021-11-30T08:39:00Z;473;207;0;680;680;18495[Am Gericht];2021-11-30T08:42:01.630Z
0.112009235;open;2021-11-30T08:39:00Z;97;769;70;936;866;109240[MyZeil];2021-11-30T08:42:01.630Z
0.49211356;open;2021-11-30T08:39:00Z;312;322;0;634;634;18494[Konrad-Adenauer-Straße];2021-11-30T08:42:01.630Z
0.85333335;open;2021-11-30T08:49:00Z;128;22;200;350;150;24276[Turmcenter];2021-11-30T08:52:01.254Z
0.36117935;open;2021-11-30T08:49:00Z;147;260;0;407;407;18944[Alte Oper];2021-11-30T08:52:01.254Z
0.33241758;open;2021-11-30T08:49:00Z;121;243;0;364;364;24281[Hauptbahnhof Süd];2021-11-30T08:52:01.254Z
0.6770833;open;2021-11-30T08:49:00Z;260;124;0;384;384;105479[Baseler Platz];2021-11-30T08:52:01.254Z
0.46971568;open;2021-11-30T08:49:00Z;380;429;0;809;809;24279[Konstabler];2021-11-30T08:52:01.254Z
0.713615;open;2021-11-30T08:49:00Z;304;122;0;426;426;18497[Hauptwache];2021-11-30T08:52:01.254Z
0.7102941;open;2021-11-30T08:49:00Z;483;197;0;680;680;18495[Am Gericht];2021-11-30T08:52:01.254Z
0.12702079;open;2021-11-30T08:49:00Z;110;756;70;936;866;109240[MyZeil];2021-11-30T08:52:01.254Z
0.5078864;open;2021-11-30T08:49:00Z;322;312;0;634;634;18494[Konrad-Adenauer-Straße];2021-11-30T08:52:01.254Z
0.91333336;open;2021-11-30T08:59:00Z;137;13;200;350;150;24276[Turmcenter];2021-11-30T09:02:01.239Z
0.37592137;open;2021-11-30T08:59:00Z;153;254;0;407;407;18944[Alte Oper];2021-11-30T09:02:01.239Z
0.33791208;open;2021-11-30T08:59:00Z;123;241;0;364;364;24281[Hauptbahnhof Süd];2021-11-30T09:02:01.239Z
0.6770833;open;2021-11-30T08:59:00Z;260;124;0;384;384;105479[Baseler Platz];2021-11-30T09:02:01.239Z
0.4932015;open;2021-11-30T08:59:00Z;399;410;0;809;809;24279[Konstabler];2021-11-30T09:02:01.239Z
0.74413145;open;2021-11-30T08:59:00Z;317;109;0;426;426;18497[Hauptwache];2021-11-30T09:02:01.239Z
0.7205882;open;2021-11-30T08:59:00Z;490;190;0;680;680;18495[Am Gericht];2021-11-30T09:02:01.239Z
0.13394919;open;2021-11-30T08:59:00Z;116;750;70;936;866;109240[MyZeil];2021-11-30T09:02:01.239Z
0.5126183;open;2021-11-30T08:59:00Z;325;309;0;634;634;18494[Konrad-Adenauer-Straße];2021-11-30T09:02:01.239Z
0.9533333;open;2021-11-30T09:19:00Z;143;7;200;350;150;24276[Turmcenter];2021-11-30T09:22:03.001Z
0.4127764;open;2021-11-30T09:19:00Z;168;239;0;407;407;18944[Alte Oper];2021-11-30T09:22:03.001Z
0.35714287;open;2021-11-30T09:19:00Z;130;234;0;364;364;24281[Hauptbahnhof Süd];2021-11-30T09:22:03.001Z
0.6770833;open;2021-11-30T09:19:00Z;260;124;0;384;384;105479[Baseler Platz];2021-11-30T09:22:03.001Z
0.54017305;open;2021-11-30T09:19:00Z;437;372;0;809;809;24279[Konstabler];2021-11-30T09:22:03.001Z
0.80046946;open;2021-11-30T09:19:00Z;341;85;0;426;426;18497[Hauptwache];2021-11-30T09:22:03.001Z
0.75;open;2021-11-30T09:19:00Z;510;170;0;680;680;18495[Am Gericht];2021-11-30T09:22:03.001Z
0.15704387;open;2021-11-30T09:19:00Z;136;730;70;936;866;109240[MyZeil];2021-11-30T09:22:03.001Z
0.5283912;open;2021-11-30T09:19:00Z;335;299;0;634;634;18494[Konrad-Adenauer-Straße];2021-11-30T09:22:03.001Z
0.96;open;2021-11-30T09:29:00Z;144;6;200;350;150;24276[Turmcenter];2021-11-30T09:32:02.251Z
0.42997542;open;2021-11-30T09:29:00Z;175;232;0;407;407;18944[Alte Oper];2021-11-30T09:32:02.251Z
0.37362638;open;2021-11-30T09:29:00Z;136;228;0;364;364;24281[Hauptbahnhof Süd];2021-11-30T09:32:02.251Z
0.6770833;open;2021-11-30T09:29:00Z;260;124;0;384;384;105479[Baseler Platz];2021-11-30T09:32:02.251Z
0.5611867;open;2021-11-30T09:29:00Z;454;355;0;809;809;24279[Konstabler];2021-11-30T09:32:02.251Z
0.81220657;open;2021-11-30T09:29:00Z;346;80;0;426;426;18497[Hauptwache];2021-11-30T09:32:02.251Z
0.76617646;open;2021-11-30T09:29:00Z;521;159;0;680;680;18495[Am Gericht];2021-11-30T09:32:02.251Z
0.16397229;open;2021-11-30T09:29:00Z;142;724;70;936;866;109240[MyZeil];2021-11-30T09:32:02.251Z
0.533123;open;2021-11-30T09:29:00Z;338;296;0;634;634;18494[Konrad-Adenauer-Straße];2021-11-30T09:32:02.251Z
0.93333334;open;2021-11-30T09:49:00Z;140;10;200;350;150;24276[Turmcenter];2021-11-30T09:52:00.382Z
0.45208845;open;2021-11-30T09:49:00Z;184;223;0;407;407;18944[Alte Oper];2021-11-30T09:52:00.382Z
0.38186812;open;2021-11-30T09:49:00Z;139;225;0;364;364;24281[Hauptbahnhof Süd];2021-11-30T09:52:00.382Z
0.6770833;open;2021-11-30T09:49:00Z;260;124;0;384;384;105479[Baseler Platz];2021-11-30T09:52:00.382Z
0.62422746;open;2021-11-30T09:49:00Z;505;304;0;809;809;24279[Konstabler];2021-11-30T09:52:00.382Z
0.86384976;open;2021-11-30T09:49:00Z;368;58;0;426;426;18497[Hauptwache];2021-11-30T09:52:00.382Z
0.7794118;open;2021-11-30T09:49:00Z;530;150;0;680;680;18495[Am Gericht];2021-11-30T09:52:00.382Z
0.19168591;open;2021-11-30T09:49:00Z;166;700;70;936;866;109240[MyZeil];2021-11-30T09:52:00.382Z
0.5504732;open;2021-11-30T09:49:00Z;349;285;0;634;634;18494[Konrad-Adenauer-Straße];2021-11-30T09:52:00.382Z
0.94;open;2021-11-30T09:59:00Z;141;9;200;350;150;24276[Turmcenter];2021-11-30T10:02:00.088Z
0.47665846;open;2021-11-30T09:59:00Z;194;213;0;407;407;18944[Alte Oper];2021-11-30T10:02:00.088Z
0.38186812;open;2021-11-30T09:59:00Z;139;225;0;364;364;24281[Hauptbahnhof Süd];2021-11-30T10:02:00.088Z
0.6770833;open;2021-11-30T09:59:00Z;260;124;0;384;384;105479[Baseler Platz];2021-11-30T10:02:00.088Z
0.64276886;open;2021-11-30T09:59:00Z;520;289;0;809;809;24279[Konstabler];2021-11-30T10:02:00.088Z
0.8943662;open;2021-11-30T09:59:00Z;381;45;0;426;426;18497[Hauptwache];2021-11-30T10:02:00.088Z
0.7867647;open;2021-11-30T09:59:00Z;535;145;0;680;680;18495[Am Gericht];2021-11-30T10:02:00.088Z
0.204388;open;2021-11-30T09:59:00Z;177;689;70;936;866;109240[MyZeil];2021-11-30T10:02:00.088Z
0.5567823;open;2021-11-30T09:59:00Z;353;281;0;634;634;18494[Konrad-Adenauer-Straße];2021-11-30T10:02:00.088Z
0.9;open;2021-11-30T10:24:00Z;135;15;200;350;150;24276[Turmcenter];2021-11-30T10:27:00.471Z
0.49140048;open;2021-11-30T10:24:00Z;200;207;0;407;407;18944[Alte Oper];2021-11-30T10:27:00.471Z
0.39285713;open;2021-11-30T10:24:00Z;143;221;0;364;364;24281[Hauptbahnhof Süd];2021-11-30T10:27:00.471Z
0.6770833;open;2021-11-30T10:24:00Z;260;124;0;384;384;105479[Baseler Platz];2021-11-30T10:27:00.471Z
0.6897404;open;2021-11-30T10:24:00Z;558;251;0;809;809;24279[Konstabler];2021-11-30T10:27:00.471Z
0.92957747;open;2021-11-30T10:24:00Z;396;30;0;426;426;18497[Hauptwache];2021-11-30T10:27:00.471Z
0.7676471;open;2021-11-30T10:24:00Z;522;158;0;680;680;18495[Am Gericht];2021-11-30T10:27:00.471Z
0.22863741;open;2021-11-30T10:24:00Z;198;668;70;936;866;109240[MyZeil];2021-11-30T10:27:00.471Z
0.5646688;open;2021-11-30T10:24:00Z;358;276;0;634;634;18494[Konrad-Adenauer-Straße];2021-11-30T10:27:00.471Z
0.8466667;open;2021-11-30T10:40:00Z;127;23;200;350;150;24276[Turmcenter];2021-11-30T10:42:02.973Z
0.4938575;open;2021-11-30T10:40:00Z;201;206;0;407;407;18944[Alte Oper];2021-11-30T10:42:02.973Z
0.3901099;open;2021-11-30T10:40:00Z;142;222;0;364;364;24281[Hauptbahnhof Süd];2021-11-30T10:42:02.973Z
0.6770833;open;2021-11-30T10:40:00Z;260;124;0;384;384;105479[Baseler Platz];2021-11-30T10:42:02.973Z
0.70704573;open;2021-11-30T10:40:00Z;572;237;0;809;809;24279[Konstabler];2021-11-30T10:42:02.973Z
0.9389671;open;2021-11-30T10:40:00Z;400;26;0;426;426;18497[Hauptwache];2021-11-30T10:42:02.973Z
0.7632353;open;2021-11-30T10:40:00Z;519;161;0;680;680;18495[Am Gericht];2021-11-30T10:42:02.973Z
0.23787528;open;2021-11-30T10:40:00Z;206;660;70;936;866;109240[MyZeil];2021-11-30T10:42:02.973Z
0.56782335;open;2021-11-30T10:40:00Z;360;274;0;634;634;18494[Konrad-Adenauer-Straße];2021-11-30T10:42:02.973Z
0.82666665;open;2021-11-30T10:50:00Z;124;26;200;350;150;24276[Turmcenter];2021-11-30T10:52:00.572Z
0.5184275;open;2021-11-30T10:50:00Z;211;196;0;407;407;18944[Alte Oper];2021-11-30T10:52:00.572Z
0.38186812;open;2021-11-30T10:50:00Z;139;225;0;364;364;24281[Hauptbahnhof Süd];2021-11-30T10:52:00.572Z
0.6770833;open;2021-11-30T10:50:00Z;260;124;0;384;384;105479[Baseler Platz];2021-11-30T10:52:00.572Z
0.72064275;open;2021-11-30T10:50:00Z;583;226;0;809;809;24279[Konstabler];2021-11-30T10:52:00.572Z
0.92723006;open;2021-11-30T10:50:00Z;395;31;0;426;426;18497[Hauptwache];2021-11-30T10:52:00.572Z
0.75;open;2021-11-30T10:50:00Z;510;170;0;680;680;18495[Am Gericht];2021-11-30T10:52:00.572Z
0.5772871;open;2021-11-30T10:50:00Z;366;268;0;634;634;18494[Konrad-Adenauer-Straße];2021-11-30T10:52:00.572Z
0.78;open;2021-11-30T11:00:00Z;117;33;200;350;150;24276[Turmcenter];2021-11-30T11:02:02.500Z
0.5405405;open;2021-11-30T11:00:00Z;220;187;0;407;407;18944[Alte Oper];2021-11-30T11:02:02.500Z
0.38186812;open;2021-11-30T11:00:00Z;139;225;0;364;364;24281[Hauptbahnhof Süd];2021-11-30T11:02:02.500Z
0.6770833;open;2021-11-30T11:00:00Z;260;124;0;384;384;105479[Baseler Platz];2021-11-30T11:02:02.500Z
0.7404203;open;2021-11-30T11:00:00Z;599;210;0;809;809;24279[Konstabler];2021-11-30T11:02:02.500Z
0.91314554;open;2021-11-30T11:00:00Z;389;37;0;426;426;18497[Hauptwache];2021-11-30T11:02:02.500Z
0.7441176;open;2021-11-30T11:00:00Z;506;174;0;680;680;18495[Am Gericht];2021-11-30T11:02:02.500Z
0.58044165;open;2021-11-30T11:00:00Z;368;266;0;634;634;18494[Konrad-Adenauer-Straße];2021-11-30T11:02:02.500Z
0.76;open;2021-11-30T11:20:00Z;114;36;200;350;150;24276[Turmcenter];2021-11-30T11:22:01.333Z
0.5798526;open;2021-11-30T11:20:00Z;236;171;0;407;407;18944[Alte Oper];2021-11-30T11:22:01.333Z
0.3653846;open;2021-11-30T11:20:00Z;133;231;0;364;364;24281[Hauptbahnhof Süd];2021-11-30T11:22:01.333Z
0.6770833;open;2021-11-30T11:20:00Z;260;124;0;384;384;105479[Baseler Platz];2021-11-30T11:22:01.333Z
0.7540173;open;2021-11-30T11:20:00Z;610;199;0;809;809;24279[Konstabler];2021-11-30T11:22:01.333Z
0.91784036;open;2021-11-30T11:20:00Z;391;35;0;426;426;18497[Hauptwache];2021-11-30T11:22:01.333Z
0.7441176;open;2021-11-30T11:20:00Z;506;174;0;680;680;18495[Am Gericht];2021-11-30T11:22:01.333Z
0.26789838;open;2021-11-30T11:20:00Z;232;634;70;936;866;109240[MyZeil];2021-11-30T11:22:01.333Z
0.5820189;open;2021-11-30T11:20:00Z;369;265;0;634;634;18494[Konrad-Adenauer-Straße];2021-11-30T11:22:01.333Z
0.73333335;open;2021-11-30T11:30:00Z;110;40;200;350;150;24276[Turmcenter];2021-11-30T11:32:00.851Z
0.6019656;open;2021-11-30T11:30:00Z;245;162;0;407;407;18944[Alte Oper];2021-11-30T11:32:00.851Z
0.35714287;open;2021-11-30T11:30:00Z;130;234;0;364;364;24281[Hauptbahnhof Süd];2021-11-30T11:32:00.851Z
0.6770833;open;2021-11-30T11:30:00Z;260;124;0;384;384;105479[Baseler Platz];2021-11-30T11:32:00.851Z
0.74289244;open;2021-11-30T11:30:00Z;601;208;0;809;809;24279[Konstabler];2021-11-30T11:32:00.851Z
0.91314554;open;2021-11-30T11:30:00Z;389;37;0;426;426;18497[Hauptwache];2021-11-30T11:32:00.851Z
0.7367647;open;2021-11-30T11:30:00Z;501;179;0;680;680;18495[Am Gericht];2021-11-30T11:32:00.851Z
0.28060046;open;2021-11-30T11:30:00Z;243;623;70;936;866;109240[MyZeil];2021-11-30T11:32:00.851Z
0.57570976;open;2021-11-30T11:30:00Z;365;269;0;634;634;18494[Konrad-Adenauer-Straße];2021-11-30T11:32:00.851Z
0.7733333;open;2021-11-30T11:40:00Z;116;34;200;350;150;24276[Turmcenter];2021-11-30T11:42:01.051Z
0.5995086;open;2021-11-30T11:40:00Z;244;163;0;407;407;18944[Alte Oper];2021-11-30T11:42:01.051Z
0.35714287;open;2021-11-30T11:40:00Z;130;234;0;364;364;24281[Hauptbahnhof Süd];2021-11-30T11:42:01.051Z
0.6770833;open;2021-11-30T11:40:00Z;260;124;0;384;384;105479[Baseler Platz];2021-11-30T11:42:01.051Z
0.7218789;open;2021-11-30T11:40:00Z;584;225;0;809;809;24279[Konstabler];2021-11-30T11:42:01.051Z
0.9342723;open;2021-11-30T11:40:00Z;398;28;0;426;426;18497[Hauptwache];2021-11-30T11:42:01.051Z
0.7367647;open;2021-11-30T11:40:00Z;501;179;0;680;680;18495[Am Gericht];2021-11-30T11:42:01.051Z
0.28060046;open;2021-11-30T11:40:00Z;243;623;70;936;866;109240[MyZeil];2021-11-30T11:42:01.051Z
0.5694006;open;2021-11-30T11:40:00Z;361;273;0;634;634;18494[Konrad-Adenauer-Straße];2021-11-30T11:42:01.051Z
0.7733333;open;2021-11-30T11:50:00Z;116;34;200;350;150;24276[Turmcenter];2021-11-30T11:52:01.007Z
0.6068796;open;2021-11-30T11:50:00Z;247;160;0;407;407;18944[Alte Oper];2021-11-30T11:52:01.007Z
0.3543956;open;2021-11-30T11:50:00Z;129;235;0;364;364;24281[Hauptbahnhof Süd];2021-11-30T11:52:01.007Z
0.6770833;open;2021-11-30T11:50:00Z;260;124;0;384;384;105479[Baseler Platz];2021-11-30T11:52:01.007Z
0.7354759;open;2021-11-30T11:50:00Z;595;214;0;809;809;24279[Konstabler];2021-11-30T11:52:01.007Z
0.9342723;open;2021-11-30T11:50:00Z;398;28;0;426;426;18497[Hauptwache];2021-11-30T11:52:01.007Z
0.7367647;open;2021-11-30T11:50:00Z;501;179;0;680;680;18495[Am Gericht];2021-11-30T11:52:01.007Z
0.29099306;open;2021-11-30T11:50:00Z;252;614;70;936;866;109240[MyZeil];2021-11-30T11:52:01.007Z
0.5772871;open;2021-11-30T11:50:00Z;366;268;0;634;634;18494[Konrad-Adenauer-Straße];2021-11-30T11:52:01.007Z
0.67333335;open;2021-11-30T12:10:00Z;101;49;200;350;150;24276[Turmcenter];2021-11-30T12:12:00.357Z
0.63144964;open;2021-11-30T12:10:00Z;257;150;0;407;407;18944[Alte Oper];2021-11-30T12:12:00.357Z
0.3708791;open;2021-11-30T12:10:00Z;135;229;0;364;364;24281[Hauptbahnhof Süd];2021-11-30T12:12:00.357Z
0.7682292;open;2021-11-30T12:10:00Z;295;89;0;384;384;105479[Baseler Platz];2021-11-30T12:12:00.357Z
0.7268232;open;2021-11-30T12:10:00Z;588;221;0;809;809;24279[Konstabler];2021-11-30T12:12:00.357Z
0.96478873;open;2021-11-30T12:10:00Z;411;15;0;426;426;18497[Hauptwache];2021-11-30T12:12:00.357Z
0.7382353;open;2021-11-30T12:10:00Z;502;178;0;680;680;18495[Am Gericht];2021-11-30T12:12:00.357Z
0.29214782;open;2021-11-30T12:10:00Z;253;613;70;936;866;109240[MyZeil];2021-11-30T12:12:00.357Z
0.58044165;open;2021-11-30T12:10:00Z;368;266;0;634;634;18494[Konrad-Adenauer-Straße];2021-11-30T12:12:00.357Z
0.6333333;open;2021-11-30T12:41:00Z;95;55;200;350;150;24276[Turmcenter];2021-11-30T12:42:00.406Z
0.65356266;open;2021-11-30T12:41:00Z;266;141;0;407;407;18944[Alte Oper];2021-11-30T12:42:00.406Z
0.3791209;open;2021-11-30T12:41:00Z;138;226;0;364;364;24281[Hauptbahnhof Süd];2021-11-30T12:42:00.406Z
0.7682292;open;2021-11-30T12:41:00Z;295;89;0;384;384;105479[Baseler Platz];2021-11-30T12:42:00.406Z
0.72929543;open;2021-11-30T12:41:00Z;590;219;0;809;809;24279[Konstabler];2021-11-30T12:42:00.406Z
0.97652584;open;2021-11-30T12:41:00Z;416;10;0;426;426;18497[Hauptwache];2021-11-30T12:42:00.406Z
0.7264706;open;2021-11-30T12:41:00Z;494;186;0;680;680;18495[Am Gericht];2021-11-30T12:42:00.406Z
0.278291;open;2021-11-30T12:41:00Z;241;625;70;936;866;109240[MyZeil];2021-11-30T12:42:00.406Z
0.5835962;open;2021-11-30T12:41:00Z;370;264;0;634;634;18494[Konrad-Adenauer-Straße];2021-11-30T12:42:00.406Z
0.5933333;open;2021-11-30T13:01:00Z;89;61;200;350;150;24276[Turmcenter];2021-11-30T13:02:00.370Z
0.6216216;open;2021-11-30T13:01:00Z;253;154;0;407;407;18944[Alte Oper];2021-11-30T13:02:00.370Z
0.37362638;open;2021-11-30T13:01:00Z;136;228;0;364;364;24281[Hauptbahnhof Süd];2021-11-30T13:02:00.370Z
0.7682292;open;2021-11-30T13:01:00Z;295;89;0;384;384;105479[Baseler Platz];2021-11-30T13:02:00.370Z
0.7181706;open;2021-11-30T13:01:00Z;581;228;0;809;809;24279[Konstabler];2021-11-30T13:02:00.370Z
1;open;2021-11-30T13:01:00Z;426;0;0;426;426;18497[Hauptwache];2021-11-30T13:02:00.370Z
0.72205883;open;2021-11-30T13:01:00Z;491;189;0;680;680;18495[Am Gericht];2021-11-30T13:02:00.370Z
0.27944574;open;2021-11-30T13:01:00Z;242;624;70;936;866;109240[MyZeil];2021-11-30T13:02:00.370Z
0.5851735;open;2021-11-30T13:01:00Z;371;263;0;634;634;18494[Konrad-Adenauer-Straße];2021-11-30T13:02:00.370Z
0.5733333;open;2021-11-30T13:16:00Z;86;64;200;350;150;24276[Turmcenter];2021-11-30T13:17:00.640Z
0.61916465;open;2021-11-30T13:16:00Z;252;155;0;407;407;18944[Alte Oper];2021-11-30T13:17:00.640Z
0.3489011;open;2021-11-30T13:16:00Z;127;237;0;364;364;24281[Hauptbahnhof Süd];2021-11-30T13:17:00.640Z
0.7682292;open;2021-11-30T13:16:00Z;295;89;0;384;384;105479[Baseler Platz];2021-11-30T13:17:00.640Z
0.74165636;open;2021-11-30T13:16:00Z;600;209;0;809;809;24279[Konstabler];2021-11-30T13:17:00.640Z
1;open;2021-11-30T13:16:00Z;426;0;0;426;426;18497[Hauptwache];2021-11-30T13:17:00.640Z
0.7058824;open;2021-11-30T13:16:00Z;480;200;0;680;680;18495[Am Gericht];2021-11-30T13:17:00.640Z
0.2748268;open;2021-11-30T13:16:00Z;238;628;70;936;866;109240[MyZeil];2021-11-30T13:17:00.640Z
0.56309146;open;2021-11-30T13:16:00Z;357;277;0;634;634;18494[Konrad-Adenauer-Straße];2021-11-30T13:17:00.640Z
0.5933333;open;2021-11-30T13:31:00Z;89;61;200;350;150;24276[Turmcenter];2021-11-30T13:32:01.134Z
0.61916465;open;2021-11-30T13:31:00Z;252;155;0;407;407;18944[Alte Oper];2021-11-30T13:32:01.134Z
0.3434066;open;2021-11-30T13:31:00Z;125;239;0;364;364;24281[Hauptbahnhof Süd];2021-11-30T13:32:01.134Z
0.7682292;open;2021-11-30T13:31:00Z;295;89;0;384;384;105479[Baseler Platz];2021-11-30T13:32:01.134Z
0.7342398;open;2021-11-30T13:31:00Z;594;215;0;809;809;24279[Konstabler];2021-11-30T13:32:01.134Z
0.9929578;open;2021-11-30T13:31:00Z;423;3;0;426;426;18497[Hauptwache];2021-11-30T13:32:01.134Z
0.69558823;open;2021-11-30T13:31:00Z;473;207;0;680;680;18495[Am Gericht];2021-11-30T13:32:01.134Z
0.27251732;open;2021-11-30T13:31:00Z;236;630;70;936;866;109240[MyZeil];2021-11-30T13:32:01.134Z
0.58044165;open;2021-11-30T13:31:00Z;368;266;0;634;634;18494[Konrad-Adenauer-Straße];2021-11-30T13:32:01.134Z
0.6066667;open;2021-11-30T13:46:00Z;91;59;200;350;150;24276[Turmcenter];2021-11-30T13:52:00.252Z
0.62407863;open;2021-11-30T13:46:00Z;254;153;0;407;407;18944[Alte Oper];2021-11-30T13:52:00.252Z
0.32967034;open;2021-11-30T13:46:00Z;120;244;0;364;364;24281[Hauptbahnhof Süd];2021-11-30T13:52:00.252Z
0.7682292;open;2021-11-30T13:46:00Z;295;89;0;384;384;105479[Baseler Platz];2021-11-30T13:52:00.252Z
0.7441285;open;2021-11-30T13:46:00Z;602;207;0;809;809;24279[Konstabler];2021-11-30T13:52:00.252Z
0.97887325;open;2021-11-30T13:46:00Z;417;9;0;426;426;18497[Hauptwache];2021-11-30T13:52:00.252Z
0.6661765;open;2021-11-30T13:46:00Z;453;227;0;680;680;18495[Am Gericht];2021-11-30T13:52:00.252Z
0.25404158;open;2021-11-30T13:46:00Z;220;646;70;936;866;109240[MyZeil];2021-11-30T13:52:00.252Z
0.57570976;open;2021-11-30T13:46:00Z;365;269;0;634;634;18494[Konrad-Adenauer-Straße];2021-11-30T13:52:00.252Z
0.5933333;open;2021-11-30T14:02:00Z;89;61;200;350;150;24276[Turmcenter];2021-11-30T14:07:02.842Z
0.6093366;open;2021-11-30T14:02:00Z;248;159;0;407;407;18944[Alte Oper];2021-11-30T14:07:02.842Z
0.31868133;open;2021-11-30T14:02:00Z;116;248;0;364;364;24281[Hauptbahnhof Süd];2021-11-30T14:07:02.842Z
0.7682292;open;2021-11-30T14:02:00Z;295;89;0;384;384;105479[Baseler Platz];2021-11-30T14:07:02.842Z
0.7255871;open;2021-11-30T14:02:00Z;587;222;0;809;809;24279[Konstabler];2021-11-30T14:07:02.842Z
0.9835681;open;2021-11-30T14:02:00Z;419;7;0;426;426;18497[Hauptwache];2021-11-30T14:07:02.842Z
0.63529414;open;2021-11-30T14:02:00Z;432;248;0;680;680;18495[Am Gericht];2021-11-30T14:07:02.842Z
0.2482679;open;2021-11-30T14:02:00Z;215;651;70;936;866;109240[MyZeil];2021-11-30T14:07:02.842Z
0.5709779;open;2021-11-30T14:02:00Z;362;272;0;634;634;18494[Konrad-Adenauer-Straße];2021-11-30T14:07:02.842Z
0.58666664;open;2021-11-30T14:27:00Z;88;62;200;350;150;24276[Turmcenter];2021-11-30T14:32:02.205Z
0.56265354;open;2021-11-30T14:27:00Z;229;178;0;407;407;18944[Alte Oper];2021-11-30T14:32:02.205Z
0.30769232;open;2021-11-30T14:27:00Z;112;252;0;364;364;24281[Hauptbahnhof Süd];2021-11-30T14:32:02.205Z
0.7682292;open;2021-11-30T14:27:00Z;295;89;0;384;384;105479[Baseler Platz];2021-11-30T14:32:02.205Z
0.71940666;open;2021-11-30T14:27:00Z;582;227;0;809;809;24279[Konstabler];2021-11-30T14:32:02.205Z
0.96478873;open;2021-11-30T14:27:00Z;411;15;0;426;426;18497[Hauptwache];2021-11-30T14:32:02.205Z
0.61470586;open;2021-11-30T14:27:00Z;418;262;0;680;680;18495[Am Gericht];2021-11-30T14:32:02.205Z
0.5725552;open;2021-11-30T14:27:00Z;363;271;0;634;634;18494[Konrad-Adenauer-Straße];2021-11-30T14:32:02.205Z
0.58666664;open;2021-11-30T14:42:00Z;88;62;200;350;150;24276[Turmcenter];2021-11-30T14:47:02.224Z
0.5405405;open;2021-11-30T14:42:00Z;220;187;0;407;407;18944[Alte Oper];2021-11-30T14:47:02.224Z
0.26923078;open;2021-11-30T14:42:00Z;98;266;0;364;364;24281[Hauptbahnhof Süd];2021-11-30T14:47:02.224Z
0.7682292;open;2021-11-30T14:42:00Z;295;89;0;384;384;105479[Baseler Platz];2021-11-30T14:47:02.224Z
0.72311497;open;2021-11-30T14:42:00Z;585;224;0;809;809;24279[Konstabler];2021-11-30T14:47:02.224Z
0.9483568;open;2021-11-30T14:42:00Z;404;22;0;426;426;18497[Hauptwache];2021-11-30T14:47:02.224Z
0.6044118;open;2021-11-30T14:42:00Z;411;269;0;680;680;18495[Am Gericht];2021-11-30T14:47:02.224Z
0.23556583;open;2021-11-30T14:42:00Z;204;662;70;936;866;109240[MyZeil];2021-11-30T14:47:02.224Z
0.5741325;open;2021-11-30T14:42:00Z;364;270;0;634;634;18494[Konrad-Adenauer-Straße];2021-11-30T14:47:02.224Z
0.5933333;open;2021-11-30T14:52:00Z;89;61;200;350;150;24276[Turmcenter];2021-11-30T14:57:00.853Z
0.5479115;open;2021-11-30T14:52:00Z;223;184;0;407;407;18944[Alte Oper];2021-11-30T14:57:00.853Z
0.25274727;open;2021-11-30T14:52:00Z;92;272;0;364;364;24281[Hauptbahnhof Süd];2021-11-30T14:57:00.853Z
0.7682292;open;2021-11-30T14:52:00Z;295;89;0;384;384;105479[Baseler Platz];2021-11-30T14:57:00.853Z
0.71940666;open;2021-11-30T14:52:00Z;582;227;0;809;809;24279[Konstabler];2021-11-30T14:57:00.853Z
0.9577465;open;2021-11-30T14:52:00Z;408;18;0;426;426;18497[Hauptwache];2021-11-30T14:57:00.853Z
0.59411764;open;2021-11-30T14:52:00Z;404;276;0;680;680;18495[Am Gericht];2021-11-30T14:57:00.853Z
0.23556583;open;2021-11-30T14:52:00Z;204;662;70;936;866;109240[MyZeil];2021-11-30T14:57:00.853Z
0.5694006;open;2021-11-30T14:52:00Z;361;273;0;634;634;18494[Konrad-Adenauer-Straße];2021-11-30T14:57:00.853Z
0.61333334;open;2021-11-30T15:02:00Z;92;58;200;350;150;24276[Turmcenter];2021-11-30T15:07:00.047Z
0.5405405;open;2021-11-30T15:02:00Z;220;187;0;407;407;18944[Alte Oper];2021-11-30T15:07:00.047Z
0.24725275;open;2021-11-30T15:02:00Z;90;274;0;364;364;24281[Hauptbahnhof Süd];2021-11-30T15:07:00.047Z
0.7682292;open;2021-11-30T15:02:00Z;295;89;0;384;384;105479[Baseler Platz];2021-11-30T15:07:00.047Z
0.7045736;open;2021-11-30T15:02:00Z;570;239;0;809;809;24279[Konstabler];2021-11-30T15:07:00.047Z
0.9483568;open;2021-11-30T15:02:00Z;404;22;0;426;426;18497[Hauptwache];2021-11-30T15:07:00.047Z
0.5720588;open;2021-11-30T15:02:00Z;389;291;0;680;680;18495[Am Gericht];2021-11-30T15:07:00.047Z
0.24018475;open;2021-11-30T15:02:00Z;208;658;70;936;866;109240[MyZeil];2021-11-30T15:07:00.047Z
0.56624603;open;2021-11-30T15:02:00Z;359;275;0;634;634;18494[Konrad-Adenauer-Straße];2021-11-30T15:07:00.047Z
0.6;open;2021-11-30T15:33:00Z;90;60;200;350;150;24276[Turmcenter];2021-11-30T15:37:01.168Z
0.5085995;open;2021-11-30T15:33:00Z;207;200;0;407;407;18944[Alte Oper];2021-11-30T15:37:01.168Z
0.1923077;open;2021-11-30T15:33:00Z;70;294;0;364;364;24281[Hauptbahnhof Süd];2021-11-30T15:37:01.168Z
0.7682292;open;2021-11-30T15:33:00Z;295;89;0;384;384;105479[Baseler Platz];2021-11-30T15:37:01.168Z
0.6761434;open;2021-11-30T15:33:00Z;547;262;0;809;809;24279[Konstabler];2021-11-30T15:37:01.168Z
0.9061033;open;2021-11-30T15:33:00Z;386;40;0;426;426;18497[Hauptwache];2021-11-30T15:37:01.168Z
0.5647059;open;2021-11-30T15:33:00Z;384;296;0;680;680;18495[Am Gericht];2021-11-30T15:37:01.168Z
0.23787528;open;2021-11-30T15:33:00Z;206;660;70;936;866;109240[MyZeil];2021-11-30T15:37:01.168Z
0.5583596;open;2021-11-30T15:33:00Z;354;280;0;634;634;18494[Konrad-Adenauer-Straße];2021-11-30T15:37:01.168Z
0.58666664;open;2021-11-30T15:53:00Z;88;62;200;350;150;24276[Turmcenter];2021-11-30T15:57:00.503Z
0.4987715;open;2021-11-30T15:53:00Z;203;204;0;407;407;18944[Alte Oper];2021-11-30T15:57:00.503Z
0.17307693;open;2021-11-30T15:53:00Z;63;301;0;364;364;24281[Hauptbahnhof Süd];2021-11-30T15:57:00.503Z
0.7682292;open;2021-11-30T15:53:00Z;295;89;0;384;384;105479[Baseler Platz];2021-11-30T15:57:00.503Z
0.66501856;open;2021-11-30T15:53:00Z;538;271;0;809;809;24279[Konstabler];2021-11-30T15:57:00.503Z
0.8943662;open;2021-11-30T15:53:00Z;381;45;0;426;426;18497[Hauptwache];2021-11-30T15:57:00.503Z
0.55;open;2021-11-30T15:53:00Z;374;306;0;680;680;18495[Am Gericht];2021-11-30T15:57:00.503Z
0.2251732;open;2021-11-30T15:53:00Z;195;671;70;936;866;109240[MyZeil];2021-11-30T15:57:00.503Z
0.5362776;open;2021-11-30T15:53:00Z;340;294;0;634;634;18494[Konrad-Adenauer-Straße];2021-11-30T15:57:00.503Z
0.48;open;2021-11-30T16:43:00Z;72;78;200;350;150;24276[Turmcenter];2021-11-30T16:47:01.997Z
0.5085995;open;2021-11-30T16:43:00Z;207;200;0;407;407;18944[Alte Oper];2021-11-30T16:47:01.997Z
0.10164835;open;2021-11-30T16:43:00Z;37;327;0;364;364;24281[Hauptbahnhof Süd];2021-11-30T16:47:01.997Z
0.6510417;open;2021-11-30T16:43:00Z;250;134;0;384;384;105479[Baseler Platz];2021-11-30T16:47:01.997Z
0.62546355;open;2021-11-30T16:43:00Z;506;303;0;809;809;24279[Konstabler];2021-11-30T16:47:01.997Z
0.90140843;open;2021-11-30T16:43:00Z;384;42;0;426;426;18497[Hauptwache];2021-11-30T16:47:01.997Z
0.5058824;open;2021-11-30T16:43:00Z;344;336;0;680;680;18495[Am Gericht];2021-11-30T16:47:01.997Z
0.22979215;open;2021-11-30T16:43:00Z;199;667;70;936;866;109240[MyZeil];2021-11-30T16:47:01.997Z
0.5078864;open;2021-11-30T16:43:00Z;322;312;0;634;634;18494[Konrad-Adenauer-Straße];2021-11-30T16:47:01.997Z
0.42;open;2021-11-30T17:09:00Z;63;87;200;350;150;24276[Turmcenter];2021-11-30T17:12:01.475Z
0.5159705;open;2021-11-30T17:09:00Z;210;197;0;407;407;18944[Alte Oper];2021-11-30T17:12:01.475Z
0.07967033;open;2021-11-30T17:09:00Z;29;335;0;364;364;24281[Hauptbahnhof Süd];2021-11-30T17:12:01.475Z
0.6354167;open;2021-11-30T17:09:00Z;244;140;0;384;384;105479[Baseler Platz];2021-11-30T17:12:01.475Z
0.62422746;open;2021-11-30T17:09:00Z;505;304;0;809;809;24279[Konstabler];2021-11-30T17:12:01.475Z
0.92723006;open;2021-11-30T17:09:00Z;395;31;0;426;426;18497[Hauptwache];2021-11-30T17:12:01.475Z
0.4897059;open;2021-11-30T17:09:00Z;333;347;0;680;680;18495[Am Gericht];2021-11-30T17:12:01.475Z
0.23325635;open;2021-11-30T17:09:00Z;202;664;70;936;866;109240[MyZeil];2021-11-30T17:12:01.475Z
0.4984227;open;2021-11-30T17:09:00Z;316;318;0;634;634;18494[Konrad-Adenauer-Straße];2021-11-30T17:12:01.475Z
0.275;open;2021-11-30T17:34:00Z;55;145;150;350;200;24276[Turmcenter];2021-11-30T17:37:02.823Z
0.5798526;open;2021-11-30T17:34:00Z;236;171;0;407;407;18944[Alte Oper];2021-11-30T17:37:02.823Z
0.054945055;open;2021-11-30T17:34:00Z;20;344;0;364;364;24281[Hauptbahnhof Süd];2021-11-30T17:37:02.823Z
0.6458333;open;2021-11-30T17:34:00Z;248;136;0;384;384;105479[Baseler Platz];2021-11-30T17:37:02.823Z
0.6093943;open;2021-11-30T17:34:00Z;493;316;0;809;809;24279[Konstabler];2021-11-30T17:37:02.823Z
0.91549295;open;2021-11-30T17:34:00Z;390;36;0;426;426;18497[Hauptwache];2021-11-30T17:37:02.823Z
0.4764706;open;2021-11-30T17:34:00Z;324;356;0;680;680;18495[Am Gericht];2021-11-30T17:37:02.823Z
0.23210162;open;2021-11-30T17:34:00Z;201;665;70;936;866;109240[MyZeil];2021-11-30T17:37:02.823Z
0.49053627;open;2021-11-30T17:34:00Z;311;323;0;634;634;18494[Konrad-Adenauer-Straße];2021-11-30T17:37:02.823Z
0.295;open;2021-11-30T17:49:00Z;59;141;150;350;200;24276[Turmcenter];2021-11-30T17:52:02.511Z
0.6363636;open;2021-11-30T17:49:00Z;259;148;0;407;407;18944[Alte Oper];2021-11-30T17:52:02.511Z
0.046703298;open;2021-11-30T17:49:00Z;17;347;0;364;364;24281[Hauptbahnhof Süd];2021-11-30T17:52:02.511Z
0.6432292;open;2021-11-30T17:49:00Z;247;137;0;384;384;105479[Baseler Platz];2021-11-30T17:52:02.511Z
0.60321385;open;2021-11-30T17:49:00Z;488;321;0;809;809;24279[Konstabler];2021-11-30T17:52:02.511Z
0.91549295;open;2021-11-30T17:49:00Z;390;36;0;426;426;18497[Hauptwache];2021-11-30T17:52:02.511Z
0.46617648;open;2021-11-30T17:49:00Z;317;363;0;680;680;18495[Am Gericht];2021-11-30T17:52:02.511Z
0.23094688;open;2021-11-30T17:49:00Z;200;666;70;936;866;109240[MyZeil];2021-11-30T17:52:02.511Z
0.48107255;open;2021-11-30T17:49:00Z;305;329;0;634;634;18494[Konrad-Adenauer-Straße];2021-11-30T17:52:02.511Z
0.305;open;2021-11-30T18:00:00Z;61;139;150;350;200;24276[Turmcenter];2021-11-30T18:02:00.749Z
0.6953317;open;2021-11-30T18:00:00Z;283;124;0;407;407;18944[Alte Oper];2021-11-30T18:02:00.749Z
0.041208792;open;2021-11-30T18:00:00Z;15;349;0;364;364;24281[Hauptbahnhof Süd];2021-11-30T18:02:00.749Z
0.6484375;open;2021-11-30T18:00:00Z;249;135;0;384;384;105479[Baseler Platz];2021-11-30T18:02:00.749Z
0.59950554;open;2021-11-30T18:00:00Z;485;324;0;809;809;24279[Konstabler];2021-11-30T18:02:00.749Z
0.8779343;open;2021-11-30T18:00:00Z;374;52;0;426;426;18497[Hauptwache];2021-11-30T18:02:00.749Z
0.4617647;open;2021-11-30T18:00:00Z;314;366;0;680;680;18495[Am Gericht];2021-11-30T18:02:00.749Z
0.23210162;open;2021-11-30T18:00:00Z;201;665;70;936;866;109240[MyZeil];2021-11-30T18:02:00.749Z
0.49211356;open;2021-11-30T18:00:00Z;312;322;0;634;634;18494[Konrad-Adenauer-Straße];2021-11-30T18:02:00.749Z
0.27;open;2021-11-30T18:30:00Z;54;146;150;350;200;24276[Turmcenter];2021-11-30T18:32:01.486Z
0.9017199;open;2021-11-30T18:30:00Z;367;40;0;407;407;18944[Alte Oper];2021-11-30T18:32:01.486Z
0.027472528;open;2021-11-30T18:30:00Z;10;354;0;364;364;24281[Hauptbahnhof Süd];2021-11-30T18:32:01.486Z
0.6536458;open;2021-11-30T18:30:00Z;251;133;0;384;384;105479[Baseler Platz];2021-11-30T18:32:01.486Z
0.55871445;open;2021-11-30T18:30:00Z;452;357;0;809;809;24279[Konstabler];2021-11-30T18:32:01.486Z
0.8779343;open;2021-11-30T18:30:00Z;374;52;0;426;426;18497[Hauptwache];2021-11-30T18:32:01.486Z
0.43235293;open;2021-11-30T18:30:00Z;294;386;0;680;680;18495[Am Gericht];2021-11-30T18:32:01.486Z
0.23094688;open;2021-11-30T18:30:00Z;200;666;70;936;866;109240[MyZeil];2021-11-30T18:32:01.486Z
0.48895898;open;2021-11-30T18:30:00Z;310;324;0;634;634;18494[Konrad-Adenauer-Straße];2021-11-30T18:32:01.486Z
0.29;open;2021-11-30T18:50:00Z;58;142;150;350;200;24276[Turmcenter];2021-11-30T18:52:01.401Z
0.94840294;open;2021-11-30T18:50:00Z;386;21;0;407;407;18944[Alte Oper];2021-11-30T18:52:01.401Z
0.021978023;open;2021-11-30T18:50:00Z;8;356;0;364;364;24281[Hauptbahnhof Süd];2021-11-30T18:52:01.401Z
0.6510417;open;2021-11-30T18:50:00Z;250;134;0;384;384;105479[Baseler Platz];2021-11-30T18:52:01.401Z
0.5302843;open;2021-11-30T18:50:00Z;429;380;0;809;809;24279[Konstabler];2021-11-30T18:52:01.401Z
0.86619717;open;2021-11-30T18:50:00Z;369;57;0;426;426;18497[Hauptwache];2021-11-30T18:52:01.401Z
0.42058823;open;2021-11-30T18:50:00Z;286;394;0;680;680;18495[Am Gericht];2021-11-30T18:52:01.401Z
0.21131639;open;2021-11-30T18:50:00Z;183;683;70;936;866;109240[MyZeil];2021-11-30T18:52:01.401Z
0.48422712;open;2021-11-30T18:50:00Z;307;327;0;634;634;18494[Konrad-Adenauer-Straße];2021-11-30T18:52:01.401Z
0.29;open;2021-11-30T19:00:00Z;58;142;150;350;200;24276[Turmcenter];2021-11-30T19:02:01.910Z
0.958231;open;2021-11-30T19:00:00Z;390;17;0;407;407;18944[Alte Oper];2021-11-30T19:02:01.910Z
0.021978023;open;2021-11-30T19:00:00Z;8;356;0;364;364;24281[Hauptbahnhof Süd];2021-11-30T19:02:01.910Z
0.6432292;open;2021-11-30T19:00:00Z;247;137;0;384;384;105479[Baseler Platz];2021-11-30T19:02:01.910Z
0.5080346;open;2021-11-30T19:00:00Z;411;398;0;809;809;24279[Konstabler];2021-11-30T19:02:01.910Z
0.84741783;open;2021-11-30T19:00:00Z;361;65;0;426;426;18497[Hauptwache];2021-11-30T19:02:01.910Z
0.4117647;open;2021-11-30T19:00:00Z;280;400;0;680;680;18495[Am Gericht];2021-11-30T19:02:01.910Z
0.20323326;open;2021-11-30T19:00:00Z;176;690;70;936;866;109240[MyZeil];2021-11-30T19:02:01.910Z
0.48107255;open;2021-11-30T19:00:00Z;305;329;0;634;634;18494[Konrad-Adenauer-Straße];2021-11-30T19:02:01.910Z
0.28;open;2021-11-30T19:21:00Z;56;144;150;350;200;24276[Turmcenter];2021-11-30T19:22:00.251Z
0.95577395;open;2021-11-30T19:21:00Z;389;18;0;407;407;18944[Alte Oper];2021-11-30T19:22:00.251Z
0.021978023;open;2021-11-30T19:21:00Z;8;356;0;364;364;24281[Hauptbahnhof Süd];2021-11-30T19:22:00.251Z
0.6380208;open;2021-11-30T19:21:00Z;245;139;0;384;384;105479[Baseler Platz];2021-11-30T19:22:00.251Z
0.4660074;open;2021-11-30T19:21:00Z;377;432;0;809;809;24279[Konstabler];2021-11-30T19:22:00.251Z
0.80516434;open;2021-11-30T19:21:00Z;343;83;0;426;426;18497[Hauptwache];2021-11-30T19:22:00.251Z
0.40588236;open;2021-11-30T19:21:00Z;276;404;0;680;680;18495[Am Gericht];2021-11-30T19:22:00.251Z
0.47634068;open;2021-11-30T19:21:00Z;302;332;0;634;634;18494[Konrad-Adenauer-Straße];2021-11-30T19:22:00.251Z
0.27;open;2021-11-30T19:31:00Z;54;146;150;350;200;24276[Turmcenter];2021-11-30T19:32:02.770Z
0.94840294;open;2021-11-30T19:31:00Z;386;21;0;407;407;18944[Alte Oper];2021-11-30T19:32:02.770Z
0.021978023;open;2021-11-30T19:31:00Z;8;356;0;364;364;24281[Hauptbahnhof Süd];2021-11-30T19:32:02.770Z
0.640625;open;2021-11-30T19:31:00Z;246;138;0;384;384;105479[Baseler Platz];2021-11-30T19:32:02.770Z
0.4487021;open;2021-11-30T19:31:00Z;363;446;0;809;809;24279[Konstabler];2021-11-30T19:32:02.770Z
0.7934272;open;2021-11-30T19:31:00Z;338;88;0;426;426;18497[Hauptwache];2021-11-30T19:32:02.770Z
0.40882352;open;2021-11-30T19:31:00Z;278;402;0;680;680;18495[Am Gericht];2021-11-30T19:32:02.770Z
0.16859123;open;2021-11-30T19:31:00Z;146;720;70;936;866;109240[MyZeil];2021-11-30T19:32:02.770Z
0.47160885;open;2021-11-30T19:31:00Z;299;335;0;634;634;18494[Konrad-Adenauer-Straße];2021-11-30T19:32:02.770Z
0.255;open;2021-11-30T19:41:00Z;51;149;150;350;200;24276[Turmcenter];2021-11-30T19:42:02.625Z
0.93611795;open;2021-11-30T19:41:00Z;381;26;0;407;407;18944[Alte Oper];2021-11-30T19:42:02.625Z
0.01923077;open;2021-11-30T19:41:00Z;7;357;0;364;364;24281[Hauptbahnhof Süd];2021-11-30T19:42:02.625Z
0.6328125;open;2021-11-30T19:41:00Z;243;141;0;384;384;105479[Baseler Platz];2021-11-30T19:42:02.625Z
0.44252163;open;2021-11-30T19:41:00Z;358;451;0;809;809;24279[Konstabler];2021-11-30T19:42:02.625Z
0.7934272;open;2021-11-30T19:41:00Z;338;88;0;426;426;18497[Hauptwache];2021-11-30T19:42:02.625Z
0.40441176;open;2021-11-30T19:41:00Z;275;405;0;680;680;18495[Am Gericht];2021-11-30T19:42:02.625Z
0.15935335;open;2021-11-30T19:41:00Z;138;728;70;936;866;109240[MyZeil];2021-11-30T19:42:02.625Z
0.4652997;open;2021-11-30T19:41:00Z;295;339;0;634;634;18494[Konrad-Adenauer-Straße];2021-11-30T19:42:02.625Z
0.255;open;2021-11-30T19:51:00Z;51;149;150;350;200;24276[Turmcenter];2021-11-30T19:52:01.047Z
0.91646194;open;2021-11-30T19:51:00Z;373;34;0;407;407;18944[Alte Oper];2021-11-30T19:52:01.047Z
0.016483517;open;2021-11-30T19:51:00Z;6;358;0;364;364;24281[Hauptbahnhof Süd];2021-11-30T19:52:01.047Z
0.6354167;open;2021-11-30T19:51:00Z;244;140;0;384;384;105479[Baseler Platz];2021-11-30T19:52:01.047Z
0.43510506;open;2021-11-30T19:51:00Z;352;457;0;809;809;24279[Konstabler];2021-11-30T19:52:01.047Z
0.74882627;open;2021-11-30T19:51:00Z;319;107;0;426;426;18497[Hauptwache];2021-11-30T19:52:01.047Z
0.4014706;open;2021-11-30T19:51:00Z;273;407;0;680;680;18495[Am Gericht];2021-11-30T19:52:01.047Z
0.15588914;open;2021-11-30T19:51:00Z;135;731;70;936;866;109240[MyZeil];2021-11-30T19:52:01.047Z
0.46056783;open;2021-11-30T19:51:00Z;292;342;0;634;634;18494[Konrad-Adenauer-Straße];2021-11-30T19:52:01.047Z
0.245;open;2021-11-30T20:07:00Z;49;151;150;350;200;24276[Turmcenter];2021-11-30T20:12:01.739Z
0.9017199;open;2021-11-30T20:07:00Z;367;40;0;407;407;18944[Alte Oper];2021-11-30T20:12:01.739Z
0.016483517;open;2021-11-30T20:07:00Z;6;358;0;364;364;24281[Hauptbahnhof Süd];2021-11-30T20:12:01.739Z
0.6354167;open;2021-11-30T20:07:00Z;244;140;0;384;384;105479[Baseler Platz];2021-11-30T20:12:01.739Z
0.4128554;open;2021-11-30T20:07:00Z;334;475;0;809;809;24279[Konstabler];2021-11-30T20:12:01.739Z
0.7230047;open;2021-11-30T20:07:00Z;308;118;0;426;426;18497[Hauptwache];2021-11-30T20:12:01.739Z
0.39117646;open;2021-11-30T20:07:00Z;266;414;0;680;680;18495[Am Gericht];2021-11-30T20:12:01.739Z
0.14549653;open;2021-11-30T20:07:00Z;126;740;70;936;866;109240[MyZeil];2021-11-30T20:12:01.739Z
0.44952682;open;2021-11-30T20:07:00Z;285;349;0;634;634;18494[Konrad-Adenauer-Straße];2021-11-30T20:12:01.739Z
0.215;open;2021-11-30T20:27:00Z;43;157;150;350;200;24276[Turmcenter];2021-11-30T20:32:01.606Z
0.88206387;open;2021-11-30T20:27:00Z;359;48;0;407;407;18944[Alte Oper];2021-11-30T20:32:01.606Z
0.008241759;open;2021-11-30T20:27:00Z;3;361;0;364;364;24281[Hauptbahnhof Süd];2021-11-30T20:32:01.606Z
0.6302083;open;2021-11-30T20:27:00Z;242;142;0;384;384;105479[Baseler Platz];2021-11-30T20:32:01.606Z
0.37082818;open;2021-11-30T20:27:00Z;300;509;0;809;809;24279[Konstabler];2021-11-30T20:32:01.606Z
0.64084506;open;2021-11-30T20:27:00Z;273;153;0;426;426;18497[Hauptwache];2021-11-30T20:32:01.606Z
0.3882353;open;2021-11-30T20:27:00Z;264;416;0;680;680;18495[Am Gericht];2021-11-30T20:32:01.606Z
0.13625866;open;2021-11-30T20:27:00Z;118;748;70;936;866;109240[MyZeil];2021-11-30T20:32:01.606Z
0.43217665;open;2021-11-30T20:27:00Z;274;360;0;634;634;18494[Konrad-Adenauer-Straße];2021-11-30T20:32:01.606Z
0.16;open;2021-11-30T20:42:00Z;32;168;150;350;200;24276[Turmcenter];2021-11-30T20:47:01.049Z
0.84275186;open;2021-11-30T20:42:00Z;343;64;0;407;407;18944[Alte Oper];2021-11-30T20:47:01.049Z
0.010989011;open;2021-11-30T20:42:00Z;4;360;0;364;364;24281[Hauptbahnhof Süd];2021-11-30T20:47:01.049Z
0.6276042;open;2021-11-30T20:42:00Z;241;143;0;384;384;105479[Baseler Platz];2021-11-30T20:47:01.049Z
0.3522868;open;2021-11-30T20:42:00Z;285;524;0;809;809;24279[Konstabler];2021-11-30T20:47:01.049Z
0.6056338;open;2021-11-30T20:42:00Z;258;168;0;426;426;18497[Hauptwache];2021-11-30T20:47:01.049Z
0.3852941;open;2021-11-30T20:42:00Z;262;418;0;680;680;18495[Am Gericht];2021-11-30T20:47:01.049Z
0.41167194;open;2021-11-30T20:42:00Z;261;373;0;634;634;18494[Konrad-Adenauer-Straße];2021-11-30T20:47:01.049Z
0.155;open;2021-11-30T20:52:00Z;31;169;150;350;200;24276[Turmcenter];2021-11-30T20:57:00.386Z
0.64619166;open;2021-11-30T20:52:00Z;263;144;0;407;407;18944[Alte Oper];2021-11-30T20:57:00.386Z
0.008241759;open;2021-11-30T20:52:00Z;3;361;0;364;364;24281[Hauptbahnhof Süd];2021-11-30T20:57:00.386Z
0.6276042;open;2021-11-30T20:52:00Z;241;143;0;384;384;105479[Baseler Platz];2021-11-30T20:57:00.386Z
0.3473424;open;2021-11-30T20:52:00Z;281;528;0;809;809;24279[Konstabler];2021-11-30T20:57:00.386Z
0.59624416;open;2021-11-30T20:52:00Z;254;172;0;426;426;18497[Hauptwache];2021-11-30T20:57:00.386Z
0.3779412;open;2021-11-30T20:52:00Z;257;423;0;680;680;18495[Am Gericht];2021-11-30T20:57:00.386Z
0.123556584;open;2021-11-30T20:52:00Z;107;759;70;936;866;109240[MyZeil];2021-11-30T20:57:00.386Z
0.41324922;open;2021-11-30T20:52:00Z;262;372;0;634;634;18494[Konrad-Adenauer-Straße];2021-11-30T20:57:00.386Z
0.12;open;2021-11-30T21:18:00Z;24;176;150;350;200;24276[Turmcenter];2021-11-30T21:22:00.408Z
0.27518427;open;2021-11-30T21:18:00Z;112;295;0;407;407;18944[Alte Oper];2021-11-30T21:22:00.408Z
0.010989011;open;2021-11-30T21:18:00Z;4;360;0;364;364;24281[Hauptbahnhof Süd];2021-11-30T21:22:00.408Z
0.6223958;open;2021-11-30T21:18:00Z;239;145;0;384;384;105479[Baseler Platz];2021-11-30T21:22:00.408Z
0.31891224;open;2021-11-30T21:18:00Z;258;551;0;809;809;24279[Konstabler];2021-11-30T21:22:00.408Z
0.5657277;open;2021-11-30T21:18:00Z;241;185;0;426;426;18497[Hauptwache];2021-11-30T21:22:00.408Z
0.36911765;open;2021-11-30T21:18:00Z;251;429;0;680;680;18495[Am Gericht];2021-11-30T21:22:00.408Z
0.11662818;open;2021-11-30T21:18:00Z;101;765;70;936;866;109240[MyZeil];2021-11-30T21:22:00.408Z
0.40063092;open;2021-11-30T21:18:00Z;254;380;0;634;634;18494[Konrad-Adenauer-Straße];2021-11-30T21:22:00.408Z
0.09;open;2021-11-30T21:33:00Z;18;182;150;350;200;24276[Turmcenter];2021-11-30T21:37:03.004Z
0.24815725;open;2021-11-30T21:33:00Z;101;306;0;407;407;18944[Alte Oper];2021-11-30T21:37:03.004Z
0.0054945056;open;2021-11-30T21:33:00Z;2;362;0;364;364;24281[Hauptbahnhof Süd];2021-11-30T21:37:03.004Z
0.6197917;open;2021-11-30T21:33:00Z;238;146;0;384;384;105479[Baseler Platz];2021-11-30T21:37:03.004Z
0.3090235;open;2021-11-30T21:33:00Z;250;559;0;809;809;24279[Konstabler];2021-11-30T21:37:03.004Z
0.556338;open;2021-11-30T21:33:00Z;237;189;0;426;426;18497[Hauptwache];2021-11-30T21:37:03.004Z
0.36911765;open;2021-11-30T21:33:00Z;251;429;0;680;680;18495[Am Gericht];2021-11-30T21:37:03.004Z
0.11085451;open;2021-11-30T21:33:00Z;96;770;70;936;866;109240[MyZeil];2021-11-30T21:37:03.004Z
0.40063092;open;2021-11-30T21:33:00Z;254;380;0;634;634;18494[Konrad-Adenauer-Straße];2021-11-30T21:37:03.004Z
0.08;open;2021-11-30T21:43:00Z;16;184;150;350;200;24276[Turmcenter];2021-11-30T21:47:02.898Z
0.24570024;open;2021-11-30T21:43:00Z;100;307;0;407;407;18944[Alte Oper];2021-11-30T21:47:02.898Z
0.0027472528;open;2021-11-30T21:43:00Z;1;363;0;364;364;24281[Hauptbahnhof Süd];2021-11-30T21:47:02.898Z
0.6145833;open;2021-11-30T21:43:00Z;236;148;0;384;384;105479[Baseler Platz];2021-11-30T21:47:02.898Z
0.3090235;open;2021-11-30T21:43:00Z;250;559;0;809;809;24279[Konstabler];2021-11-30T21:47:02.898Z
0.5492958;open;2021-11-30T21:43:00Z;234;192;0;426;426;18497[Hauptwache];2021-11-30T21:47:02.898Z
0.36617646;open;2021-11-30T21:43:00Z;249;431;0;680;680;18495[Am Gericht];2021-11-30T21:47:02.898Z
0.11085451;open;2021-11-30T21:43:00Z;96;770;70;936;866;109240[MyZeil];2021-11-30T21:47:02.898Z
0.39747635;open;2021-11-30T21:43:00Z;252;382;0;634;634;18494[Konrad-Adenauer-Straße];2021-11-30T21:47:02.898Z
0.06;open;2021-11-30T21:53:00Z;12;188;150;350;200;24276[Turmcenter];2021-11-30T21:57:00.234Z
0.23832923;open;2021-11-30T21:53:00Z;97;310;0;407;407;18944[Alte Oper];2021-11-30T21:57:00.234Z
0.0027472528;open;2021-11-30T21:53:00Z;1;363;0;364;364;24281[Hauptbahnhof Süd];2021-11-30T21:57:00.234Z
0.6145833;open;2021-11-30T21:53:00Z;236;148;0;384;384;105479[Baseler Platz];2021-11-30T21:57:00.234Z
0.30160692;open;2021-11-30T21:53:00Z;244;565;0;809;809;24279[Konstabler];2021-11-30T21:57:00.234Z
0.5375587;open;2021-11-30T21:53:00Z;229;197;0;426;426;18497[Hauptwache];2021-11-30T21:57:00.234Z
0.36617646;open;2021-11-30T21:53:00Z;249;431;0;680;680;18495[Am Gericht];2021-11-30T21:57:00.234Z
0.11085451;open;2021-11-30T21:53:00Z;96;770;70;936;866;109240[MyZeil];2021-11-30T21:57:00.234Z
0.39432177;open;2021-11-30T21:53:00Z;250;384;0;634;634;18494[Konrad-Adenauer-Straße];2021-11-30T21:57:00.234Z
0.04;open;2021-11-30T22:24:00Z;8;192;150;350;200;24276[Turmcenter];2021-11-30T22:27:00.538Z
0.18427518;open;2021-11-30T22:24:00Z;75;332;0;407;407;18944[Alte Oper];2021-11-30T22:27:00.538Z
0.0027472528;open;2021-11-30T22:24:00Z;1;363;0;364;364;24281[Hauptbahnhof Süd];2021-11-30T22:27:00.538Z
0.6119792;open;2021-11-30T22:24:00Z;235;149;0;384;384;105479[Baseler Platz];2021-11-30T22:27:00.538Z
0.28800988;open;2021-11-30T22:24:00Z;233;576;0;809;809;24279[Konstabler];2021-11-30T22:27:00.538Z
0.51877934;open;2021-11-30T22:24:00Z;221;205;0;426;426;18497[Hauptwache];2021-11-30T22:27:00.538Z
0.3647059;open;2021-11-30T22:24:00Z;248;432;0;680;680;18495[Am Gericht];2021-11-30T22:27:00.538Z
0.102771364;open;2021-11-30T22:24:00Z;89;777;70;936;866;109240[MyZeil];2021-11-30T22:27:00.538Z
0.38485804;open;2021-11-30T22:24:00Z;244;390;0;634;634;18494[Konrad-Adenauer-Straße];2021-11-30T22:27:00.538Z
0.03;open;2021-11-30T22:44:00Z;6;194;150;350;200;24276[Turmcenter];2021-11-30T22:47:00.735Z
0.16461916;open;2021-11-30T22:44:00Z;67;340;0;407;407;18944[Alte Oper];2021-11-30T22:47:00.735Z
0.0054945056;open;2021-11-30T22:44:00Z;2;362;0;364;364;24281[Hauptbahnhof Süd];2021-11-30T22:47:00.735Z
0.6119792;open;2021-11-30T22:44:00Z;235;149;0;384;384;105479[Baseler Platz];2021-11-30T22:47:00.735Z
0.2855377;open;2021-11-30T22:44:00Z;231;578;0;809;809;24279[Konstabler];2021-11-30T22:47:00.735Z
0.5140845;open;2021-11-30T22:44:00Z;219;207;0;426;426;18497[Hauptwache];2021-11-30T22:47:00.735Z
0.3647059;open;2021-11-30T22:44:00Z;248;432;0;680;680;18495[Am Gericht];2021-11-30T22:47:00.735Z
0.38328075;open;2021-11-30T22:44:00Z;243;391;0;634;634;18494[Konrad-Adenauer-Straße];2021-11-30T22:47:00.735Z
0.025;open;2021-11-30T22:55:00Z;5;195;150;350;200;24276[Turmcenter];2021-11-30T22:57:02.522Z
0.15479116;open;2021-11-30T22:55:00Z;63;344;0;407;407;18944[Alte Oper];2021-11-30T22:57:02.522Z
0.0027472528;open;2021-11-30T22:55:00Z;1;363;0;364;364;24281[Hauptbahnhof Süd];2021-11-30T22:57:02.522Z
0.609375;open;2021-11-30T22:55:00Z;234;150;0;384;384;105479[Baseler Platz];2021-11-30T22:57:02.522Z
0.2843016;open;2021-11-30T22:55:00Z;230;579;0;809;809;24279[Konstabler];2021-11-30T22:57:02.522Z
0.5070422;open;2021-11-30T22:55:00Z;216;210;0;426;426;18497[Hauptwache];2021-11-30T22:57:02.522Z
0.3632353;open;2021-11-30T22:55:00Z;247;433;0;680;680;18495[Am Gericht];2021-11-30T22:57:02.522Z
0.09815242;open;2021-11-30T22:55:00Z;85;781;70;936;866;109240[MyZeil];2021-11-30T22:57:02.522Z
0.38170347;open;2021-11-30T22:55:00Z;242;392;0;634;634;18494[Konrad-Adenauer-Straße];2021-11-30T22:57:02.522Z
0.025;open;2021-11-30T23:20:00Z;5;195;150;350;200;24276[Turmcenter];2021-11-30T23:22:02.899Z
0.12776412;open;2021-11-30T23:20:00Z;52;355;0;407;407;18944[Alte Oper];2021-11-30T23:22:02.899Z
0.0027472528;open;2021-11-30T23:20:00Z;1;363;0;364;364;24281[Hauptbahnhof Süd];2021-11-30T23:22:02.899Z
0.609375;open;2021-11-30T23:20:00Z;234;150;0;384;384;105479[Baseler Platz];2021-11-30T23:22:02.899Z
0.28059334;open;2021-11-30T23:20:00Z;227;582;0;809;809;24279[Konstabler];2021-11-30T23:22:02.899Z
0.5023474;open;2021-11-30T23:20:00Z;214;212;0;426;426;18497[Hauptwache];2021-11-30T23:22:02.899Z
0;closed;2021-11-30T23:20:00Z;;433;0;0;0;18495[Am Gericht];2021-11-30T23:22:02.899Z
0.09584296;open;2021-11-30T23:20:00Z;83;783;70;936;866;109240[MyZeil];2021-11-30T23:22:02.899Z
0.38012618;open;2021-11-30T23:20:00Z;241;393;0;634;634;18494[Konrad-Adenauer-Straße];2021-11-30T23:22:02.899Z
0.02;open;2021-11-30T23:40:00Z;4;196;150;350;200;24276[Turmcenter];2021-11-30T23:42:02.556Z
0.12285012;open;2021-11-30T23:40:00Z;50;357;0;407;407;18944[Alte Oper];2021-11-30T23:42:02.556Z
0.0027472528;open;2021-11-30T23:40:00Z;1;363;0;364;364;24281[Hauptbahnhof Süd];2021-11-30T23:42:02.556Z
0.609375;open;2021-11-30T23:40:00Z;234;150;0;384;384;105479[Baseler Platz];2021-11-30T23:42:02.556Z
0.27935722;open;2021-11-30T23:40:00Z;226;583;0;809;809;24279[Konstabler];2021-11-30T23:42:02.556Z
0.4976526;open;2021-11-30T23:40:00Z;212;214;0;426;426;18497[Hauptwache];2021-11-30T23:42:02.556Z
0;closed;2021-11-30T23:40:00Z;;433;0;0;0;18495[Am Gericht];2021-11-30T23:42:02.556Z
0.09584296;open;2021-11-30T23:40:00Z;83;783;70;936;866;109240[MyZeil];2021-11-30T23:42:02.556Z
0.3753943;open;2021-11-30T23:40:00Z;238;396;0;634;634;18494[Konrad-Adenauer-Straße];2021-11-30T23:42:02.556Z
0.02;open;2021-11-30T23:50:00Z;4;196;150;350;200;24276[Turmcenter];2021-11-30T23:52:02.411Z
0.12039312;open;2021-11-30T23:50:00Z;49;358;0;407;407;18944[Alte Oper];2021-11-30T23:52:02.411Z
0.0027472528;open;2021-11-30T23:50:00Z;1;363;0;364;364;24281[Hauptbahnhof Süd];2021-11-30T23:52:02.411Z
0.609375;open;2021-11-30T23:50:00Z;234;150;0;384;384;105479[Baseler Platz];2021-11-30T23:52:02.411Z
0.27935722;open;2021-11-30T23:50:00Z;226;583;0;809;809;24279[Konstabler];2021-11-30T23:52:02.411Z
0.5;open;2021-11-30T23:50:00Z;213;213;0;426;426;18497[Hauptwache];2021-11-30T23:52:02.411Z
0;closed;2021-11-30T23:50:00Z;;433;0;0;0;18495[Am Gericht];2021-11-30T23:52:02.411Z
0.09584296;open;2021-11-30T23:50:00Z;83;783;70;936;866;109240[MyZeil];2021-11-30T23:52:02.411Z
0.3769716;open;2021-11-30T23:50:00Z;239;395;0;634;634;18494[Konrad-Adenauer-Straße];2021-11-30T23:52:02.411Z
