parkingFacilityOccupancy;parkingFacilityStatus;parkingFacilityStatusTime;totalNumberOfOccupiedParkingSpaces;totalNumberOfVacantParkingSpaces;totalParkingCapacityLongTermOverride;totalParkingCapacityOverride;totalParkingCapacityShortTermOverride;id;TIME
0.96;open;2021-10-04T13:30:00.000+02:00;144;6;200;350;150;24276[Turmcenter];2021-10-04T13:32:02.390+02:00
0.6965174;open;2021-10-04T13:30:00.000+02:00;280;122;0;402;402;18944[Alte Oper];2021-10-04T13:32:02.390+02:00
0.36813188;open;2021-10-04T13:30:00.000+02:00;134;230;0;364;364;24281[Hauptbahnhof Süd];2021-10-04T13:32:02.390+02:00
0.97183096;open;2021-10-04T13:30:00.000+02:00;414;12;0;426;426;18497[Hauptwache];2021-10-04T13:32:02.390+02:00
0.9987639;open;2021-10-04T13:30:00.000+02:00;808;1;0;809;809;24279[Konstabler];2021-10-04T13:32:02.390+02:00
0.82941175;open;2021-10-04T13:30:00.000+02:00;564;116;0;680;680;18495[Am Gericht];2021-10-04T13:32:02.390+02:00
0.26749435;open;2021-10-04T13:30:00.000+02:00;237;649;70;956;886;109240[MyZeil];2021-10-04T13:32:02.390+02:00
0.65299684;open;2021-10-04T13:30:00.000+02:00;414;220;0;634;634;18494[Konrad-Adenauer-Straße];2021-10-04T13:32:02.390+02:00
0.96666664;open;2021-10-04T14:26:00.000+02:00;145;5;200;350;150;24276[Turmcenter];2021-10-04T14:27:00.447+02:00
0.659204;open;2021-10-04T14:26:00.000+02:00;265;137;0;402;402;18944[Alte Oper];2021-10-04T14:27:00.447+02:00
0.3434066;open;2021-10-04T14:26:00.000+02:00;125;239;0;364;364;24281[Hauptbahnhof Süd];2021-10-04T14:27:00.447+02:00
0.90140843;open;2021-10-04T14:26:00.000+02:00;384;42;0;426;426;18497[Hauptwache];2021-10-04T14:27:00.447+02:00
1.0;open;2021-10-04T14:26:00.000+02:00;809;0;0;809;809;24279[Konstabler];2021-10-04T14:27:00.447+02:00
0.8397059;open;2021-10-04T14:26:00.000+02:00;571;109;0;680;680;18495[Am Gericht];2021-10-04T14:27:00.447+02:00
0.26636568;open;2021-10-04T14:26:00.000+02:00;236;650;70;956;886;109240[MyZeil];2021-10-04T14:27:00.447+02:00
0.6845426;open;2021-10-04T14:26:00.000+02:00;434;200;0;634;634;18494[Konrad-Adenauer-Straße];2021-10-04T14:27:00.447+02:00
0.9266667;open;2021-10-04T14:56:00.000+02:00;139;11;200;350;150;24276[Turmcenter];2021-10-04T14:57:01.246+02:00
0.62189054;open;2021-10-04T14:56:00.000+02:00;250;152;0;402;402;18944[Alte Oper];2021-10-04T14:57:01.246+02:00
0.30769232;open;2021-10-04T14:56:00.000+02:00;112;252;0;364;364;24281[Hauptbahnhof Süd];2021-10-04T14:57:01.246+02:00
0.9366197;open;2021-10-04T14:56:00.000+02:00;399;27;0;426;426;18497[Hauptwache];2021-10-04T14:57:01.246+02:00
0.9826947;open;2021-10-04T14:56:00.000+02:00;795;14;0;809;809;24279[Konstabler];2021-10-04T14:57:01.246+02:00
0.7911765;open;2021-10-04T14:56:00.000+02:00;538;142;0;680;680;18495[Am Gericht];2021-10-04T14:57:01.246+02:00
0.27426636;open;2021-10-04T14:56:00.000+02:00;243;643;70;956;886;109240[MyZeil];2021-10-04T14:57:01.246+02:00
0.6829653;open;2021-10-04T14:56:00.000+02:00;433;201;0;634;634;18494[Konrad-Adenauer-Straße];2021-10-04T14:57:01.246+02:00
0.92;open;2021-10-04T15:16:00.000+02:00;138;12;200;350;150;24276[Turmcenter];2021-10-04T15:17:02.121+02:00
0.6044776;open;2021-10-04T15:16:00.000+02:00;243;159;0;402;402;18944[Alte Oper];2021-10-04T15:17:02.121+02:00
0.2857143;open;2021-10-04T15:16:00.000+02:00;104;260;0;364;364;24281[Hauptbahnhof Süd];2021-10-04T15:17:02.121+02:00
0.96478873;open;2021-10-04T15:16:00.000+02:00;411;15;0;426;426;18497[Hauptwache];2021-10-04T15:17:02.121+02:00
0.9789864;open;2021-10-04T15:16:00.000+02:00;792;17;0;809;809;24279[Konstabler];2021-10-04T15:17:02.121+02:00
0.7735294;open;2021-10-04T15:16:00.000+02:00;526;154;0;680;680;18495[Am Gericht];2021-10-04T15:17:02.121+02:00
0.28893906;open;2021-10-04T15:16:00.000+02:00;256;630;70;956;886;109240[MyZeil];2021-10-04T15:17:02.121+02:00
0.66246057;open;2021-10-04T15:16:00.000+02:00;420;214;0;634;634;18494[Konrad-Adenauer-Straße];2021-10-04T15:17:02.121+02:00
0.9266667;open;2021-10-04T15:26:00.000+02:00;139;11;200;350;150;24276[Turmcenter];2021-10-04T15:32:01.680+02:00
0.57462686;open;2021-10-04T15:26:00.000+02:00;231;171;0;402;402;18944[Alte Oper];2021-10-04T15:32:01.680+02:00
0.28846154;open;2021-10-04T15:26:00.000+02:00;105;259;0;364;364;24281[Hauptbahnhof Süd];2021-10-04T15:32:01.680+02:00
0.9530516;open;2021-10-04T15:26:00.000+02:00;406;20;0;426;426;18497[Hauptwache];2021-10-04T15:32:01.680+02:00
0.9789864;open;2021-10-04T15:26:00.000+02:00;792;17;0;809;809;24279[Konstabler];2021-10-04T15:32:01.680+02:00
0.7676471;open;2021-10-04T15:26:00.000+02:00;522;158;0;680;680;18495[Am Gericht];2021-10-04T15:32:01.680+02:00
0.28216705;open;2021-10-04T15:26:00.000+02:00;250;636;70;956;886;109240[MyZeil];2021-10-04T15:32:01.680+02:00
0.6608833;open;2021-10-04T15:26:00.000+02:00;419;215;0;634;634;18494[Konrad-Adenauer-Straße];2021-10-04T15:32:01.680+02:00
0.91333336;open;2021-10-04T15:36:00.000+02:00;137;13;200;350;150;24276[Turmcenter];2021-10-04T15:42:02.250+02:00
0.5721393;open;2021-10-04T15:36:00.000+02:00;230;172;0;402;402;18944[Alte Oper];2021-10-04T15:42:02.250+02:00
0.2802198;open;2021-10-04T15:36:00.000+02:00;102;262;0;364;364;24281[Hauptbahnhof Süd];2021-10-04T15:42:02.250+02:00
0.9530516;open;2021-10-04T15:36:00.000+02:00;406;20;0;426;426;18497[Hauptwache];2021-10-04T15:42:02.250+02:00
0.9690977;open;2021-10-04T15:36:00.000+02:00;784;25;0;809;809;24279[Konstabler];2021-10-04T15:42:02.250+02:00
0.77205884;open;2021-10-04T15:36:00.000+02:00;525;155;0;680;680;18495[Am Gericht];2021-10-04T15:42:02.250+02:00
0.2866817;open;2021-10-04T15:36:00.000+02:00;254;632;70;956;886;109240[MyZeil];2021-10-04T15:42:02.250+02:00
0.66561514;open;2021-10-04T15:36:00.000+02:00;422;212;0;634;634;18494[Konrad-Adenauer-Straße];2021-10-04T15:42:02.250+02:00
0.9066667;open;2021-10-04T15:47:00.000+02:00;136;14;200;350;150;24276[Turmcenter];2021-10-04T15:52:02.343+02:00
0.5721393;open;2021-10-04T15:47:00.000+02:00;230;172;0;402;402;18944[Alte Oper];2021-10-04T15:52:02.343+02:00
0.23076923;open;2021-10-04T15:47:00.000+02:00;84;280;0;364;364;24281[Hauptbahnhof Süd];2021-10-04T15:52:02.343+02:00
0.943662;open;2021-10-04T15:47:00.000+02:00;402;24;0;426;426;18497[Hauptwache];2021-10-04T15:52:02.343+02:00
0.9555006;open;2021-10-04T15:47:00.000+02:00;773;36;0;809;809;24279[Konstabler];2021-10-04T15:52:02.343+02:00
0.76029414;open;2021-10-04T15:47:00.000+02:00;517;163;0;680;680;18495[Am Gericht];2021-10-04T15:52:02.343+02:00
0.28216705;open;2021-10-04T15:47:00.000+02:00;250;636;70;956;886;109240[MyZeil];2021-10-04T15:52:02.343+02:00
0.66246057;open;2021-10-04T15:47:00.000+02:00;420;214;0;634;634;18494[Konrad-Adenauer-Straße];2021-10-04T15:52:02.343+02:00
0.9066667;open;2021-10-04T15:52:00.000+02:00;136;14;200;350;150;24276[Turmcenter];2021-10-04T15:57:02.226+02:00
0.5597015;open;2021-10-04T15:52:00.000+02:00;225;177;0;402;402;18944[Alte Oper];2021-10-04T15:57:02.226+02:00
0.22802198;open;2021-10-04T15:52:00.000+02:00;83;281;0;364;364;24281[Hauptbahnhof Süd];2021-10-04T15:57:02.226+02:00
0.9319249;open;2021-10-04T15:52:00.000+02:00;397;29;0;426;426;18497[Hauptwache];2021-10-04T15:57:02.226+02:00
0.9641533;open;2021-10-04T15:52:00.000+02:00;780;29;0;809;809;24279[Konstabler];2021-10-04T15:57:02.226+02:00
0.75735295;open;2021-10-04T15:52:00.000+02:00;515;165;0;680;680;18495[Am Gericht];2021-10-04T15:57:02.226+02:00
0.28329572;open;2021-10-04T15:52:00.000+02:00;251;635;70;956;886;109240[MyZeil];2021-10-04T15:57:02.226+02:00
0.66246057;open;2021-10-04T15:52:00.000+02:00;420;214;0;634;634;18494[Konrad-Adenauer-Straße];2021-10-04T15:57:02.226+02:00
0.92;open;2021-10-04T16:12:00.000+02:00;138;12;200;350;150;24276[Turmcenter];2021-10-04T16:17:00.978+02:00
0.5298507;open;2021-10-04T16:12:00.000+02:00;213;189;0;402;402;18944[Alte Oper];2021-10-04T16:17:00.978+02:00
0.21703297;open;2021-10-04T16:12:00.000+02:00;79;285;0;364;364;24281[Hauptbahnhof Süd];2021-10-04T16:17:00.978+02:00
0.9201878;open;2021-10-04T16:12:00.000+02:00;392;34;0;426;426;18497[Hauptwache];2021-10-04T16:17:00.978+02:00
0.95179236;open;2021-10-04T16:12:00.000+02:00;770;39;0;809;809;24279[Konstabler];2021-10-04T16:17:00.978+02:00
0.7264706;open;2021-10-04T16:12:00.000+02:00;494;186;0;680;680;18495[Am Gericht];2021-10-04T16:17:00.978+02:00
0.28103837;open;2021-10-04T16:12:00.000+02:00;249;637;70;956;886;109240[MyZeil];2021-10-04T16:17:00.978+02:00
0.65299684;open;2021-10-04T16:12:00.000+02:00;414;220;0;634;634;18494[Konrad-Adenauer-Straße];2021-10-04T16:17:00.978+02:00
0.94;open;2021-10-04T16:22:00.000+02:00;141;9;200;350;150;24276[Turmcenter];2021-10-04T16:27:01.916+02:00
0.51741296;open;2021-10-04T16:22:00.000+02:00;208;194;0;402;402;18944[Alte Oper];2021-10-04T16:27:01.916+02:00
0.20879121;open;2021-10-04T16:22:00.000+02:00;76;288;0;364;364;24281[Hauptbahnhof Süd];2021-10-04T16:27:01.916+02:00
0.9084507;open;2021-10-04T16:22:00.000+02:00;387;39;0;426;426;18497[Hauptwache];2021-10-04T16:27:01.916+02:00
0.94437575;open;2021-10-04T16:22:00.000+02:00;764;45;0;809;809;24279[Konstabler];2021-10-04T16:27:01.916+02:00
0.7176471;open;2021-10-04T16:22:00.000+02:00;488;192;0;680;680;18495[Am Gericht];2021-10-04T16:27:01.916+02:00
0.28329572;open;2021-10-04T16:22:00.000+02:00;251;635;70;956;886;109240[MyZeil];2021-10-04T16:27:01.916+02:00
0.648265;open;2021-10-04T16:22:00.000+02:00;411;223;0;634;634;18494[Konrad-Adenauer-Straße];2021-10-04T16:27:01.916+02:00
0.92;open;2021-10-04T16:32:00.000+02:00;138;12;200;350;150;24276[Turmcenter];2021-10-04T16:37:02.613+02:00
0.5124378;open;2021-10-04T16:32:00.000+02:00;206;196;0;402;402;18944[Alte Oper];2021-10-04T16:37:02.613+02:00
0.18131869;open;2021-10-04T16:32:00.000+02:00;66;298;0;364;364;24281[Hauptbahnhof Süd];2021-10-04T16:37:02.613+02:00
0.9084507;open;2021-10-04T16:32:00.000+02:00;387;39;0;426;426;18497[Hauptwache];2021-10-04T16:37:02.613+02:00
0.9419036;open;2021-10-04T16:32:00.000+02:00;762;47;0;809;809;24279[Konstabler];2021-10-04T16:37:02.613+02:00
0.70735294;open;2021-10-04T16:32:00.000+02:00;481;199;0;680;680;18495[Am Gericht];2021-10-04T16:37:02.613+02:00
0.27765238;open;2021-10-04T16:32:00.000+02:00;246;640;70;956;886;109240[MyZeil];2021-10-04T16:37:02.613+02:00
0.6388013;open;2021-10-04T16:32:00.000+02:00;405;229;0;634;634;18494[Konrad-Adenauer-Straße];2021-10-04T16:37:02.613+02:00
0.93333334;open;2021-10-04T16:37:00.000+02:00;140;10;200;350;150;24276[Turmcenter];2021-10-04T16:42:02.680+02:00
0.5124378;open;2021-10-04T16:37:00.000+02:00;206;196;0;402;402;18944[Alte Oper];2021-10-04T16:42:02.680+02:00
0.18406594;open;2021-10-04T16:37:00.000+02:00;67;297;0;364;364;24281[Hauptbahnhof Süd];2021-10-04T16:42:02.680+02:00
0.9061033;open;2021-10-04T16:37:00.000+02:00;386;40;0;426;426;18497[Hauptwache];2021-10-04T16:42:02.680+02:00
0.946848;open;2021-10-04T16:37:00.000+02:00;766;43;0;809;809;24279[Konstabler];2021-10-04T16:42:02.680+02:00
0.7029412;open;2021-10-04T16:37:00.000+02:00;478;202;0;680;680;18495[Am Gericht];2021-10-04T16:42:02.680+02:00
0.2765237;open;2021-10-04T16:37:00.000+02:00;245;641;70;956;886;109240[MyZeil];2021-10-04T16:42:02.680+02:00
0.62933755;open;2021-10-04T16:37:00.000+02:00;399;235;0;634;634;18494[Konrad-Adenauer-Straße];2021-10-04T16:42:02.680+02:00
0.8933333;open;2021-10-04T16:47:00.000+02:00;134;16;200;350;150;24276[Turmcenter];2021-10-04T16:52:02.951+02:00
0.5099502;open;2021-10-04T16:47:00.000+02:00;205;197;0;402;402;18944[Alte Oper];2021-10-04T16:52:02.951+02:00
0.16483517;open;2021-10-04T16:47:00.000+02:00;60;304;0;364;364;24281[Hauptbahnhof Süd];2021-10-04T16:52:02.951+02:00
0.8967136;open;2021-10-04T16:47:00.000+02:00;382;44;0;426;426;18497[Hauptwache];2021-10-04T16:52:02.951+02:00
0.9456119;open;2021-10-04T16:47:00.000+02:00;765;44;0;809;809;24279[Konstabler];2021-10-04T16:52:02.951+02:00
0.68088233;open;2021-10-04T16:47:00.000+02:00;463;217;0;680;680;18495[Am Gericht];2021-10-04T16:52:02.951+02:00
0.27539504;open;2021-10-04T16:47:00.000+02:00;244;642;70;956;886;109240[MyZeil];2021-10-04T16:52:02.951+02:00
0.62933755;open;2021-10-04T16:47:00.000+02:00;399;235;0;634;634;18494[Konrad-Adenauer-Straße];2021-10-04T16:52:02.951+02:00
0.9066667;open;2021-10-04T17:03:00.000+02:00;136;14;200;350;150;24276[Turmcenter];2021-10-04T17:07:00.217+02:00
0.49253732;open;2021-10-04T17:03:00.000+02:00;198;204;0;402;402;18944[Alte Oper];2021-10-04T17:07:00.217+02:00
0.14285715;open;2021-10-04T17:03:00.000+02:00;52;312;0;364;364;24281[Hauptbahnhof Süd];2021-10-04T17:07:00.217+02:00
0.8896714;open;2021-10-04T17:03:00.000+02:00;379;47;0;426;426;18497[Hauptwache];2021-10-04T17:07:00.217+02:00
0.9245983;open;2021-10-04T17:03:00.000+02:00;748;61;0;809;809;24279[Konstabler];2021-10-04T17:07:00.217+02:00
0.6544118;open;2021-10-04T17:03:00.000+02:00;445;235;0;680;680;18495[Am Gericht];2021-10-04T17:07:00.217+02:00
0.28555304;open;2021-10-04T17:03:00.000+02:00;253;633;70;956;886;109240[MyZeil];2021-10-04T17:07:00.217+02:00
0.62933755;open;2021-10-04T17:03:00.000+02:00;399;235;0;634;634;18494[Konrad-Adenauer-Straße];2021-10-04T17:07:00.217+02:00
0.82666665;open;2021-10-04T17:23:00.000+02:00;124;26;200;350;150;24276[Turmcenter];2021-10-04T17:27:02.351+02:00
0.45771143;open;2021-10-04T17:23:00.000+02:00;184;218;0;402;402;18944[Alte Oper];2021-10-04T17:27:02.351+02:00
0.104395606;open;2021-10-04T17:23:00.000+02:00;38;326;0;364;364;24281[Hauptbahnhof Süd];2021-10-04T17:27:02.351+02:00
0.8826291;open;2021-10-04T17:23:00.000+02:00;376;50;0;426;426;18497[Hauptwache];2021-10-04T17:27:02.351+02:00
0.92583436;open;2021-10-04T17:23:00.000+02:00;749;60;0;809;809;24279[Konstabler];2021-10-04T17:27:02.351+02:00
0.64117646;open;2021-10-04T17:23:00.000+02:00;436;244;0;680;680;18495[Am Gericht];2021-10-04T17:27:02.351+02:00
0.27539504;open;2021-10-04T17:23:00.000+02:00;244;642;70;956;886;109240[MyZeil];2021-10-04T17:27:02.351+02:00
0.6198738;open;2021-10-04T17:23:00.000+02:00;393;241;0;634;634;18494[Konrad-Adenauer-Straße];2021-10-04T17:27:02.351+02:00
0.78;open;2021-10-04T17:38:00.000+02:00;117;33;200;350;150;24276[Turmcenter];2021-10-04T17:42:02.998+02:00
0.45771143;open;2021-10-04T17:38:00.000+02:00;184;218;0;402;402;18944[Alte Oper];2021-10-04T17:42:02.998+02:00
0.08516484;open;2021-10-04T17:38:00.000+02:00;31;333;0;364;364;24281[Hauptbahnhof Süd];2021-10-04T17:42:02.998+02:00
0.85915494;open;2021-10-04T17:38:00.000+02:00;366;60;0;426;426;18497[Hauptwache];2021-10-04T17:42:02.998+02:00
0.9147095;open;2021-10-04T17:38:00.000+02:00;740;69;0;809;809;24279[Konstabler];2021-10-04T17:42:02.998+02:00
0.6367647;open;2021-10-04T17:38:00.000+02:00;433;247;0;680;680;18495[Am Gericht];2021-10-04T17:42:02.998+02:00
0.27088037;open;2021-10-04T17:38:00.000+02:00;240;646;70;956;886;109240[MyZeil];2021-10-04T17:42:02.998+02:00
0.6198738;open;2021-10-04T17:38:00.000+02:00;393;241;0;634;634;18494[Konrad-Adenauer-Straße];2021-10-04T17:42:02.998+02:00
0.7733333;open;2021-10-04T17:43:00.000+02:00;116;34;200;350;150;24276[Turmcenter];2021-10-04T17:47:02.627+02:00
0.45771143;open;2021-10-04T17:43:00.000+02:00;184;218;0;402;402;18944[Alte Oper];2021-10-04T17:47:02.627+02:00
0.08791209;open;2021-10-04T17:43:00.000+02:00;32;332;0;364;364;24281[Hauptbahnhof Süd];2021-10-04T17:47:02.627+02:00
0.8544601;open;2021-10-04T17:43:00.000+02:00;364;62;0;426;426;18497[Hauptwache];2021-10-04T17:47:02.627+02:00
0.9097651;open;2021-10-04T17:43:00.000+02:00;736;73;0;809;809;24279[Konstabler];2021-10-04T17:47:02.627+02:00
0.63235295;open;2021-10-04T17:43:00.000+02:00;430;250;0;680;680;18495[Am Gericht];2021-10-04T17:47:02.627+02:00
0.27088037;open;2021-10-04T17:43:00.000+02:00;240;646;70;956;886;109240[MyZeil];2021-10-04T17:47:02.627+02:00
0.6182965;open;2021-10-04T17:43:00.000+02:00;392;242;0;634;634;18494[Konrad-Adenauer-Straße];2021-10-04T17:47:02.627+02:00
0.74666667;open;2021-10-04T17:53:00.000+02:00;112;38;200;350;150;24276[Turmcenter];2021-10-04T17:57:01.561+02:00
0.44527364;open;2021-10-04T17:53:00.000+02:00;179;223;0;402;402;18944[Alte Oper];2021-10-04T17:57:01.561+02:00
0.09065934;open;2021-10-04T17:53:00.000+02:00;33;331;0;364;364;24281[Hauptbahnhof Süd];2021-10-04T17:57:01.561+02:00
0.85211265;open;2021-10-04T17:53:00.000+02:00;363;63;0;426;426;18497[Hauptwache];2021-10-04T17:57:01.561+02:00
0.8974042;open;2021-10-04T17:53:00.000+02:00;726;83;0;809;809;24279[Konstabler];2021-10-04T17:57:01.561+02:00
0.6132353;open;2021-10-04T17:53:00.000+02:00;417;263;0;680;680;18495[Am Gericht];2021-10-04T17:57:01.561+02:00
0.26072234;open;2021-10-04T17:53:00.000+02:00;231;655;70;956;886;109240[MyZeil];2021-10-04T17:57:01.561+02:00
0.6198738;open;2021-10-04T17:53:00.000+02:00;393;241;0;634;634;18494[Konrad-Adenauer-Straße];2021-10-04T17:57:01.561+02:00
0.68;open;2021-10-04T18:23:00.000+02:00;102;48;200;350;150;24276[Turmcenter];2021-10-04T18:27:00.543+02:00
0.4353234;open;2021-10-04T18:23:00.000+02:00;175;227;0;402;402;18944[Alte Oper];2021-10-04T18:27:00.543+02:00
0.06593407;open;2021-10-04T18:23:00.000+02:00;24;340;0;364;364;24281[Hauptbahnhof Süd];2021-10-04T18:27:00.543+02:00
0.80985916;open;2021-10-04T18:23:00.000+02:00;345;81;0;426;426;18497[Hauptwache];2021-10-04T18:27:00.543+02:00
0.85908526;open;2021-10-04T18:23:00.000+02:00;695;114;0;809;809;24279[Konstabler];2021-10-04T18:27:00.543+02:00
0.59117645;open;2021-10-04T18:23:00.000+02:00;402;278;0;680;680;18495[Am Gericht];2021-10-04T18:27:00.543+02:00
0.25959367;open;2021-10-04T18:23:00.000+02:00;230;656;70;956;886;109240[MyZeil];2021-10-04T18:27:00.543+02:00
0.6214511;open;2021-10-04T18:23:00.000+02:00;394;240;0;634;634;18494[Konrad-Adenauer-Straße];2021-10-04T18:27:00.543+02:00
0.535;open;2021-10-04T18:54:00.000+02:00;107;93;150;350;200;24276[Turmcenter];2021-10-04T18:57:01.685+02:00
0.3955224;open;2021-10-04T18:54:00.000+02:00;159;243;0;402;402;18944[Alte Oper];2021-10-04T18:57:01.685+02:00
0.06043956;open;2021-10-04T18:54:00.000+02:00;22;342;0;364;364;24281[Hauptbahnhof Süd];2021-10-04T18:57:01.685+02:00
0.7699531;open;2021-10-04T18:54:00.000+02:00;328;98;0;426;426;18497[Hauptwache];2021-10-04T18:57:01.685+02:00
0.82694685;open;2021-10-04T18:54:00.000+02:00;669;140;0;809;809;24279[Konstabler];2021-10-04T18:57:01.685+02:00
0.5808824;open;2021-10-04T18:54:00.000+02:00;395;285;0;680;680;18495[Am Gericht];2021-10-04T18:57:01.685+02:00
0.23589166;open;2021-10-04T18:54:00.000+02:00;209;677;70;956;886;109240[MyZeil];2021-10-04T18:57:01.685+02:00
0.61356467;open;2021-10-04T18:54:00.000+02:00;389;245;0;634;634;18494[Konrad-Adenauer-Straße];2021-10-04T18:57:01.685+02:00
0.59;open;2021-10-04T19:24:00.000+02:00;118;82;150;350;200;24276[Turmcenter];2021-10-04T19:27:02.722+02:00
0.3880597;open;2021-10-04T19:24:00.000+02:00;156;246;0;402;402;18944[Alte Oper];2021-10-04T19:27:02.722+02:00
0.043956045;open;2021-10-04T19:24:00.000+02:00;16;348;0;364;364;24281[Hauptbahnhof Süd];2021-10-04T19:27:02.722+02:00
0.713615;open;2021-10-04T19:24:00.000+02:00;304;122;0;426;426;18497[Hauptwache];2021-10-04T19:27:02.722+02:00
0.7972806;open;2021-10-04T19:24:00.000+02:00;645;164;0;809;809;24279[Konstabler];2021-10-04T19:27:02.722+02:00
0.55441177;open;2021-10-04T19:24:00.000+02:00;377;303;0;680;680;18495[Am Gericht];2021-10-04T19:27:02.722+02:00
0.2167043;open;2021-10-04T19:24:00.000+02:00;192;694;70;956;886;109240[MyZeil];2021-10-04T19:27:02.722+02:00
0.6025237;open;2021-10-04T19:24:00.000+02:00;382;252;0;634;634;18494[Konrad-Adenauer-Straße];2021-10-04T19:27:02.722+02:00
0.62;open;2021-10-04T19:40:00.000+02:00;124;76;150;350;200;24276[Turmcenter];2021-10-04T19:42:02.781+02:00
0.37064677;open;2021-10-04T19:40:00.000+02:00;149;253;0;402;402;18944[Alte Oper];2021-10-04T19:42:02.781+02:00
0.041208792;open;2021-10-04T19:40:00.000+02:00;15;349;0;364;364;24281[Hauptbahnhof Süd];2021-10-04T19:42:02.781+02:00
0.69014084;open;2021-10-04T19:40:00.000+02:00;294;132;0;426;426;18497[Hauptwache];2021-10-04T19:42:02.781+02:00
0.76761436;open;2021-10-04T19:40:00.000+02:00;621;188;0;809;809;24279[Konstabler];2021-10-04T19:42:02.781+02:00
0.54558825;open;2021-10-04T19:40:00.000+02:00;371;309;0;680;680;18495[Am Gericht];2021-10-04T19:42:02.781+02:00
0.19864559;open;2021-10-04T19:40:00.000+02:00;176;710;70;956;886;109240[MyZeil];2021-10-04T19:42:02.781+02:00
0.5977918;open;2021-10-04T19:40:00.000+02:00;379;255;0;634;634;18494[Konrad-Adenauer-Straße];2021-10-04T19:42:02.781+02:00
0.635;open;2021-10-04T19:45:00.000+02:00;127;73;150;350;200;24276[Turmcenter];2021-10-04T19:47:01.745+02:00
0.36069652;open;2021-10-04T19:45:00.000+02:00;145;257;0;402;402;18944[Alte Oper];2021-10-04T19:47:01.745+02:00
0.041208792;open;2021-10-04T19:45:00.000+02:00;15;349;0;364;364;24281[Hauptbahnhof Süd];2021-10-04T19:47:01.745+02:00
0.6830986;open;2021-10-04T19:45:00.000+02:00;291;135;0;426;426;18497[Hauptwache];2021-10-04T19:47:01.745+02:00
0.76267;open;2021-10-04T19:45:00.000+02:00;617;192;0;809;809;24279[Konstabler];2021-10-04T19:47:01.745+02:00
0.54558825;open;2021-10-04T19:45:00.000+02:00;371;309;0;680;680;18495[Am Gericht];2021-10-04T19:47:01.745+02:00
0.1918736;open;2021-10-04T19:45:00.000+02:00;170;716;70;956;886;109240[MyZeil];2021-10-04T19:47:01.745+02:00
0.5899054;open;2021-10-04T19:45:00.000+02:00;374;260;0;634;634;18494[Konrad-Adenauer-Straße];2021-10-04T19:47:01.745+02:00
0.605;open;2021-10-04T19:55:00.000+02:00;121;79;150;350;200;24276[Turmcenter];2021-10-04T19:57:02.104+02:00
0.3482587;open;2021-10-04T19:55:00.000+02:00;140;262;0;402;402;18944[Alte Oper];2021-10-04T19:57:02.104+02:00
0.035714287;open;2021-10-04T19:55:00.000+02:00;13;351;0;364;364;24281[Hauptbahnhof Süd];2021-10-04T19:57:02.104+02:00
0.6737089;open;2021-10-04T19:55:00.000+02:00;287;139;0;426;426;18497[Hauptwache];2021-10-04T19:57:02.104+02:00
0.75154513;open;2021-10-04T19:55:00.000+02:00;608;201;0;809;809;24279[Konstabler];2021-10-04T19:57:02.104+02:00
0.5382353;open;2021-10-04T19:55:00.000+02:00;366;314;0;680;680;18495[Am Gericht];2021-10-04T19:57:02.104+02:00
0.17945825;open;2021-10-04T19:55:00.000+02:00;159;727;70;956;886;109240[MyZeil];2021-10-04T19:57:02.104+02:00
0.5867508;open;2021-10-04T19:55:00.000+02:00;372;262;0;634;634;18494[Konrad-Adenauer-Straße];2021-10-04T19:57:02.104+02:00
0.605;open;2021-10-04T20:15:00.000+02:00;121;79;150;350;200;24276[Turmcenter];2021-10-04T20:17:02.609+02:00
0.3283582;open;2021-10-04T20:15:00.000+02:00;132;270;0;402;402;18944[Alte Oper];2021-10-04T20:17:02.609+02:00
0.027472528;open;2021-10-04T20:15:00.000+02:00;10;354;0;364;364;24281[Hauptbahnhof Süd];2021-10-04T20:17:02.609+02:00
0.64788735;open;2021-10-04T20:15:00.000+02:00;276;150;0;426;426;18497[Hauptwache];2021-10-04T20:17:02.609+02:00
0.71940666;open;2021-10-04T20:15:00.000+02:00;582;227;0;809;809;24279[Konstabler];2021-10-04T20:17:02.609+02:00
0.5235294;open;2021-10-04T20:15:00.000+02:00;356;324;0;680;680;18495[Am Gericht];2021-10-04T20:17:02.609+02:00
0.16591422;open;2021-10-04T20:15:00.000+02:00;147;739;70;956;886;109240[MyZeil];2021-10-04T20:17:02.609+02:00
0.5820189;open;2021-10-04T20:15:00.000+02:00;369;265;0;634;634;18494[Konrad-Adenauer-Straße];2021-10-04T20:17:02.609+02:00
0.61;open;2021-10-04T20:35:00.000+02:00;122;78;150;350;200;24276[Turmcenter];2021-10-04T20:37:02.335+02:00
0.3084577;open;2021-10-04T20:35:00.000+02:00;124;278;0;402;402;18944[Alte Oper];2021-10-04T20:37:02.335+02:00
0.032967035;open;2021-10-04T20:35:00.000+02:00;12;352;0;364;364;24281[Hauptbahnhof Süd];2021-10-04T20:37:02.335+02:00
0.6173709;open;2021-10-04T20:35:00.000+02:00;263;163;0;426;426;18497[Hauptwache];2021-10-04T20:37:02.335+02:00
0.6946848;open;2021-10-04T20:35:00.000+02:00;562;247;0;809;809;24279[Konstabler];2021-10-04T20:37:02.335+02:00
0.50735295;open;2021-10-04T20:35:00.000+02:00;345;335;0;680;680;18495[Am Gericht];2021-10-04T20:37:02.335+02:00
0.15349887;open;2021-10-04T20:35:00.000+02:00;136;750;70;956;886;109240[MyZeil];2021-10-04T20:37:02.335+02:00
0.5709779;open;2021-10-04T20:35:00.000+02:00;362;272;0;634;634;18494[Konrad-Adenauer-Straße];2021-10-04T20:37:02.335+02:00
0.62;open;2021-10-04T20:45:00.000+02:00;124;76;150;350;200;24276[Turmcenter];2021-10-04T20:47:02.659+02:00
0.30099502;open;2021-10-04T20:45:00.000+02:00;121;281;0;402;402;18944[Alte Oper];2021-10-04T20:47:02.659+02:00
0.03021978;open;2021-10-04T20:45:00.000+02:00;11;353;0;364;364;24281[Hauptbahnhof Süd];2021-10-04T20:47:02.659+02:00
0.59859157;open;2021-10-04T20:45:00.000+02:00;255;171;0;426;426;18497[Hauptwache];2021-10-04T20:47:02.659+02:00
0.6860321;open;2021-10-04T20:45:00.000+02:00;555;254;0;809;809;24279[Konstabler];2021-10-04T20:47:02.659+02:00
0.4970588;open;2021-10-04T20:45:00.000+02:00;338;342;0;680;680;18495[Am Gericht];2021-10-04T20:47:02.659+02:00
0.14672686;open;2021-10-04T20:45:00.000+02:00;130;756;70;956;886;109240[MyZeil];2021-10-04T20:47:02.659+02:00
0.5583596;open;2021-10-04T20:45:00.000+02:00;354;280;0;634;634;18494[Konrad-Adenauer-Straße];2021-10-04T20:47:02.659+02:00
0.62;open;2021-10-04T20:56:00.000+02:00;124;76;150;350;200;24276[Turmcenter];2021-10-04T20:57:02.721+02:00
0.29353234;open;2021-10-04T20:56:00.000+02:00;118;284;0;402;402;18944[Alte Oper];2021-10-04T20:57:02.721+02:00
0.03021978;open;2021-10-04T20:56:00.000+02:00;11;353;0;364;364;24281[Hauptbahnhof Süd];2021-10-04T20:57:02.721+02:00
0.58920187;open;2021-10-04T20:56:00.000+02:00;251;175;0;426;426;18497[Hauptwache];2021-10-04T20:57:02.721+02:00
0.6736712;open;2021-10-04T20:56:00.000+02:00;545;264;0;809;809;24279[Konstabler];2021-10-04T20:57:02.721+02:00
0.49411765;open;2021-10-04T20:56:00.000+02:00;336;344;0;680;680;18495[Am Gericht];2021-10-04T20:57:02.721+02:00
0.14672686;open;2021-10-04T20:56:00.000+02:00;130;756;70;956;886;109240[MyZeil];2021-10-04T20:57:02.721+02:00
0.53470033;open;2021-10-04T20:56:00.000+02:00;339;295;0;634;634;18494[Konrad-Adenauer-Straße];2021-10-04T20:57:02.721+02:00
0.61;open;2021-10-04T21:11:00.000+02:00;122;78;150;350;200;24276[Turmcenter];2021-10-04T21:12:02.104+02:00
0.27860695;open;2021-10-04T21:11:00.000+02:00;112;290;0;402;402;18944[Alte Oper];2021-10-04T21:12:02.104+02:00
0.027472528;open;2021-10-04T21:11:00.000+02:00;10;354;0;364;364;24281[Hauptbahnhof Süd];2021-10-04T21:12:02.104+02:00
0.57511735;open;2021-10-04T21:11:00.000+02:00;245;181;0;426;426;18497[Hauptwache];2021-10-04T21:12:02.104+02:00
0.6637824;open;2021-10-04T21:11:00.000+02:00;537;272;0;809;809;24279[Konstabler];2021-10-04T21:12:02.104+02:00
0.4897059;open;2021-10-04T21:11:00.000+02:00;333;347;0;680;680;18495[Am Gericht];2021-10-04T21:12:02.104+02:00
0.13882619;open;2021-10-04T21:11:00.000+02:00;123;763;70;956;886;109240[MyZeil];2021-10-04T21:12:02.104+02:00
0.5205047;open;2021-10-04T21:11:00.000+02:00;330;304;0;634;634;18494[Konrad-Adenauer-Straße];2021-10-04T21:12:02.104+02:00
0.58;open;2021-10-04T21:21:00.000+02:00;116;84;150;350;200;24276[Turmcenter];2021-10-04T21:22:01.745+02:00
0.26616916;open;2021-10-04T21:21:00.000+02:00;107;295;0;402;402;18944[Alte Oper];2021-10-04T21:22:01.745+02:00
0.027472528;open;2021-10-04T21:21:00.000+02:00;10;354;0;364;364;24281[Hauptbahnhof Süd];2021-10-04T21:22:01.745+02:00
0.57042253;open;2021-10-04T21:21:00.000+02:00;243;183;0;426;426;18497[Hauptwache];2021-10-04T21:22:01.745+02:00
0.6637824;open;2021-10-04T21:21:00.000+02:00;537;272;0;809;809;24279[Konstabler];2021-10-04T21:22:01.745+02:00
0.48235294;open;2021-10-04T21:21:00.000+02:00;328;352;0;680;680;18495[Am Gericht];2021-10-04T21:22:01.745+02:00
0.13431151;open;2021-10-04T21:21:00.000+02:00;119;767;70;956;886;109240[MyZeil];2021-10-04T21:22:01.745+02:00
0.51419556;open;2021-10-04T21:21:00.000+02:00;326;308;0;634;634;18494[Konrad-Adenauer-Straße];2021-10-04T21:22:01.745+02:00
0.575;open;2021-10-04T21:26:00.000+02:00;115;85;150;350;200;24276[Turmcenter];2021-10-04T21:27:01.766+02:00
0.25870648;open;2021-10-04T21:26:00.000+02:00;104;298;0;402;402;18944[Alte Oper];2021-10-04T21:27:01.766+02:00
0.027472528;open;2021-10-04T21:26:00.000+02:00;10;354;0;364;364;24281[Hauptbahnhof Süd];2021-10-04T21:27:01.766+02:00
0.5680751;open;2021-10-04T21:26:00.000+02:00;242;184;0;426;426;18497[Hauptwache];2021-10-04T21:27:01.766+02:00
0.66254634;open;2021-10-04T21:26:00.000+02:00;536;273;0;809;809;24279[Konstabler];2021-10-04T21:27:01.766+02:00
0.47941175;open;2021-10-04T21:26:00.000+02:00;326;354;0;680;680;18495[Am Gericht];2021-10-04T21:27:01.766+02:00
0.13318284;open;2021-10-04T21:26:00.000+02:00;118;768;70;956;886;109240[MyZeil];2021-10-04T21:27:01.766+02:00
0.511041;open;2021-10-04T21:26:00.000+02:00;324;310;0;634;634;18494[Konrad-Adenauer-Straße];2021-10-04T21:27:01.766+02:00
0.58;open;2021-10-04T21:36:00.000+02:00;116;84;150;350;200;24276[Turmcenter];2021-10-04T21:37:01.871+02:00
0.25124377;open;2021-10-04T21:36:00.000+02:00;101;301;0;402;402;18944[Alte Oper];2021-10-04T21:37:01.871+02:00
0.024725275;open;2021-10-04T21:36:00.000+02:00;9;355;0;364;364;24281[Hauptbahnhof Süd];2021-10-04T21:37:01.871+02:00
0.5633803;open;2021-10-04T21:36:00.000+02:00;240;186;0;426;426;18497[Hauptwache];2021-10-04T21:37:01.871+02:00
0.66131026;open;2021-10-04T21:36:00.000+02:00;535;274;0;809;809;24279[Konstabler];2021-10-04T21:37:01.871+02:00
0.4735294;open;2021-10-04T21:36:00.000+02:00;322;358;0;680;680;18495[Am Gericht];2021-10-04T21:37:01.871+02:00
0.13205418;open;2021-10-04T21:36:00.000+02:00;117;769;70;956;886;109240[MyZeil];2021-10-04T21:37:01.871+02:00
0.5;open;2021-10-04T21:36:00.000+02:00;317;317;0;634;634;18494[Konrad-Adenauer-Straße];2021-10-04T21:37:01.871+02:00
0.56;open;2021-10-04T21:51:00.000+02:00;112;88;150;350;200;24276[Turmcenter];2021-10-04T21:57:02.482+02:00
0.23383084;open;2021-10-04T21:51:00.000+02:00;94;308;0;402;402;18944[Alte Oper];2021-10-04T21:57:02.482+02:00
0.01923077;open;2021-10-04T21:51:00.000+02:00;7;357;0;364;364;24281[Hauptbahnhof Süd];2021-10-04T21:57:02.482+02:00
0.5492958;open;2021-10-04T21:51:00.000+02:00;234;192;0;426;426;18497[Hauptwache];2021-10-04T21:57:02.482+02:00
0.6489493;open;2021-10-04T21:51:00.000+02:00;525;284;0;809;809;24279[Konstabler];2021-10-04T21:57:02.482+02:00
0.46764705;open;2021-10-04T21:51:00.000+02:00;318;362;0;680;680;18495[Am Gericht];2021-10-04T21:57:02.482+02:00
0.12641084;open;2021-10-04T21:51:00.000+02:00;112;774;70;956;886;109240[MyZeil];2021-10-04T21:57:02.482+02:00
0.4873817;open;2021-10-04T21:51:00.000+02:00;309;325;0;634;634;18494[Konrad-Adenauer-Straße];2021-10-04T21:57:02.482+02:00
0.54;open;2021-10-04T22:02:00.000+02:00;108;92;150;350;200;24276[Turmcenter];2021-10-04T22:07:02.371+02:00
0.21890548;open;2021-10-04T22:02:00.000+02:00;88;314;0;402;402;18944[Alte Oper];2021-10-04T22:07:02.371+02:00
0.016483517;open;2021-10-04T22:02:00.000+02:00;6;358;0;364;364;24281[Hauptbahnhof Süd];2021-10-04T22:07:02.371+02:00
0.5422535;open;2021-10-04T22:02:00.000+02:00;231;195;0;426;426;18497[Hauptwache];2021-10-04T22:07:02.371+02:00
0.645241;open;2021-10-04T22:02:00.000+02:00;522;287;0;809;809;24279[Konstabler];2021-10-04T22:07:02.371+02:00
0.46911764;open;2021-10-04T22:02:00.000+02:00;319;361;0;680;680;18495[Am Gericht];2021-10-04T22:07:02.371+02:00
0.12302483;open;2021-10-04T22:02:00.000+02:00;109;777;70;956;886;109240[MyZeil];2021-10-04T22:07:02.371+02:00
0.48264983;open;2021-10-04T22:02:00.000+02:00;306;328;0;634;634;18494[Konrad-Adenauer-Straße];2021-10-04T22:07:02.371+02:00
0.48;open;2021-10-04T22:23:00.000+02:00;96;104;150;350;200;24276[Turmcenter];2021-10-04T22:27:01.133+02:00
0.19651741;open;2021-10-04T22:23:00.000+02:00;79;323;0;402;402;18944[Alte Oper];2021-10-04T22:27:01.133+02:00
0.01923077;open;2021-10-04T22:23:00.000+02:00;7;357;0;364;364;24281[Hauptbahnhof Süd];2021-10-04T22:27:01.133+02:00
0.52582157;open;2021-10-04T22:23:00.000+02:00;224;202;0;426;426;18497[Hauptwache];2021-10-04T22:27:01.133+02:00
0.631644;open;2021-10-04T22:23:00.000+02:00;511;298;0;809;809;24279[Konstabler];2021-10-04T22:27:01.133+02:00
0.46617648;open;2021-10-04T22:23:00.000+02:00;317;363;0;680;680;18495[Am Gericht];2021-10-04T22:27:01.133+02:00
0.1207675;open;2021-10-04T22:23:00.000+02:00;107;779;70;956;886;109240[MyZeil];2021-10-04T22:27:01.133+02:00
0.47949526;open;2021-10-04T22:23:00.000+02:00;304;330;0;634;634;18494[Konrad-Adenauer-Straße];2021-10-04T22:27:01.133+02:00
0.465;open;2021-10-04T22:33:00.000+02:00;93;107;150;350;200;24276[Turmcenter];2021-10-04T22:37:02.945+02:00
0.18905473;open;2021-10-04T22:33:00.000+02:00;76;326;0;402;402;18944[Alte Oper];2021-10-04T22:37:02.945+02:00
0.016483517;open;2021-10-04T22:33:00.000+02:00;6;358;0;364;364;24281[Hauptbahnhof Süd];2021-10-04T22:37:02.945+02:00
0.52112675;open;2021-10-04T22:33:00.000+02:00;222;204;0;426;426;18497[Hauptwache];2021-10-04T22:37:02.945+02:00
0.62422746;open;2021-10-04T22:33:00.000+02:00;505;304;0;809;809;24279[Konstabler];2021-10-04T22:37:02.945+02:00
0.4617647;open;2021-10-04T22:33:00.000+02:00;314;366;0;680;680;18495[Am Gericht];2021-10-04T22:37:02.945+02:00
0.1207675;open;2021-10-04T22:33:00.000+02:00;107;779;70;956;886;109240[MyZeil];2021-10-04T22:37:02.945+02:00
0.47791797;open;2021-10-04T22:33:00.000+02:00;303;331;0;634;634;18494[Konrad-Adenauer-Straße];2021-10-04T22:37:02.945+02:00
0.35;open;2021-10-04T22:49:00.000+02:00;70;130;150;350;200;24276[Turmcenter];2021-10-04T22:52:02.413+02:00
0.17910448;open;2021-10-04T22:49:00.000+02:00;72;330;0;402;402;18944[Alte Oper];2021-10-04T22:52:02.413+02:00
0.016483517;open;2021-10-04T22:49:00.000+02:00;6;358;0;364;364;24281[Hauptbahnhof Süd];2021-10-04T22:52:02.413+02:00
0.5093897;open;2021-10-04T22:49:00.000+02:00;217;209;0;426;426;18497[Hauptwache];2021-10-04T22:52:02.413+02:00
0.6155748;open;2021-10-04T22:49:00.000+02:00;498;311;0;809;809;24279[Konstabler];2021-10-04T22:52:02.413+02:00
0.46029413;open;2021-10-04T22:49:00.000+02:00;313;367;0;680;680;18495[Am Gericht];2021-10-04T22:52:02.413+02:00
0.11851016;open;2021-10-04T22:49:00.000+02:00;105;781;70;956;886;109240[MyZeil];2021-10-04T22:52:02.413+02:00
0.4652997;open;2021-10-04T22:49:00.000+02:00;295;339;0;634;634;18494[Konrad-Adenauer-Straße];2021-10-04T22:52:02.413+02:00
0.34;open;2021-10-04T22:54:00.000+02:00;68;132;150;350;200;24276[Turmcenter];2021-10-04T22:57:00.404+02:00
0.17661692;open;2021-10-04T22:54:00.000+02:00;71;331;0;402;402;18944[Alte Oper];2021-10-04T22:57:00.404+02:00
0.016483517;open;2021-10-04T22:54:00.000+02:00;6;358;0;364;364;24281[Hauptbahnhof Süd];2021-10-04T22:57:00.404+02:00
0.5070422;open;2021-10-04T22:54:00.000+02:00;216;210;0;426;426;18497[Hauptwache];2021-10-04T22:57:00.404+02:00
0.6143387;open;2021-10-04T22:54:00.000+02:00;497;312;0;809;809;24279[Konstabler];2021-10-04T22:57:00.404+02:00
0.45882353;open;2021-10-04T22:54:00.000+02:00;312;368;0;680;680;18495[Am Gericht];2021-10-04T22:57:00.404+02:00
0.11738149;open;2021-10-04T22:54:00.000+02:00;104;782;70;956;886;109240[MyZeil];2021-10-04T22:57:00.404+02:00
0.4637224;open;2021-10-04T22:54:00.000+02:00;294;340;0;634;634;18494[Konrad-Adenauer-Straße];2021-10-04T22:57:00.404+02:00
0.34;open;2021-10-04T23:04:00.000+02:00;68;132;150;350;200;24276[Turmcenter];2021-10-04T23:07:01.264+02:00
0.1716418;open;2021-10-04T23:04:00.000+02:00;69;333;0;402;402;18944[Alte Oper];2021-10-04T23:07:01.264+02:00
0.016483517;open;2021-10-04T23:04:00.000+02:00;6;358;0;364;364;24281[Hauptbahnhof Süd];2021-10-04T23:07:01.264+02:00
0.5070422;open;2021-10-04T23:04:00.000+02:00;216;210;0;426;426;18497[Hauptwache];2021-10-04T23:07:01.264+02:00
0.6093943;open;2021-10-04T23:04:00.000+02:00;493;316;0;809;809;24279[Konstabler];2021-10-04T23:07:01.264+02:00
0.45735294;open;2021-10-04T23:04:00.000+02:00;311;369;0;680;680;18495[Am Gericht];2021-10-04T23:07:01.264+02:00
0.11738149;open;2021-10-04T23:04:00.000+02:00;104;782;70;956;886;109240[MyZeil];2021-10-04T23:07:01.264+02:00
0.45741326;open;2021-10-04T23:04:00.000+02:00;290;344;0;634;634;18494[Konrad-Adenauer-Straße];2021-10-04T23:07:01.264+02:00
0.295;open;2021-10-04T23:20:00.000+02:00;59;141;150;350;200;24276[Turmcenter];2021-10-04T23:22:01.493+02:00
0.15422885;open;2021-10-04T23:20:00.000+02:00;62;340;0;402;402;18944[Alte Oper];2021-10-04T23:22:01.493+02:00
0.016483517;open;2021-10-04T23:20:00.000+02:00;6;358;0;364;364;24281[Hauptbahnhof Süd];2021-10-04T23:22:01.493+02:00
0.5070422;open;2021-10-04T23:20:00.000+02:00;216;210;0;426;426;18497[Hauptwache];2021-10-04T23:22:01.493+02:00
0.6007417;open;2021-10-04T23:20:00.000+02:00;486;323;0;809;809;24279[Konstabler];2021-10-04T23:22:01.493+02:00
0.45294118;open;2021-10-04T23:20:00.000+02:00;308;372;0;680;680;18495[Am Gericht];2021-10-04T23:22:01.493+02:00
0.116252825;open;2021-10-04T23:20:00.000+02:00;103;783;70;956;886;109240[MyZeil];2021-10-04T23:22:01.493+02:00
0.4526814;open;2021-10-04T23:20:00.000+02:00;287;347;0;634;634;18494[Konrad-Adenauer-Straße];2021-10-04T23:22:01.493+02:00
0.265;open;2021-10-04T23:30:00.000+02:00;53;147;150;350;200;24276[Turmcenter];2021-10-04T23:32:00.315+02:00
0.14925373;open;2021-10-04T23:30:00.000+02:00;60;342;0;402;402;18944[Alte Oper];2021-10-04T23:32:00.315+02:00
0.01923077;open;2021-10-04T23:30:00.000+02:00;7;357;0;364;364;24281[Hauptbahnhof Süd];2021-10-04T23:32:00.315+02:00
0.5;open;2021-10-04T23:30:00.000+02:00;213;213;0;426;426;18497[Hauptwache];2021-10-04T23:32:00.315+02:00
0.59456116;open;2021-10-04T23:30:00.000+02:00;481;328;0;809;809;24279[Konstabler];2021-10-04T23:32:00.315+02:00
0.45294118;open;2021-10-04T23:30:00.000+02:00;308;372;0;680;680;18495[Am Gericht];2021-10-04T23:32:00.315+02:00
0.101580136;open;2021-10-04T23:30:00.000+02:00;90;796;70;956;886;109240[MyZeil];2021-10-04T23:32:00.315+02:00
0.4511041;open;2021-10-04T23:30:00.000+02:00;286;348;0;634;634;18494[Konrad-Adenauer-Straße];2021-10-04T23:32:00.315+02:00
0.265;open;2021-10-04T23:40:00.000+02:00;53;147;150;350;200;24276[Turmcenter];2021-10-04T23:42:02.518+02:00
0.14676617;open;2021-10-04T23:40:00.000+02:00;59;343;0;402;402;18944[Alte Oper];2021-10-04T23:42:02.518+02:00
0.016483517;open;2021-10-04T23:40:00.000+02:00;6;358;0;364;364;24281[Hauptbahnhof Süd];2021-10-04T23:42:02.518+02:00
0.49530515;open;2021-10-04T23:40:00.000+02:00;211;215;0;426;426;18497[Hauptwache];2021-10-04T23:42:02.518+02:00
0.5933251;open;2021-10-04T23:40:00.000+02:00;480;329;0;809;809;24279[Konstabler];2021-10-04T23:42:02.518+02:00
0.45294118;open;2021-10-04T23:40:00.000+02:00;308;372;0;680;680;18495[Am Gericht];2021-10-04T23:42:02.518+02:00
0.10045147;open;2021-10-04T23:40:00.000+02:00;89;797;70;956;886;109240[MyZeil];2021-10-04T23:42:02.518+02:00
0.44794953;open;2021-10-04T23:40:00.000+02:00;284;350;0;634;634;18494[Konrad-Adenauer-Straße];2021-10-04T23:42:02.518+02:00
0.26;open;2021-10-04T23:45:00.000+02:00;52;148;150;350;200;24276[Turmcenter];2021-10-04T23:47:00.069+02:00
0.14676617;open;2021-10-04T23:45:00.000+02:00;59;343;0;402;402;18944[Alte Oper];2021-10-04T23:47:00.069+02:00
0.016483517;open;2021-10-04T23:45:00.000+02:00;6;358;0;364;364;24281[Hauptbahnhof Süd];2021-10-04T23:47:00.069+02:00
0.49530515;open;2021-10-04T23:45:00.000+02:00;211;215;0;426;426;18497[Hauptwache];2021-10-04T23:47:00.069+02:00
0.59456116;open;2021-10-04T23:45:00.000+02:00;481;328;0;809;809;24279[Konstabler];2021-10-04T23:47:00.069+02:00
0.45294118;open;2021-10-04T23:45:00.000+02:00;308;372;0;680;680;18495[Am Gericht];2021-10-04T23:47:00.069+02:00
0.10045147;open;2021-10-04T23:45:00.000+02:00;89;797;70;956;886;109240[MyZeil];2021-10-04T23:47:00.069+02:00
0.44794953;open;2021-10-04T23:45:00.000+02:00;284;350;0;634;634;18494[Konrad-Adenauer-Straße];2021-10-04T23:47:00.069+02:00
0.205;open;2021-10-04T23:55:00.000+02:00;41;159;150;350;200;24276[Turmcenter];2021-10-04T23:57:02.937+02:00
0.13681592;open;2021-10-04T23:55:00.000+02:00;55;347;0;402;402;18944[Alte Oper];2021-10-04T23:57:02.937+02:00
0.016483517;open;2021-10-04T23:55:00.000+02:00;6;358;0;364;364;24281[Hauptbahnhof Süd];2021-10-04T23:57:02.937+02:00
0.49530515;open;2021-10-04T23:55:00.000+02:00;211;215;0;426;426;18497[Hauptwache];2021-10-04T23:57:02.937+02:00
0.5908529;open;2021-10-04T23:55:00.000+02:00;478;331;0;809;809;24279[Konstabler];2021-10-04T23:57:02.937+02:00
0.45441177;open;2021-10-04T23:55:00.000+02:00;309;371;0;680;680;18495[Am Gericht];2021-10-04T23:57:02.937+02:00
0.099322796;open;2021-10-04T23:55:00.000+02:00;88;798;70;956;886;109240[MyZeil];2021-10-04T23:57:02.937+02:00
0.44637224;open;2021-10-04T23:55:00.000+02:00;283;351;0;634;634;18494[Konrad-Adenauer-Straße];2021-10-04T23:57:02.937+02:00
0.175;open;2021-10-05T00:15:00.000+02:00;35;165;150;350;200;24276[Turmcenter];2021-10-05T00:17:02.192+02:00
0.12437811;open;2021-10-05T00:15:00.000+02:00;50;352;0;402;402;18944[Alte Oper];2021-10-05T00:17:02.192+02:00
0.013736264;open;2021-10-05T00:15:00.000+02:00;5;359;0;364;364;24281[Hauptbahnhof Süd];2021-10-05T00:17:02.192+02:00
0.48826292;open;2021-10-05T00:15:00.000+02:00;208;218;0;426;426;18497[Hauptwache];2021-10-05T00:17:02.192+02:00
0.58590853;open;2021-10-05T00:15:00.000+02:00;474;335;0;809;809;24279[Konstabler];2021-10-05T00:17:02.192+02:00
0.0;closed;2021-10-05T00:15:00.000+02:00;;371;0;0;0;18495[Am Gericht];2021-10-05T00:17:02.192+02:00
0.08352145;open;2021-10-05T00:15:00.000+02:00;74;812;70;956;886;109240[MyZeil];2021-10-05T00:17:02.192+02:00
0.44637224;open;2021-10-05T00:15:00.000+02:00;283;351;0;634;634;18494[Konrad-Adenauer-Straße];2021-10-05T00:17:02.192+02:00
0.14;open;2021-10-05T00:30:00.000+02:00;28;172;150;350;200;24276[Turmcenter];2021-10-05T00:32:01.918+02:00
0.11691542;open;2021-10-05T00:30:00.000+02:00;47;355;0;402;402;18944[Alte Oper];2021-10-05T00:32:01.918+02:00
0.013736264;open;2021-10-05T00:30:00.000+02:00;5;359;0;364;364;24281[Hauptbahnhof Süd];2021-10-05T00:32:01.918+02:00
0.48826292;open;2021-10-05T00:30:00.000+02:00;208;218;0;426;426;18497[Hauptwache];2021-10-05T00:32:01.918+02:00
0.58590853;open;2021-10-05T00:30:00.000+02:00;474;335;0;809;809;24279[Konstabler];2021-10-05T00:32:01.918+02:00
0.0;closed;2021-10-05T00:30:00.000+02:00;;371;0;0;0;18495[Am Gericht];2021-10-05T00:32:01.918+02:00
0.082392775;open;2021-10-05T00:30:00.000+02:00;73;813;70;956;886;109240[MyZeil];2021-10-05T00:32:01.918+02:00
0.44479495;open;2021-10-05T00:30:00.000+02:00;282;352;0;634;634;18494[Konrad-Adenauer-Straße];2021-10-05T00:32:01.918+02:00
0.135;open;2021-10-05T00:40:00.000+02:00;27;173;150;350;200;24276[Turmcenter];2021-10-05T00:42:02.504+02:00
0.11691542;open;2021-10-05T00:40:00.000+02:00;47;355;0;402;402;18944[Alte Oper];2021-10-05T00:42:02.504+02:00
0.013736264;open;2021-10-05T00:40:00.000+02:00;5;359;0;364;364;24281[Hauptbahnhof Süd];2021-10-05T00:42:02.504+02:00
0.48591548;open;2021-10-05T00:40:00.000+02:00;207;219;0;426;426;18497[Hauptwache];2021-10-05T00:42:02.504+02:00
0.58467245;open;2021-10-05T00:40:00.000+02:00;473;336;0;809;809;24279[Konstabler];2021-10-05T00:42:02.504+02:00
0.0;closed;2021-10-05T00:40:00.000+02:00;;371;0;0;0;18495[Am Gericht];2021-10-05T00:42:02.504+02:00
0.082392775;open;2021-10-05T00:40:00.000+02:00;73;813;70;956;886;109240[MyZeil];2021-10-05T00:42:02.504+02:00
0.44479495;open;2021-10-05T00:40:00.000+02:00;282;352;0;634;634;18494[Konrad-Adenauer-Straße];2021-10-05T00:42:02.504+02:00
0.13;open;2021-10-05T00:46:00.000+02:00;26;174;150;350;200;24276[Turmcenter];2021-10-05T00:47:02.399+02:00
0.11691542;open;2021-10-05T00:46:00.000+02:00;47;355;0;402;402;18944[Alte Oper];2021-10-05T00:47:02.399+02:00
0.013736264;open;2021-10-05T00:46:00.000+02:00;5;359;0;364;364;24281[Hauptbahnhof Süd];2021-10-05T00:47:02.399+02:00
0.48591548;open;2021-10-05T00:46:00.000+02:00;207;219;0;426;426;18497[Hauptwache];2021-10-05T00:47:02.399+02:00
0.58467245;open;2021-10-05T00:46:00.000+02:00;473;336;0;809;809;24279[Konstabler];2021-10-05T00:47:02.399+02:00
0.0;closed;2021-10-05T00:46:00.000+02:00;;371;0;0;0;18495[Am Gericht];2021-10-05T00:47:02.399+02:00
0.082392775;open;2021-10-05T00:46:00.000+02:00;73;813;70;956;886;109240[MyZeil];2021-10-05T00:47:02.399+02:00
0.44321766;open;2021-10-05T00:46:00.000+02:00;281;353;0;634;634;18494[Konrad-Adenauer-Straße];2021-10-05T00:47:02.399+02:00
0.13;open;2021-10-05T00:56:00.000+02:00;26;174;150;350;200;24276[Turmcenter];2021-10-05T00:57:00.056+02:00
0.11691542;open;2021-10-05T00:56:00.000+02:00;47;355;0;402;402;18944[Alte Oper];2021-10-05T00:57:00.056+02:00
0.013736264;open;2021-10-05T00:56:00.000+02:00;5;359;0;364;364;24281[Hauptbahnhof Süd];2021-10-05T00:57:00.056+02:00
0.48591548;open;2021-10-05T00:56:00.000+02:00;207;219;0;426;426;18497[Hauptwache];2021-10-05T00:57:00.056+02:00
0.58467245;open;2021-10-05T00:56:00.000+02:00;473;336;0;809;809;24279[Konstabler];2021-10-05T00:57:00.056+02:00
0.0;closed;2021-10-05T00:56:00.000+02:00;;371;0;0;0;18495[Am Gericht];2021-10-05T00:57:00.056+02:00
0.082392775;open;2021-10-05T00:56:00.000+02:00;73;813;70;956;886;109240[MyZeil];2021-10-05T00:57:00.056+02:00
0.44479495;open;2021-10-05T00:56:00.000+02:00;282;352;0;634;634;18494[Konrad-Adenauer-Straße];2021-10-05T00:57:00.056+02:00
0.13;open;2021-10-05T01:10:00.000+02:00;26;174;150;350;200;24276[Turmcenter];2021-10-05T01:12:00.341+02:00
0.11691542;open;2021-10-05T01:10:00.000+02:00;47;355;0;402;402;18944[Alte Oper];2021-10-05T01:12:00.341+02:00
0.013736264;open;2021-10-05T01:10:00.000+02:00;5;359;0;364;364;24281[Hauptbahnhof Süd];2021-10-05T01:12:00.341+02:00
0.48591548;open;2021-10-05T01:10:00.000+02:00;207;219;0;426;426;18497[Hauptwache];2021-10-05T01:12:00.341+02:00
0.58590853;open;2021-10-05T01:10:00.000+02:00;474;335;0;809;809;24279[Konstabler];2021-10-05T01:12:00.341+02:00
0.0;closed;2021-10-05T01:10:00.000+02:00;;371;0;0;0;18495[Am Gericht];2021-10-05T01:12:00.341+02:00
0.082392775;open;2021-10-05T01:10:00.000+02:00;73;813;70;956;886;109240[MyZeil];2021-10-05T01:12:00.341+02:00
0.44637224;open;2021-10-05T01:10:00.000+02:00;283;351;0;634;634;18494[Konrad-Adenauer-Straße];2021-10-05T01:12:00.341+02:00
0.13;open;2021-10-05T01:21:00.000+02:00;26;174;150;350;200;24276[Turmcenter];2021-10-05T01:22:00.266+02:00
0.11691542;open;2021-10-05T01:21:00.000+02:00;47;355;0;402;402;18944[Alte Oper];2021-10-05T01:22:00.266+02:00
0.013736264;open;2021-10-05T01:21:00.000+02:00;5;359;0;364;364;24281[Hauptbahnhof Süd];2021-10-05T01:22:00.266+02:00
0.48591548;open;2021-10-05T01:21:00.000+02:00;207;219;0;426;426;18497[Hauptwache];2021-10-05T01:22:00.266+02:00
0.58467245;open;2021-10-05T01:21:00.000+02:00;473;336;0;809;809;24279[Konstabler];2021-10-05T01:22:00.266+02:00
0.0;closed;2021-10-05T01:21:00.000+02:00;;371;0;0;0;18495[Am Gericht];2021-10-05T01:22:00.266+02:00
0.082392775;open;2021-10-05T01:21:00.000+02:00;73;813;70;956;886;109240[MyZeil];2021-10-05T01:22:00.266+02:00
0.44479495;open;2021-10-05T01:21:00.000+02:00;282;352;0;634;634;18494[Konrad-Adenauer-Straße];2021-10-05T01:22:00.266+02:00
0.13;open;2021-10-05T01:31:00.000+02:00;26;174;150;350;200;24276[Turmcenter];2021-10-05T01:32:02.535+02:00
0.11442786;open;2021-10-05T01:31:00.000+02:00;46;356;0;402;402;18944[Alte Oper];2021-10-05T01:32:02.535+02:00
0.013736264;open;2021-10-05T01:31:00.000+02:00;5;359;0;364;364;24281[Hauptbahnhof Süd];2021-10-05T01:32:02.535+02:00
0.48356807;open;2021-10-05T01:31:00.000+02:00;206;220;0;426;426;18497[Hauptwache];2021-10-05T01:32:02.535+02:00
0.58467245;open;2021-10-05T01:31:00.000+02:00;473;336;0;809;809;24279[Konstabler];2021-10-05T01:32:02.535+02:00
0.0;closed;2021-10-05T01:31:00.000+02:00;;371;0;0;0;18495[Am Gericht];2021-10-05T01:32:02.535+02:00
0.082392775;open;2021-10-05T01:31:00.000+02:00;73;813;70;956;886;109240[MyZeil];2021-10-05T01:32:02.535+02:00
0.44479495;open;2021-10-05T01:31:00.000+02:00;282;352;0;634;634;18494[Konrad-Adenauer-Straße];2021-10-05T01:32:02.535+02:00
0.13;open;2021-10-05T01:41:00.000+02:00;26;174;150;350;200;24276[Turmcenter];2021-10-05T01:42:02.542+02:00
0.11442786;open;2021-10-05T01:41:00.000+02:00;46;356;0;402;402;18944[Alte Oper];2021-10-05T01:42:02.542+02:00
0.013736264;open;2021-10-05T01:41:00.000+02:00;5;359;0;364;364;24281[Hauptbahnhof Süd];2021-10-05T01:42:02.542+02:00
0.48356807;open;2021-10-05T01:41:00.000+02:00;206;220;0;426;426;18497[Hauptwache];2021-10-05T01:42:02.542+02:00
0.58467245;open;2021-10-05T01:41:00.000+02:00;473;336;0;809;809;24279[Konstabler];2021-10-05T01:42:02.542+02:00
0.0;closed;2021-10-05T01:41:00.000+02:00;;371;0;0;0;18495[Am Gericht];2021-10-05T01:42:02.542+02:00
0.082392775;open;2021-10-05T01:41:00.000+02:00;73;813;70;956;886;109240[MyZeil];2021-10-05T01:42:02.542+02:00
0.44479495;open;2021-10-05T01:41:00.000+02:00;282;352;0;634;634;18494[Konrad-Adenauer-Straße];2021-10-05T01:42:02.542+02:00
0.13;open;2021-10-05T01:51:00.000+02:00;26;174;150;350;200;24276[Turmcenter];2021-10-05T01:52:01.450+02:00
0.11442786;open;2021-10-05T01:51:00.000+02:00;46;356;0;402;402;18944[Alte Oper];2021-10-05T01:52:01.450+02:00
0.013736264;open;2021-10-05T01:51:00.000+02:00;5;359;0;364;364;24281[Hauptbahnhof Süd];2021-10-05T01:52:01.450+02:00
0.48356807;open;2021-10-05T01:51:00.000+02:00;206;220;0;426;426;18497[Hauptwache];2021-10-05T01:52:01.450+02:00
0.58096415;open;2021-10-05T01:51:00.000+02:00;470;339;0;809;809;24279[Konstabler];2021-10-05T01:52:01.450+02:00
0.0;closed;2021-10-05T01:51:00.000+02:00;;371;0;0;0;18495[Am Gericht];2021-10-05T01:52:01.450+02:00
0.082392775;open;2021-10-05T01:51:00.000+02:00;73;813;70;956;886;109240[MyZeil];2021-10-05T01:52:01.450+02:00
0.44479495;open;2021-10-05T01:51:00.000+02:00;282;352;0;634;634;18494[Konrad-Adenauer-Straße];2021-10-05T01:52:01.450+02:00
0.13;open;2021-10-05T02:01:00.000+02:00;26;174;150;350;200;24276[Turmcenter];2021-10-05T02:02:02.384+02:00
0.11442786;open;2021-10-05T02:01:00.000+02:00;46;356;0;402;402;18944[Alte Oper];2021-10-05T02:02:02.384+02:00
0.013736264;open;2021-10-05T02:01:00.000+02:00;5;359;0;364;364;24281[Hauptbahnhof Süd];2021-10-05T02:02:02.384+02:00
0.48356807;open;2021-10-05T02:01:00.000+02:00;206;220;0;426;426;18497[Hauptwache];2021-10-05T02:02:02.384+02:00
0.57972807;open;2021-10-05T02:01:00.000+02:00;469;340;0;809;809;24279[Konstabler];2021-10-05T02:02:02.384+02:00
0.0;closed;2021-10-05T02:01:00.000+02:00;;371;0;0;0;18495[Am Gericht];2021-10-05T02:02:02.384+02:00
0.082392775;open;2021-10-05T02:01:00.000+02:00;73;813;70;956;886;109240[MyZeil];2021-10-05T02:02:02.384+02:00
0.44479495;open;2021-10-05T02:01:00.000+02:00;282;352;0;634;634;18494[Konrad-Adenauer-Straße];2021-10-05T02:02:02.384+02:00
0.13;open;2021-10-05T03:06:00.000+02:00;26;174;150;350;200;24276[Turmcenter];2021-10-05T03:07:02.922+02:00
0.11442786;open;2021-10-05T03:06:00.000+02:00;46;356;0;402;402;18944[Alte Oper];2021-10-05T03:07:02.922+02:00
0.013736264;open;2021-10-05T03:06:00.000+02:00;5;359;0;364;364;24281[Hauptbahnhof Süd];2021-10-05T03:07:02.922+02:00
0.48356807;open;2021-10-05T03:06:00.000+02:00;206;220;0;426;426;18497[Hauptwache];2021-10-05T03:07:02.922+02:00
0.578492;open;2021-10-05T03:06:00.000+02:00;468;341;0;809;809;24279[Konstabler];2021-10-05T03:07:02.922+02:00
0.0;closed;2021-10-05T03:06:00.000+02:00;;371;0;0;0;18495[Am Gericht];2021-10-05T03:07:02.922+02:00
0.08126411;open;2021-10-05T03:06:00.000+02:00;72;814;70;956;886;109240[MyZeil];2021-10-05T03:07:02.922+02:00
0.44479495;open;2021-10-05T03:06:00.000+02:00;282;352;0;634;634;18494[Konrad-Adenauer-Straße];2021-10-05T03:07:02.922+02:00
0.13;open;2021-10-05T04:06:00.000+02:00;26;174;150;350;200;24276[Turmcenter];2021-10-05T04:07:00.204+02:00
0.11442786;open;2021-10-05T04:06:00.000+02:00;46;356;0;402;402;18944[Alte Oper];2021-10-05T04:07:00.204+02:00
0.013736264;open;2021-10-05T04:06:00.000+02:00;5;359;0;364;364;24281[Hauptbahnhof Süd];2021-10-05T04:07:00.204+02:00
0.48356807;open;2021-10-05T04:06:00.000+02:00;206;220;0;426;426;18497[Hauptwache];2021-10-05T04:07:00.204+02:00
0.57725585;open;2021-10-05T04:06:00.000+02:00;467;342;0;809;809;24279[Konstabler];2021-10-05T04:07:00.204+02:00
0.0;closed;2021-10-05T04:06:00.000+02:00;;;0;0;0;18495[Am Gericht];2021-10-05T04:07:00.204+02:00
0.08126411;open;2021-10-05T04:06:00.000+02:00;72;814;70;956;886;109240[MyZeil];2021-10-05T04:07:00.204+02:00
0.4511041;open;2021-10-05T04:06:00.000+02:00;286;348;0;634;634;18494[Konrad-Adenauer-Straße];2021-10-05T04:07:00.204+02:00
0.13;open;2021-10-05T04:26:00.000+02:00;26;174;150;350;200;24276[Turmcenter];2021-10-05T04:32:01.395+02:00
0.11442786;open;2021-10-05T04:26:00.000+02:00;46;356;0;402;402;18944[Alte Oper];2021-10-05T04:32:01.395+02:00
0.013736264;open;2021-10-05T04:26:00.000+02:00;5;359;0;364;364;24281[Hauptbahnhof Süd];2021-10-05T04:32:01.395+02:00
0.48356807;open;2021-10-05T04:26:00.000+02:00;206;220;0;426;426;18497[Hauptwache];2021-10-05T04:32:01.395+02:00
0.57725585;open;2021-10-05T04:26:00.000+02:00;467;342;0;809;809;24279[Konstabler];2021-10-05T04:32:01.395+02:00
0.0;closed;2021-10-05T04:26:00.000+02:00;;;0;0;0;18495[Am Gericht];2021-10-05T04:32:01.395+02:00
0.08126411;open;2021-10-05T04:26:00.000+02:00;72;814;70;956;886;109240[MyZeil];2021-10-05T04:32:01.395+02:00
0.4511041;open;2021-10-05T04:26:00.000+02:00;286;348;0;634;634;18494[Konrad-Adenauer-Straße];2021-10-05T04:32:01.395+02:00
0.13;open;2021-10-05T04:42:00.000+02:00;26;174;150;350;200;24276[Turmcenter];2021-10-05T04:47:01.490+02:00
0.11442786;open;2021-10-05T04:42:00.000+02:00;46;356;0;402;402;18944[Alte Oper];2021-10-05T04:47:01.490+02:00
0.016483517;open;2021-10-05T04:42:00.000+02:00;6;358;0;364;364;24281[Hauptbahnhof Süd];2021-10-05T04:47:01.490+02:00
0.48356807;open;2021-10-05T04:42:00.000+02:00;206;220;0;426;426;18497[Hauptwache];2021-10-05T04:47:01.490+02:00
0.57725585;open;2021-10-05T04:42:00.000+02:00;467;342;0;809;809;24279[Konstabler];2021-10-05T04:47:01.490+02:00
0.0;closed;2021-10-05T04:42:00.000+02:00;;;0;0;0;18495[Am Gericht];2021-10-05T04:47:01.490+02:00
0.08126411;open;2021-10-05T04:42:00.000+02:00;72;814;70;956;886;109240[MyZeil];2021-10-05T04:47:01.490+02:00
0.45583597;open;2021-10-05T04:42:00.000+02:00;289;345;0;634;634;18494[Konrad-Adenauer-Straße];2021-10-05T04:47:01.490+02:00
0.13;open;2021-10-05T04:52:00.000+02:00;26;174;150;350;200;24276[Turmcenter];2021-10-05T04:57:00.395+02:00
0.11442786;open;2021-10-05T04:52:00.000+02:00;46;356;0;402;402;18944[Alte Oper];2021-10-05T04:57:00.395+02:00
0.016483517;open;2021-10-05T04:52:00.000+02:00;6;358;0;364;364;24281[Hauptbahnhof Süd];2021-10-05T04:57:00.395+02:00
0.48356807;open;2021-10-05T04:52:00.000+02:00;206;220;0;426;426;18497[Hauptwache];2021-10-05T04:57:00.395+02:00
0.57725585;open;2021-10-05T04:52:00.000+02:00;467;342;0;809;809;24279[Konstabler];2021-10-05T04:57:00.395+02:00
0.0;closed;2021-10-05T04:52:00.000+02:00;;;0;0;0;18495[Am Gericht];2021-10-05T04:57:00.395+02:00
0.08126411;open;2021-10-05T04:52:00.000+02:00;72;814;70;956;886;109240[MyZeil];2021-10-05T04:57:00.395+02:00
0.45583597;open;2021-10-05T04:52:00.000+02:00;289;345;0;634;634;18494[Konrad-Adenauer-Straße];2021-10-05T04:57:00.395+02:00
0.13;open;2021-10-05T05:07:00.000+02:00;26;174;150;350;200;24276[Turmcenter];2021-10-05T05:12:02.145+02:00
0.11442786;open;2021-10-05T05:07:00.000+02:00;46;356;0;402;402;18944[Alte Oper];2021-10-05T05:12:02.145+02:00
0.016483517;open;2021-10-05T05:07:00.000+02:00;6;358;0;364;364;24281[Hauptbahnhof Süd];2021-10-05T05:12:02.145+02:00
0.48122066;open;2021-10-05T05:07:00.000+02:00;205;221;0;426;426;18497[Hauptwache];2021-10-05T05:12:02.145+02:00
0.578492;open;2021-10-05T05:07:00.000+02:00;468;341;0;809;809;24279[Konstabler];2021-10-05T05:12:02.145+02:00
0.0;closed;2021-10-05T05:07:00.000+02:00;;;0;0;0;18495[Am Gericht];2021-10-05T05:12:02.145+02:00
0.08126411;open;2021-10-05T05:07:00.000+02:00;72;814;70;956;886;109240[MyZeil];2021-10-05T05:12:02.145+02:00
0.45583597;open;2021-10-05T05:07:00.000+02:00;289;345;0;634;634;18494[Konrad-Adenauer-Straße];2021-10-05T05:12:02.145+02:00
0.13;open;2021-10-05T05:22:00.000+02:00;26;174;150;350;200;24276[Turmcenter];2021-10-05T05:27:01.908+02:00
0.11442786;open;2021-10-05T05:22:00.000+02:00;46;356;0;402;402;18944[Alte Oper];2021-10-05T05:27:01.908+02:00
0.016483517;open;2021-10-05T05:22:00.000+02:00;6;358;0;364;364;24281[Hauptbahnhof Süd];2021-10-05T05:27:01.908+02:00
0.48122066;open;2021-10-05T05:22:00.000+02:00;205;221;0;426;426;18497[Hauptwache];2021-10-05T05:27:01.908+02:00
0.578492;open;2021-10-05T05:22:00.000+02:00;468;341;0;809;809;24279[Konstabler];2021-10-05T05:27:01.908+02:00
0.0;closed;2021-10-05T05:22:00.000+02:00;;;0;0;0;18495[Am Gericht];2021-10-05T05:27:01.908+02:00
0.08126411;open;2021-10-05T05:22:00.000+02:00;72;814;70;956;886;109240[MyZeil];2021-10-05T05:27:01.908+02:00
0.45425868;open;2021-10-05T05:22:00.000+02:00;288;346;0;634;634;18494[Konrad-Adenauer-Straße];2021-10-05T05:27:01.908+02:00
0.13;open;2021-10-05T05:37:00.000+02:00;26;174;150;350;200;24276[Turmcenter];2021-10-05T05:42:01.274+02:00
0.11442786;open;2021-10-05T05:37:00.000+02:00;46;356;0;402;402;18944[Alte Oper];2021-10-05T05:42:01.274+02:00
0.021978023;open;2021-10-05T05:37:00.000+02:00;8;356;0;364;364;24281[Hauptbahnhof Süd];2021-10-05T05:42:01.274+02:00
0.48122066;open;2021-10-05T05:37:00.000+02:00;205;221;0;426;426;18497[Hauptwache];2021-10-05T05:42:01.274+02:00
0.57725585;open;2021-10-05T05:37:00.000+02:00;467;342;0;809;809;24279[Konstabler];2021-10-05T05:42:01.274+02:00
0.0;closed;2021-10-05T05:37:00.000+02:00;;;0;0;0;18495[Am Gericht];2021-10-05T05:42:01.274+02:00
0.08126411;open;2021-10-05T05:37:00.000+02:00;72;814;70;956;886;109240[MyZeil];2021-10-05T05:42:01.274+02:00
0.45741326;open;2021-10-05T05:37:00.000+02:00;290;344;0;634;634;18494[Konrad-Adenauer-Straße];2021-10-05T05:42:01.274+02:00
0.17;open;2021-10-05T05:42:00.000+02:00;34;166;150;350;200;24276[Turmcenter];2021-10-05T05:47:02.880+02:00
0.11442786;open;2021-10-05T05:42:00.000+02:00;46;356;0;402;402;18944[Alte Oper];2021-10-05T05:47:02.880+02:00
0.021978023;open;2021-10-05T05:42:00.000+02:00;8;356;0;364;364;24281[Hauptbahnhof Süd];2021-10-05T05:47:02.880+02:00
0.48122066;open;2021-10-05T05:42:00.000+02:00;205;221;0;426;426;18497[Hauptwache];2021-10-05T05:47:02.880+02:00
0.5747837;open;2021-10-05T05:42:00.000+02:00;465;344;0;809;809;24279[Konstabler];2021-10-05T05:47:02.880+02:00
0.0;closed;2021-10-05T05:42:00.000+02:00;;;0;0;0;18495[Am Gericht];2021-10-05T05:47:02.880+02:00
0.08126411;open;2021-10-05T05:42:00.000+02:00;72;814;70;956;886;109240[MyZeil];2021-10-05T05:47:02.880+02:00
0.45899054;open;2021-10-05T05:42:00.000+02:00;291;343;0;634;634;18494[Konrad-Adenauer-Straße];2021-10-05T05:47:02.880+02:00
0.17;open;2021-10-05T05:52:00.000+02:00;34;166;150;350;200;24276[Turmcenter];2021-10-05T05:57:00.508+02:00
0.11691542;open;2021-10-05T05:52:00.000+02:00;47;355;0;402;402;18944[Alte Oper];2021-10-05T05:57:00.508+02:00
0.024725275;open;2021-10-05T05:52:00.000+02:00;9;355;0;364;364;24281[Hauptbahnhof Süd];2021-10-05T05:57:00.508+02:00
0.48122066;open;2021-10-05T05:52:00.000+02:00;205;221;0;426;426;18497[Hauptwache];2021-10-05T05:57:00.508+02:00
0.5747837;open;2021-10-05T05:52:00.000+02:00;465;344;0;809;809;24279[Konstabler];2021-10-05T05:57:00.508+02:00
0.0;closed;2021-10-05T05:52:00.000+02:00;;;0;0;0;18495[Am Gericht];2021-10-05T05:57:00.508+02:00
0.08126411;open;2021-10-05T05:52:00.000+02:00;72;814;70;956;886;109240[MyZeil];2021-10-05T05:57:00.508+02:00
0.46214512;open;2021-10-05T05:52:00.000+02:00;293;341;0;634;634;18494[Konrad-Adenauer-Straße];2021-10-05T05:57:00.508+02:00
0.22666667;open;2021-10-05T06:17:00.000+02:00;34;116;200;350;150;24276[Turmcenter];2021-10-05T06:22:02.917+02:00
0.11691542;open;2021-10-05T06:17:00.000+02:00;47;355;0;402;402;18944[Alte Oper];2021-10-05T06:22:02.917+02:00
0.054945055;open;2021-10-05T06:17:00.000+02:00;20;344;0;364;364;24281[Hauptbahnhof Süd];2021-10-05T06:22:02.917+02:00
0.48122066;open;2021-10-05T06:17:00.000+02:00;205;221;0;426;426;18497[Hauptwache];2021-10-05T06:22:02.917+02:00
0.578492;open;2021-10-05T06:17:00.000+02:00;468;341;0;809;809;24279[Konstabler];2021-10-05T06:22:02.917+02:00
0.47205883;open;2021-10-05T06:17:00.000+02:00;321;359;0;680;680;18495[Am Gericht];2021-10-05T06:22:02.917+02:00
0.082392775;open;2021-10-05T06:17:00.000+02:00;73;813;70;956;886;109240[MyZeil];2021-10-05T06:22:02.917+02:00
0.4652997;open;2021-10-05T06:17:00.000+02:00;295;339;0;634;634;18494[Konrad-Adenauer-Straße];2021-10-05T06:22:02.917+02:00
0.23333333;open;2021-10-05T06:42:00.000+02:00;35;115;200;350;150;24276[Turmcenter];2021-10-05T06:47:00.910+02:00
0.12437811;open;2021-10-05T06:42:00.000+02:00;50;352;0;402;402;18944[Alte Oper];2021-10-05T06:47:00.910+02:00
0.08791209;open;2021-10-05T06:42:00.000+02:00;32;332;0;364;364;24281[Hauptbahnhof Süd];2021-10-05T06:47:00.910+02:00
0.48122066;open;2021-10-05T06:42:00.000+02:00;205;221;0;426;426;18497[Hauptwache];2021-10-05T06:47:00.910+02:00
0.5822002;open;2021-10-05T06:42:00.000+02:00;471;338;0;809;809;24279[Konstabler];2021-10-05T06:47:00.910+02:00
0.47205883;open;2021-10-05T06:42:00.000+02:00;321;359;0;680;680;18495[Am Gericht];2021-10-05T06:47:00.910+02:00
0.08352145;open;2021-10-05T06:42:00.000+02:00;74;812;70;956;886;109240[MyZeil];2021-10-05T06:47:00.910+02:00
0.46845427;open;2021-10-05T06:42:00.000+02:00;297;337;0;634;634;18494[Konrad-Adenauer-Straße];2021-10-05T06:47:00.910+02:00
0.23333333;open;2021-10-05T06:52:00.000+02:00;35;115;200;350;150;24276[Turmcenter];2021-10-05T06:57:01.450+02:00
0.12686567;open;2021-10-05T06:52:00.000+02:00;51;351;0;402;402;18944[Alte Oper];2021-10-05T06:57:01.450+02:00
0.09615385;open;2021-10-05T06:52:00.000+02:00;35;329;0;364;364;24281[Hauptbahnhof Süd];2021-10-05T06:57:01.450+02:00
0.48122066;open;2021-10-05T06:52:00.000+02:00;205;221;0;426;426;18497[Hauptwache];2021-10-05T06:57:01.450+02:00
0.5822002;open;2021-10-05T06:52:00.000+02:00;471;338;0;809;809;24279[Konstabler];2021-10-05T06:57:01.450+02:00
0.4779412;open;2021-10-05T06:52:00.000+02:00;325;355;0;680;680;18495[Am Gericht];2021-10-05T06:57:01.450+02:00
0.08577878;open;2021-10-05T06:52:00.000+02:00;76;810;70;956;886;109240[MyZeil];2021-10-05T06:57:01.450+02:00
0.47003156;open;2021-10-05T06:52:00.000+02:00;298;336;0;634;634;18494[Konrad-Adenauer-Straße];2021-10-05T06:57:01.450+02:00
0.24;open;2021-10-05T07:07:00.000+02:00;36;114;200;350;150;24276[Turmcenter];2021-10-05T07:12:02.748+02:00
0.1318408;open;2021-10-05T07:07:00.000+02:00;53;349;0;402;402;18944[Alte Oper];2021-10-05T07:12:02.748+02:00
0.10989011;open;2021-10-05T07:07:00.000+02:00;40;324;0;364;364;24281[Hauptbahnhof Süd];2021-10-05T07:12:02.748+02:00
0.48356807;open;2021-10-05T07:07:00.000+02:00;206;220;0;426;426;18497[Hauptwache];2021-10-05T07:12:02.748+02:00
0.5822002;open;2021-10-05T07:07:00.000+02:00;471;338;0;809;809;24279[Konstabler];2021-10-05T07:12:02.748+02:00
0.48088235;open;2021-10-05T07:07:00.000+02:00;327;353;0;680;680;18495[Am Gericht];2021-10-05T07:12:02.748+02:00
0.08577878;open;2021-10-05T07:07:00.000+02:00;76;810;70;956;886;109240[MyZeil];2021-10-05T07:12:02.748+02:00
0.47160885;open;2021-10-05T07:07:00.000+02:00;299;335;0;634;634;18494[Konrad-Adenauer-Straße];2021-10-05T07:12:02.748+02:00
0.26666668;open;2021-10-05T07:22:00.000+02:00;40;110;200;350;150;24276[Turmcenter];2021-10-05T07:27:02.287+02:00
0.13432837;open;2021-10-05T07:22:00.000+02:00;54;348;0;402;402;18944[Alte Oper];2021-10-05T07:27:02.287+02:00
0.12362637;open;2021-10-05T07:22:00.000+02:00;45;319;0;364;364;24281[Hauptbahnhof Süd];2021-10-05T07:27:02.287+02:00
0.4976526;open;2021-10-05T07:22:00.000+02:00;212;214;0;426;426;18497[Hauptwache];2021-10-05T07:27:02.287+02:00
0.57972807;open;2021-10-05T07:22:00.000+02:00;469;340;0;809;809;24279[Konstabler];2021-10-05T07:27:02.287+02:00
0.4852941;open;2021-10-05T07:22:00.000+02:00;330;350;0;680;680;18495[Am Gericht];2021-10-05T07:27:02.287+02:00
0.09142212;open;2021-10-05T07:22:00.000+02:00;81;805;70;956;886;109240[MyZeil];2021-10-05T07:27:02.287+02:00
0.47634068;open;2021-10-05T07:22:00.000+02:00;302;332;0;634;634;18494[Konrad-Adenauer-Straße];2021-10-05T07:27:02.287+02:00
0.27333334;open;2021-10-05T07:27:00.000+02:00;41;109;200;350;150;24276[Turmcenter];2021-10-05T07:32:01.249+02:00
0.13681592;open;2021-10-05T07:27:00.000+02:00;55;347;0;402;402;18944[Alte Oper];2021-10-05T07:32:01.249+02:00
0.13461539;open;2021-10-05T07:27:00.000+02:00;49;315;0;364;364;24281[Hauptbahnhof Süd];2021-10-05T07:32:01.249+02:00
0.5;open;2021-10-05T07:27:00.000+02:00;213;213;0;426;426;18497[Hauptwache];2021-10-05T07:32:01.249+02:00
0.57972807;open;2021-10-05T07:27:00.000+02:00;469;340;0;809;809;24279[Konstabler];2021-10-05T07:32:01.249+02:00
0.4882353;open;2021-10-05T07:27:00.000+02:00;332;348;0;680;680;18495[Am Gericht];2021-10-05T07:32:01.249+02:00
0.09367946;open;2021-10-05T07:27:00.000+02:00;83;803;70;956;886;109240[MyZeil];2021-10-05T07:32:01.249+02:00
0.48107255;open;2021-10-05T07:27:00.000+02:00;305;329;0;634;634;18494[Konrad-Adenauer-Straße];2021-10-05T07:32:01.249+02:00
0.32;open;2021-10-05T07:42:00.000+02:00;48;102;200;350;150;24276[Turmcenter];2021-10-05T07:47:00.890+02:00
0.1442786;open;2021-10-05T07:42:00.000+02:00;58;344;0;402;402;18944[Alte Oper];2021-10-05T07:47:00.890+02:00
0.15384616;open;2021-10-05T07:42:00.000+02:00;56;308;0;364;364;24281[Hauptbahnhof Süd];2021-10-05T07:47:00.890+02:00
0.5070422;open;2021-10-05T07:42:00.000+02:00;216;210;0;426;426;18497[Hauptwache];2021-10-05T07:47:00.890+02:00
0.58467245;open;2021-10-05T07:42:00.000+02:00;473;336;0;809;809;24279[Konstabler];2021-10-05T07:47:00.890+02:00
0.4970588;open;2021-10-05T07:42:00.000+02:00;338;342;0;680;680;18495[Am Gericht];2021-10-05T07:47:00.890+02:00
0.09706546;open;2021-10-05T07:42:00.000+02:00;86;800;70;956;886;109240[MyZeil];2021-10-05T07:47:00.890+02:00
0.48895898;open;2021-10-05T07:42:00.000+02:00;310;324;0;634;634;18494[Konrad-Adenauer-Straße];2021-10-05T07:47:00.890+02:00
0.34;open;2021-10-05T07:47:00.000+02:00;51;99;200;350;150;24276[Turmcenter];2021-10-05T07:52:00.059+02:00
0.14676617;open;2021-10-05T07:47:00.000+02:00;59;343;0;402;402;18944[Alte Oper];2021-10-05T07:52:00.059+02:00
0.15659341;open;2021-10-05T07:47:00.000+02:00;57;307;0;364;364;24281[Hauptbahnhof Süd];2021-10-05T07:52:00.059+02:00
0.5070422;open;2021-10-05T07:47:00.000+02:00;216;210;0;426;426;18497[Hauptwache];2021-10-05T07:52:00.059+02:00
0.5883807;open;2021-10-05T07:47:00.000+02:00;476;333;0;809;809;24279[Konstabler];2021-10-05T07:52:00.059+02:00
0.4970588;open;2021-10-05T07:47:00.000+02:00;338;342;0;680;680;18495[Am Gericht];2021-10-05T07:52:00.059+02:00
0.0959368;open;2021-10-05T07:47:00.000+02:00;85;801;70;956;886;109240[MyZeil];2021-10-05T07:52:00.059+02:00
0.49211356;open;2021-10-05T07:47:00.000+02:00;312;322;0;634;634;18494[Konrad-Adenauer-Straße];2021-10-05T07:52:00.059+02:00
0.34666666;open;2021-10-05T07:52:00.000+02:00;52;98;200;350;150;24276[Turmcenter];2021-10-05T07:57:01.774+02:00
0.14676617;open;2021-10-05T07:52:00.000+02:00;59;343;0;402;402;18944[Alte Oper];2021-10-05T07:57:01.774+02:00
0.15934066;open;2021-10-05T07:52:00.000+02:00;58;306;0;364;364;24281[Hauptbahnhof Süd];2021-10-05T07:57:01.774+02:00
0.5070422;open;2021-10-05T07:52:00.000+02:00;216;210;0;426;426;18497[Hauptwache];2021-10-05T07:57:01.774+02:00
0.5970334;open;2021-10-05T07:52:00.000+02:00;483;326;0;809;809;24279[Konstabler];2021-10-05T07:57:01.774+02:00
0.5;open;2021-10-05T07:52:00.000+02:00;340;340;0;680;680;18495[Am Gericht];2021-10-05T07:57:01.774+02:00
0.09819413;open;2021-10-05T07:52:00.000+02:00;87;799;70;956;886;109240[MyZeil];2021-10-05T07:57:01.774+02:00
0.49211356;open;2021-10-05T07:52:00.000+02:00;312;322;0;634;634;18494[Konrad-Adenauer-Straße];2021-10-05T07:57:01.774+02:00
0.5;open;2021-10-05T08:18:00.000+02:00;75;75;200;350;150;24276[Turmcenter];2021-10-05T08:22:02.517+02:00
0.17910448;open;2021-10-05T08:18:00.000+02:00;72;330;0;402;402;18944[Alte Oper];2021-10-05T08:22:02.517+02:00
0.21428572;open;2021-10-05T08:18:00.000+02:00;78;286;0;364;364;24281[Hauptbahnhof Süd];2021-10-05T08:22:02.517+02:00
0.52582157;open;2021-10-05T08:18:00.000+02:00;224;202;0;426;426;18497[Hauptwache];2021-10-05T08:22:02.517+02:00
0.60692215;open;2021-10-05T08:18:00.000+02:00;491;318;0;809;809;24279[Konstabler];2021-10-05T08:22:02.517+02:00
0.54264706;open;2021-10-05T08:18:00.000+02:00;369;311;0;680;680;18495[Am Gericht];2021-10-05T08:22:02.517+02:00
0.10496614;open;2021-10-05T08:18:00.000+02:00;93;793;70;956;886;109240[MyZeil];2021-10-05T08:22:02.517+02:00
0.50473183;open;2021-10-05T08:18:00.000+02:00;320;314;0;634;634;18494[Konrad-Adenauer-Straße];2021-10-05T08:22:02.517+02:00
0.6533333;open;2021-10-05T08:38:00.000+02:00;98;52;200;350;150;24276[Turmcenter];2021-10-05T08:42:01.918+02:00
0.21144278;open;2021-10-05T08:38:00.000+02:00;85;317;0;402;402;18944[Alte Oper];2021-10-05T08:42:01.918+02:00
0.25824177;open;2021-10-05T08:38:00.000+02:00;94;270;0;364;364;24281[Hauptbahnhof Süd];2021-10-05T08:42:01.918+02:00
0.54460096;open;2021-10-05T08:38:00.000+02:00;232;194;0;426;426;18497[Hauptwache];2021-10-05T08:42:01.918+02:00
0.6192831;open;2021-10-05T08:38:00.000+02:00;501;308;0;809;809;24279[Konstabler];2021-10-05T08:42:01.918+02:00
0.5647059;open;2021-10-05T08:38:00.000+02:00;384;296;0;680;680;18495[Am Gericht];2021-10-05T08:42:01.918+02:00
0.11286682;open;2021-10-05T08:38:00.000+02:00;100;786;70;956;886;109240[MyZeil];2021-10-05T08:42:01.918+02:00
0.511041;open;2021-10-05T08:38:00.000+02:00;324;310;0;634;634;18494[Konrad-Adenauer-Straße];2021-10-05T08:42:01.918+02:00
0.70666665;open;2021-10-05T08:48:00.000+02:00;106;44;200;350;150;24276[Turmcenter];2021-10-05T08:52:01.890+02:00
0.23134328;open;2021-10-05T08:48:00.000+02:00;93;309;0;402;402;18944[Alte Oper];2021-10-05T08:52:01.890+02:00
0.27747253;open;2021-10-05T08:48:00.000+02:00;101;263;0;364;364;24281[Hauptbahnhof Süd];2021-10-05T08:52:01.890+02:00
0.5586854;open;2021-10-05T08:48:00.000+02:00;238;188;0;426;426;18497[Hauptwache];2021-10-05T08:52:01.890+02:00
0.631644;open;2021-10-05T08:48:00.000+02:00;511;298;0;809;809;24279[Konstabler];2021-10-05T08:52:01.890+02:00
0.59117645;open;2021-10-05T08:48:00.000+02:00;402;278;0;680;680;18495[Am Gericht];2021-10-05T08:52:01.890+02:00
0.11512415;open;2021-10-05T08:48:00.000+02:00;102;784;70;956;886;109240[MyZeil];2021-10-05T08:52:01.890+02:00
0.5205047;open;2021-10-05T08:48:00.000+02:00;330;304;0;634;634;18494[Konrad-Adenauer-Straße];2021-10-05T08:52:01.890+02:00
0.72;open;2021-10-05T08:58:00.000+02:00;108;42;200;350;150;24276[Turmcenter];2021-10-05T09:02:01.355+02:00
0.24626866;open;2021-10-05T08:58:00.000+02:00;99;303;0;402;402;18944[Alte Oper];2021-10-05T09:02:01.355+02:00
0.28846154;open;2021-10-05T08:58:00.000+02:00;105;259;0;364;364;24281[Hauptbahnhof Süd];2021-10-05T09:02:01.355+02:00
0.5633803;open;2021-10-05T08:58:00.000+02:00;240;186;0;426;426;18497[Hauptwache];2021-10-05T09:02:01.355+02:00
0.6415328;open;2021-10-05T08:58:00.000+02:00;519;290;0;809;809;24279[Konstabler];2021-10-05T09:02:01.355+02:00
0.6102941;open;2021-10-05T08:58:00.000+02:00;415;265;0;680;680;18495[Am Gericht];2021-10-05T09:02:01.355+02:00
0.12302483;open;2021-10-05T08:58:00.000+02:00;109;777;70;956;886;109240[MyZeil];2021-10-05T09:02:01.355+02:00
0.52208203;open;2021-10-05T08:58:00.000+02:00;331;303;0;634;634;18494[Konrad-Adenauer-Straße];2021-10-05T09:02:01.355+02:00
0.87333333;open;2021-10-05T09:18:00.000+02:00;131;19;200;350;150;24276[Turmcenter];2021-10-05T09:22:00.082+02:00
0.29104477;open;2021-10-05T09:18:00.000+02:00;117;285;0;402;402;18944[Alte Oper];2021-10-05T09:22:00.082+02:00
0.31318682;open;2021-10-05T09:18:00.000+02:00;114;250;0;364;364;24281[Hauptbahnhof Süd];2021-10-05T09:22:00.082+02:00
0.6032864;open;2021-10-05T09:18:00.000+02:00;257;169;0;426;426;18497[Hauptwache];2021-10-05T09:22:00.082+02:00
0.6773795;open;2021-10-05T09:18:00.000+02:00;548;261;0;809;809;24279[Konstabler];2021-10-05T09:22:00.082+02:00
0.65882355;open;2021-10-05T09:18:00.000+02:00;448;232;0;680;680;18495[Am Gericht];2021-10-05T09:22:00.082+02:00
0.13656884;open;2021-10-05T09:18:00.000+02:00;121;765;70;956;886;109240[MyZeil];2021-10-05T09:22:00.082+02:00
0.533123;open;2021-10-05T09:18:00.000+02:00;338;296;0;634;634;18494[Konrad-Adenauer-Straße];2021-10-05T09:22:00.082+02:00
0.92;open;2021-10-05T09:23:00.000+02:00;138;12;200;350;150;24276[Turmcenter];2021-10-05T09:27:00.347+02:00
0.30597016;open;2021-10-05T09:23:00.000+02:00;123;279;0;402;402;18944[Alte Oper];2021-10-05T09:27:00.347+02:00
0.32417583;open;2021-10-05T09:23:00.000+02:00;118;246;0;364;364;24281[Hauptbahnhof Süd];2021-10-05T09:27:00.347+02:00
0.6197183;open;2021-10-05T09:23:00.000+02:00;264;162;0;426;426;18497[Hauptwache];2021-10-05T09:27:00.347+02:00
0.68355995;open;2021-10-05T09:23:00.000+02:00;553;256;0;809;809;24279[Konstabler];2021-10-05T09:27:00.347+02:00
0.6720588;open;2021-10-05T09:23:00.000+02:00;457;223;0;680;680;18495[Am Gericht];2021-10-05T09:27:00.347+02:00
0.13882619;open;2021-10-05T09:23:00.000+02:00;123;763;70;956;886;109240[MyZeil];2021-10-05T09:27:00.347+02:00
0.53470033;open;2021-10-05T09:23:00.000+02:00;339;295;0;634;634;18494[Konrad-Adenauer-Straße];2021-10-05T09:27:00.347+02:00
0.96666664;open;2021-10-05T09:33:00.000+02:00;145;5;200;350;150;24276[Turmcenter];2021-10-05T09:37:02.593+02:00
0.3233831;open;2021-10-05T09:33:00.000+02:00;130;272;0;402;402;18944[Alte Oper];2021-10-05T09:37:02.593+02:00
0.3489011;open;2021-10-05T09:33:00.000+02:00;127;237;0;364;364;24281[Hauptbahnhof Süd];2021-10-05T09:37:02.593+02:00
0.63849765;open;2021-10-05T09:33:00.000+02:00;272;154;0;426;426;18497[Hauptwache];2021-10-05T09:37:02.593+02:00
0.6946848;open;2021-10-05T09:33:00.000+02:00;562;247;0;809;809;24279[Konstabler];2021-10-05T09:37:02.593+02:00
0.6867647;open;2021-10-05T09:33:00.000+02:00;467;213;0;680;680;18495[Am Gericht];2021-10-05T09:37:02.593+02:00
0.1489842;open;2021-10-05T09:33:00.000+02:00;132;754;70;956;886;109240[MyZeil];2021-10-05T09:37:02.593+02:00
0.54258674;open;2021-10-05T09:33:00.000+02:00;344;290;0;634;634;18494[Konrad-Adenauer-Straße];2021-10-05T09:37:02.593+02:00
0.8933333;open;2021-10-05T09:43:00.000+02:00;134;16;200;350;150;24276[Turmcenter];2021-10-05T09:47:01.336+02:00
0.34577113;open;2021-10-05T09:43:00.000+02:00;139;263;0;402;402;18944[Alte Oper];2021-10-05T09:47:01.336+02:00
0.35714287;open;2021-10-05T09:43:00.000+02:00;130;234;0;364;364;24281[Hauptbahnhof Süd];2021-10-05T09:47:01.336+02:00
0.6619718;open;2021-10-05T09:43:00.000+02:00;282;144;0;426;426;18497[Hauptwache];2021-10-05T09:47:01.336+02:00
0.71940666;open;2021-10-05T09:43:00.000+02:00;582;227;0;809;809;24279[Konstabler];2021-10-05T09:47:01.336+02:00
0.725;open;2021-10-05T09:43:00.000+02:00;493;187;0;680;680;18495[Am Gericht];2021-10-05T09:47:01.336+02:00
0.16027088;open;2021-10-05T09:43:00.000+02:00;142;744;70;956;886;109240[MyZeil];2021-10-05T09:47:01.336+02:00
0.5599369;open;2021-10-05T09:43:00.000+02:00;355;279;0;634;634;18494[Konrad-Adenauer-Straße];2021-10-05T09:47:01.336+02:00
0.94666666;open;2021-10-05T09:54:00.000+02:00;142;8;200;350;150;24276[Turmcenter];2021-10-05T09:57:01.158+02:00
0.37313432;open;2021-10-05T09:54:00.000+02:00;150;252;0;402;402;18944[Alte Oper];2021-10-05T09:57:01.158+02:00
0.36813188;open;2021-10-05T09:54:00.000+02:00;134;230;0;364;364;24281[Hauptbahnhof Süd];2021-10-05T09:57:01.158+02:00
0.685446;open;2021-10-05T09:54:00.000+02:00;292;134;0;426;426;18497[Hauptwache];2021-10-05T09:57:01.158+02:00
0.73794806;open;2021-10-05T09:54:00.000+02:00;597;212;0;809;809;24279[Konstabler];2021-10-05T09:57:01.158+02:00
0.7647059;open;2021-10-05T09:54:00.000+02:00;520;160;0;680;680;18495[Am Gericht];2021-10-05T09:57:01.158+02:00
0.16478555;open;2021-10-05T09:54:00.000+02:00;146;740;70;956;886;109240[MyZeil];2021-10-05T09:57:01.158+02:00
0.5741325;open;2021-10-05T09:54:00.000+02:00;364;270;0;634;634;18494[Konrad-Adenauer-Straße];2021-10-05T09:57:01.158+02:00
0.98;open;2021-10-05T10:09:00.000+02:00;147;3;200;350;150;24276[Turmcenter];2021-10-05T10:12:00.324+02:00
0.42537314;open;2021-10-05T10:09:00.000+02:00;171;231;0;402;402;18944[Alte Oper];2021-10-05T10:12:00.324+02:00
0.38186812;open;2021-10-05T10:09:00.000+02:00;139;225;0;364;364;24281[Hauptbahnhof Süd];2021-10-05T10:12:00.324+02:00
0.7347418;open;2021-10-05T10:09:00.000+02:00;313;113;0;426;426;18497[Hauptwache];2021-10-05T10:12:00.324+02:00
0.76267;open;2021-10-05T10:09:00.000+02:00;617;192;0;809;809;24279[Konstabler];2021-10-05T10:12:00.324+02:00
0.78382355;open;2021-10-05T10:09:00.000+02:00;533;147;0;680;680;18495[Am Gericht];2021-10-05T10:12:00.324+02:00
0.19074492;open;2021-10-05T10:09:00.000+02:00;169;717;70;956;886;109240[MyZeil];2021-10-05T10:12:00.324+02:00
0.60094637;open;2021-10-05T10:09:00.000+02:00;381;253;0;634;634;18494[Konrad-Adenauer-Straße];2021-10-05T10:12:00.324+02:00
0.9266667;open;2021-10-05T10:29:00.000+02:00;139;11;200;350;150;24276[Turmcenter];2021-10-05T10:32:02.388+02:00
0.48507464;open;2021-10-05T10:29:00.000+02:00;195;207;0;402;402;18944[Alte Oper];2021-10-05T10:32:02.388+02:00
0.3901099;open;2021-10-05T10:29:00.000+02:00;142;222;0;364;364;24281[Hauptbahnhof Süd];2021-10-05T10:32:02.388+02:00
0.8028169;open;2021-10-05T10:29:00.000+02:00;342;84;0;426;426;18497[Hauptwache];2021-10-05T10:32:02.388+02:00
0.82818294;open;2021-10-05T10:29:00.000+02:00;670;139;0;809;809;24279[Konstabler];2021-10-05T10:32:02.388+02:00
0.825;open;2021-10-05T10:29:00.000+02:00;561;119;0;680;680;18495[Am Gericht];2021-10-05T10:32:02.388+02:00
0.20993228;open;2021-10-05T10:29:00.000+02:00;186;700;70;956;886;109240[MyZeil];2021-10-05T10:32:02.388+02:00
0.6214511;open;2021-10-05T10:29:00.000+02:00;394;240;0;634;634;18494[Konrad-Adenauer-Straße];2021-10-05T10:32:02.388+02:00
0.91333336;open;2021-10-05T10:39:00.000+02:00;137;13;200;350;150;24276[Turmcenter];2021-10-05T10:42:01.646+02:00
0.5099502;open;2021-10-05T10:39:00.000+02:00;205;197;0;402;402;18944[Alte Oper];2021-10-05T10:42:01.646+02:00
0.39835164;open;2021-10-05T10:39:00.000+02:00;145;219;0;364;364;24281[Hauptbahnhof Süd];2021-10-05T10:42:01.646+02:00
0.82159626;open;2021-10-05T10:39:00.000+02:00;350;76;0;426;426;18497[Hauptwache];2021-10-05T10:42:01.646+02:00
0.84425217;open;2021-10-05T10:39:00.000+02:00;683;126;0;809;809;24279[Konstabler];2021-10-05T10:42:01.646+02:00
0.8367647;open;2021-10-05T10:39:00.000+02:00;569;111;0;680;680;18495[Am Gericht];2021-10-05T10:42:01.646+02:00
0.22573364;open;2021-10-05T10:39:00.000+02:00;200;686;70;956;886;109240[MyZeil];2021-10-05T10:42:01.646+02:00
0.6340694;open;2021-10-05T10:39:00.000+02:00;402;232;0;634;634;18494[Konrad-Adenauer-Straße];2021-10-05T10:42:01.646+02:00
0.9066667;open;2021-10-05T10:54:00.000+02:00;136;14;200;350;150;24276[Turmcenter];2021-10-05T10:57:01.450+02:00
0.5572139;open;2021-10-05T10:54:00.000+02:00;224;178;0;402;402;18944[Alte Oper];2021-10-05T10:57:01.450+02:00
0.3956044;open;2021-10-05T10:54:00.000+02:00;144;220;0;364;364;24281[Hauptbahnhof Süd];2021-10-05T10:57:01.450+02:00
0.87089205;open;2021-10-05T10:54:00.000+02:00;371;55;0;426;426;18497[Hauptwache];2021-10-05T10:57:01.450+02:00
0.87144625;open;2021-10-05T10:54:00.000+02:00;705;104;0;809;809;24279[Konstabler];2021-10-05T10:57:01.450+02:00
0.8455882;open;2021-10-05T10:54:00.000+02:00;575;105;0;680;680;18495[Am Gericht];2021-10-05T10:57:01.450+02:00
0.23363431;open;2021-10-05T10:54:00.000+02:00;207;679;70;956;886;109240[MyZeil];2021-10-05T10:57:01.450+02:00
0.65457416;open;2021-10-05T10:54:00.000+02:00;415;219;0;634;634;18494[Konrad-Adenauer-Straße];2021-10-05T10:57:01.450+02:00
0.9;open;2021-10-05T11:19:00.000+02:00;135;15;200;350;150;24276[Turmcenter];2021-10-05T11:22:01.326+02:00
0.56467664;open;2021-10-05T11:19:00.000+02:00;227;175;0;402;402;18944[Alte Oper];2021-10-05T11:22:01.326+02:00
0.42032966;open;2021-10-05T11:19:00.000+02:00;153;211;0;364;364;24281[Hauptbahnhof Süd];2021-10-05T11:22:01.326+02:00
0.9366197;open;2021-10-05T11:19:00.000+02:00;399;27;0;426;426;18497[Hauptwache];2021-10-05T11:22:01.326+02:00
0.92089;open;2021-10-05T11:19:00.000+02:00;745;64;0;809;809;24279[Konstabler];2021-10-05T11:22:01.326+02:00
0.86764705;open;2021-10-05T11:19:00.000+02:00;590;90;0;680;680;18495[Am Gericht];2021-10-05T11:22:01.326+02:00
0.25056434;open;2021-10-05T11:19:00.000+02:00;222;664;70;956;886;109240[MyZeil];2021-10-05T11:22:01.326+02:00
0.6640379;open;2021-10-05T11:19:00.000+02:00;421;213;0;634;634;18494[Konrad-Adenauer-Straße];2021-10-05T11:22:01.326+02:00
0.9533333;open;2021-10-05T11:34:00.000+02:00;143;7;200;350;150;24276[Turmcenter];2021-10-05T11:37:02.584+02:00
0.579602;open;2021-10-05T11:34:00.000+02:00;233;169;0;402;402;18944[Alte Oper];2021-10-05T11:37:02.584+02:00
0.42582417;open;2021-10-05T11:34:00.000+02:00;155;209;0;364;364;24281[Hauptbahnhof Süd];2021-10-05T11:37:02.584+02:00
0.97887325;open;2021-10-05T11:34:00.000+02:00;417;9;0;426;426;18497[Hauptwache];2021-10-05T11:37:02.584+02:00
0.93943137;open;2021-10-05T11:34:00.000+02:00;760;49;0;809;809;24279[Konstabler];2021-10-05T11:37:02.584+02:00
0.875;open;2021-10-05T11:34:00.000+02:00;595;85;0;680;680;18495[Am Gericht];2021-10-05T11:37:02.584+02:00
0.25056434;open;2021-10-05T11:34:00.000+02:00;222;664;70;956;886;109240[MyZeil];2021-10-05T11:37:02.584+02:00
0.6671924;open;2021-10-05T11:34:00.000+02:00;423;211;0;634;634;18494[Konrad-Adenauer-Straße];2021-10-05T11:37:02.584+02:00
0.96;open;2021-10-05T11:39:00.000+02:00;144;6;200;350;150;24276[Turmcenter];2021-10-05T11:42:02.573+02:00
0.5870647;open;2021-10-05T11:39:00.000+02:00;236;166;0;402;402;18944[Alte Oper];2021-10-05T11:42:02.573+02:00
0.42582417;open;2021-10-05T11:39:00.000+02:00;155;209;0;364;364;24281[Hauptbahnhof Süd];2021-10-05T11:42:02.573+02:00
0.9906103;open;2021-10-05T11:39:00.000+02:00;422;4;0;426;426;18497[Hauptwache];2021-10-05T11:42:02.573+02:00
0.94437575;open;2021-10-05T11:39:00.000+02:00;764;45;0;809;809;24279[Konstabler];2021-10-05T11:42:02.573+02:00
0.8720588;open;2021-10-05T11:39:00.000+02:00;593;87;0;680;680;18495[Am Gericht];2021-10-05T11:42:02.573+02:00
0.25733635;open;2021-10-05T11:39:00.000+02:00;228;658;70;956;886;109240[MyZeil];2021-10-05T11:42:02.573+02:00
0.6687697;open;2021-10-05T11:39:00.000+02:00;424;210;0;634;634;18494[Konrad-Adenauer-Straße];2021-10-05T11:42:02.573+02:00
0.91333336;open;2021-10-05T11:49:00.000+02:00;137;13;200;350;150;24276[Turmcenter];2021-10-05T11:52:00.050+02:00
0.6119403;open;2021-10-05T11:49:00.000+02:00;246;156;0;402;402;18944[Alte Oper];2021-10-05T11:52:00.050+02:00
0.43131867;open;2021-10-05T11:49:00.000+02:00;157;207;0;364;364;24281[Hauptbahnhof Süd];2021-10-05T11:52:00.050+02:00
0.98122066;open;2021-10-05T11:49:00.000+02:00;418;8;0;426;426;18497[Hauptwache];2021-10-05T11:52:00.050+02:00
0.9592089;open;2021-10-05T11:49:00.000+02:00;776;33;0;809;809;24279[Konstabler];2021-10-05T11:52:00.050+02:00
0.87352943;open;2021-10-05T11:49:00.000+02:00;594;86;0;680;680;18495[Am Gericht];2021-10-05T11:52:00.050+02:00
0.26410836;open;2021-10-05T11:49:00.000+02:00;234;652;70;956;886;109240[MyZeil];2021-10-05T11:52:00.050+02:00
0.6671924;open;2021-10-05T11:49:00.000+02:00;423;211;0;634;634;18494[Konrad-Adenauer-Straße];2021-10-05T11:52:00.050+02:00
0.9066667;open;2021-10-05T12:00:00.000+02:00;136;14;200;350;150;24276[Turmcenter];2021-10-05T12:02:01.441+02:00
0.6318408;open;2021-10-05T12:00:00.000+02:00;254;148;0;402;402;18944[Alte Oper];2021-10-05T12:02:01.441+02:00
0.42857143;open;2021-10-05T12:00:00.000+02:00;156;208;0;364;364;24281[Hauptbahnhof Süd];2021-10-05T12:02:01.441+02:00
0.9906103;open;2021-10-05T12:00:00.000+02:00;422;4;0;426;426;18497[Hauptwache];2021-10-05T12:02:01.441+02:00
0.97527814;open;2021-10-05T12:00:00.000+02:00;789;20;0;809;809;24279[Konstabler];2021-10-05T12:02:01.441+02:00
0.8691176;open;2021-10-05T12:00:00.000+02:00;591;89;0;680;680;18495[Am Gericht];2021-10-05T12:02:01.441+02:00
0.26749435;open;2021-10-05T12:00:00.000+02:00;237;649;70;956;886;109240[MyZeil];2021-10-05T12:02:01.441+02:00
0.68611985;open;2021-10-05T12:00:00.000+02:00;435;199;0;634;634;18494[Konrad-Adenauer-Straße];2021-10-05T12:02:01.441+02:00
0.88;open;2021-10-05T12:35:00.000+02:00;132;18;200;350;150;24276[Turmcenter];2021-10-05T12:37:01.041+02:00
0.6666667;open;2021-10-05T12:35:00.000+02:00;268;134;0;402;402;18944[Alte Oper];2021-10-05T12:37:01.041+02:00
0.41758242;open;2021-10-05T12:35:00.000+02:00;152;212;0;364;364;24281[Hauptbahnhof Süd];2021-10-05T12:37:01.041+02:00
1.0;open;2021-10-05T12:35:00.000+02:00;426;0;0;426;426;18497[Hauptwache];2021-10-05T12:37:01.041+02:00
0.97033376;open;2021-10-05T12:35:00.000+02:00;785;24;0;809;809;24279[Konstabler];2021-10-05T12:37:01.041+02:00
0.8455882;open;2021-10-05T12:35:00.000+02:00;575;105;0;680;680;18495[Am Gericht];2021-10-05T12:37:01.041+02:00
0.26862302;open;2021-10-05T12:35:00.000+02:00;238;648;70;956;886;109240[MyZeil];2021-10-05T12:37:01.041+02:00
0.7050473;open;2021-10-05T12:35:00.000+02:00;447;187;0;634;634;18494[Konrad-Adenauer-Straße];2021-10-05T12:37:01.041+02:00
0.8933333;open;2021-10-05T12:40:00.000+02:00;134;16;200;350;150;24276[Turmcenter];2021-10-05T12:42:01.279+02:00
0.66169155;open;2021-10-05T12:40:00.000+02:00;266;136;0;402;402;18944[Alte Oper];2021-10-05T12:42:01.279+02:00
0.4065934;open;2021-10-05T12:40:00.000+02:00;148;216;0;364;364;24281[Hauptbahnhof Süd];2021-10-05T12:42:01.279+02:00
1.0;open;2021-10-05T12:40:00.000+02:00;426;0;0;426;426;18497[Hauptwache];2021-10-05T12:42:01.279+02:00
0.9789864;open;2021-10-05T12:40:00.000+02:00;792;17;0;809;809;24279[Konstabler];2021-10-05T12:42:01.279+02:00
0.84411764;open;2021-10-05T12:40:00.000+02:00;574;106;0;680;680;18495[Am Gericht];2021-10-05T12:42:01.279+02:00
0.26749435;open;2021-10-05T12:40:00.000+02:00;237;649;70;956;886;109240[MyZeil];2021-10-05T12:42:01.279+02:00
0.7003155;open;2021-10-05T12:40:00.000+02:00;444;190;0;634;634;18494[Konrad-Adenauer-Straße];2021-10-05T12:42:01.279+02:00
0.9;open;2021-10-05T12:50:00.000+02:00;135;15;200;350;150;24276[Turmcenter];2021-10-05T12:52:01.000+02:00
0.6766169;open;2021-10-05T12:50:00.000+02:00;272;130;0;402;402;18944[Alte Oper];2021-10-05T12:52:01.000+02:00
0.4065934;open;2021-10-05T12:50:00.000+02:00;148;216;0;364;364;24281[Hauptbahnhof Süd];2021-10-05T12:52:01.000+02:00
0.9976526;open;2021-10-05T12:50:00.000+02:00;425;1;0;426;426;18497[Hauptwache];2021-10-05T12:52:01.000+02:00
0.9913473;open;2021-10-05T12:50:00.000+02:00;802;7;0;809;809;24279[Konstabler];2021-10-05T12:52:01.000+02:00
0.8455882;open;2021-10-05T12:50:00.000+02:00;575;105;0;680;680;18495[Am Gericht];2021-10-05T12:52:01.000+02:00
0.2697517;open;2021-10-05T12:50:00.000+02:00;239;647;70;956;886;109240[MyZeil];2021-10-05T12:52:01.000+02:00
0.7066246;open;2021-10-05T12:50:00.000+02:00;448;186;0;634;634;18494[Konrad-Adenauer-Straße];2021-10-05T12:52:01.000+02:00
0.92;open;2021-10-05T13:05:00.000+02:00;138;12;200;350;150;24276[Turmcenter];2021-10-05T13:07:01.406+02:00
0.6840796;open;2021-10-05T13:05:00.000+02:00;275;127;0;402;402;18944[Alte Oper];2021-10-05T13:07:01.406+02:00
0.39835164;open;2021-10-05T13:05:00.000+02:00;145;219;0;364;364;24281[Hauptbahnhof Süd];2021-10-05T13:07:01.406+02:00
1.0;open;2021-10-05T13:05:00.000+02:00;426;0;0;426;426;18497[Hauptwache];2021-10-05T13:07:01.406+02:00
1.0;open;2021-10-05T13:05:00.000+02:00;809;0;0;809;809;24279[Konstabler];2021-10-05T13:07:01.406+02:00
0.8308824;open;2021-10-05T13:05:00.000+02:00;565;115;0;680;680;18495[Am Gericht];2021-10-05T13:07:01.406+02:00
0.28329572;open;2021-10-05T13:05:00.000+02:00;251;635;70;956;886;109240[MyZeil];2021-10-05T13:07:01.406+02:00
0.70189273;open;2021-10-05T13:05:00.000+02:00;445;189;0;634;634;18494[Konrad-Adenauer-Straße];2021-10-05T13:07:01.406+02:00
0.92;open;2021-10-05T13:15:00.000+02:00;138;12;200;350;150;24276[Turmcenter];2021-10-05T13:17:00.284+02:00
0.68159205;open;2021-10-05T13:15:00.000+02:00;274;128;0;402;402;18944[Alte Oper];2021-10-05T13:17:00.284+02:00
0.3901099;open;2021-10-05T13:15:00.000+02:00;142;222;0;364;364;24281[Hauptbahnhof Süd];2021-10-05T13:17:00.284+02:00
1.0;open;2021-10-05T13:15:00.000+02:00;426;0;0;426;426;18497[Hauptwache];2021-10-05T13:17:00.284+02:00
0.99381953;open;2021-10-05T13:15:00.000+02:00;804;5;0;809;809;24279[Konstabler];2021-10-05T13:17:00.284+02:00
0.82941175;open;2021-10-05T13:15:00.000+02:00;564;116;0;680;680;18495[Am Gericht];2021-10-05T13:17:00.284+02:00
0.2878104;open;2021-10-05T13:15:00.000+02:00;255;631;70;956;886;109240[MyZeil];2021-10-05T13:17:00.284+02:00
0.69873816;open;2021-10-05T13:15:00.000+02:00;443;191;0;634;634;18494[Konrad-Adenauer-Straße];2021-10-05T13:17:00.284+02:00
0.9266667;open;2021-10-05T13:30:00.000+02:00;139;11;200;350;150;24276[Turmcenter];2021-10-05T13:32:00.887+02:00
0.6766169;open;2021-10-05T13:30:00.000+02:00;272;130;0;402;402;18944[Alte Oper];2021-10-05T13:32:00.887+02:00
0.3791209;open;2021-10-05T13:30:00.000+02:00;138;226;0;364;364;24281[Hauptbahnhof Süd];2021-10-05T13:32:00.887+02:00
0.9976526;open;2021-10-05T13:30:00.000+02:00;425;1;0;426;426;18497[Hauptwache];2021-10-05T13:32:00.887+02:00
0.9826947;open;2021-10-05T13:30:00.000+02:00;795;14;0;809;809;24279[Konstabler];2021-10-05T13:32:00.887+02:00
0.8161765;open;2021-10-05T13:30:00.000+02:00;555;125;0;680;680;18495[Am Gericht];2021-10-05T13:32:00.887+02:00
0.29232505;open;2021-10-05T13:30:00.000+02:00;259;627;70;956;886;109240[MyZeil];2021-10-05T13:32:00.887+02:00
0.7003155;open;2021-10-05T13:30:00.000+02:00;444;190;0;634;634;18494[Konrad-Adenauer-Straße];2021-10-05T13:32:00.887+02:00
0.9533333;open;2021-10-05T13:35:00.000+02:00;143;7;200;350;150;24276[Turmcenter];2021-10-05T13:37:00.088+02:00
0.6840796;open;2021-10-05T13:35:00.000+02:00;275;127;0;402;402;18944[Alte Oper];2021-10-05T13:37:00.088+02:00
0.38736263;open;2021-10-05T13:35:00.000+02:00;141;223;0;364;364;24281[Hauptbahnhof Süd];2021-10-05T13:37:00.088+02:00
0.9953052;open;2021-10-05T13:35:00.000+02:00;424;2;0;426;426;18497[Hauptwache];2021-10-05T13:37:00.088+02:00
0.9765142;open;2021-10-05T13:35:00.000+02:00;790;19;0;809;809;24279[Konstabler];2021-10-05T13:37:00.088+02:00
0.825;open;2021-10-05T13:35:00.000+02:00;561;119;0;680;680;18495[Am Gericht];2021-10-05T13:37:00.088+02:00
0.29345372;open;2021-10-05T13:35:00.000+02:00;260;626;70;956;886;109240[MyZeil];2021-10-05T13:37:00.088+02:00
0.69873816;open;2021-10-05T13:35:00.000+02:00;443;191;0;634;634;18494[Konrad-Adenauer-Straße];2021-10-05T13:37:00.088+02:00
0.96;open;2021-10-05T13:40:00.000+02:00;144;6;200;350;150;24276[Turmcenter];2021-10-05T13:42:02.484+02:00
0.6791045;open;2021-10-05T13:40:00.000+02:00;273;129;0;402;402;18944[Alte Oper];2021-10-05T13:42:02.484+02:00
0.38186812;open;2021-10-05T13:40:00.000+02:00;139;225;0;364;364;24281[Hauptbahnhof Süd];2021-10-05T13:42:02.484+02:00
0.9835681;open;2021-10-05T13:40:00.000+02:00;419;7;0;426;426;18497[Hauptwache];2021-10-05T13:42:02.484+02:00
0.9777503;open;2021-10-05T13:40:00.000+02:00;791;18;0;809;809;24279[Konstabler];2021-10-05T13:42:02.484+02:00
0.8147059;open;2021-10-05T13:40:00.000+02:00;554;126;0;680;680;18495[Am Gericht];2021-10-05T13:42:02.484+02:00
0.29683974;open;2021-10-05T13:40:00.000+02:00;263;623;70;956;886;109240[MyZeil];2021-10-05T13:42:02.484+02:00
0.6955836;open;2021-10-05T13:40:00.000+02:00;441;193;0;634;634;18494[Konrad-Adenauer-Straße];2021-10-05T13:42:02.484+02:00
0.9866667;open;2021-10-05T13:50:00.000+02:00;148;2;200;350;150;24276[Turmcenter];2021-10-05T13:52:00.972+02:00
0.6791045;open;2021-10-05T13:50:00.000+02:00;273;129;0;402;402;18944[Alte Oper];2021-10-05T13:52:00.972+02:00
0.3791209;open;2021-10-05T13:50:00.000+02:00;138;226;0;364;364;24281[Hauptbahnhof Süd];2021-10-05T13:52:00.972+02:00
0.9835681;open;2021-10-05T13:50:00.000+02:00;419;7;0;426;426;18497[Hauptwache];2021-10-05T13:52:00.972+02:00
0.9789864;open;2021-10-05T13:50:00.000+02:00;792;17;0;809;809;24279[Konstabler];2021-10-05T13:52:00.972+02:00
0.8147059;open;2021-10-05T13:50:00.000+02:00;554;126;0;680;680;18495[Am Gericht];2021-10-05T13:52:00.972+02:00
0.29345372;open;2021-10-05T13:50:00.000+02:00;260;626;70;956;886;109240[MyZeil];2021-10-05T13:52:00.972+02:00
0.68611985;open;2021-10-05T13:50:00.000+02:00;435;199;0;634;634;18494[Konrad-Adenauer-Straße];2021-10-05T13:52:00.972+02:00
0.96666664;open;2021-10-05T14:11:00.000+02:00;145;5;200;350;150;24276[Turmcenter];2021-10-05T14:12:00.853+02:00
0.6766169;open;2021-10-05T14:11:00.000+02:00;272;130;0;402;402;18944[Alte Oper];2021-10-05T14:12:00.853+02:00
0.35714287;open;2021-10-05T14:11:00.000+02:00;130;234;0;364;364;24281[Hauptbahnhof Süd];2021-10-05T14:12:00.853+02:00
0.9929578;open;2021-10-05T14:11:00.000+02:00;423;3;0;426;426;18497[Hauptwache];2021-10-05T14:12:00.853+02:00
0.98763907;open;2021-10-05T14:11:00.000+02:00;799;10;0;809;809;24279[Konstabler];2021-10-05T14:12:00.853+02:00
0.8014706;open;2021-10-05T14:11:00.000+02:00;545;135;0;680;680;18495[Am Gericht];2021-10-05T14:12:00.853+02:00
0.29006773;open;2021-10-05T14:11:00.000+02:00;257;629;70;956;886;109240[MyZeil];2021-10-05T14:12:00.853+02:00
0.6766561;open;2021-10-05T14:11:00.000+02:00;429;205;0;634;634;18494[Konrad-Adenauer-Straße];2021-10-05T14:12:00.853+02:00
0.9866667;open;2021-10-05T14:46:00.000+02:00;148;2;200;350;150;24276[Turmcenter];2021-10-05T14:47:00.489+02:00
0.6393035;open;2021-10-05T14:46:00.000+02:00;257;145;0;402;402;18944[Alte Oper];2021-10-05T14:47:00.489+02:00
0.33516484;open;2021-10-05T14:46:00.000+02:00;122;242;0;364;364;24281[Hauptbahnhof Süd];2021-10-05T14:47:00.489+02:00
0.97417843;open;2021-10-05T14:46:00.000+02:00;415;11;0;426;426;18497[Hauptwache];2021-10-05T14:47:00.489+02:00
0.9728059;open;2021-10-05T14:46:00.000+02:00;787;22;0;809;809;24279[Konstabler];2021-10-05T14:47:00.489+02:00
0.7794118;open;2021-10-05T14:46:00.000+02:00;530;150;0;680;680;18495[Am Gericht];2021-10-05T14:47:00.489+02:00
0.28103837;open;2021-10-05T14:46:00.000+02:00;249;637;70;956;886;109240[MyZeil];2021-10-05T14:47:00.489+02:00
0.670347;open;2021-10-05T14:46:00.000+02:00;425;209;0;634;634;18494[Konrad-Adenauer-Straße];2021-10-05T14:47:00.489+02:00
1.0;open;2021-10-05T15:21:00.000+02:00;150;0;200;350;150;24276[Turmcenter];2021-10-05T15:27:01.429+02:00
0.60199004;open;2021-10-05T15:21:00.000+02:00;242;160;0;402;402;18944[Alte Oper];2021-10-05T15:27:01.429+02:00
0.30769232;open;2021-10-05T15:21:00.000+02:00;112;252;0;364;364;24281[Hauptbahnhof Süd];2021-10-05T15:27:01.429+02:00
0.97887325;open;2021-10-05T15:21:00.000+02:00;417;9;0;426;426;18497[Hauptwache];2021-10-05T15:27:01.429+02:00
0.9567367;open;2021-10-05T15:21:00.000+02:00;774;35;0;809;809;24279[Konstabler];2021-10-05T15:27:01.429+02:00
0.74264705;open;2021-10-05T15:21:00.000+02:00;505;175;0;680;680;18495[Am Gericht];2021-10-05T15:27:01.429+02:00
0.2765237;open;2021-10-05T15:21:00.000+02:00;245;641;70;956;886;109240[MyZeil];2021-10-05T15:27:01.429+02:00
0.65299684;open;2021-10-05T15:21:00.000+02:00;414;220;0;634;634;18494[Konrad-Adenauer-Straße];2021-10-05T15:27:01.429+02:00
0.91333336;open;2021-10-05T16:37:00.000+02:00;137;13;200;350;150;24276[Turmcenter];2021-10-05T16:42:02.627+02:00
0.51741296;open;2021-10-05T16:37:00.000+02:00;208;194;0;402;402;18944[Alte Oper];2021-10-05T16:42:02.627+02:00
0.1978022;open;2021-10-05T16:37:00.000+02:00;72;292;0;364;364;24281[Hauptbahnhof Süd];2021-10-05T16:42:02.627+02:00
0.92957747;open;2021-10-05T16:37:00.000+02:00;396;30;0;426;426;18497[Hauptwache];2021-10-05T16:42:02.627+02:00
0.9357231;open;2021-10-05T16:37:00.000+02:00;757;52;0;809;809;24279[Konstabler];2021-10-05T16:42:02.627+02:00
0.6764706;open;2021-10-05T16:37:00.000+02:00;460;220;0;680;680;18495[Am Gericht];2021-10-05T16:42:02.627+02:00
0.27878103;open;2021-10-05T16:37:00.000+02:00;247;639;70;956;886;109240[MyZeil];2021-10-05T16:42:02.627+02:00
0.6214511;open;2021-10-05T16:37:00.000+02:00;394;240;0;634;634;18494[Konrad-Adenauer-Straße];2021-10-05T16:42:02.627+02:00
0.85333335;open;2021-10-05T17:08:00.000+02:00;128;22;200;350;150;24276[Turmcenter];2021-10-05T17:12:02.306+02:00
0.5124378;open;2021-10-05T17:08:00.000+02:00;206;196;0;402;402;18944[Alte Oper];2021-10-05T17:12:02.306+02:00
0.15659341;open;2021-10-05T17:08:00.000+02:00;57;307;0;364;364;24281[Hauptbahnhof Süd];2021-10-05T17:12:02.306+02:00
0.90375584;open;2021-10-05T17:08:00.000+02:00;385;41;0;426;426;18497[Hauptwache];2021-10-05T17:12:02.306+02:00
0.8800989;open;2021-10-05T17:08:00.000+02:00;712;97;0;809;809;24279[Konstabler];2021-10-05T17:12:02.306+02:00
0.64705884;open;2021-10-05T17:08:00.000+02:00;440;240;0;680;680;18495[Am Gericht];2021-10-05T17:12:02.306+02:00
0.2866817;open;2021-10-05T17:08:00.000+02:00;254;632;70;956;886;109240[MyZeil];2021-10-05T17:12:02.306+02:00
0.60410094;open;2021-10-05T17:08:00.000+02:00;383;251;0;634;634;18494[Konrad-Adenauer-Straße];2021-10-05T17:12:02.306+02:00
0.8333333;open;2021-10-05T17:38:00.000+02:00;125;25;200;350;150;24276[Turmcenter];2021-10-05T17:42:00.132+02:00
0.4800995;open;2021-10-05T17:38:00.000+02:00;193;209;0;402;402;18944[Alte Oper];2021-10-05T17:42:00.132+02:00
0.115384616;open;2021-10-05T17:38:00.000+02:00;42;322;0;364;364;24281[Hauptbahnhof Süd];2021-10-05T17:42:00.132+02:00
0.8873239;open;2021-10-05T17:38:00.000+02:00;378;48;0;426;426;18497[Hauptwache];2021-10-05T17:42:00.132+02:00
0.8763906;open;2021-10-05T17:38:00.000+02:00;709;100;0;809;809;24279[Konstabler];2021-10-05T17:42:00.132+02:00
0.6014706;open;2021-10-05T17:38:00.000+02:00;409;271;0;680;680;18495[Am Gericht];2021-10-05T17:42:00.132+02:00
0.28329572;open;2021-10-05T17:38:00.000+02:00;251;635;70;956;886;109240[MyZeil];2021-10-05T17:42:00.132+02:00
0.59148264;open;2021-10-05T17:38:00.000+02:00;375;259;0;634;634;18494[Konrad-Adenauer-Straße];2021-10-05T17:42:00.132+02:00
0.8466667;open;2021-10-05T17:53:00.000+02:00;127;23;200;350;150;24276[Turmcenter];2021-10-05T17:57:01.994+02:00
0.45771143;open;2021-10-05T17:53:00.000+02:00;184;218;0;402;402;18944[Alte Oper];2021-10-05T17:57:01.994+02:00
0.09615385;open;2021-10-05T17:53:00.000+02:00;35;329;0;364;364;24281[Hauptbahnhof Süd];2021-10-05T17:57:01.994+02:00
0.85680753;open;2021-10-05T17:53:00.000+02:00;365;61;0;426;426;18497[Hauptwache];2021-10-05T17:57:01.994+02:00
0.85414094;open;2021-10-05T17:53:00.000+02:00;691;118;0;809;809;24279[Konstabler];2021-10-05T17:57:01.994+02:00
0.5838235;open;2021-10-05T17:53:00.000+02:00;397;283;0;680;680;18495[Am Gericht];2021-10-05T17:57:01.994+02:00
0.28329572;open;2021-10-05T17:53:00.000+02:00;251;635;70;956;886;109240[MyZeil];2021-10-05T17:57:01.994+02:00
0.5820189;open;2021-10-05T17:53:00.000+02:00;369;265;0;634;634;18494[Konrad-Adenauer-Straße];2021-10-05T17:57:01.994+02:00
0.79333335;open;2021-10-05T18:18:00.000+02:00;119;31;200;350;150;24276[Turmcenter];2021-10-05T18:22:01.093+02:00
0.43034825;open;2021-10-05T18:18:00.000+02:00;173;229;0;402;402;18944[Alte Oper];2021-10-05T18:22:01.093+02:00
0.06868132;open;2021-10-05T18:18:00.000+02:00;25;339;0;364;364;24281[Hauptbahnhof Süd];2021-10-05T18:22:01.093+02:00
0.8685446;open;2021-10-05T18:18:00.000+02:00;370;56;0;426;426;18497[Hauptwache];2021-10-05T18:22:01.093+02:00
0.82694685;open;2021-10-05T18:18:00.000+02:00;669;140;0;809;809;24279[Konstabler];2021-10-05T18:22:01.093+02:00
0.5602941;open;2021-10-05T18:18:00.000+02:00;381;299;0;680;680;18495[Am Gericht];2021-10-05T18:22:01.093+02:00
0.27088037;open;2021-10-05T18:18:00.000+02:00;240;646;70;956;886;109240[MyZeil];2021-10-05T18:22:01.093+02:00
0.58832806;open;2021-10-05T18:18:00.000+02:00;373;261;0;634;634;18494[Konrad-Adenauer-Straße];2021-10-05T18:22:01.093+02:00
0.625;open;2021-10-05T18:49:00.000+02:00;125;75;150;350;200;24276[Turmcenter];2021-10-05T18:52:01.842+02:00
0.41791046;open;2021-10-05T18:49:00.000+02:00;168;234;0;402;402;18944[Alte Oper];2021-10-05T18:52:01.842+02:00
0.043956045;open;2021-10-05T18:49:00.000+02:00;16;348;0;364;364;24281[Hauptbahnhof Süd];2021-10-05T18:52:01.842+02:00
0.87323946;open;2021-10-05T18:49:00.000+02:00;372;54;0;426;426;18497[Hauptwache];2021-10-05T18:52:01.842+02:00
0.80964154;open;2021-10-05T18:49:00.000+02:00;655;154;0;809;809;24279[Konstabler];2021-10-05T18:52:01.842+02:00
0.5588235;open;2021-10-05T18:49:00.000+02:00;380;300;0;680;680;18495[Am Gericht];2021-10-05T18:52:01.842+02:00
0.25620767;open;2021-10-05T18:49:00.000+02:00;227;659;70;956;886;109240[MyZeil];2021-10-05T18:52:01.842+02:00
0.5772871;open;2021-10-05T18:49:00.000+02:00;366;268;0;634;634;18494[Konrad-Adenauer-Straße];2021-10-05T18:52:01.842+02:00
0.67;open;2021-10-05T19:09:00.000+02:00;134;66;150;350;200;24276[Turmcenter];2021-10-05T19:12:00.977+02:00
0.41044775;open;2021-10-05T19:09:00.000+02:00;165;237;0;402;402;18944[Alte Oper];2021-10-05T19:12:00.977+02:00
0.027472528;open;2021-10-05T19:09:00.000+02:00;10;354;0;364;364;24281[Hauptbahnhof Süd];2021-10-05T19:12:00.977+02:00
0.85211265;open;2021-10-05T19:09:00.000+02:00;363;63;0;426;426;18497[Hauptwache];2021-10-05T19:12:00.977+02:00
0.7886279;open;2021-10-05T19:09:00.000+02:00;638;171;0;809;809;24279[Konstabler];2021-10-05T19:12:00.977+02:00
0.5617647;open;2021-10-05T19:09:00.000+02:00;382;298;0;680;680;18495[Am Gericht];2021-10-05T19:12:00.977+02:00
0.251693;open;2021-10-05T19:09:00.000+02:00;223;663;70;956;886;109240[MyZeil];2021-10-05T19:12:00.977+02:00
0.5599369;open;2021-10-05T19:09:00.000+02:00;355;279;0;634;634;18494[Konrad-Adenauer-Straße];2021-10-05T19:12:00.977+02:00
0.705;open;2021-10-05T19:30:00.000+02:00;141;59;150;350;200;24276[Turmcenter];2021-10-05T19:32:02.748+02:00
0.40049753;open;2021-10-05T19:30:00.000+02:00;161;241;0;402;402;18944[Alte Oper];2021-10-05T19:32:02.748+02:00
0.03021978;open;2021-10-05T19:30:00.000+02:00;11;353;0;364;364;24281[Hauptbahnhof Süd];2021-10-05T19:32:02.748+02:00
0.8356807;open;2021-10-05T19:30:00.000+02:00;356;70;0;426;426;18497[Hauptwache];2021-10-05T19:32:02.748+02:00
0.7490729;open;2021-10-05T19:30:00.000+02:00;606;203;0;809;809;24279[Konstabler];2021-10-05T19:32:02.748+02:00
0.5514706;open;2021-10-05T19:30:00.000+02:00;375;305;0;680;680;18495[Am Gericht];2021-10-05T19:32:02.748+02:00
0.25846502;open;2021-10-05T19:30:00.000+02:00;229;657;70;956;886;109240[MyZeil];2021-10-05T19:32:02.748+02:00
0.5567823;open;2021-10-05T19:30:00.000+02:00;353;281;0;634;634;18494[Konrad-Adenauer-Straße];2021-10-05T19:32:02.748+02:00
0.73;open;2021-10-05T19:40:00.000+02:00;146;54;150;350;200;24276[Turmcenter];2021-10-05T19:42:00.160+02:00
0.40049753;open;2021-10-05T19:40:00.000+02:00;161;241;0;402;402;18944[Alte Oper];2021-10-05T19:42:00.160+02:00
0.027472528;open;2021-10-05T19:40:00.000+02:00;10;354;0;364;364;24281[Hauptbahnhof Süd];2021-10-05T19:42:00.160+02:00
0.8028169;open;2021-10-05T19:40:00.000+02:00;342;84;0;426;426;18497[Hauptwache];2021-10-05T19:42:00.160+02:00
0.7404203;open;2021-10-05T19:40:00.000+02:00;599;210;0;809;809;24279[Konstabler];2021-10-05T19:42:00.160+02:00
0.55;open;2021-10-05T19:40:00.000+02:00;374;306;0;680;680;18495[Am Gericht];2021-10-05T19:42:00.160+02:00
0.26410836;open;2021-10-05T19:40:00.000+02:00;234;652;70;956;886;109240[MyZeil];2021-10-05T19:42:00.160+02:00
0.5488959;open;2021-10-05T19:40:00.000+02:00;348;286;0;634;634;18494[Konrad-Adenauer-Straße];2021-10-05T19:42:00.160+02:00
0.74;open;2021-10-05T19:50:00.000+02:00;148;52;150;350;200;24276[Turmcenter];2021-10-05T19:52:02.649+02:00
0.38308457;open;2021-10-05T19:50:00.000+02:00;154;248;0;402;402;18944[Alte Oper];2021-10-05T19:52:02.649+02:00
0.027472528;open;2021-10-05T19:50:00.000+02:00;10;354;0;364;364;24281[Hauptbahnhof Süd];2021-10-05T19:52:02.649+02:00
0.8028169;open;2021-10-05T19:50:00.000+02:00;342;84;0;426;426;18497[Hauptwache];2021-10-05T19:52:02.649+02:00
0.7305315;open;2021-10-05T19:50:00.000+02:00;591;218;0;809;809;24279[Konstabler];2021-10-05T19:52:02.649+02:00
0.5470588;open;2021-10-05T19:50:00.000+02:00;372;308;0;680;680;18495[Am Gericht];2021-10-05T19:52:02.649+02:00
0.255079;open;2021-10-05T19:50:00.000+02:00;226;660;70;956;886;109240[MyZeil];2021-10-05T19:52:02.649+02:00
0.54731864;open;2021-10-05T19:50:00.000+02:00;347;287;0;634;634;18494[Konrad-Adenauer-Straße];2021-10-05T19:52:02.649+02:00
0.755;open;2021-10-05T20:00:00.000+02:00;151;49;150;350;200;24276[Turmcenter];2021-10-05T20:02:02.084+02:00
0.37064677;open;2021-10-05T20:00:00.000+02:00;149;253;0;402;402;18944[Alte Oper];2021-10-05T20:02:02.084+02:00
0.027472528;open;2021-10-05T20:00:00.000+02:00;10;354;0;364;364;24281[Hauptbahnhof Süd];2021-10-05T20:02:02.084+02:00
0.786385;open;2021-10-05T20:00:00.000+02:00;335;91;0;426;426;18497[Hauptwache];2021-10-05T20:02:02.084+02:00
0.7119901;open;2021-10-05T20:00:00.000+02:00;576;233;0;809;809;24279[Konstabler];2021-10-05T20:02:02.084+02:00
0.5397059;open;2021-10-05T20:00:00.000+02:00;367;313;0;680;680;18495[Am Gericht];2021-10-05T20:02:02.084+02:00
0.24943566;open;2021-10-05T20:00:00.000+02:00;221;665;70;956;886;109240[MyZeil];2021-10-05T20:02:02.084+02:00
0.5410095;open;2021-10-05T20:00:00.000+02:00;343;291;0;634;634;18494[Konrad-Adenauer-Straße];2021-10-05T20:02:02.084+02:00
0.745;open;2021-10-05T20:25:00.000+02:00;149;51;150;350;200;24276[Turmcenter];2021-10-05T20:27:01.454+02:00
0.35572138;open;2021-10-05T20:25:00.000+02:00;143;259;0;402;402;18944[Alte Oper];2021-10-05T20:27:01.454+02:00
0.021978023;open;2021-10-05T20:25:00.000+02:00;8;356;0;364;364;24281[Hauptbahnhof Süd];2021-10-05T20:27:01.454+02:00
0.75352114;open;2021-10-05T20:25:00.000+02:00;321;105;0;426;426;18497[Hauptwache];2021-10-05T20:27:01.454+02:00
0.6687268;open;2021-10-05T20:25:00.000+02:00;541;268;0;809;809;24279[Konstabler];2021-10-05T20:27:01.454+02:00
0.5088235;open;2021-10-05T20:25:00.000+02:00;346;334;0;680;680;18495[Am Gericht];2021-10-05T20:27:01.454+02:00
0.22121896;open;2021-10-05T20:25:00.000+02:00;196;690;70;956;886;109240[MyZeil];2021-10-05T20:27:01.454+02:00
0.5378549;open;2021-10-05T20:25:00.000+02:00;341;293;0;634;634;18494[Konrad-Adenauer-Straße];2021-10-05T20:27:01.454+02:00
0.745;open;2021-10-05T20:46:00.000+02:00;149;51;150;350;200;24276[Turmcenter];2021-10-05T20:47:02.980+02:00
0.32587063;open;2021-10-05T20:46:00.000+02:00;131;271;0;402;402;18944[Alte Oper];2021-10-05T20:47:02.980+02:00
0.016483517;open;2021-10-05T20:46:00.000+02:00;6;358;0;364;364;24281[Hauptbahnhof Süd];2021-10-05T20:47:02.980+02:00
0.71596247;open;2021-10-05T20:46:00.000+02:00;305;121;0;426;426;18497[Hauptwache];2021-10-05T20:47:02.980+02:00
0.66501856;open;2021-10-05T20:46:00.000+02:00;538;271;0;809;809;24279[Konstabler];2021-10-05T20:47:02.980+02:00
0.50147057;open;2021-10-05T20:46:00.000+02:00;341;339;0;680;680;18495[Am Gericht];2021-10-05T20:47:02.980+02:00
0.20993228;open;2021-10-05T20:46:00.000+02:00;186;700;70;956;886;109240[MyZeil];2021-10-05T20:47:02.980+02:00
0.5252366;open;2021-10-05T20:46:00.000+02:00;333;301;0;634;634;18494[Konrad-Adenauer-Straße];2021-10-05T20:47:02.980+02:00
0.74;open;2021-10-05T20:51:00.000+02:00;148;52;150;350;200;24276[Turmcenter];2021-10-05T20:52:00.344+02:00
0.31840795;open;2021-10-05T20:51:00.000+02:00;128;274;0;402;402;18944[Alte Oper];2021-10-05T20:52:00.344+02:00
0.016483517;open;2021-10-05T20:51:00.000+02:00;6;358;0;364;364;24281[Hauptbahnhof Süd];2021-10-05T20:52:00.344+02:00
0.7089202;open;2021-10-05T20:51:00.000+02:00;302;124;0;426;426;18497[Hauptwache];2021-10-05T20:52:00.344+02:00
0.6600742;open;2021-10-05T20:51:00.000+02:00;534;275;0;809;809;24279[Konstabler];2021-10-05T20:52:00.344+02:00
0.4985294;open;2021-10-05T20:51:00.000+02:00;339;341;0;680;680;18495[Am Gericht];2021-10-05T20:52:00.344+02:00
0.20654628;open;2021-10-05T20:51:00.000+02:00;183;703;70;956;886;109240[MyZeil];2021-10-05T20:52:00.344+02:00
0.52681386;open;2021-10-05T20:51:00.000+02:00;334;300;0;634;634;18494[Konrad-Adenauer-Straße];2021-10-05T20:52:00.344+02:00
0.745;open;2021-10-05T20:56:00.000+02:00;149;51;150;350;200;24276[Turmcenter];2021-10-05T20:57:00.280+02:00
0.31343284;open;2021-10-05T20:56:00.000+02:00;126;276;0;402;402;18944[Alte Oper];2021-10-05T20:57:00.280+02:00
0.013736264;open;2021-10-05T20:56:00.000+02:00;5;359;0;364;364;24281[Hauptbahnhof Süd];2021-10-05T20:57:00.280+02:00
0.69953054;open;2021-10-05T20:56:00.000+02:00;298;128;0;426;426;18497[Hauptwache];2021-10-05T20:57:00.280+02:00
0.6514215;open;2021-10-05T20:56:00.000+02:00;527;282;0;809;809;24279[Konstabler];2021-10-05T20:57:00.280+02:00
0.4970588;open;2021-10-05T20:56:00.000+02:00;338;342;0;680;680;18495[Am Gericht];2021-10-05T20:57:00.280+02:00
0.20767495;open;2021-10-05T20:56:00.000+02:00;184;702;70;956;886;109240[MyZeil];2021-10-05T20:57:00.280+02:00
0.52681386;open;2021-10-05T20:56:00.000+02:00;334;300;0;634;634;18494[Konrad-Adenauer-Straße];2021-10-05T20:57:00.280+02:00
0.695;open;2021-10-05T21:11:00.000+02:00;139;61;150;350;200;24276[Turmcenter];2021-10-05T21:12:00.865+02:00
0.2885572;open;2021-10-05T21:11:00.000+02:00;116;286;0;402;402;18944[Alte Oper];2021-10-05T21:12:00.865+02:00
0.016483517;open;2021-10-05T21:11:00.000+02:00;6;358;0;364;364;24281[Hauptbahnhof Süd];2021-10-05T21:12:00.865+02:00
0.6713615;open;2021-10-05T21:11:00.000+02:00;286;140;0;426;426;18497[Hauptwache];2021-10-05T21:12:00.865+02:00
0.6415328;open;2021-10-05T21:11:00.000+02:00;519;290;0;809;809;24279[Konstabler];2021-10-05T21:12:00.865+02:00
0.4735294;open;2021-10-05T21:11:00.000+02:00;322;358;0;680;680;18495[Am Gericht];2021-10-05T21:12:00.865+02:00
0.20090294;open;2021-10-05T21:11:00.000+02:00;178;708;70;956;886;109240[MyZeil];2021-10-05T21:12:00.865+02:00
0.50630915;open;2021-10-05T21:11:00.000+02:00;321;313;0;634;634;18494[Konrad-Adenauer-Straße];2021-10-05T21:12:00.865+02:00
0.615;open;2021-10-05T21:26:00.000+02:00;123;77;150;350;200;24276[Turmcenter];2021-10-05T21:27:00.849+02:00
0.27363184;open;2021-10-05T21:26:00.000+02:00;110;292;0;402;402;18944[Alte Oper];2021-10-05T21:27:00.849+02:00
0.013736264;open;2021-10-05T21:26:00.000+02:00;5;359;0;364;364;24281[Hauptbahnhof Süd];2021-10-05T21:27:00.849+02:00
0.6549296;open;2021-10-05T21:26:00.000+02:00;279;147;0;426;426;18497[Hauptwache];2021-10-05T21:27:00.849+02:00
0.6291718;open;2021-10-05T21:26:00.000+02:00;509;300;0;809;809;24279[Konstabler];2021-10-05T21:27:00.849+02:00
0.46617648;open;2021-10-05T21:26:00.000+02:00;317;363;0;680;680;18495[Am Gericht];2021-10-05T21:27:00.849+02:00
0.19864559;open;2021-10-05T21:26:00.000+02:00;176;710;70;956;886;109240[MyZeil];2021-10-05T21:27:00.849+02:00
0.4984227;open;2021-10-05T21:26:00.000+02:00;316;318;0;634;634;18494[Konrad-Adenauer-Straße];2021-10-05T21:27:00.849+02:00
0.6;open;2021-10-05T21:37:00.000+02:00;120;80;150;350;200;24276[Turmcenter];2021-10-05T21:42:01.947+02:00
0.26865673;open;2021-10-05T21:37:00.000+02:00;108;294;0;402;402;18944[Alte Oper];2021-10-05T21:42:01.947+02:00
0.010989011;open;2021-10-05T21:37:00.000+02:00;4;360;0;364;364;24281[Hauptbahnhof Süd];2021-10-05T21:42:01.947+02:00
0.65023476;open;2021-10-05T21:37:00.000+02:00;277;149;0;426;426;18497[Hauptwache];2021-10-05T21:42:01.947+02:00
0.6131026;open;2021-10-05T21:37:00.000+02:00;496;313;0;809;809;24279[Konstabler];2021-10-05T21:42:01.947+02:00
0.45882353;open;2021-10-05T21:37:00.000+02:00;312;368;0;680;680;18495[Am Gericht];2021-10-05T21:42:01.947+02:00
0.19074492;open;2021-10-05T21:37:00.000+02:00;169;717;70;956;886;109240[MyZeil];2021-10-05T21:42:01.947+02:00
0.49053627;open;2021-10-05T21:37:00.000+02:00;311;323;0;634;634;18494[Konrad-Adenauer-Straße];2021-10-05T21:42:01.947+02:00
0.58;open;2021-10-05T21:42:00.000+02:00;116;84;150;350;200;24276[Turmcenter];2021-10-05T21:47:02.659+02:00
0.26865673;open;2021-10-05T21:42:00.000+02:00;108;294;0;402;402;18944[Alte Oper];2021-10-05T21:47:02.659+02:00
0.010989011;open;2021-10-05T21:42:00.000+02:00;4;360;0;364;364;24281[Hauptbahnhof Süd];2021-10-05T21:47:02.659+02:00
0.64319247;open;2021-10-05T21:42:00.000+02:00;274;152;0;426;426;18497[Hauptwache];2021-10-05T21:47:02.659+02:00
0.6106304;open;2021-10-05T21:42:00.000+02:00;494;315;0;809;809;24279[Konstabler];2021-10-05T21:47:02.659+02:00
0.45441177;open;2021-10-05T21:42:00.000+02:00;309;371;0;680;680;18495[Am Gericht];2021-10-05T21:47:02.659+02:00
0.18848759;open;2021-10-05T21:42:00.000+02:00;167;719;70;956;886;109240[MyZeil];2021-10-05T21:47:02.659+02:00
0.49053627;open;2021-10-05T21:42:00.000+02:00;311;323;0;634;634;18494[Konrad-Adenauer-Straße];2021-10-05T21:47:02.659+02:00
0.565;open;2021-10-05T21:52:00.000+02:00;113;87;150;350;200;24276[Turmcenter];2021-10-05T21:57:00.160+02:00
0.2562189;open;2021-10-05T21:52:00.000+02:00;103;299;0;402;402;18944[Alte Oper];2021-10-05T21:57:00.160+02:00
0.010989011;open;2021-10-05T21:52:00.000+02:00;4;360;0;364;364;24281[Hauptbahnhof Süd];2021-10-05T21:57:00.160+02:00
0.6197183;open;2021-10-05T21:52:00.000+02:00;264;162;0;426;426;18497[Hauptwache];2021-10-05T21:57:00.160+02:00
0.60321385;open;2021-10-05T21:52:00.000+02:00;488;321;0;809;809;24279[Konstabler];2021-10-05T21:57:00.160+02:00
0.45147058;open;2021-10-05T21:52:00.000+02:00;307;373;0;680;680;18495[Am Gericht];2021-10-05T21:57:00.160+02:00
0.18171558;open;2021-10-05T21:52:00.000+02:00;161;725;70;956;886;109240[MyZeil];2021-10-05T21:57:00.160+02:00
0.4873817;open;2021-10-05T21:52:00.000+02:00;309;325;0;634;634;18494[Konrad-Adenauer-Straße];2021-10-05T21:57:00.160+02:00
0.51;open;2021-10-05T22:12:00.000+02:00;102;98;150;350;200;24276[Turmcenter];2021-10-05T22:17:00.378+02:00
0.24129353;open;2021-10-05T22:12:00.000+02:00;97;305;0;402;402;18944[Alte Oper];2021-10-05T22:17:00.378+02:00
0.008241759;open;2021-10-05T22:12:00.000+02:00;3;361;0;364;364;24281[Hauptbahnhof Süd];2021-10-05T22:17:00.378+02:00
0.57746476;open;2021-10-05T22:12:00.000+02:00;246;180;0;426;426;18497[Hauptwache];2021-10-05T22:17:00.378+02:00
0.59456116;open;2021-10-05T22:12:00.000+02:00;481;328;0;809;809;24279[Konstabler];2021-10-05T22:17:00.378+02:00
0.43676472;open;2021-10-05T22:12:00.000+02:00;297;383;0;680;680;18495[Am Gericht];2021-10-05T22:17:00.378+02:00
0.17832957;open;2021-10-05T22:12:00.000+02:00;158;728;70;956;886;109240[MyZeil];2021-10-05T22:17:00.378+02:00
0.4747634;open;2021-10-05T22:12:00.000+02:00;301;333;0;634;634;18494[Konrad-Adenauer-Straße];2021-10-05T22:17:00.378+02:00
0.45;open;2021-10-05T22:27:00.000+02:00;90;110;150;350;200;24276[Turmcenter];2021-10-05T22:32:02.436+02:00
0.23134328;open;2021-10-05T22:27:00.000+02:00;93;309;0;402;402;18944[Alte Oper];2021-10-05T22:32:02.436+02:00
0.010989011;open;2021-10-05T22:27:00.000+02:00;4;360;0;364;364;24281[Hauptbahnhof Süd];2021-10-05T22:32:02.436+02:00
0.5610329;open;2021-10-05T22:27:00.000+02:00;239;187;0;426;426;18497[Hauptwache];2021-10-05T22:32:02.436+02:00
0.58961684;open;2021-10-05T22:27:00.000+02:00;477;332;0;809;809;24279[Konstabler];2021-10-05T22:32:02.436+02:00
0.43382353;open;2021-10-05T22:27:00.000+02:00;295;385;0;680;680;18495[Am Gericht];2021-10-05T22:32:02.436+02:00
0.17042889;open;2021-10-05T22:27:00.000+02:00;151;735;70;956;886;109240[MyZeil];2021-10-05T22:32:02.436+02:00
0.46687698;open;2021-10-05T22:27:00.000+02:00;296;338;0;634;634;18494[Konrad-Adenauer-Straße];2021-10-05T22:32:02.436+02:00
0.43;open;2021-10-05T22:37:00.000+02:00;86;114;150;350;200;24276[Turmcenter];2021-10-05T22:42:00.775+02:00
0.21393035;open;2021-10-05T22:37:00.000+02:00;86;316;0;402;402;18944[Alte Oper];2021-10-05T22:42:00.775+02:00
0.010989011;open;2021-10-05T22:37:00.000+02:00;4;360;0;364;364;24281[Hauptbahnhof Süd];2021-10-05T22:42:00.775+02:00
0.556338;open;2021-10-05T22:37:00.000+02:00;237;189;0;426;426;18497[Hauptwache];2021-10-05T22:42:00.775+02:00
0.58343637;open;2021-10-05T22:37:00.000+02:00;472;337;0;809;809;24279[Konstabler];2021-10-05T22:42:00.775+02:00
0.43529412;open;2021-10-05T22:37:00.000+02:00;296;384;0;680;680;18495[Am Gericht];2021-10-05T22:42:00.775+02:00
0.16817155;open;2021-10-05T22:37:00.000+02:00;149;737;70;956;886;109240[MyZeil];2021-10-05T22:42:00.775+02:00
0.46214512;open;2021-10-05T22:37:00.000+02:00;293;341;0;634;634;18494[Konrad-Adenauer-Straße];2021-10-05T22:42:00.775+02:00
0.395;open;2021-10-05T22:42:00.000+02:00;79;121;150;350;200;24276[Turmcenter];2021-10-05T22:47:00.422+02:00
0.20895523;open;2021-10-05T22:42:00.000+02:00;84;318;0;402;402;18944[Alte Oper];2021-10-05T22:47:00.422+02:00
0.010989011;open;2021-10-05T22:42:00.000+02:00;4;360;0;364;364;24281[Hauptbahnhof Süd];2021-10-05T22:47:00.422+02:00
0.5492958;open;2021-10-05T22:42:00.000+02:00;234;192;0;426;426;18497[Hauptwache];2021-10-05T22:47:00.422+02:00
0.58096415;open;2021-10-05T22:42:00.000+02:00;470;339;0;809;809;24279[Konstabler];2021-10-05T22:47:00.422+02:00
0.43529412;open;2021-10-05T22:42:00.000+02:00;296;384;0;680;680;18495[Am Gericht];2021-10-05T22:47:00.422+02:00
0.16591422;open;2021-10-05T22:42:00.000+02:00;147;739;70;956;886;109240[MyZeil];2021-10-05T22:47:00.422+02:00
0.45741326;open;2021-10-05T22:42:00.000+02:00;290;344;0;634;634;18494[Konrad-Adenauer-Straße];2021-10-05T22:47:00.422+02:00
0.325;open;2021-10-05T22:53:00.000+02:00;65;135;150;350;200;24276[Turmcenter];2021-10-05T22:57:00.877+02:00
0.19651741;open;2021-10-05T22:53:00.000+02:00;79;323;0;402;402;18944[Alte Oper];2021-10-05T22:57:00.877+02:00
0.010989011;open;2021-10-05T22:53:00.000+02:00;4;360;0;364;364;24281[Hauptbahnhof Süd];2021-10-05T22:57:00.877+02:00
0.5375587;open;2021-10-05T22:53:00.000+02:00;229;197;0;426;426;18497[Hauptwache];2021-10-05T22:57:00.877+02:00
0.58096415;open;2021-10-05T22:53:00.000+02:00;470;339;0;809;809;24279[Konstabler];2021-10-05T22:57:00.877+02:00
0.43529412;open;2021-10-05T22:53:00.000+02:00;296;384;0;680;680;18495[Am Gericht];2021-10-05T22:57:00.877+02:00
0.16252822;open;2021-10-05T22:53:00.000+02:00;144;742;70;956;886;109240[MyZeil];2021-10-05T22:57:00.877+02:00
0.45583597;open;2021-10-05T22:53:00.000+02:00;289;345;0;634;634;18494[Konrad-Adenauer-Straße];2021-10-05T22:57:00.877+02:00
0.315;open;2021-10-05T23:08:00.000+02:00;63;137;150;350;200;24276[Turmcenter];2021-10-05T23:12:01.786+02:00
0.16915423;open;2021-10-05T23:08:00.000+02:00;68;334;0;402;402;18944[Alte Oper];2021-10-05T23:12:01.786+02:00
0.013736264;open;2021-10-05T23:08:00.000+02:00;5;359;0;364;364;24281[Hauptbahnhof Süd];2021-10-05T23:12:01.786+02:00
0.53521127;open;2021-10-05T23:08:00.000+02:00;228;198;0;426;426;18497[Hauptwache];2021-10-05T23:12:01.786+02:00
0.5747837;open;2021-10-05T23:08:00.000+02:00;465;344;0;809;809;24279[Konstabler];2021-10-05T23:12:01.786+02:00
0.43088236;open;2021-10-05T23:08:00.000+02:00;293;387;0;680;680;18495[Am Gericht];2021-10-05T23:12:01.786+02:00
0.1557562;open;2021-10-05T23:08:00.000+02:00;138;748;70;956;886;109240[MyZeil];2021-10-05T23:12:01.786+02:00
0.4526814;open;2021-10-05T23:08:00.000+02:00;287;347;0;634;634;18494[Konrad-Adenauer-Straße];2021-10-05T23:12:01.786+02:00
0.245;open;2021-10-05T23:24:00.000+02:00;49;151;150;350;200;24276[Turmcenter];2021-10-05T23:27:01.874+02:00
0.16666667;open;2021-10-05T23:24:00.000+02:00;67;335;0;402;402;18944[Alte Oper];2021-10-05T23:27:01.874+02:00
0.010989011;open;2021-10-05T23:24:00.000+02:00;4;360;0;364;364;24281[Hauptbahnhof Süd];2021-10-05T23:27:01.874+02:00
0.52582157;open;2021-10-05T23:24:00.000+02:00;224;202;0;426;426;18497[Hauptwache];2021-10-05T23:27:01.874+02:00
0.5723115;open;2021-10-05T23:24:00.000+02:00;463;346;0;809;809;24279[Konstabler];2021-10-05T23:27:01.874+02:00
0.42794117;open;2021-10-05T23:24:00.000+02:00;291;389;0;680;680;18495[Am Gericht];2021-10-05T23:27:01.874+02:00
0.15011287;open;2021-10-05T23:24:00.000+02:00;133;753;70;956;886;109240[MyZeil];2021-10-05T23:27:01.874+02:00
0.44479495;open;2021-10-05T23:24:00.000+02:00;282;352;0;634;634;18494[Konrad-Adenauer-Straße];2021-10-05T23:27:01.874+02:00
0.225;open;2021-10-05T23:34:00.000+02:00;45;155;150;350;200;24276[Turmcenter];2021-10-05T23:37:02.430+02:00
0.15422885;open;2021-10-05T23:34:00.000+02:00;62;340;0;402;402;18944[Alte Oper];2021-10-05T23:37:02.430+02:00
0.010989011;open;2021-10-05T23:34:00.000+02:00;4;360;0;364;364;24281[Hauptbahnhof Süd];2021-10-05T23:37:02.430+02:00
0.5164319;open;2021-10-05T23:34:00.000+02:00;220;206;0;426;426;18497[Hauptwache];2021-10-05T23:37:02.430+02:00
0.5710754;open;2021-10-05T23:34:00.000+02:00;462;347;0;809;809;24279[Konstabler];2021-10-05T23:37:02.430+02:00
0.42941177;open;2021-10-05T23:34:00.000+02:00;292;388;0;680;680;18495[Am Gericht];2021-10-05T23:37:02.430+02:00
0.13995485;open;2021-10-05T23:34:00.000+02:00;124;762;70;956;886;109240[MyZeil];2021-10-05T23:37:02.430+02:00
0.44479495;open;2021-10-05T23:34:00.000+02:00;282;352;0;634;634;18494[Konrad-Adenauer-Straße];2021-10-05T23:37:02.430+02:00
0.22;open;2021-10-05T23:44:00.000+02:00;44;156;150;350;200;24276[Turmcenter];2021-10-05T23:47:01.076+02:00
0.1517413;open;2021-10-05T23:44:00.000+02:00;61;341;0;402;402;18944[Alte Oper];2021-10-05T23:47:01.076+02:00
0.010989011;open;2021-10-05T23:44:00.000+02:00;4;360;0;364;364;24281[Hauptbahnhof Süd];2021-10-05T23:47:01.076+02:00
0.5070422;open;2021-10-05T23:44:00.000+02:00;216;210;0;426;426;18497[Hauptwache];2021-10-05T23:47:01.076+02:00
0.5710754;open;2021-10-05T23:44:00.000+02:00;462;347;0;809;809;24279[Konstabler];2021-10-05T23:47:01.076+02:00
0.42794117;open;2021-10-05T23:44:00.000+02:00;291;389;0;680;680;18495[Am Gericht];2021-10-05T23:47:01.076+02:00
0.13882619;open;2021-10-05T23:44:00.000+02:00;123;763;70;956;886;109240[MyZeil];2021-10-05T23:47:01.076+02:00
0.44479495;open;2021-10-05T23:44:00.000+02:00;282;352;0;634;634;18494[Konrad-Adenauer-Straße];2021-10-05T23:47:01.076+02:00
0.21;open;2021-10-05T23:49:00.000+02:00;42;158;150;350;200;24276[Turmcenter];2021-10-05T23:52:01.122+02:00
0.1517413;open;2021-10-05T23:49:00.000+02:00;61;341;0;402;402;18944[Alte Oper];2021-10-05T23:52:01.122+02:00
0.010989011;open;2021-10-05T23:49:00.000+02:00;4;360;0;364;364;24281[Hauptbahnhof Süd];2021-10-05T23:52:01.122+02:00
0.5070422;open;2021-10-05T23:49:00.000+02:00;216;210;0;426;426;18497[Hauptwache];2021-10-05T23:52:01.122+02:00
0.5710754;open;2021-10-05T23:49:00.000+02:00;462;347;0;809;809;24279[Konstabler];2021-10-05T23:52:01.122+02:00
0.42794117;open;2021-10-05T23:49:00.000+02:00;291;389;0;680;680;18495[Am Gericht];2021-10-05T23:52:01.122+02:00
0.13882619;open;2021-10-05T23:49:00.000+02:00;123;763;70;956;886;109240[MyZeil];2021-10-05T23:52:01.122+02:00
0.44479495;open;2021-10-05T23:49:00.000+02:00;282;352;0;634;634;18494[Konrad-Adenauer-Straße];2021-10-05T23:52:01.122+02:00
0.145;open;2021-10-06T00:00:00.000+02:00;29;171;150;350;200;24276[Turmcenter];2021-10-06T00:02:01.238+02:00
0.14925373;open;2021-10-06T00:00:00.000+02:00;60;342;0;402;402;18944[Alte Oper];2021-10-06T00:02:01.238+02:00
0.010989011;open;2021-10-06T00:00:00.000+02:00;4;360;0;364;364;24281[Hauptbahnhof Süd];2021-10-06T00:02:01.238+02:00
0.5046948;open;2021-10-06T00:00:00.000+02:00;215;211;0;426;426;18497[Hauptwache];2021-10-06T00:02:01.238+02:00
0.5710754;open;2021-10-06T00:00:00.000+02:00;462;347;0;809;809;24279[Konstabler];2021-10-06T00:02:01.238+02:00
0.0;closed;2021-10-06T00:00:00.000+02:00;;389;0;0;0;18495[Am Gericht];2021-10-06T00:02:01.238+02:00
0.13882619;open;2021-10-06T00:00:00.000+02:00;123;763;70;956;886;109240[MyZeil];2021-10-06T00:02:01.238+02:00
0.44637224;open;2021-10-06T00:00:00.000+02:00;283;351;0;634;634;18494[Konrad-Adenauer-Straße];2021-10-06T00:02:01.238+02:00
0.115;open;2021-10-06T00:20:00.000+02:00;23;177;150;350;200;24276[Turmcenter];2021-10-06T00:22:02.272+02:00
0.13432837;open;2021-10-06T00:20:00.000+02:00;54;348;0;402;402;18944[Alte Oper];2021-10-06T00:22:02.272+02:00
0.010989011;open;2021-10-06T00:20:00.000+02:00;4;360;0;364;364;24281[Hauptbahnhof Süd];2021-10-06T00:22:02.272+02:00
0.49530515;open;2021-10-06T00:20:00.000+02:00;211;215;0;426;426;18497[Hauptwache];2021-10-06T00:22:02.272+02:00
0.56613106;open;2021-10-06T00:20:00.000+02:00;458;351;0;809;809;24279[Konstabler];2021-10-06T00:22:02.272+02:00
0.0;closed;2021-10-06T00:20:00.000+02:00;;389;0;0;0;18495[Am Gericht];2021-10-06T00:22:02.272+02:00
0.11512415;open;2021-10-06T00:20:00.000+02:00;102;784;70;956;886;109240[MyZeil];2021-10-06T00:22:02.272+02:00
0.44321766;open;2021-10-06T00:20:00.000+02:00;281;353;0;634;634;18494[Konrad-Adenauer-Straße];2021-10-06T00:22:02.272+02:00
0.105;open;2021-10-06T00:35:00.000+02:00;21;179;150;350;200;24276[Turmcenter];2021-10-06T00:37:00.975+02:00
0.12935324;open;2021-10-06T00:35:00.000+02:00;52;350;0;402;402;18944[Alte Oper];2021-10-06T00:37:00.975+02:00
0.010989011;open;2021-10-06T00:35:00.000+02:00;4;360;0;364;364;24281[Hauptbahnhof Süd];2021-10-06T00:37:00.975+02:00
0.49530515;open;2021-10-06T00:35:00.000+02:00;211;215;0;426;426;18497[Hauptwache];2021-10-06T00:37:00.975+02:00
0.5648949;open;2021-10-06T00:35:00.000+02:00;457;352;0;809;809;24279[Konstabler];2021-10-06T00:37:00.975+02:00
0.0;closed;2021-10-06T00:35:00.000+02:00;;389;0;0;0;18495[Am Gericht];2021-10-06T00:37:00.975+02:00
0.11060948;open;2021-10-06T00:35:00.000+02:00;98;788;70;956;886;109240[MyZeil];2021-10-06T00:37:00.975+02:00
0.44164038;open;2021-10-06T00:35:00.000+02:00;280;354;0;634;634;18494[Konrad-Adenauer-Straße];2021-10-06T00:37:00.975+02:00
0.1;open;2021-10-06T00:40:00.000+02:00;20;180;150;350;200;24276[Turmcenter];2021-10-06T00:42:02.699+02:00
0.12437811;open;2021-10-06T00:40:00.000+02:00;50;352;0;402;402;18944[Alte Oper];2021-10-06T00:42:02.699+02:00
0.010989011;open;2021-10-06T00:40:00.000+02:00;4;360;0;364;364;24281[Hauptbahnhof Süd];2021-10-06T00:42:02.699+02:00
0.49530515;open;2021-10-06T00:40:00.000+02:00;211;215;0;426;426;18497[Hauptwache];2021-10-06T00:42:02.699+02:00
0.5648949;open;2021-10-06T00:40:00.000+02:00;457;352;0;809;809;24279[Konstabler];2021-10-06T00:42:02.699+02:00
0.0;closed;2021-10-06T00:40:00.000+02:00;;389;0;0;0;18495[Am Gericht];2021-10-06T00:42:02.699+02:00
0.11060948;open;2021-10-06T00:40:00.000+02:00;98;788;70;956;886;109240[MyZeil];2021-10-06T00:42:02.699+02:00
0.44164038;open;2021-10-06T00:40:00.000+02:00;280;354;0;634;634;18494[Konrad-Adenauer-Straße];2021-10-06T00:42:02.699+02:00
0.095;open;2021-10-06T00:50:00.000+02:00;19;181;150;350;200;24276[Turmcenter];2021-10-06T00:52:02.681+02:00
0.121890545;open;2021-10-06T00:50:00.000+02:00;49;353;0;402;402;18944[Alte Oper];2021-10-06T00:52:02.681+02:00
0.010989011;open;2021-10-06T00:50:00.000+02:00;4;360;0;364;364;24281[Hauptbahnhof Süd];2021-10-06T00:52:02.681+02:00
0.49295774;open;2021-10-06T00:50:00.000+02:00;210;216;0;426;426;18497[Hauptwache];2021-10-06T00:52:02.681+02:00
0.56613106;open;2021-10-06T00:50:00.000+02:00;458;351;0;809;809;24279[Konstabler];2021-10-06T00:52:02.681+02:00
0.0;closed;2021-10-06T00:50:00.000+02:00;;389;0;0;0;18495[Am Gericht];2021-10-06T00:52:02.681+02:00
0.10722347;open;2021-10-06T00:50:00.000+02:00;95;791;70;956;886;109240[MyZeil];2021-10-06T00:52:02.681+02:00
0.4369085;open;2021-10-06T00:50:00.000+02:00;277;357;0;634;634;18494[Konrad-Adenauer-Straße];2021-10-06T00:52:02.681+02:00
0.095;open;2021-10-06T01:01:00.000+02:00;19;181;150;350;200;24276[Turmcenter];2021-10-06T01:02:00.434+02:00
0.11940298;open;2021-10-06T01:01:00.000+02:00;48;354;0;402;402;18944[Alte Oper];2021-10-06T01:02:00.434+02:00
0.010989011;open;2021-10-06T01:01:00.000+02:00;4;360;0;364;364;24281[Hauptbahnhof Süd];2021-10-06T01:02:00.434+02:00
0.49295774;open;2021-10-06T01:01:00.000+02:00;210;216;0;426;426;18497[Hauptwache];2021-10-06T01:02:00.434+02:00
0.56613106;open;2021-10-06T01:01:00.000+02:00;458;351;0;809;809;24279[Konstabler];2021-10-06T01:02:00.434+02:00
0.0;closed;2021-10-06T01:01:00.000+02:00;;389;0;0;0;18495[Am Gericht];2021-10-06T01:02:00.434+02:00
0.10722347;open;2021-10-06T01:01:00.000+02:00;95;791;70;956;886;109240[MyZeil];2021-10-06T01:02:00.434+02:00
0.4369085;open;2021-10-06T01:01:00.000+02:00;277;357;0;634;634;18494[Konrad-Adenauer-Straße];2021-10-06T01:02:00.434+02:00
0.095;open;2021-10-06T01:21:00.000+02:00;19;181;150;350;200;24276[Turmcenter];2021-10-06T01:22:01.958+02:00
0.11691542;open;2021-10-06T01:21:00.000+02:00;47;355;0;402;402;18944[Alte Oper];2021-10-06T01:22:01.958+02:00
0.010989011;open;2021-10-06T01:21:00.000+02:00;4;360;0;364;364;24281[Hauptbahnhof Süd];2021-10-06T01:22:01.958+02:00
0.49295774;open;2021-10-06T01:21:00.000+02:00;210;216;0;426;426;18497[Hauptwache];2021-10-06T01:22:01.958+02:00
0.56613106;open;2021-10-06T01:21:00.000+02:00;458;351;0;809;809;24279[Konstabler];2021-10-06T01:22:01.958+02:00
0.0;closed;2021-10-06T01:21:00.000+02:00;;389;0;0;0;18495[Am Gericht];2021-10-06T01:22:01.958+02:00
0.10722347;open;2021-10-06T01:21:00.000+02:00;95;791;70;956;886;109240[MyZeil];2021-10-06T01:22:01.958+02:00
0.43533123;open;2021-10-06T01:21:00.000+02:00;276;358;0;634;634;18494[Konrad-Adenauer-Straße];2021-10-06T01:22:01.958+02:00
0.095;open;2021-10-06T01:31:00.000+02:00;19;181;150;350;200;24276[Turmcenter];2021-10-06T01:32:00.176+02:00
0.11691542;open;2021-10-06T01:31:00.000+02:00;47;355;0;402;402;18944[Alte Oper];2021-10-06T01:32:00.176+02:00
0.010989011;open;2021-10-06T01:31:00.000+02:00;4;360;0;364;364;24281[Hauptbahnhof Süd];2021-10-06T01:32:00.176+02:00
0.49295774;open;2021-10-06T01:31:00.000+02:00;210;216;0;426;426;18497[Hauptwache];2021-10-06T01:32:00.176+02:00
0.56613106;open;2021-10-06T01:31:00.000+02:00;458;351;0;809;809;24279[Konstabler];2021-10-06T01:32:00.176+02:00
0.0;closed;2021-10-06T01:31:00.000+02:00;;389;0;0;0;18495[Am Gericht];2021-10-06T01:32:00.176+02:00
0.10722347;open;2021-10-06T01:31:00.000+02:00;95;791;70;956;886;109240[MyZeil];2021-10-06T01:32:00.176+02:00
0.43533123;open;2021-10-06T01:31:00.000+02:00;276;358;0;634;634;18494[Konrad-Adenauer-Straße];2021-10-06T01:32:00.176+02:00
0.095;open;2021-10-06T01:41:00.000+02:00;19;181;150;350;200;24276[Turmcenter];2021-10-06T01:47:02.382+02:00
0.11691542;open;2021-10-06T01:41:00.000+02:00;47;355;0;402;402;18944[Alte Oper];2021-10-06T01:47:02.382+02:00
0.010989011;open;2021-10-06T01:41:00.000+02:00;4;360;0;364;364;24281[Hauptbahnhof Süd];2021-10-06T01:47:02.382+02:00
0.49295774;open;2021-10-06T01:41:00.000+02:00;210;216;0;426;426;18497[Hauptwache];2021-10-06T01:47:02.382+02:00
0.56613106;open;2021-10-06T01:41:00.000+02:00;458;351;0;809;809;24279[Konstabler];2021-10-06T01:47:02.382+02:00
0.0;closed;2021-10-06T01:41:00.000+02:00;;389;0;0;0;18495[Am Gericht];2021-10-06T01:47:02.382+02:00
0.10722347;open;2021-10-06T01:41:00.000+02:00;95;791;70;956;886;109240[MyZeil];2021-10-06T01:47:02.382+02:00
0.43375394;open;2021-10-06T01:41:00.000+02:00;275;359;0;634;634;18494[Konrad-Adenauer-Straße];2021-10-06T01:47:02.382+02:00
0.095;open;2021-10-06T01:52:00.000+02:00;19;181;150;350;200;24276[Turmcenter];2021-10-06T01:57:02.049+02:00
0.11691542;open;2021-10-06T01:52:00.000+02:00;47;355;0;402;402;18944[Alte Oper];2021-10-06T01:57:02.049+02:00
0.010989011;open;2021-10-06T01:52:00.000+02:00;4;360;0;364;364;24281[Hauptbahnhof Süd];2021-10-06T01:57:02.049+02:00
0.49295774;open;2021-10-06T01:52:00.000+02:00;210;216;0;426;426;18497[Hauptwache];2021-10-06T01:57:02.049+02:00
0.56613106;open;2021-10-06T01:52:00.000+02:00;458;351;0;809;809;24279[Konstabler];2021-10-06T01:57:02.049+02:00
0.0;closed;2021-10-06T01:52:00.000+02:00;;389;0;0;0;18495[Am Gericht];2021-10-06T01:57:02.049+02:00
0.10722347;open;2021-10-06T01:52:00.000+02:00;95;791;70;956;886;109240[MyZeil];2021-10-06T01:57:02.049+02:00
0.43375394;open;2021-10-06T01:52:00.000+02:00;275;359;0;634;634;18494[Konrad-Adenauer-Straße];2021-10-06T01:57:02.049+02:00
0.095;open;2021-10-06T02:53:00.000+02:00;19;181;150;350;200;24276[Turmcenter];2021-10-06T02:57:00.529+02:00
0.11691542;open;2021-10-06T02:53:00.000+02:00;47;355;0;402;402;18944[Alte Oper];2021-10-06T02:57:00.529+02:00
0.013736264;open;2021-10-06T02:53:00.000+02:00;5;359;0;364;364;24281[Hauptbahnhof Süd];2021-10-06T02:57:00.529+02:00
0.49295774;open;2021-10-06T02:53:00.000+02:00;210;216;0;426;426;18497[Hauptwache];2021-10-06T02:57:00.529+02:00
0.5648949;open;2021-10-06T02:53:00.000+02:00;457;352;0;809;809;24279[Konstabler];2021-10-06T02:57:00.529+02:00
0.0;closed;2021-10-06T02:53:00.000+02:00;;389;0;0;0;18495[Am Gericht];2021-10-06T02:57:00.529+02:00
0.10722347;open;2021-10-06T02:53:00.000+02:00;95;791;70;956;886;109240[MyZeil];2021-10-06T02:57:00.529+02:00
0.43375394;open;2021-10-06T02:53:00.000+02:00;275;359;0;634;634;18494[Konrad-Adenauer-Straße];2021-10-06T02:57:00.529+02:00
0.095;open;2021-10-06T03:59:00.000+02:00;19;181;150;350;200;24276[Turmcenter];2021-10-06T04:02:02.532+02:00
0.11691542;open;2021-10-06T03:59:00.000+02:00;47;355;0;402;402;18944[Alte Oper];2021-10-06T04:02:02.532+02:00
0.013736264;open;2021-10-06T03:59:00.000+02:00;5;359;0;364;364;24281[Hauptbahnhof Süd];2021-10-06T04:02:02.532+02:00
0.49295774;open;2021-10-06T03:59:00.000+02:00;210;216;0;426;426;18497[Hauptwache];2021-10-06T04:02:02.532+02:00
0.5648949;open;2021-10-06T03:59:00.000+02:00;457;352;0;809;809;24279[Konstabler];2021-10-06T04:02:02.532+02:00
0.0;closed;2021-10-06T03:59:00.000+02:00;;;0;0;0;18495[Am Gericht];2021-10-06T04:02:02.532+02:00
0.10722347;open;2021-10-06T03:59:00.000+02:00;95;791;70;956;886;109240[MyZeil];2021-10-06T04:02:02.532+02:00
0.4384858;open;2021-10-06T03:59:00.000+02:00;278;356;0;634;634;18494[Konrad-Adenauer-Straße];2021-10-06T04:02:02.532+02:00
0.095;open;2021-10-06T04:29:00.000+02:00;19;181;150;350;200;24276[Turmcenter];2021-10-06T04:32:00.770+02:00
0.11691542;open;2021-10-06T04:29:00.000+02:00;47;355;0;402;402;18944[Alte Oper];2021-10-06T04:32:00.770+02:00
0.016483517;open;2021-10-06T04:29:00.000+02:00;6;358;0;364;364;24281[Hauptbahnhof Süd];2021-10-06T04:32:00.770+02:00
0.49295774;open;2021-10-06T04:29:00.000+02:00;210;216;0;426;426;18497[Hauptwache];2021-10-06T04:32:00.770+02:00
0.56365883;open;2021-10-06T04:29:00.000+02:00;456;353;0;809;809;24279[Konstabler];2021-10-06T04:32:00.770+02:00
0.0;closed;2021-10-06T04:29:00.000+02:00;;;0;0;0;18495[Am Gericht];2021-10-06T04:32:00.770+02:00
0.10722347;open;2021-10-06T04:29:00.000+02:00;95;791;70;956;886;109240[MyZeil];2021-10-06T04:32:00.770+02:00
0.4400631;open;2021-10-06T04:29:00.000+02:00;279;355;0;634;634;18494[Konrad-Adenauer-Straße];2021-10-06T04:32:00.770+02:00
0.095;open;2021-10-06T04:44:00.000+02:00;19;181;150;350;200;24276[Turmcenter];2021-10-06T04:47:01.246+02:00
0.11691542;open;2021-10-06T04:44:00.000+02:00;47;355;0;402;402;18944[Alte Oper];2021-10-06T04:47:01.246+02:00
0.016483517;open;2021-10-06T04:44:00.000+02:00;6;358;0;364;364;24281[Hauptbahnhof Süd];2021-10-06T04:47:01.246+02:00
0.49295774;open;2021-10-06T04:44:00.000+02:00;210;216;0;426;426;18497[Hauptwache];2021-10-06T04:47:01.246+02:00
0.56365883;open;2021-10-06T04:44:00.000+02:00;456;353;0;809;809;24279[Konstabler];2021-10-06T04:47:01.246+02:00
0.0;closed;2021-10-06T04:44:00.000+02:00;;;0;0;0;18495[Am Gericht];2021-10-06T04:47:01.246+02:00
0.10722347;open;2021-10-06T04:44:00.000+02:00;95;791;70;956;886;109240[MyZeil];2021-10-06T04:47:01.246+02:00
0.44164038;open;2021-10-06T04:44:00.000+02:00;280;354;0;634;634;18494[Konrad-Adenauer-Straße];2021-10-06T04:47:01.246+02:00
0.095;open;2021-10-06T04:54:00.000+02:00;19;181;150;350;200;24276[Turmcenter];2021-10-06T04:57:02.545+02:00
0.11691542;open;2021-10-06T04:54:00.000+02:00;47;355;0;402;402;18944[Alte Oper];2021-10-06T04:57:02.545+02:00
0.016483517;open;2021-10-06T04:54:00.000+02:00;6;358;0;364;364;24281[Hauptbahnhof Süd];2021-10-06T04:57:02.545+02:00
0.49295774;open;2021-10-06T04:54:00.000+02:00;210;216;0;426;426;18497[Hauptwache];2021-10-06T04:57:02.545+02:00
0.56365883;open;2021-10-06T04:54:00.000+02:00;456;353;0;809;809;24279[Konstabler];2021-10-06T04:57:02.545+02:00
0.0;closed;2021-10-06T04:54:00.000+02:00;;;0;0;0;18495[Am Gericht];2021-10-06T04:57:02.545+02:00
0.10722347;open;2021-10-06T04:54:00.000+02:00;95;791;70;956;886;109240[MyZeil];2021-10-06T04:57:02.545+02:00
0.44164038;open;2021-10-06T04:54:00.000+02:00;280;354;0;634;634;18494[Konrad-Adenauer-Straße];2021-10-06T04:57:02.545+02:00
0.125;open;2021-10-06T05:09:00.000+02:00;25;175;150;350;200;24276[Turmcenter];2021-10-06T05:12:01.836+02:00
0.11691542;open;2021-10-06T05:09:00.000+02:00;47;355;0;402;402;18944[Alte Oper];2021-10-06T05:12:01.836+02:00
0.016483517;open;2021-10-06T05:09:00.000+02:00;6;358;0;364;364;24281[Hauptbahnhof Süd];2021-10-06T05:12:01.836+02:00
0.49061033;open;2021-10-06T05:09:00.000+02:00;209;217;0;426;426;18497[Hauptwache];2021-10-06T05:12:01.836+02:00
0.5648949;open;2021-10-06T05:09:00.000+02:00;457;352;0;809;809;24279[Konstabler];2021-10-06T05:12:01.836+02:00
0.0;closed;2021-10-06T05:09:00.000+02:00;;;0;0;0;18495[Am Gericht];2021-10-06T05:12:01.836+02:00
0.10609481;open;2021-10-06T05:09:00.000+02:00;94;792;70;956;886;109240[MyZeil];2021-10-06T05:12:01.836+02:00
0.4400631;open;2021-10-06T05:09:00.000+02:00;279;355;0;634;634;18494[Konrad-Adenauer-Straße];2021-10-06T05:12:01.836+02:00
0.125;open;2021-10-06T05:29:00.000+02:00;25;175;150;350;200;24276[Turmcenter];2021-10-06T05:32:01.525+02:00
0.11691542;open;2021-10-06T05:29:00.000+02:00;47;355;0;402;402;18944[Alte Oper];2021-10-06T05:32:01.525+02:00
0.01923077;open;2021-10-06T05:29:00.000+02:00;7;357;0;364;364;24281[Hauptbahnhof Süd];2021-10-06T05:32:01.525+02:00
0.48826292;open;2021-10-06T05:29:00.000+02:00;208;218;0;426;426;18497[Hauptwache];2021-10-06T05:32:01.525+02:00
0.5648949;open;2021-10-06T05:29:00.000+02:00;457;352;0;809;809;24279[Konstabler];2021-10-06T05:32:01.525+02:00
0.0;closed;2021-10-06T05:29:00.000+02:00;;;0;0;0;18495[Am Gericht];2021-10-06T05:32:01.525+02:00
0.10609481;open;2021-10-06T05:29:00.000+02:00;94;792;70;956;886;109240[MyZeil];2021-10-06T05:32:01.525+02:00
0.44321766;open;2021-10-06T05:29:00.000+02:00;281;353;0;634;634;18494[Konrad-Adenauer-Straße];2021-10-06T05:32:01.525+02:00
0.125;open;2021-10-06T05:39:00.000+02:00;25;175;150;350;200;24276[Turmcenter];2021-10-06T05:42:02.196+02:00
0.11940298;open;2021-10-06T05:39:00.000+02:00;48;354;0;402;402;18944[Alte Oper];2021-10-06T05:42:02.196+02:00
0.024725275;open;2021-10-06T05:39:00.000+02:00;9;355;0;364;364;24281[Hauptbahnhof Süd];2021-10-06T05:42:02.196+02:00
0.48826292;open;2021-10-06T05:39:00.000+02:00;208;218;0;426;426;18497[Hauptwache];2021-10-06T05:42:02.196+02:00
0.5611867;open;2021-10-06T05:39:00.000+02:00;454;355;0;809;809;24279[Konstabler];2021-10-06T05:42:02.196+02:00
0.0;closed;2021-10-06T05:39:00.000+02:00;;;0;0;0;18495[Am Gericht];2021-10-06T05:42:02.196+02:00
0.10609481;open;2021-10-06T05:39:00.000+02:00;94;792;70;956;886;109240[MyZeil];2021-10-06T05:42:02.196+02:00
0.44479495;open;2021-10-06T05:39:00.000+02:00;282;352;0;634;634;18494[Konrad-Adenauer-Straße];2021-10-06T05:42:02.196+02:00
0.125;open;2021-10-06T05:44:00.000+02:00;25;175;150;350;200;24276[Turmcenter];2021-10-06T05:47:00.858+02:00
0.11940298;open;2021-10-06T05:44:00.000+02:00;48;354;0;402;402;18944[Alte Oper];2021-10-06T05:47:00.858+02:00
0.024725275;open;2021-10-06T05:44:00.000+02:00;9;355;0;364;364;24281[Hauptbahnhof Süd];2021-10-06T05:47:00.858+02:00
0.48826292;open;2021-10-06T05:44:00.000+02:00;208;218;0;426;426;18497[Hauptwache];2021-10-06T05:47:00.858+02:00
0.5611867;open;2021-10-06T05:44:00.000+02:00;454;355;0;809;809;24279[Konstabler];2021-10-06T05:47:00.858+02:00
0.0;closed;2021-10-06T05:44:00.000+02:00;;;0;0;0;18495[Am Gericht];2021-10-06T05:47:00.858+02:00
0.10609481;open;2021-10-06T05:44:00.000+02:00;94;792;70;956;886;109240[MyZeil];2021-10-06T05:47:00.858+02:00
0.44479495;open;2021-10-06T05:44:00.000+02:00;282;352;0;634;634;18494[Konrad-Adenauer-Straße];2021-10-06T05:47:00.858+02:00
0.125;open;2021-10-06T05:54:00.000+02:00;25;175;150;350;200;24276[Turmcenter];2021-10-06T05:57:01.230+02:00
0.11940298;open;2021-10-06T05:54:00.000+02:00;48;354;0;402;402;18944[Alte Oper];2021-10-06T05:57:01.230+02:00
0.032967035;open;2021-10-06T05:54:00.000+02:00;12;352;0;364;364;24281[Hauptbahnhof Süd];2021-10-06T05:57:01.230+02:00
0.48826292;open;2021-10-06T05:54:00.000+02:00;208;218;0;426;426;18497[Hauptwache];2021-10-06T05:57:01.230+02:00
0.5611867;open;2021-10-06T05:54:00.000+02:00;454;355;0;809;809;24279[Konstabler];2021-10-06T05:57:01.230+02:00
0.0;closed;2021-10-06T05:54:00.000+02:00;;;0;0;0;18495[Am Gericht];2021-10-06T05:57:01.230+02:00
0.094808124;open;2021-10-06T05:54:00.000+02:00;84;802;70;956;886;109240[MyZeil];2021-10-06T05:57:01.230+02:00
0.44479495;open;2021-10-06T05:54:00.000+02:00;282;352;0;634;634;18494[Konrad-Adenauer-Straße];2021-10-06T05:57:01.230+02:00
0.16666667;open;2021-10-06T06:19:00.000+02:00;25;125;200;350;150;24276[Turmcenter];2021-10-06T06:22:01.087+02:00
0.11940298;open;2021-10-06T06:19:00.000+02:00;48;354;0;402;402;18944[Alte Oper];2021-10-06T06:22:01.087+02:00
0.054945055;open;2021-10-06T06:19:00.000+02:00;20;344;0;364;364;24281[Hauptbahnhof Süd];2021-10-06T06:22:01.087+02:00
0.48826292;open;2021-10-06T06:19:00.000+02:00;208;218;0;426;426;18497[Hauptwache];2021-10-06T06:22:01.087+02:00
0.5611867;open;2021-10-06T06:19:00.000+02:00;454;355;0;809;809;24279[Konstabler];2021-10-06T06:22:01.087+02:00
0.44705883;open;2021-10-06T06:19:00.000+02:00;304;376;0;680;680;18495[Am Gericht];2021-10-06T06:22:01.087+02:00
0.09706546;open;2021-10-06T06:19:00.000+02:00;86;800;70;956;886;109240[MyZeil];2021-10-06T06:22:01.087+02:00
0.4511041;open;2021-10-06T06:19:00.000+02:00;286;348;0;634;634;18494[Konrad-Adenauer-Straße];2021-10-06T06:22:01.087+02:00
0.17333333;open;2021-10-06T06:39:00.000+02:00;26;124;200;350;150;24276[Turmcenter];2021-10-06T06:42:02.170+02:00
0.121890545;open;2021-10-06T06:39:00.000+02:00;49;353;0;402;402;18944[Alte Oper];2021-10-06T06:42:02.170+02:00
0.09065934;open;2021-10-06T06:39:00.000+02:00;33;331;0;364;364;24281[Hauptbahnhof Süd];2021-10-06T06:42:02.170+02:00
0.48826292;open;2021-10-06T06:39:00.000+02:00;208;218;0;426;426;18497[Hauptwache];2021-10-06T06:42:02.170+02:00
0.56365883;open;2021-10-06T06:39:00.000+02:00;456;353;0;809;809;24279[Konstabler];2021-10-06T06:42:02.170+02:00
0.45;open;2021-10-06T06:39:00.000+02:00;306;374;0;680;680;18495[Am Gericht];2021-10-06T06:42:02.170+02:00
0.09706546;open;2021-10-06T06:39:00.000+02:00;86;800;70;956;886;109240[MyZeil];2021-10-06T06:42:02.170+02:00
0.4526814;open;2021-10-06T06:39:00.000+02:00;287;347;0;634;634;18494[Konrad-Adenauer-Straße];2021-10-06T06:42:02.170+02:00
0.17333333;open;2021-10-06T06:55:00.000+02:00;26;124;200;350;150;24276[Turmcenter];2021-10-06T06:57:01.714+02:00
0.121890545;open;2021-10-06T06:55:00.000+02:00;49;353;0;402;402;18944[Alte Oper];2021-10-06T06:57:01.714+02:00
0.09065934;open;2021-10-06T06:55:00.000+02:00;33;331;0;364;364;24281[Hauptbahnhof Süd];2021-10-06T06:57:01.714+02:00
0.4976526;open;2021-10-06T06:55:00.000+02:00;212;214;0;426;426;18497[Hauptwache];2021-10-06T06:57:01.714+02:00
0.56613106;open;2021-10-06T06:55:00.000+02:00;458;351;0;809;809;24279[Konstabler];2021-10-06T06:57:01.714+02:00
0.45735294;open;2021-10-06T06:55:00.000+02:00;311;369;0;680;680;18495[Am Gericht];2021-10-06T06:57:01.714+02:00
0.10045147;open;2021-10-06T06:55:00.000+02:00;89;797;70;956;886;109240[MyZeil];2021-10-06T06:57:01.714+02:00
0.45899054;open;2021-10-06T06:55:00.000+02:00;291;343;0;634;634;18494[Konrad-Adenauer-Straße];2021-10-06T06:57:01.714+02:00
0.17333333;open;2021-10-06T07:10:00.000+02:00;26;124;200;350;150;24276[Turmcenter];2021-10-06T07:12:00.159+02:00
0.12437811;open;2021-10-06T07:10:00.000+02:00;50;352;0;402;402;18944[Alte Oper];2021-10-06T07:12:00.159+02:00
0.10989011;open;2021-10-06T07:10:00.000+02:00;40;324;0;364;364;24281[Hauptbahnhof Süd];2021-10-06T07:12:00.159+02:00
0.5023474;open;2021-10-06T07:10:00.000+02:00;214;212;0;426;426;18497[Hauptwache];2021-10-06T07:12:00.159+02:00
0.5747837;open;2021-10-06T07:10:00.000+02:00;465;344;0;809;809;24279[Konstabler];2021-10-06T07:12:00.159+02:00
0.47058824;open;2021-10-06T07:10:00.000+02:00;320;360;0;680;680;18495[Am Gericht];2021-10-06T07:12:00.159+02:00
0.103837475;open;2021-10-06T07:10:00.000+02:00;92;794;70;956;886;109240[MyZeil];2021-10-06T07:12:00.159+02:00
0.46845427;open;2021-10-06T07:10:00.000+02:00;297;337;0;634;634;18494[Konrad-Adenauer-Straße];2021-10-06T07:12:00.159+02:00
0.2;open;2021-10-06T07:25:00.000+02:00;30;120;200;350;150;24276[Turmcenter];2021-10-06T07:27:00.688+02:00
0.13681592;open;2021-10-06T07:25:00.000+02:00;55;347;0;402;402;18944[Alte Oper];2021-10-06T07:27:00.688+02:00
0.12362637;open;2021-10-06T07:25:00.000+02:00;45;319;0;364;364;24281[Hauptbahnhof Süd];2021-10-06T07:27:00.688+02:00
0.5070422;open;2021-10-06T07:25:00.000+02:00;216;210;0;426;426;18497[Hauptwache];2021-10-06T07:27:00.688+02:00
0.57601976;open;2021-10-06T07:25:00.000+02:00;466;343;0;809;809;24279[Konstabler];2021-10-06T07:27:00.688+02:00
0.48088235;open;2021-10-06T07:25:00.000+02:00;327;353;0;680;680;18495[Am Gericht];2021-10-06T07:27:00.688+02:00
0.10609481;open;2021-10-06T07:25:00.000+02:00;94;792;70;956;886;109240[MyZeil];2021-10-06T07:27:00.688+02:00
0.4637224;open;2021-10-06T07:25:00.000+02:00;294;340;0;634;634;18494[Konrad-Adenauer-Straße];2021-10-06T07:27:00.688+02:00
0.22;open;2021-10-06T07:30:00.000+02:00;33;117;200;350;150;24276[Turmcenter];2021-10-06T07:32:02.563+02:00
0.14179105;open;2021-10-06T07:30:00.000+02:00;57;345;0;402;402;18944[Alte Oper];2021-10-06T07:32:02.563+02:00
0.12637363;open;2021-10-06T07:30:00.000+02:00;46;318;0;364;364;24281[Hauptbahnhof Süd];2021-10-06T07:32:02.563+02:00
0.5093897;open;2021-10-06T07:30:00.000+02:00;217;209;0;426;426;18497[Hauptwache];2021-10-06T07:32:02.563+02:00
0.58096415;open;2021-10-06T07:30:00.000+02:00;470;339;0;809;809;24279[Konstabler];2021-10-06T07:32:02.563+02:00
0.48088235;open;2021-10-06T07:30:00.000+02:00;327;353;0;680;680;18495[Am Gericht];2021-10-06T07:32:02.563+02:00
0.10835215;open;2021-10-06T07:30:00.000+02:00;96;790;70;956;886;109240[MyZeil];2021-10-06T07:32:02.563+02:00
0.4652997;open;2021-10-06T07:30:00.000+02:00;295;339;0;634;634;18494[Konrad-Adenauer-Straße];2021-10-06T07:32:02.563+02:00
0.23333333;open;2021-10-06T07:40:00.000+02:00;35;115;200;350;150;24276[Turmcenter];2021-10-06T07:42:02.998+02:00
0.14676617;open;2021-10-06T07:40:00.000+02:00;59;343;0;402;402;18944[Alte Oper];2021-10-06T07:42:02.998+02:00
0.13461539;open;2021-10-06T07:40:00.000+02:00;49;315;0;364;364;24281[Hauptbahnhof Süd];2021-10-06T07:42:02.998+02:00
0.51877934;open;2021-10-06T07:40:00.000+02:00;221;205;0;426;426;18497[Hauptwache];2021-10-06T07:42:02.998+02:00
0.57972807;open;2021-10-06T07:40:00.000+02:00;469;340;0;809;809;24279[Konstabler];2021-10-06T07:42:02.998+02:00
0.4970588;open;2021-10-06T07:40:00.000+02:00;338;342;0;680;680;18495[Am Gericht];2021-10-06T07:42:02.998+02:00
0.11060948;open;2021-10-06T07:40:00.000+02:00;98;788;70;956;886;109240[MyZeil];2021-10-06T07:42:02.998+02:00
0.47160885;open;2021-10-06T07:40:00.000+02:00;299;335;0;634;634;18494[Konrad-Adenauer-Straße];2021-10-06T07:42:02.998+02:00
0.26666668;open;2021-10-06T07:50:00.000+02:00;40;110;200;350;150;24276[Turmcenter];2021-10-06T07:52:00.480+02:00
0.14925373;open;2021-10-06T07:50:00.000+02:00;60;342;0;402;402;18944[Alte Oper];2021-10-06T07:52:00.480+02:00
0.1456044;open;2021-10-06T07:50:00.000+02:00;53;311;0;364;364;24281[Hauptbahnhof Süd];2021-10-06T07:52:00.480+02:00
0.52816904;open;2021-10-06T07:50:00.000+02:00;225;201;0;426;426;18497[Hauptwache];2021-10-06T07:52:00.480+02:00
0.5822002;open;2021-10-06T07:50:00.000+02:00;471;338;0;809;809;24279[Konstabler];2021-10-06T07:52:00.480+02:00
0.5088235;open;2021-10-06T07:50:00.000+02:00;346;334;0;680;680;18495[Am Gericht];2021-10-06T07:52:00.480+02:00
0.111738145;open;2021-10-06T07:50:00.000+02:00;99;787;70;956;886;109240[MyZeil];2021-10-06T07:52:00.480+02:00
0.48422712;open;2021-10-06T07:50:00.000+02:00;307;327;0;634;634;18494[Konrad-Adenauer-Straße];2021-10-06T07:52:00.480+02:00
0.31333333;open;2021-10-06T07:55:00.000+02:00;47;103;200;350;150;24276[Turmcenter];2021-10-06T07:57:02.297+02:00
0.14676617;open;2021-10-06T07:55:00.000+02:00;59;343;0;402;402;18944[Alte Oper];2021-10-06T07:57:02.297+02:00
0.16208792;open;2021-10-06T07:55:00.000+02:00;59;305;0;364;364;24281[Hauptbahnhof Süd];2021-10-06T07:57:02.297+02:00
0.53521127;open;2021-10-06T07:55:00.000+02:00;228;198;0;426;426;18497[Hauptwache];2021-10-06T07:57:02.297+02:00
0.58467245;open;2021-10-06T07:55:00.000+02:00;473;336;0;809;809;24279[Konstabler];2021-10-06T07:57:02.297+02:00
0.5176471;open;2021-10-06T07:55:00.000+02:00;352;328;0;680;680;18495[Am Gericht];2021-10-06T07:57:02.297+02:00
0.113995485;open;2021-10-06T07:55:00.000+02:00;101;785;70;956;886;109240[MyZeil];2021-10-06T07:57:02.297+02:00
0.48895898;open;2021-10-06T07:55:00.000+02:00;310;324;0;634;634;18494[Konrad-Adenauer-Straße];2021-10-06T07:57:02.297+02:00
0.4;open;2021-10-06T08:15:00.000+02:00;60;90;200;350;150;24276[Turmcenter];2021-10-06T08:17:02.699+02:00
0.1716418;open;2021-10-06T08:15:00.000+02:00;69;333;0;402;402;18944[Alte Oper];2021-10-06T08:17:02.699+02:00
0.19505495;open;2021-10-06T08:15:00.000+02:00;71;293;0;364;364;24281[Hauptbahnhof Süd];2021-10-06T08:17:02.699+02:00
0.57042253;open;2021-10-06T08:15:00.000+02:00;243;183;0;426;426;18497[Hauptwache];2021-10-06T08:17:02.699+02:00
0.5933251;open;2021-10-06T08:15:00.000+02:00;480;329;0;809;809;24279[Konstabler];2021-10-06T08:17:02.699+02:00
0.5588235;open;2021-10-06T08:15:00.000+02:00;380;300;0;680;680;18495[Am Gericht];2021-10-06T08:17:02.699+02:00
0.113995485;open;2021-10-06T08:15:00.000+02:00;101;785;70;956;886;109240[MyZeil];2021-10-06T08:17:02.699+02:00
0.511041;open;2021-10-06T08:15:00.000+02:00;324;310;0;634;634;18494[Konrad-Adenauer-Straße];2021-10-06T08:17:02.699+02:00
0.5466667;open;2021-10-06T08:35:00.000+02:00;82;68;200;350;150;24276[Turmcenter];2021-10-06T08:37:00.760+02:00
0.20895523;open;2021-10-06T08:35:00.000+02:00;84;318;0;402;402;18944[Alte Oper];2021-10-06T08:37:00.760+02:00
0.23901099;open;2021-10-06T08:35:00.000+02:00;87;277;0;364;364;24281[Hauptbahnhof Süd];2021-10-06T08:37:00.760+02:00
0.5798122;open;2021-10-06T08:35:00.000+02:00;247;179;0;426;426;18497[Hauptwache];2021-10-06T08:37:00.760+02:00
0.60321385;open;2021-10-06T08:35:00.000+02:00;488;321;0;809;809;24279[Konstabler];2021-10-06T08:37:00.760+02:00
0.59705883;open;2021-10-06T08:35:00.000+02:00;406;274;0;680;680;18495[Am Gericht];2021-10-06T08:37:00.760+02:00
0.11963882;open;2021-10-06T08:35:00.000+02:00;106;780;70;956;886;109240[MyZeil];2021-10-06T08:37:00.760+02:00
0.511041;open;2021-10-06T08:35:00.000+02:00;324;310;0;634;634;18494[Konrad-Adenauer-Straße];2021-10-06T08:37:00.760+02:00
0.6333333;open;2021-10-06T08:50:00.000+02:00;95;55;200;350;150;24276[Turmcenter];2021-10-06T08:52:02.264+02:00
0.24626866;open;2021-10-06T08:50:00.000+02:00;99;303;0;402;402;18944[Alte Oper];2021-10-06T08:52:02.264+02:00
0.25;open;2021-10-06T08:50:00.000+02:00;91;273;0;364;364;24281[Hauptbahnhof Süd];2021-10-06T08:52:02.264+02:00
0.6173709;open;2021-10-06T08:50:00.000+02:00;263;163;0;426;426;18497[Hauptwache];2021-10-06T08:52:02.264+02:00
0.62422746;open;2021-10-06T08:50:00.000+02:00;505;304;0;809;809;24279[Konstabler];2021-10-06T08:52:02.264+02:00
0.6382353;open;2021-10-06T08:50:00.000+02:00;434;246;0;680;680;18495[Am Gericht];2021-10-06T08:52:02.264+02:00
0.1275395;open;2021-10-06T08:50:00.000+02:00;113;773;70;956;886;109240[MyZeil];2021-10-06T08:52:02.264+02:00
0.5283912;open;2021-10-06T08:50:00.000+02:00;335;299;0;634;634;18494[Konrad-Adenauer-Straße];2021-10-06T08:52:02.264+02:00
0.66;open;2021-10-06T08:56:00.000+02:00;99;51;200;350;150;24276[Turmcenter];2021-10-06T08:57:01.899+02:00
0.26119402;open;2021-10-06T08:56:00.000+02:00;105;297;0;402;402;18944[Alte Oper];2021-10-06T08:57:01.899+02:00
0.2747253;open;2021-10-06T08:56:00.000+02:00;100;264;0;364;364;24281[Hauptbahnhof Süd];2021-10-06T08:57:01.899+02:00
0.6197183;open;2021-10-06T08:56:00.000+02:00;264;162;0;426;426;18497[Hauptwache];2021-10-06T08:57:01.899+02:00
0.6279357;open;2021-10-06T08:56:00.000+02:00;508;301;0;809;809;24279[Konstabler];2021-10-06T08:57:01.899+02:00
0.6426471;open;2021-10-06T08:56:00.000+02:00;437;243;0;680;680;18495[Am Gericht];2021-10-06T08:57:01.899+02:00
0.1275395;open;2021-10-06T08:56:00.000+02:00;113;773;70;956;886;109240[MyZeil];2021-10-06T08:57:01.899+02:00
0.53943217;open;2021-10-06T08:56:00.000+02:00;342;292;0;634;634;18494[Konrad-Adenauer-Straße];2021-10-06T08:57:01.899+02:00
0.8066667;open;2021-10-06T09:16:00.000+02:00;121;29;200;350;150;24276[Turmcenter];2021-10-06T09:17:02.068+02:00
0.29850745;open;2021-10-06T09:16:00.000+02:00;120;282;0;402;402;18944[Alte Oper];2021-10-06T09:17:02.068+02:00
0.31593406;open;2021-10-06T09:16:00.000+02:00;115;249;0;364;364;24281[Hauptbahnhof Süd];2021-10-06T09:17:02.068+02:00
0.6596244;open;2021-10-06T09:16:00.000+02:00;281;145;0;426;426;18497[Hauptwache];2021-10-06T09:17:02.068+02:00
0.6588381;open;2021-10-06T09:16:00.000+02:00;533;276;0;809;809;24279[Konstabler];2021-10-06T09:17:02.068+02:00
0.6764706;open;2021-10-06T09:16:00.000+02:00;460;220;0;680;680;18495[Am Gericht];2021-10-06T09:17:02.068+02:00
0.13769752;open;2021-10-06T09:16:00.000+02:00;122;764;70;956;886;109240[MyZeil];2021-10-06T09:17:02.068+02:00
0.5725552;open;2021-10-06T09:16:00.000+02:00;363;271;0;634;634;18494[Konrad-Adenauer-Straße];2021-10-06T09:17:02.068+02:00
0.8666667;open;2021-10-06T09:26:00.000+02:00;130;20;200;350;150;24276[Turmcenter];2021-10-06T09:27:00.659+02:00
0.31840795;open;2021-10-06T09:26:00.000+02:00;128;274;0;402;402;18944[Alte Oper];2021-10-06T09:27:00.659+02:00
0.33791208;open;2021-10-06T09:26:00.000+02:00;123;241;0;364;364;24281[Hauptbahnhof Süd];2021-10-06T09:27:00.659+02:00
0.67840374;open;2021-10-06T09:26:00.000+02:00;289;137;0;426;426;18497[Hauptwache];2021-10-06T09:27:00.659+02:00
0.6773795;open;2021-10-06T09:26:00.000+02:00;548;261;0;809;809;24279[Konstabler];2021-10-06T09:27:00.659+02:00
0.70441175;open;2021-10-06T09:26:00.000+02:00;479;201;0;680;680;18495[Am Gericht];2021-10-06T09:27:00.659+02:00
0.14446953;open;2021-10-06T09:26:00.000+02:00;128;758;70;956;886;109240[MyZeil];2021-10-06T09:27:00.659+02:00
0.57886434;open;2021-10-06T09:26:00.000+02:00;367;267;0;634;634;18494[Konrad-Adenauer-Straße];2021-10-06T09:27:00.659+02:00
0.96666664;open;2021-10-06T09:36:00.000+02:00;145;5;200;350;150;24276[Turmcenter];2021-10-06T09:37:01.359+02:00
0.3432836;open;2021-10-06T09:36:00.000+02:00;138;264;0;402;402;18944[Alte Oper];2021-10-06T09:37:01.359+02:00
0.3489011;open;2021-10-06T09:36:00.000+02:00;127;237;0;364;364;24281[Hauptbahnhof Süd];2021-10-06T09:37:01.359+02:00
0.6971831;open;2021-10-06T09:36:00.000+02:00;297;129;0;426;426;18497[Hauptwache];2021-10-06T09:37:01.359+02:00
0.6959209;open;2021-10-06T09:36:00.000+02:00;563;246;0;809;809;24279[Konstabler];2021-10-06T09:37:01.359+02:00
0.7411765;open;2021-10-06T09:36:00.000+02:00;504;176;0;680;680;18495[Am Gericht];2021-10-06T09:37:01.359+02:00
0.15011287;open;2021-10-06T09:36:00.000+02:00;133;753;70;956;886;109240[MyZeil];2021-10-06T09:37:01.359+02:00
0.58832806;open;2021-10-06T09:36:00.000+02:00;373;261;0;634;634;18494[Konrad-Adenauer-Straße];2021-10-06T09:37:01.359+02:00
0.92;open;2021-10-06T09:46:00.000+02:00;138;12;200;350;150;24276[Turmcenter];2021-10-06T09:47:01.274+02:00
0.37810946;open;2021-10-06T09:46:00.000+02:00;152;250;0;402;402;18944[Alte Oper];2021-10-06T09:47:01.274+02:00
0.3708791;open;2021-10-06T09:46:00.000+02:00;135;229;0;364;364;24281[Hauptbahnhof Süd];2021-10-06T09:47:01.274+02:00
0.7347418;open;2021-10-06T09:46:00.000+02:00;313;113;0;426;426;18497[Hauptwache];2021-10-06T09:47:01.274+02:00
0.7082818;open;2021-10-06T09:46:00.000+02:00;573;236;0;809;809;24279[Konstabler];2021-10-06T09:47:01.274+02:00
0.775;open;2021-10-06T09:46:00.000+02:00;527;153;0;680;680;18495[Am Gericht];2021-10-06T09:47:01.274+02:00
0.15914221;open;2021-10-06T09:46:00.000+02:00;141;745;70;956;886;109240[MyZeil];2021-10-06T09:47:01.274+02:00
0.6072555;open;2021-10-06T09:46:00.000+02:00;385;249;0;634;634;18494[Konrad-Adenauer-Straße];2021-10-06T09:47:01.274+02:00
0.94;open;2021-10-06T09:51:00.000+02:00;141;9;200;350;150;24276[Turmcenter];2021-10-06T09:52:00.950+02:00
0.41293532;open;2021-10-06T09:51:00.000+02:00;166;236;0;402;402;18944[Alte Oper];2021-10-06T09:52:00.950+02:00
0.38186812;open;2021-10-06T09:51:00.000+02:00;139;225;0;364;364;24281[Hauptbahnhof Süd];2021-10-06T09:52:00.950+02:00
0.74882627;open;2021-10-06T09:51:00.000+02:00;319;107;0;426;426;18497[Hauptwache];2021-10-06T09:52:00.950+02:00
0.7156984;open;2021-10-06T09:51:00.000+02:00;579;230;0;809;809;24279[Konstabler];2021-10-06T09:52:00.950+02:00
0.7867647;open;2021-10-06T09:51:00.000+02:00;535;145;0;680;680;18495[Am Gericht];2021-10-06T09:52:00.950+02:00
0.16365689;open;2021-10-06T09:51:00.000+02:00;145;741;70;956;886;109240[MyZeil];2021-10-06T09:52:00.950+02:00
0.6182965;open;2021-10-06T09:51:00.000+02:00;392;242;0;634;634;18494[Konrad-Adenauer-Straße];2021-10-06T09:52:00.950+02:00
0.99333334;open;2021-10-06T10:06:00.000+02:00;149;1;200;350;150;24276[Turmcenter];2021-10-06T10:07:03.006+02:00
0.46766168;open;2021-10-06T10:06:00.000+02:00;188;214;0;402;402;18944[Alte Oper];2021-10-06T10:07:03.006+02:00
0.41483516;open;2021-10-06T10:06:00.000+02:00;151;213;0;364;364;24281[Hauptbahnhof Süd];2021-10-06T10:07:03.006+02:00
0.7605634;open;2021-10-06T10:06:00.000+02:00;324;102;0;426;426;18497[Hauptwache];2021-10-06T10:07:03.006+02:00
0.75154513;open;2021-10-06T10:06:00.000+02:00;608;201;0;809;809;24279[Konstabler];2021-10-06T10:07:03.006+02:00
0.8279412;open;2021-10-06T10:06:00.000+02:00;563;117;0;680;680;18495[Am Gericht];2021-10-06T10:07:03.006+02:00
0.18171558;open;2021-10-06T10:06:00.000+02:00;161;725;70;956;886;109240[MyZeil];2021-10-06T10:07:03.006+02:00
0.6340694;open;2021-10-06T10:06:00.000+02:00;402;232;0;634;634;18494[Konrad-Adenauer-Straße];2021-10-06T10:07:03.006+02:00
0.8933333;open;2021-10-06T10:31:00.000+02:00;134;16;200;350;150;24276[Turmcenter];2021-10-06T10:32:00.286+02:00
0.51492536;open;2021-10-06T10:31:00.000+02:00;207;195;0;402;402;18944[Alte Oper];2021-10-06T10:32:00.286+02:00
0.42857143;open;2021-10-06T10:31:00.000+02:00;156;208;0;364;364;24281[Hauptbahnhof Süd];2021-10-06T10:32:00.286+02:00
0.8333333;open;2021-10-06T10:31:00.000+02:00;355;71;0;426;426;18497[Hauptwache];2021-10-06T10:32:00.286+02:00
0.81829417;open;2021-10-06T10:31:00.000+02:00;662;147;0;809;809;24279[Konstabler];2021-10-06T10:32:00.286+02:00
0.86470586;open;2021-10-06T10:31:00.000+02:00;588;92;0;680;680;18495[Am Gericht];2021-10-06T10:32:00.286+02:00
0.20993228;open;2021-10-06T10:31:00.000+02:00;186;700;70;956;886;109240[MyZeil];2021-10-06T10:32:00.286+02:00
0.6466877;open;2021-10-06T10:31:00.000+02:00;410;224;0;634;634;18494[Konrad-Adenauer-Straße];2021-10-06T10:32:00.286+02:00
0.8666667;open;2021-10-06T10:36:00.000+02:00;130;20;200;350;150;24276[Turmcenter];2021-10-06T10:42:00.088+02:00
0.52487564;open;2021-10-06T10:36:00.000+02:00;211;191;0;402;402;18944[Alte Oper];2021-10-06T10:42:00.088+02:00
0.42307693;open;2021-10-06T10:36:00.000+02:00;154;210;0;364;364;24281[Hauptbahnhof Süd];2021-10-06T10:42:00.088+02:00
0.86150235;open;2021-10-06T10:36:00.000+02:00;367;59;0;426;426;18497[Hauptwache];2021-10-06T10:42:00.088+02:00
0.8220025;open;2021-10-06T10:36:00.000+02:00;665;144;0;809;809;24279[Konstabler];2021-10-06T10:42:00.088+02:00
0.88529414;open;2021-10-06T10:36:00.000+02:00;602;78;0;680;680;18495[Am Gericht];2021-10-06T10:42:00.088+02:00
0.21218961;open;2021-10-06T10:36:00.000+02:00;188;698;70;956;886;109240[MyZeil];2021-10-06T10:42:00.088+02:00
0.65299684;open;2021-10-06T10:36:00.000+02:00;414;220;0;634;634;18494[Konrad-Adenauer-Straße];2021-10-06T10:42:00.088+02:00
0.8666667;open;2021-10-06T10:46:00.000+02:00;130;20;200;350;150;24276[Turmcenter];2021-10-06T10:52:02.858+02:00
0.5497512;open;2021-10-06T10:46:00.000+02:00;221;181;0;402;402;18944[Alte Oper];2021-10-06T10:52:02.858+02:00
0.41483516;open;2021-10-06T10:46:00.000+02:00;151;213;0;364;364;24281[Hauptbahnhof Süd];2021-10-06T10:52:02.858+02:00
0.90140843;open;2021-10-06T10:46:00.000+02:00;384;42;0;426;426;18497[Hauptwache];2021-10-06T10:52:02.858+02:00
0.84548825;open;2021-10-06T10:46:00.000+02:00;684;125;0;809;809;24279[Konstabler];2021-10-06T10:52:02.858+02:00
0.89411765;open;2021-10-06T10:46:00.000+02:00;608;72;0;680;680;18495[Am Gericht];2021-10-06T10:52:02.858+02:00
0.22460496;open;2021-10-06T10:46:00.000+02:00;199;687;70;956;886;109240[MyZeil];2021-10-06T10:52:02.858+02:00
0.648265;open;2021-10-06T10:46:00.000+02:00;411;223;0;634;634;18494[Konrad-Adenauer-Straße];2021-10-06T10:52:02.858+02:00
0.84;open;2021-10-06T10:57:00.000+02:00;126;24;200;350;150;24276[Turmcenter];2021-10-06T11:02:02.253+02:00
0.5870647;open;2021-10-06T10:57:00.000+02:00;236;166;0;402;402;18944[Alte Oper];2021-10-06T11:02:02.253+02:00
0.42582417;open;2021-10-06T10:57:00.000+02:00;155;209;0;364;364;24281[Hauptbahnhof Süd];2021-10-06T11:02:02.253+02:00
0.9084507;open;2021-10-06T10:57:00.000+02:00;387;39;0;426;426;18497[Hauptwache];2021-10-06T11:02:02.253+02:00
0.86773795;open;2021-10-06T10:57:00.000+02:00;702;107;0;809;809;24279[Konstabler];2021-10-06T11:02:02.253+02:00
0.89705884;open;2021-10-06T10:57:00.000+02:00;610;70;0;680;680;18495[Am Gericht];2021-10-06T11:02:02.253+02:00
0.23702031;open;2021-10-06T10:57:00.000+02:00;210;676;70;956;886;109240[MyZeil];2021-10-06T11:02:02.253+02:00
0.67507887;open;2021-10-06T10:57:00.000+02:00;428;206;0;634;634;18494[Konrad-Adenauer-Straße];2021-10-06T11:02:02.253+02:00
0.82666665;open;2021-10-06T11:17:00.000+02:00;124;26;200;350;150;24276[Turmcenter];2021-10-06T11:22:01.048+02:00
0.63432837;open;2021-10-06T11:17:00.000+02:00;255;147;0;402;402;18944[Alte Oper];2021-10-06T11:22:01.048+02:00
0.42582417;open;2021-10-06T11:17:00.000+02:00;155;209;0;364;364;24281[Hauptbahnhof Süd];2021-10-06T11:22:01.048+02:00
0.95539904;open;2021-10-06T11:17:00.000+02:00;407;19;0;426;426;18497[Hauptwache];2021-10-06T11:22:01.048+02:00
0.9196539;open;2021-10-06T11:17:00.000+02:00;744;65;0;809;809;24279[Konstabler];2021-10-06T11:22:01.048+02:00
0.90294117;open;2021-10-06T11:17:00.000+02:00;614;66;0;680;680;18495[Am Gericht];2021-10-06T11:22:01.048+02:00
0.261851;open;2021-10-06T11:17:00.000+02:00;232;654;70;956;886;109240[MyZeil];2021-10-06T11:22:01.048+02:00
0.69873816;open;2021-10-06T11:17:00.000+02:00;443;191;0;634;634;18494[Konrad-Adenauer-Straße];2021-10-06T11:22:01.048+02:00
0.84;open;2021-10-06T11:27:00.000+02:00;126;24;200;350;150;24276[Turmcenter];2021-10-06T11:32:00.029+02:00
0.6492537;open;2021-10-06T11:27:00.000+02:00;261;141;0;402;402;18944[Alte Oper];2021-10-06T11:32:00.029+02:00
0.42582417;open;2021-10-06T11:27:00.000+02:00;155;209;0;364;364;24281[Hauptbahnhof Süd];2021-10-06T11:32:00.029+02:00
0.9906103;open;2021-10-06T11:27:00.000+02:00;422;4;0;426;426;18497[Hauptwache];2021-10-06T11:32:00.029+02:00
0.93943137;open;2021-10-06T11:27:00.000+02:00;760;49;0;809;809;24279[Konstabler];2021-10-06T11:32:00.029+02:00
0.9;open;2021-10-06T11:27:00.000+02:00;612;68;0;680;680;18495[Am Gericht];2021-10-06T11:32:00.029+02:00
0.27878103;open;2021-10-06T11:27:00.000+02:00;247;639;70;956;886;109240[MyZeil];2021-10-06T11:32:00.029+02:00
0.7003155;open;2021-10-06T11:27:00.000+02:00;444;190;0;634;634;18494[Konrad-Adenauer-Straße];2021-10-06T11:32:00.029+02:00
0.84;open;2021-10-06T11:37:00.000+02:00;126;24;200;350;150;24276[Turmcenter];2021-10-06T11:42:00.247+02:00
0.67412937;open;2021-10-06T11:37:00.000+02:00;271;131;0;402;402;18944[Alte Oper];2021-10-06T11:42:00.247+02:00
0.42307693;open;2021-10-06T11:37:00.000+02:00;154;210;0;364;364;24281[Hauptbahnhof Süd];2021-10-06T11:42:00.247+02:00
1.0;open;2021-10-06T11:37:00.000+02:00;426;0;0;426;426;18497[Hauptwache];2021-10-06T11:42:00.247+02:00
0.9419036;open;2021-10-06T11:37:00.000+02:00;762;47;0;809;809;24279[Konstabler];2021-10-06T11:42:00.247+02:00
0.8985294;open;2021-10-06T11:37:00.000+02:00;611;69;0;680;680;18495[Am Gericht];2021-10-06T11:42:00.247+02:00
0.27765238;open;2021-10-06T11:37:00.000+02:00;246;640;70;956;886;109240[MyZeil];2021-10-06T11:42:00.247+02:00
0.69873816;open;2021-10-06T11:37:00.000+02:00;443;191;0;634;634;18494[Konrad-Adenauer-Straße];2021-10-06T11:42:00.247+02:00
0.8666667;open;2021-10-06T11:47:00.000+02:00;130;20;200;350;150;24276[Turmcenter];2021-10-06T11:52:02.988+02:00
0.68159205;open;2021-10-06T11:47:00.000+02:00;274;128;0;402;402;18944[Alte Oper];2021-10-06T11:52:02.988+02:00
0.42307693;open;2021-10-06T11:47:00.000+02:00;154;210;0;364;364;24281[Hauptbahnhof Süd];2021-10-06T11:52:02.988+02:00
0.9953052;open;2021-10-06T11:47:00.000+02:00;424;2;0;426;426;18497[Hauptwache];2021-10-06T11:52:02.988+02:00
0.96168107;open;2021-10-06T11:47:00.000+02:00;778;31;0;809;809;24279[Konstabler];2021-10-06T11:52:02.988+02:00
0.89411765;open;2021-10-06T11:47:00.000+02:00;608;72;0;680;680;18495[Am Gericht];2021-10-06T11:52:02.988+02:00
0.28103837;open;2021-10-06T11:47:00.000+02:00;249;637;70;956;886;109240[MyZeil];2021-10-06T11:52:02.988+02:00
0.7066246;open;2021-10-06T11:47:00.000+02:00;448;186;0;634;634;18494[Konrad-Adenauer-Straße];2021-10-06T11:52:02.988+02:00
0.86;open;2021-10-06T11:52:00.000+02:00;129;21;200;350;150;24276[Turmcenter];2021-10-06T11:57:00.412+02:00
0.70149255;open;2021-10-06T11:52:00.000+02:00;282;120;0;402;402;18944[Alte Oper];2021-10-06T11:57:00.412+02:00
0.41758242;open;2021-10-06T11:52:00.000+02:00;152;212;0;364;364;24281[Hauptbahnhof Süd];2021-10-06T11:57:00.412+02:00
1.0;open;2021-10-06T11:52:00.000+02:00;426;0;0;426;426;18497[Hauptwache];2021-10-06T11:57:00.412+02:00
0.9653894;open;2021-10-06T11:52:00.000+02:00;781;28;0;809;809;24279[Konstabler];2021-10-06T11:57:00.412+02:00
0.8926471;open;2021-10-06T11:52:00.000+02:00;607;73;0;680;680;18495[Am Gericht];2021-10-06T11:57:00.412+02:00
0.2878104;open;2021-10-06T11:52:00.000+02:00;255;631;70;956;886;109240[MyZeil];2021-10-06T11:57:00.412+02:00
0.7066246;open;2021-10-06T11:52:00.000+02:00;448;186;0;634;634;18494[Konrad-Adenauer-Straße];2021-10-06T11:57:00.412+02:00
0.8666667;open;2021-10-06T12:17:00.000+02:00;130;20;200;350;150;24276[Turmcenter];2021-10-06T12:22:02.073+02:00
0.73880595;open;2021-10-06T12:17:00.000+02:00;297;105;0;402;402;18944[Alte Oper];2021-10-06T12:22:02.073+02:00
0.41758242;open;2021-10-06T12:17:00.000+02:00;152;212;0;364;364;24281[Hauptbahnhof Süd];2021-10-06T12:22:02.073+02:00
1.0;open;2021-10-06T12:17:00.000+02:00;426;0;0;426;426;18497[Hauptwache];2021-10-06T12:22:02.073+02:00
0.9950556;open;2021-10-06T12:17:00.000+02:00;805;4;0;809;809;24279[Konstabler];2021-10-06T12:22:02.073+02:00
0.8808824;open;2021-10-06T12:17:00.000+02:00;599;81;0;680;680;18495[Am Gericht];2021-10-06T12:22:02.073+02:00
0.28216705;open;2021-10-06T12:17:00.000+02:00;250;636;70;956;886;109240[MyZeil];2021-10-06T12:22:02.073+02:00
0.69873816;open;2021-10-06T12:17:00.000+02:00;443;191;0;634;634;18494[Konrad-Adenauer-Straße];2021-10-06T12:22:02.073+02:00
0.86;open;2021-10-06T12:32:00.000+02:00;129;21;200;350;150;24276[Turmcenter];2021-10-06T12:37:00.050+02:00
0.73134327;open;2021-10-06T12:32:00.000+02:00;294;108;0;402;402;18944[Alte Oper];2021-10-06T12:37:00.050+02:00
0.40934065;open;2021-10-06T12:32:00.000+02:00;149;215;0;364;364;24281[Hauptbahnhof Süd];2021-10-06T12:37:00.050+02:00
0.9859155;open;2021-10-06T12:32:00.000+02:00;420;6;0;426;426;18497[Hauptwache];2021-10-06T12:37:00.050+02:00
0.98516685;open;2021-10-06T12:32:00.000+02:00;797;12;0;809;809;24279[Konstabler];2021-10-06T12:37:00.050+02:00
0.8617647;open;2021-10-06T12:32:00.000+02:00;586;94;0;680;680;18495[Am Gericht];2021-10-06T12:37:00.050+02:00
0.2866817;open;2021-10-06T12:32:00.000+02:00;254;632;70;956;886;109240[MyZeil];2021-10-06T12:37:00.050+02:00
0.6876972;open;2021-10-06T12:32:00.000+02:00;436;198;0;634;634;18494[Konrad-Adenauer-Straße];2021-10-06T12:37:00.050+02:00
0.88;open;2021-10-06T12:38:00.000+02:00;132;18;200;350;150;24276[Turmcenter];2021-10-06T12:42:02.933+02:00
0.7363184;open;2021-10-06T12:38:00.000+02:00;296;106;0;402;402;18944[Alte Oper];2021-10-06T12:42:02.933+02:00
0.4010989;open;2021-10-06T12:38:00.000+02:00;146;218;0;364;364;24281[Hauptbahnhof Süd];2021-10-06T12:42:02.933+02:00
0.9882629;open;2021-10-06T12:38:00.000+02:00;421;5;0;426;426;18497[Hauptwache];2021-10-06T12:42:02.933+02:00
0.98763907;open;2021-10-06T12:38:00.000+02:00;799;10;0;809;809;24279[Konstabler];2021-10-06T12:42:02.933+02:00
0.85882354;open;2021-10-06T12:38:00.000+02:00;584;96;0;680;680;18495[Am Gericht];2021-10-06T12:42:02.933+02:00
0.29232505;open;2021-10-06T12:38:00.000+02:00;259;627;70;956;886;109240[MyZeil];2021-10-06T12:42:02.933+02:00
0.69085175;open;2021-10-06T12:38:00.000+02:00;438;196;0;634;634;18494[Konrad-Adenauer-Straße];2021-10-06T12:42:02.933+02:00
0.9;open;2021-10-06T12:48:00.000+02:00;135;15;200;350;150;24276[Turmcenter];2021-10-06T12:52:00.841+02:00
0.7437811;open;2021-10-06T12:48:00.000+02:00;299;103;0;402;402;18944[Alte Oper];2021-10-06T12:52:00.841+02:00
0.3846154;open;2021-10-06T12:48:00.000+02:00;140;224;0;364;364;24281[Hauptbahnhof Süd];2021-10-06T12:52:00.841+02:00
0.9882629;open;2021-10-06T12:48:00.000+02:00;421;5;0;426;426;18497[Hauptwache];2021-10-06T12:52:00.841+02:00
0.9987639;open;2021-10-06T12:48:00.000+02:00;808;1;0;809;809;24279[Konstabler];2021-10-06T12:52:00.841+02:00
0.85882354;open;2021-10-06T12:48:00.000+02:00;584;96;0;680;680;18495[Am Gericht];2021-10-06T12:52:00.841+02:00
0.2945824;open;2021-10-06T12:48:00.000+02:00;261;625;70;956;886;109240[MyZeil];2021-10-06T12:52:00.841+02:00
0.7082019;open;2021-10-06T12:48:00.000+02:00;449;185;0;634;634;18494[Konrad-Adenauer-Straße];2021-10-06T12:52:00.841+02:00
0.92;open;2021-10-06T12:58:00.000+02:00;138;12;200;350;150;24276[Turmcenter];2021-10-06T13:02:00.222+02:00
0.75870645;open;2021-10-06T12:58:00.000+02:00;305;97;0;402;402;18944[Alte Oper];2021-10-06T13:02:00.222+02:00
0.3846154;open;2021-10-06T12:58:00.000+02:00;140;224;0;364;364;24281[Hauptbahnhof Süd];2021-10-06T13:02:00.222+02:00
0.9953052;open;2021-10-06T12:58:00.000+02:00;424;2;0;426;426;18497[Hauptwache];2021-10-06T13:02:00.222+02:00
0.99258345;open;2021-10-06T12:58:00.000+02:00;803;6;0;809;809;24279[Konstabler];2021-10-06T13:02:00.222+02:00
0.8602941;open;2021-10-06T12:58:00.000+02:00;585;95;0;680;680;18495[Am Gericht];2021-10-06T13:02:00.222+02:00
0.28103837;open;2021-10-06T12:58:00.000+02:00;249;637;70;956;886;109240[MyZeil];2021-10-06T13:02:00.222+02:00
0.71451104;open;2021-10-06T12:58:00.000+02:00;453;181;0;634;634;18494[Konrad-Adenauer-Straße];2021-10-06T13:02:00.222+02:00
0.8933333;open;2021-10-06T13:18:00.000+02:00;134;16;200;350;150;24276[Turmcenter];2021-10-06T13:22:00.077+02:00
0.75373137;open;2021-10-06T13:18:00.000+02:00;303;99;0;402;402;18944[Alte Oper];2021-10-06T13:22:00.077+02:00
0.38186812;open;2021-10-06T13:18:00.000+02:00;139;225;0;364;364;24281[Hauptbahnhof Süd];2021-10-06T13:22:00.077+02:00
0.9953052;open;2021-10-06T13:18:00.000+02:00;424;2;0;426;426;18497[Hauptwache];2021-10-06T13:22:00.077+02:00
0.99381953;open;2021-10-06T13:18:00.000+02:00;804;5;0;809;809;24279[Konstabler];2021-10-06T13:22:00.077+02:00
0.8455882;open;2021-10-06T13:18:00.000+02:00;575;105;0;680;680;18495[Am Gericht];2021-10-06T13:22:00.077+02:00
0.28893906;open;2021-10-06T13:18:00.000+02:00;256;630;70;956;886;109240[MyZeil];2021-10-06T13:22:00.077+02:00
0.70347005;open;2021-10-06T13:18:00.000+02:00;446;188;0;634;634;18494[Konrad-Adenauer-Straße];2021-10-06T13:22:00.077+02:00
0.8933333;open;2021-10-06T13:23:00.000+02:00;134;16;200;350;150;24276[Turmcenter];2021-10-06T13:27:02.026+02:00
0.75373137;open;2021-10-06T13:23:00.000+02:00;303;99;0;402;402;18944[Alte Oper];2021-10-06T13:27:02.026+02:00
0.38736263;open;2021-10-06T13:23:00.000+02:00;141;223;0;364;364;24281[Hauptbahnhof Süd];2021-10-06T13:27:02.026+02:00
0.9859155;open;2021-10-06T13:23:00.000+02:00;420;6;0;426;426;18497[Hauptwache];2021-10-06T13:27:02.026+02:00
0.99752784;open;2021-10-06T13:23:00.000+02:00;807;2;0;809;809;24279[Konstabler];2021-10-06T13:27:02.026+02:00
0.84411764;open;2021-10-06T13:23:00.000+02:00;574;106;0;680;680;18495[Am Gericht];2021-10-06T13:27:02.026+02:00
0.2945824;open;2021-10-06T13:23:00.000+02:00;261;625;70;956;886;109240[MyZeil];2021-10-06T13:27:02.026+02:00
0.70347005;open;2021-10-06T13:23:00.000+02:00;446;188;0;634;634;18494[Konrad-Adenauer-Straße];2021-10-06T13:27:02.026+02:00
0.9066667;open;2021-10-06T13:33:00.000+02:00;136;14;200;350;150;24276[Turmcenter];2021-10-06T13:37:01.436+02:00
0.7636816;open;2021-10-06T13:33:00.000+02:00;307;95;0;402;402;18944[Alte Oper];2021-10-06T13:37:01.436+02:00
0.3956044;open;2021-10-06T13:33:00.000+02:00;144;220;0;364;364;24281[Hauptbahnhof Süd];2021-10-06T13:37:01.436+02:00
1.0;open;2021-10-06T13:33:00.000+02:00;426;0;0;426;426;18497[Hauptwache];2021-10-06T13:37:01.436+02:00
0.9913473;open;2021-10-06T13:33:00.000+02:00;802;7;0;809;809;24279[Konstabler];2021-10-06T13:37:01.436+02:00
0.84117645;open;2021-10-06T13:33:00.000+02:00;572;108;0;680;680;18495[Am Gericht];2021-10-06T13:37:01.436+02:00
0.29345372;open;2021-10-06T13:33:00.000+02:00;260;626;70;956;886;109240[MyZeil];2021-10-06T13:37:01.436+02:00
0.7003155;open;2021-10-06T13:33:00.000+02:00;444;190;0;634;634;18494[Konrad-Adenauer-Straße];2021-10-06T13:37:01.436+02:00
0.9;open;2021-10-06T13:38:00.000+02:00;135;15;200;350;150;24276[Turmcenter];2021-10-06T13:42:00.371+02:00
0.76865673;open;2021-10-06T13:38:00.000+02:00;309;93;0;402;402;18944[Alte Oper];2021-10-06T13:42:00.371+02:00
0.3956044;open;2021-10-06T13:38:00.000+02:00;144;220;0;364;364;24281[Hauptbahnhof Süd];2021-10-06T13:42:00.371+02:00
1.0;open;2021-10-06T13:38:00.000+02:00;426;0;0;426;426;18497[Hauptwache];2021-10-06T13:42:00.371+02:00
0.9962917;open;2021-10-06T13:38:00.000+02:00;806;3;0;809;809;24279[Konstabler];2021-10-06T13:42:00.371+02:00
0.8514706;open;2021-10-06T13:38:00.000+02:00;579;101;0;680;680;18495[Am Gericht];2021-10-06T13:42:00.371+02:00
0.29345372;open;2021-10-06T13:38:00.000+02:00;260;626;70;956;886;109240[MyZeil];2021-10-06T13:42:00.371+02:00
0.6955836;open;2021-10-06T13:38:00.000+02:00;441;193;0;634;634;18494[Konrad-Adenauer-Straße];2021-10-06T13:42:00.371+02:00
0.88;open;2021-10-06T13:48:00.000+02:00;132;18;200;350;150;24276[Turmcenter];2021-10-06T13:52:02.448+02:00
0.74875623;open;2021-10-06T13:48:00.000+02:00;301;101;0;402;402;18944[Alte Oper];2021-10-06T13:52:02.448+02:00
0.3956044;open;2021-10-06T13:48:00.000+02:00;144;220;0;364;364;24281[Hauptbahnhof Süd];2021-10-06T13:52:02.448+02:00
1.0;open;2021-10-06T13:48:00.000+02:00;426;0;0;426;426;18497[Hauptwache];2021-10-06T13:52:02.448+02:00
0.99752784;open;2021-10-06T13:48:00.000+02:00;807;2;0;809;809;24279[Konstabler];2021-10-06T13:52:02.448+02:00
0.875;open;2021-10-06T13:48:00.000+02:00;595;85;0;680;680;18495[Am Gericht];2021-10-06T13:52:02.448+02:00
0.29232505;open;2021-10-06T13:48:00.000+02:00;259;627;70;956;886;109240[MyZeil];2021-10-06T13:52:02.448+02:00
0.70347005;open;2021-10-06T13:48:00.000+02:00;446;188;0;634;634;18494[Konrad-Adenauer-Straße];2021-10-06T13:52:02.448+02:00
0.8933333;open;2021-10-06T14:03:00.000+02:00;134;16;200;350;150;24276[Turmcenter];2021-10-06T14:07:00.879+02:00
0.75870645;open;2021-10-06T14:03:00.000+02:00;305;97;0;402;402;18944[Alte Oper];2021-10-06T14:07:00.879+02:00
0.38736263;open;2021-10-06T14:03:00.000+02:00;141;223;0;364;364;24281[Hauptbahnhof Süd];2021-10-06T14:07:00.879+02:00
1.0;open;2021-10-06T14:03:00.000+02:00;426;0;0;426;426;18497[Hauptwache];2021-10-06T14:07:00.879+02:00
0.99258345;open;2021-10-06T14:03:00.000+02:00;803;6;0;809;809;24279[Konstabler];2021-10-06T14:07:00.879+02:00
0.8808824;open;2021-10-06T14:03:00.000+02:00;599;81;0;680;680;18495[Am Gericht];2021-10-06T14:07:00.879+02:00
0.29232505;open;2021-10-06T14:03:00.000+02:00;259;627;70;956;886;109240[MyZeil];2021-10-06T14:07:00.879+02:00
0.6955836;open;2021-10-06T14:03:00.000+02:00;441;193;0;634;634;18494[Konrad-Adenauer-Straße];2021-10-06T14:07:00.879+02:00
0.94;open;2021-10-06T14:39:00.000+02:00;141;9;200;350;150;24276[Turmcenter];2021-10-06T14:42:00.618+02:00
0.6965174;open;2021-10-06T14:39:00.000+02:00;280;122;0;402;402;18944[Alte Oper];2021-10-06T14:42:00.618+02:00
0.35164836;open;2021-10-06T14:39:00.000+02:00;128;236;0;364;364;24281[Hauptbahnhof Süd];2021-10-06T14:42:00.618+02:00
0.97417843;open;2021-10-06T14:39:00.000+02:00;415;11;0;426;426;18497[Hauptwache];2021-10-06T14:42:00.618+02:00
0.9406675;open;2021-10-06T14:39:00.000+02:00;761;48;0;809;809;24279[Konstabler];2021-10-06T14:42:00.618+02:00
0.83235294;open;2021-10-06T14:39:00.000+02:00;566;114;0;680;680;18495[Am Gericht];2021-10-06T14:42:00.618+02:00
0.29571107;open;2021-10-06T14:39:00.000+02:00;262;624;70;956;886;109240[MyZeil];2021-10-06T14:42:00.618+02:00
0.6561514;open;2021-10-06T14:39:00.000+02:00;416;218;0;634;634;18494[Konrad-Adenauer-Straße];2021-10-06T14:42:00.618+02:00
0.93333334;open;2021-10-06T14:59:00.000+02:00;140;10;200;350;150;24276[Turmcenter];2021-10-06T15:02:02.403+02:00
0.6666667;open;2021-10-06T14:59:00.000+02:00;268;134;0;402;402;18944[Alte Oper];2021-10-06T15:02:02.403+02:00
0.32692307;open;2021-10-06T14:59:00.000+02:00;119;245;0;364;364;24281[Hauptbahnhof Süd];2021-10-06T15:02:02.403+02:00
0.9906103;open;2021-10-06T14:59:00.000+02:00;422;4;0;426;426;18497[Hauptwache];2021-10-06T15:02:02.403+02:00
0.9332509;open;2021-10-06T14:59:00.000+02:00;755;54;0;809;809;24279[Konstabler];2021-10-06T15:02:02.403+02:00
0.81911767;open;2021-10-06T14:59:00.000+02:00;557;123;0;680;680;18495[Am Gericht];2021-10-06T15:02:02.403+02:00
0.3013544;open;2021-10-06T14:59:00.000+02:00;267;619;70;956;886;109240[MyZeil];2021-10-06T15:02:02.403+02:00
0.64984226;open;2021-10-06T14:59:00.000+02:00;412;222;0;634;634;18494[Konrad-Adenauer-Straße];2021-10-06T15:02:02.403+02:00
0.96666664;open;2021-10-06T15:34:00.000+02:00;145;5;200;350;150;24276[Turmcenter];2021-10-06T15:37:01.707+02:00
0.5870647;open;2021-10-06T15:34:00.000+02:00;236;166;0;402;402;18944[Alte Oper];2021-10-06T15:37:01.707+02:00
0.2747253;open;2021-10-06T15:34:00.000+02:00;100;264;0;364;364;24281[Hauptbahnhof Süd];2021-10-06T15:37:01.707+02:00
0.96713614;open;2021-10-06T15:34:00.000+02:00;412;14;0;426;426;18497[Hauptwache];2021-10-06T15:37:01.707+02:00
0.9159456;open;2021-10-06T15:34:00.000+02:00;741;68;0;809;809;24279[Konstabler];2021-10-06T15:37:01.707+02:00
0.76029414;open;2021-10-06T15:34:00.000+02:00;517;163;0;680;680;18495[Am Gericht];2021-10-06T15:37:01.707+02:00
0.28442436;open;2021-10-06T15:34:00.000+02:00;252;634;70;956;886;109240[MyZeil];2021-10-06T15:37:01.707+02:00
0.6466877;open;2021-10-06T15:34:00.000+02:00;410;224;0;634;634;18494[Konrad-Adenauer-Straße];2021-10-06T15:37:01.707+02:00
