parkingFacilityOccupancy,parkingFacilityStatus,parkingFacilityStatusTime,totalNumberOfOccupiedParkingSpaces,totalNumberOfVacantParkingSpaces,totalParkingCapacityLongTermOverride,totalParkingCapacityOverride,totalParkingCapacityShortTermOverride,id,TIME
0.94400895,open,2021-06-24T14:56:00Z,843,50,0,893,893,24277[Börse],2021-06-24T14:57:02.698Z
0.6492537,open,2021-06-24T14:56:00Z,261,141,0,402,402,18944[Alte Oper],2021-06-24T14:57:02.698Z
0.16483517,open,2021-06-24T14:56:00Z,60,304,0,364,364,24281[Hauptbahnhof Süd],2021-06-24T14:57:02.698Z
0.546875,open,2021-06-24T14:56:00Z,210,174,0,384,384,105479[Baseler Platz],2021-06-24T14:57:02.698Z
0.6588381,open,2021-06-24T14:56:00Z,533,276,0,809,809,24279[Konstabler],2021-06-24T14:57:02.698Z
0.899061,open,2021-06-24T14:56:00Z,383,43,0,426,426,18497[Hauptwache],2021-06-24T14:57:02.698Z
0.44117647,open,2021-06-24T14:56:00Z,300,380,0,680,680,18495[Am Gericht],2021-06-24T14:57:02.698Z
0.30150753,open,2021-06-24T14:56:00Z,240,556,75,871,796,109240[MyZeil],2021-06-24T14:57:02.698Z
0.21510673,open,2021-06-24T14:56:00Z,131,478,0,609,609,18494[Konrad-Adenauer-Straße],2021-06-24T14:57:02.698Z
0.52958155,open,2021-06-24T14:56:00Z,367,326,0,693,693,24278[Karstadt],2021-06-24T14:57:02.698Z
0.94400895,open,2021-06-24T15:31:00Z,843,50,0,893,893,24277[Börse],2021-06-24T15:32:01.991Z
0.619403,open,2021-06-24T15:31:00Z,249,153,0,402,402,18944[Alte Oper],2021-06-24T15:32:01.991Z
0.13461539,open,2021-06-24T15:31:00Z,49,315,0,364,364,24281[Hauptbahnhof Süd],2021-06-24T15:32:01.991Z
0.5104167,open,2021-06-24T15:31:00Z,196,188,0,384,384,105479[Baseler Platz],2021-06-24T15:32:01.991Z
0.6131026,open,2021-06-24T15:31:00Z,496,313,0,809,809,24279[Konstabler],2021-06-24T15:32:01.991Z
0.8685446,open,2021-06-24T15:31:00Z,370,56,0,426,426,18497[Hauptwache],2021-06-24T15:32:01.991Z
0.4117647,open,2021-06-24T15:31:00Z,280,400,0,680,680,18495[Am Gericht],2021-06-24T15:32:01.991Z
0.2851759,open,2021-06-24T15:31:00Z,227,569,75,871,796,109240[MyZeil],2021-06-24T15:32:01.991Z
0.15763547,open,2021-06-24T15:31:00Z,96,513,0,609,609,18494[Konrad-Adenauer-Straße],2021-06-24T15:32:01.991Z
0.4935065,open,2021-06-24T15:31:00Z,342,351,0,693,693,24278[Karstadt],2021-06-24T15:32:01.991Z
0.94400895,open,2021-06-24T15:51:00Z,843,50,0,893,893,24277[Börse],2021-06-24T15:52:01.707Z
0.579602,open,2021-06-24T15:51:00Z,233,169,0,402,402,18944[Alte Oper],2021-06-24T15:52:01.707Z
0.115384616,open,2021-06-24T15:51:00Z,42,322,0,364,364,24281[Hauptbahnhof Süd],2021-06-24T15:52:01.707Z
0.5052083,open,2021-06-24T15:51:00Z,194,190,0,384,384,105479[Baseler Platz],2021-06-24T15:52:01.707Z
0.6044499,open,2021-06-24T15:51:00Z,489,320,0,809,809,24279[Konstabler],2021-06-24T15:52:01.707Z
0.8380282,open,2021-06-24T15:51:00Z,357,69,0,426,426,18497[Hauptwache],2021-06-24T15:52:01.707Z
0.39117646,open,2021-06-24T15:51:00Z,266,414,0,680,680,18495[Am Gericht],2021-06-24T15:52:01.707Z
0.28643215,open,2021-06-24T15:51:00Z,228,568,75,871,796,109240[MyZeil],2021-06-24T15:52:01.707Z
0.14285715,open,2021-06-24T15:51:00Z,87,522,0,609,609,18494[Konrad-Adenauer-Straße],2021-06-24T15:52:01.707Z
0.47474748,open,2021-06-24T15:51:00Z,329,364,0,693,693,24278[Karstadt],2021-06-24T15:52:01.707Z
0.94400895,open,2021-06-24T15:56:00Z,843,50,0,893,893,24277[Börse],2021-06-24T16:02:02.358Z
0.5721393,open,2021-06-24T15:56:00Z,230,172,0,402,402,18944[Alte Oper],2021-06-24T16:02:02.358Z
0.10989011,open,2021-06-24T15:56:00Z,40,324,0,364,364,24281[Hauptbahnhof Süd],2021-06-24T16:02:02.358Z
0.49739584,open,2021-06-24T15:56:00Z,191,193,0,384,384,105479[Baseler Platz],2021-06-24T16:02:02.358Z
0.60692215,open,2021-06-24T15:56:00Z,491,318,0,809,809,24279[Konstabler],2021-06-24T16:02:02.358Z
0.8309859,open,2021-06-24T15:56:00Z,354,72,0,426,426,18497[Hauptwache],2021-06-24T16:02:02.358Z
0.38235295,open,2021-06-24T15:56:00Z,260,420,0,680,680,18495[Am Gericht],2021-06-24T16:02:02.358Z
0.2839196,open,2021-06-24T15:56:00Z,226,570,75,871,796,109240[MyZeil],2021-06-24T16:02:02.358Z
0.13793103,open,2021-06-24T15:56:00Z,84,525,0,609,609,18494[Konrad-Adenauer-Straße],2021-06-24T16:02:02.358Z
0.46608946,open,2021-06-24T15:56:00Z,323,370,0,693,693,24278[Karstadt],2021-06-24T16:02:02.358Z
0.94400895,open,2021-06-24T16:37:00Z,843,50,0,893,893,24277[Börse],2021-06-24T16:42:00.252Z
0.50248754,open,2021-06-24T16:37:00Z,202,200,0,402,402,18944[Alte Oper],2021-06-24T16:42:00.252Z
0.08516484,open,2021-06-24T16:37:00Z,31,333,0,364,364,24281[Hauptbahnhof Süd],2021-06-24T16:42:00.252Z
0.47395834,open,2021-06-24T16:37:00Z,182,202,0,384,384,105479[Baseler Platz],2021-06-24T16:42:00.252Z
0.5512979,open,2021-06-24T16:37:00Z,446,363,0,809,809,24279[Konstabler],2021-06-24T16:42:00.252Z
0.80985916,open,2021-06-24T16:37:00Z,345,81,0,426,426,18497[Hauptwache],2021-06-24T16:42:00.252Z
0.34264705,open,2021-06-24T16:37:00Z,233,447,0,680,680,18495[Am Gericht],2021-06-24T16:42:00.252Z
0.2839196,open,2021-06-24T16:37:00Z,226,570,75,871,796,109240[MyZeil],2021-06-24T16:42:00.252Z
0.12315271,open,2021-06-24T16:37:00Z,75,534,0,609,609,18494[Konrad-Adenauer-Straße],2021-06-24T16:42:00.252Z
0.4054834,open,2021-06-24T16:37:00Z,281,412,0,693,693,24278[Karstadt],2021-06-24T16:42:00.252Z
0.94400895,open,2021-06-24T16:57:00Z,843,50,0,893,893,24277[Börse],2021-06-24T17:02:01.123Z
0.48507464,open,2021-06-24T16:57:00Z,195,207,0,402,402,18944[Alte Oper],2021-06-24T17:02:01.123Z
0.08516484,open,2021-06-24T16:57:00Z,31,333,0,364,364,24281[Hauptbahnhof Süd],2021-06-24T17:02:01.123Z
0.46875,open,2021-06-24T16:57:00Z,180,204,0,384,384,105479[Baseler Platz],2021-06-24T17:02:01.123Z
0.5377009,open,2021-06-24T16:57:00Z,435,374,0,809,809,24279[Konstabler],2021-06-24T17:02:01.123Z
0.7934272,open,2021-06-24T16:57:00Z,338,88,0,426,426,18497[Hauptwache],2021-06-24T17:02:01.123Z
0.33088234,open,2021-06-24T16:57:00Z,225,455,0,680,680,18495[Am Gericht],2021-06-24T17:02:01.123Z
0.2701005,open,2021-06-24T16:57:00Z,215,581,75,871,796,109240[MyZeil],2021-06-24T17:02:01.123Z
0.10837439,open,2021-06-24T16:57:00Z,66,543,0,609,609,18494[Konrad-Adenauer-Straße],2021-06-24T17:02:01.123Z
0.35930735,open,2021-06-24T16:57:00Z,249,444,0,693,693,24278[Karstadt],2021-06-24T17:02:01.123Z
0.94400895,open,2021-06-24T17:28:00Z,843,50,0,893,893,24277[Börse],2021-06-24T17:32:00.361Z
0.460199,open,2021-06-24T17:28:00Z,185,217,0,402,402,18944[Alte Oper],2021-06-24T17:32:00.361Z
0.06043956,open,2021-06-24T17:28:00Z,22,342,0,364,364,24281[Hauptbahnhof Süd],2021-06-24T17:32:00.361Z
0.4609375,open,2021-06-24T17:28:00Z,177,207,0,384,384,105479[Baseler Platz],2021-06-24T17:32:00.361Z
0.46724352,open,2021-06-24T17:28:00Z,378,431,0,809,809,24279[Konstabler],2021-06-24T17:32:00.361Z
0.7206573,open,2021-06-24T17:28:00Z,307,119,0,426,426,18497[Hauptwache],2021-06-24T17:32:00.361Z
0.31764707,open,2021-06-24T17:28:00Z,216,464,0,680,680,18495[Am Gericht],2021-06-24T17:32:00.361Z
0.26758793,open,2021-06-24T17:28:00Z,213,583,75,871,796,109240[MyZeil],2021-06-24T17:32:00.361Z
0.119868636,open,2021-06-24T17:28:00Z,73,536,0,609,609,18494[Konrad-Adenauer-Straße],2021-06-24T17:32:00.361Z
0.3001443,open,2021-06-24T17:28:00Z,208,485,0,693,693,24278[Karstadt],2021-06-24T17:32:00.361Z
0.94400895,open,2021-06-24T17:43:00Z,843,50,0,893,893,24277[Börse],2021-06-24T17:47:00.382Z
0.46517414,open,2021-06-24T17:43:00Z,187,215,0,402,402,18944[Alte Oper],2021-06-24T17:47:00.382Z
0.054945055,open,2021-06-24T17:43:00Z,20,344,0,364,364,24281[Hauptbahnhof Süd],2021-06-24T17:47:00.382Z
0.45572916,open,2021-06-24T17:43:00Z,175,209,0,384,384,105479[Baseler Platz],2021-06-24T17:47:00.382Z
0.45735475,open,2021-06-24T17:43:00Z,370,439,0,809,809,24279[Konstabler],2021-06-24T17:47:00.382Z
0.69953054,open,2021-06-24T17:43:00Z,298,128,0,426,426,18497[Hauptwache],2021-06-24T17:47:00.382Z
0.30147058,open,2021-06-24T17:43:00Z,205,475,0,680,680,18495[Am Gericht],2021-06-24T17:47:00.382Z
0.25251257,open,2021-06-24T17:43:00Z,201,595,75,871,796,109240[MyZeil],2021-06-24T17:47:00.382Z
0.10837439,open,2021-06-24T17:43:00Z,66,543,0,609,609,18494[Konrad-Adenauer-Straße],2021-06-24T17:47:00.382Z
0,closed,2021-06-24T17:43:00Z,,485,0,0,0,24278[Karstadt],2021-06-24T17:47:00.382Z
0.94400895,open,2021-06-24T17:48:00Z,843,50,0,893,893,24277[Börse],2021-06-24T17:52:02.184Z
0.46517414,open,2021-06-24T17:48:00Z,187,215,0,402,402,18944[Alte Oper],2021-06-24T17:52:02.184Z
0.054945055,open,2021-06-24T17:48:00Z,20,344,0,364,364,24281[Hauptbahnhof Süd],2021-06-24T17:52:02.184Z
0.45833334,open,2021-06-24T17:48:00Z,176,208,0,384,384,105479[Baseler Platz],2021-06-24T17:52:02.184Z
0.45241037,open,2021-06-24T17:48:00Z,366,443,0,809,809,24279[Konstabler],2021-06-24T17:52:02.184Z
0.69483566,open,2021-06-24T17:48:00Z,296,130,0,426,426,18497[Hauptwache],2021-06-24T17:52:02.184Z
0.3,open,2021-06-24T17:48:00Z,204,476,0,680,680,18495[Am Gericht],2021-06-24T17:52:02.184Z
0.2512563,open,2021-06-24T17:48:00Z,200,596,75,871,796,109240[MyZeil],2021-06-24T17:52:02.184Z
0.10344828,open,2021-06-24T17:48:00Z,63,546,0,609,609,18494[Konrad-Adenauer-Straße],2021-06-24T17:52:02.184Z
0,closed,2021-06-24T17:48:00Z,,485,0,0,0,24278[Karstadt],2021-06-24T17:52:02.184Z
0.94400895,open,2021-06-24T18:13:00Z,843,50,0,893,893,24277[Börse],2021-06-24T18:17:02.021Z
0.45273632,open,2021-06-24T18:13:00Z,182,220,0,402,402,18944[Alte Oper],2021-06-24T18:17:02.021Z
0.041208792,open,2021-06-24T18:13:00Z,15,349,0,364,364,24281[Hauptbahnhof Süd],2021-06-24T18:17:02.021Z
0.44270834,open,2021-06-24T18:13:00Z,170,214,0,384,384,105479[Baseler Platz],2021-06-24T18:17:02.021Z
0.38442522,open,2021-06-24T18:13:00Z,311,498,0,809,809,24279[Konstabler],2021-06-24T18:17:02.021Z
0.63849765,open,2021-06-24T18:13:00Z,272,154,0,426,426,18497[Hauptwache],2021-06-24T18:17:02.021Z
0.2882353,open,2021-06-24T18:13:00Z,196,484,0,680,680,18495[Am Gericht],2021-06-24T18:17:02.021Z
0.22613065,open,2021-06-24T18:13:00Z,180,616,75,871,796,109240[MyZeil],2021-06-24T18:17:02.021Z
0.08210181,open,2021-06-24T18:13:00Z,50,559,0,609,609,18494[Konrad-Adenauer-Straße],2021-06-24T18:17:02.021Z
0,closed,2021-06-24T18:13:00Z,,485,0,0,0,24278[Karstadt],2021-06-24T18:17:02.021Z
0.94400895,open,2021-06-24T18:39:00Z,843,50,0,893,893,24277[Börse],2021-06-24T18:42:01.425Z
0.43283582,open,2021-06-24T18:39:00Z,174,228,0,402,402,18944[Alte Oper],2021-06-24T18:42:01.425Z
0.032967035,open,2021-06-24T18:39:00Z,12,352,0,364,364,24281[Hauptbahnhof Süd],2021-06-24T18:42:01.425Z
0.44010416,open,2021-06-24T18:39:00Z,169,215,0,384,384,105479[Baseler Platz],2021-06-24T18:42:01.425Z
0.36217552,open,2021-06-24T18:39:00Z,293,516,0,809,809,24279[Konstabler],2021-06-24T18:42:01.425Z
0.6126761,open,2021-06-24T18:39:00Z,261,165,0,426,426,18497[Hauptwache],2021-06-24T18:42:01.425Z
0.26764706,open,2021-06-24T18:39:00Z,182,498,0,680,680,18495[Am Gericht],2021-06-24T18:42:01.425Z
0.21105528,open,2021-06-24T18:39:00Z,168,628,75,871,796,109240[MyZeil],2021-06-24T18:42:01.425Z
0.07224959,open,2021-06-24T18:39:00Z,44,565,0,609,609,18494[Konrad-Adenauer-Straße],2021-06-24T18:42:01.425Z
0,closed,2021-06-24T18:39:00Z,,485,0,0,0,24278[Karstadt],2021-06-24T18:42:01.425Z
0.94400895,open,2021-06-24T18:49:00Z,843,50,0,893,893,24277[Börse],2021-06-24T18:52:02.130Z
0.4353234,open,2021-06-24T18:49:00Z,175,227,0,402,402,18944[Alte Oper],2021-06-24T18:52:02.130Z
0.032967035,open,2021-06-24T18:49:00Z,12,352,0,364,364,24281[Hauptbahnhof Süd],2021-06-24T18:52:02.130Z
0.4375,open,2021-06-24T18:49:00Z,168,216,0,384,384,105479[Baseler Platz],2021-06-24T18:52:02.130Z
0.35352287,open,2021-06-24T18:49:00Z,286,523,0,809,809,24279[Konstabler],2021-06-24T18:52:02.130Z
0.59624416,open,2021-06-24T18:49:00Z,254,172,0,426,426,18497[Hauptwache],2021-06-24T18:52:02.130Z
0.25882354,open,2021-06-24T18:49:00Z,176,504,0,680,680,18495[Am Gericht],2021-06-24T18:52:02.130Z
0.20477387,open,2021-06-24T18:49:00Z,163,633,75,871,796,109240[MyZeil],2021-06-24T18:52:02.130Z
0.06896552,open,2021-06-24T18:49:00Z,42,567,0,609,609,18494[Konrad-Adenauer-Straße],2021-06-24T18:52:02.130Z
0,closed,2021-06-24T18:49:00Z,,485,0,0,0,24278[Karstadt],2021-06-24T18:52:02.130Z
0.94400895,open,2021-06-24T19:09:00Z,843,50,0,893,893,24277[Börse],2021-06-24T19:12:01.144Z
0.42288557,open,2021-06-24T19:09:00Z,170,232,0,402,402,18944[Alte Oper],2021-06-24T19:12:01.144Z
0.03021978,open,2021-06-24T19:09:00Z,11,353,0,364,364,24281[Hauptbahnhof Süd],2021-06-24T19:12:01.144Z
0.4375,open,2021-06-24T19:09:00Z,168,216,0,384,384,105479[Baseler Platz],2021-06-24T19:12:01.144Z
0.35105067,open,2021-06-24T19:09:00Z,284,525,0,809,809,24279[Konstabler],2021-06-24T19:12:01.144Z
0.58450705,open,2021-06-24T19:09:00Z,249,177,0,426,426,18497[Hauptwache],2021-06-24T19:12:01.144Z
0.24558823,open,2021-06-24T19:09:00Z,167,513,0,680,680,18495[Am Gericht],2021-06-24T19:12:01.144Z
0.20351759,open,2021-06-24T19:09:00Z,162,634,75,871,796,109240[MyZeil],2021-06-24T19:12:01.144Z
0.055829227,open,2021-06-24T19:09:00Z,34,575,0,609,609,18494[Konrad-Adenauer-Straße],2021-06-24T19:12:01.144Z
0,closed,2021-06-24T19:09:00Z,,485,0,0,0,24278[Karstadt],2021-06-24T19:12:01.144Z
0.94400895,open,2021-06-24T19:20:00Z,843,50,0,893,893,24277[Börse],2021-06-24T19:22:02.200Z
0.41044775,open,2021-06-24T19:20:00Z,165,237,0,402,402,18944[Alte Oper],2021-06-24T19:22:02.200Z
0.03021978,open,2021-06-24T19:20:00Z,11,353,0,364,364,24281[Hauptbahnhof Süd],2021-06-24T19:22:02.200Z
0.43489584,open,2021-06-24T19:20:00Z,167,217,0,384,384,105479[Baseler Platz],2021-06-24T19:22:02.200Z
0.3461063,open,2021-06-24T19:20:00Z,280,529,0,809,809,24279[Konstabler],2021-06-24T19:22:02.200Z
0.57042253,open,2021-06-24T19:20:00Z,243,183,0,426,426,18497[Hauptwache],2021-06-24T19:22:02.200Z
0.24411765,open,2021-06-24T19:20:00Z,166,514,0,680,680,18495[Am Gericht],2021-06-24T19:22:02.200Z
0.19974874,open,2021-06-24T19:20:00Z,159,637,75,871,796,109240[MyZeil],2021-06-24T19:22:02.200Z
0.055829227,open,2021-06-24T19:20:00Z,34,575,0,609,609,18494[Konrad-Adenauer-Straße],2021-06-24T19:22:02.200Z
0,closed,2021-06-24T19:20:00Z,,485,0,0,0,24278[Karstadt],2021-06-24T19:22:02.200Z
0.94400895,open,2021-06-24T19:30:00Z,843,50,0,893,893,24277[Börse],2021-06-24T19:32:02.755Z
0.40298507,open,2021-06-24T19:30:00Z,162,240,0,402,402,18944[Alte Oper],2021-06-24T19:32:02.755Z
0.027472528,open,2021-06-24T19:30:00Z,10,354,0,364,364,24281[Hauptbahnhof Süd],2021-06-24T19:32:02.755Z
0.43489584,open,2021-06-24T19:30:00Z,167,217,0,384,384,105479[Baseler Platz],2021-06-24T19:32:02.755Z
0.33992583,open,2021-06-24T19:30:00Z,275,534,0,809,809,24279[Konstabler],2021-06-24T19:32:02.755Z
0.556338,open,2021-06-24T19:30:00Z,237,189,0,426,426,18497[Hauptwache],2021-06-24T19:32:02.755Z
0.24411765,open,2021-06-24T19:30:00Z,166,514,0,680,680,18495[Am Gericht],2021-06-24T19:32:02.755Z
0.19723618,open,2021-06-24T19:30:00Z,157,639,75,871,796,109240[MyZeil],2021-06-24T19:32:02.755Z
0.052545156,open,2021-06-24T19:30:00Z,32,577,0,609,609,18494[Konrad-Adenauer-Straße],2021-06-24T19:32:02.755Z
0,closed,2021-06-24T19:30:00Z,,485,0,0,0,24278[Karstadt],2021-06-24T19:32:02.755Z
0.94400895,open,2021-06-24T19:40:00Z,843,50,0,893,893,24277[Börse],2021-06-24T19:42:01.070Z
0.3880597,open,2021-06-24T19:40:00Z,156,246,0,402,402,18944[Alte Oper],2021-06-24T19:42:01.070Z
0.021978023,open,2021-06-24T19:40:00Z,8,356,0,364,364,24281[Hauptbahnhof Süd],2021-06-24T19:42:01.070Z
0.43489584,open,2021-06-24T19:40:00Z,167,217,0,384,384,105479[Baseler Platz],2021-06-24T19:42:01.070Z
0.33498147,open,2021-06-24T19:40:00Z,271,538,0,809,809,24279[Konstabler],2021-06-24T19:42:01.070Z
0.5516432,open,2021-06-24T19:40:00Z,235,191,0,426,426,18497[Hauptwache],2021-06-24T19:42:01.070Z
0.24117647,open,2021-06-24T19:40:00Z,164,516,0,680,680,18495[Am Gericht],2021-06-24T19:42:01.070Z
0.19472362,open,2021-06-24T19:40:00Z,155,641,75,871,796,109240[MyZeil],2021-06-24T19:42:01.070Z
0.05090312,open,2021-06-24T19:40:00Z,31,578,0,609,609,18494[Konrad-Adenauer-Straße],2021-06-24T19:42:01.070Z
0,closed,2021-06-24T19:40:00Z,,485,0,0,0,24278[Karstadt],2021-06-24T19:42:01.070Z
0.94400895,open,2021-06-24T19:50:00Z,843,50,0,893,893,24277[Börse],2021-06-24T19:52:02.471Z
0.37810946,open,2021-06-24T19:50:00Z,152,250,0,402,402,18944[Alte Oper],2021-06-24T19:52:02.471Z
0.027472528,open,2021-06-24T19:50:00Z,10,354,0,364,364,24281[Hauptbahnhof Süd],2021-06-24T19:52:02.471Z
0.43489584,open,2021-06-24T19:50:00Z,167,217,0,384,384,105479[Baseler Platz],2021-06-24T19:52:02.471Z
0.32880098,open,2021-06-24T19:50:00Z,266,543,0,809,809,24279[Konstabler],2021-06-24T19:52:02.471Z
0.5492958,open,2021-06-24T19:50:00Z,234,192,0,426,426,18497[Hauptwache],2021-06-24T19:52:02.471Z
0.2382353,open,2021-06-24T19:50:00Z,162,518,0,680,680,18495[Am Gericht],2021-06-24T19:52:02.471Z
0.19472362,open,2021-06-24T19:50:00Z,155,641,75,871,796,109240[MyZeil],2021-06-24T19:52:02.471Z
0.05090312,open,2021-06-24T19:50:00Z,31,578,0,609,609,18494[Konrad-Adenauer-Straße],2021-06-24T19:52:02.471Z
0,closed,2021-06-24T19:50:00Z,,485,0,0,0,24278[Karstadt],2021-06-24T19:52:02.471Z
0.94400895,open,2021-06-24T20:00:00Z,843,50,0,893,893,24277[Börse],2021-06-24T20:02:00.723Z
0.36567163,open,2021-06-24T20:00:00Z,147,255,0,402,402,18944[Alte Oper],2021-06-24T20:02:00.723Z
0.027472528,open,2021-06-24T20:00:00Z,10,354,0,364,364,24281[Hauptbahnhof Süd],2021-06-24T20:02:00.723Z
0.43229166,open,2021-06-24T20:00:00Z,166,218,0,384,384,105479[Baseler Platz],2021-06-24T20:02:00.723Z
0.32385662,open,2021-06-24T20:00:00Z,262,547,0,809,809,24279[Konstabler],2021-06-24T20:02:00.723Z
0.5422535,open,2021-06-24T20:00:00Z,231,195,0,426,426,18497[Hauptwache],2021-06-24T20:02:00.723Z
0.23529412,open,2021-06-24T20:00:00Z,160,520,0,680,680,18495[Am Gericht],2021-06-24T20:02:00.723Z
0.19221106,open,2021-06-24T20:00:00Z,153,643,75,871,796,109240[MyZeil],2021-06-24T20:02:00.723Z
0.049261082,open,2021-06-24T20:00:00Z,30,579,0,609,609,18494[Konrad-Adenauer-Straße],2021-06-24T20:02:00.723Z
0,closed,2021-06-24T20:00:00Z,,485,0,0,0,24278[Karstadt],2021-06-24T20:02:00.723Z
0.94400895,open,2021-06-24T20:21:00Z,843,50,0,893,893,24277[Börse],2021-06-24T20:22:01.564Z
0.35074627,open,2021-06-24T20:21:00Z,141,261,0,402,402,18944[Alte Oper],2021-06-24T20:22:01.564Z
0.027472528,open,2021-06-24T20:21:00Z,10,354,0,364,364,24281[Hauptbahnhof Süd],2021-06-24T20:22:01.564Z
0.43489584,open,2021-06-24T20:21:00Z,167,217,0,384,384,105479[Baseler Platz],2021-06-24T20:22:01.564Z
0.31149566,open,2021-06-24T20:21:00Z,252,557,0,809,809,24279[Konstabler],2021-06-24T20:22:01.564Z
0.53521127,open,2021-06-24T20:21:00Z,228,198,0,426,426,18497[Hauptwache],2021-06-24T20:22:01.564Z
0.23235294,open,2021-06-24T20:21:00Z,158,522,0,680,680,18495[Am Gericht],2021-06-24T20:22:01.564Z
0.18718593,open,2021-06-24T20:21:00Z,149,647,75,871,796,109240[MyZeil],2021-06-24T20:22:01.564Z
0.04761905,open,2021-06-24T20:21:00Z,29,580,0,609,609,18494[Konrad-Adenauer-Straße],2021-06-24T20:22:01.564Z
0,closed,2021-06-24T20:21:00Z,,485,0,0,0,24278[Karstadt],2021-06-24T20:22:01.564Z
0.94400895,open,2021-06-24T20:31:00Z,843,50,0,893,893,24277[Börse],2021-06-24T20:32:00.913Z
0.33582088,open,2021-06-24T20:31:00Z,135,267,0,402,402,18944[Alte Oper],2021-06-24T20:32:00.913Z
0.027472528,open,2021-06-24T20:31:00Z,10,354,0,364,364,24281[Hauptbahnhof Süd],2021-06-24T20:32:00.913Z
0.43229166,open,2021-06-24T20:31:00Z,166,218,0,384,384,105479[Baseler Platz],2021-06-24T20:32:00.913Z
0.3065513,open,2021-06-24T20:31:00Z,248,561,0,809,809,24279[Konstabler],2021-06-24T20:32:00.913Z
0.52112675,open,2021-06-24T20:31:00Z,222,204,0,426,426,18497[Hauptwache],2021-06-24T20:32:00.913Z
0.23382352,open,2021-06-24T20:31:00Z,159,521,0,680,680,18495[Am Gericht],2021-06-24T20:32:00.913Z
0.18718593,open,2021-06-24T20:31:00Z,149,647,75,871,796,109240[MyZeil],2021-06-24T20:32:00.913Z
0.044334974,open,2021-06-24T20:31:00Z,27,582,0,609,609,18494[Konrad-Adenauer-Straße],2021-06-24T20:32:00.913Z
0,closed,2021-06-24T20:31:00Z,,485,0,0,0,24278[Karstadt],2021-06-24T20:32:00.913Z
0.94400895,open,2021-06-24T20:41:00Z,843,50,0,893,893,24277[Börse],2021-06-24T20:42:00.583Z
0.33084577,open,2021-06-24T20:41:00Z,133,269,0,402,402,18944[Alte Oper],2021-06-24T20:42:00.583Z
0.024725275,open,2021-06-24T20:41:00Z,9,355,0,364,364,24281[Hauptbahnhof Süd],2021-06-24T20:42:00.583Z
0.43229166,open,2021-06-24T20:41:00Z,166,218,0,384,384,105479[Baseler Platz],2021-06-24T20:42:00.583Z
0.302843,open,2021-06-24T20:41:00Z,245,564,0,809,809,24279[Konstabler],2021-06-24T20:42:00.583Z
0.52112675,open,2021-06-24T20:41:00Z,222,204,0,426,426,18497[Hauptwache],2021-06-24T20:42:00.583Z
0.23382352,open,2021-06-24T20:41:00Z,159,521,0,680,680,18495[Am Gericht],2021-06-24T20:42:00.583Z
0.18718593,open,2021-06-24T20:41:00Z,149,647,75,871,796,109240[MyZeil],2021-06-24T20:42:00.583Z
0.04269294,open,2021-06-24T20:41:00Z,26,583,0,609,609,18494[Konrad-Adenauer-Straße],2021-06-24T20:42:00.583Z
0,closed,2021-06-24T20:41:00Z,,485,0,0,0,24278[Karstadt],2021-06-24T20:42:00.583Z
0.94400895,open,2021-06-24T20:46:00Z,843,50,0,893,893,24277[Börse],2021-06-24T20:52:00.596Z
0.32587063,open,2021-06-24T20:46:00Z,131,271,0,402,402,18944[Alte Oper],2021-06-24T20:52:00.596Z
0.021978023,open,2021-06-24T20:46:00Z,8,356,0,364,364,24281[Hauptbahnhof Süd],2021-06-24T20:52:00.596Z
0.43229166,open,2021-06-24T20:46:00Z,166,218,0,384,384,105479[Baseler Platz],2021-06-24T20:52:00.596Z
0.30160692,open,2021-06-24T20:46:00Z,244,565,0,809,809,24279[Konstabler],2021-06-24T20:52:00.596Z
0.52112675,open,2021-06-24T20:46:00Z,222,204,0,426,426,18497[Hauptwache],2021-06-24T20:52:00.596Z
0.23382352,open,2021-06-24T20:46:00Z,159,521,0,680,680,18495[Am Gericht],2021-06-24T20:52:00.596Z
0.18718593,open,2021-06-24T20:46:00Z,149,647,75,871,796,109240[MyZeil],2021-06-24T20:52:00.596Z
0.039408866,open,2021-06-24T20:46:00Z,24,585,0,609,609,18494[Konrad-Adenauer-Straße],2021-06-24T20:52:00.596Z
0,closed,2021-06-24T20:46:00Z,,485,0,0,0,24278[Karstadt],2021-06-24T20:52:00.596Z
0.94400895,open,2021-06-24T20:51:00Z,843,50,0,893,893,24277[Börse],2021-06-24T20:57:02.692Z
0.3233831,open,2021-06-24T20:51:00Z,130,272,0,402,402,18944[Alte Oper],2021-06-24T20:57:02.692Z
0.024725275,open,2021-06-24T20:51:00Z,9,355,0,364,364,24281[Hauptbahnhof Süd],2021-06-24T20:57:02.692Z
0.43229166,open,2021-06-24T20:51:00Z,166,218,0,384,384,105479[Baseler Platz],2021-06-24T20:57:02.692Z
0.29913473,open,2021-06-24T20:51:00Z,242,567,0,809,809,24279[Konstabler],2021-06-24T20:57:02.692Z
0.51877934,open,2021-06-24T20:51:00Z,221,205,0,426,426,18497[Hauptwache],2021-06-24T20:57:02.692Z
0.23382352,open,2021-06-24T20:51:00Z,159,521,0,680,680,18495[Am Gericht],2021-06-24T20:57:02.692Z
0.18718593,open,2021-06-24T20:51:00Z,149,647,75,871,796,109240[MyZeil],2021-06-24T20:57:02.692Z
0.03776683,open,2021-06-24T20:51:00Z,23,586,0,609,609,18494[Konrad-Adenauer-Straße],2021-06-24T20:57:02.692Z
0,closed,2021-06-24T20:51:00Z,,485,0,0,0,24278[Karstadt],2021-06-24T20:57:02.692Z
0.94400895,open,2021-06-24T21:17:00Z,843,50,0,893,893,24277[Börse],2021-06-24T21:22:01.273Z
0.31094527,open,2021-06-24T21:17:00Z,125,277,0,402,402,18944[Alte Oper],2021-06-24T21:22:01.273Z
0.024725275,open,2021-06-24T21:17:00Z,9,355,0,364,364,24281[Hauptbahnhof Süd],2021-06-24T21:22:01.273Z
0.4375,open,2021-06-24T21:17:00Z,168,216,0,384,384,105479[Baseler Platz],2021-06-24T21:22:01.273Z
0.28800988,open,2021-06-24T21:17:00Z,233,576,0,809,809,24279[Konstabler],2021-06-24T21:22:01.273Z
0.5093897,open,2021-06-24T21:17:00Z,217,209,0,426,426,18497[Hauptwache],2021-06-24T21:22:01.273Z
0.23235294,open,2021-06-24T21:17:00Z,158,522,0,680,680,18495[Am Gericht],2021-06-24T21:22:01.273Z
0.027914613,open,2021-06-24T21:17:00Z,17,592,0,609,609,18494[Konrad-Adenauer-Straße],2021-06-24T21:22:01.273Z
0,closed,2021-06-24T21:17:00Z,,485,0,0,0,24278[Karstadt],2021-06-24T21:22:01.273Z
0.94400895,open,2021-06-24T21:38:00Z,843,50,0,893,893,24277[Börse],2021-06-24T21:42:01.093Z
0.29850745,open,2021-06-24T21:38:00Z,120,282,0,402,402,18944[Alte Oper],2021-06-24T21:42:01.093Z
0.024725275,open,2021-06-24T21:38:00Z,9,355,0,364,364,24281[Hauptbahnhof Süd],2021-06-24T21:42:01.093Z
0.43489584,open,2021-06-24T21:38:00Z,167,217,0,384,384,105479[Baseler Platz],2021-06-24T21:42:01.093Z
0.2855377,open,2021-06-24T21:38:00Z,231,578,0,809,809,24279[Konstabler],2021-06-24T21:42:01.093Z
0.5046948,open,2021-06-24T21:38:00Z,215,211,0,426,426,18497[Hauptwache],2021-06-24T21:42:01.093Z
0.23235294,open,2021-06-24T21:38:00Z,158,522,0,680,680,18495[Am Gericht],2021-06-24T21:42:01.093Z
0.18467337,open,2021-06-24T21:38:00Z,147,649,75,871,796,109240[MyZeil],2021-06-24T21:42:01.093Z
0.031198686,open,2021-06-24T21:38:00Z,19,590,0,609,609,18494[Konrad-Adenauer-Straße],2021-06-24T21:42:01.093Z
0,closed,2021-06-24T21:38:00Z,,485,0,0,0,24278[Karstadt],2021-06-24T21:42:01.093Z
0.94400895,open,2021-06-24T21:48:00Z,843,50,0,893,893,24277[Börse],2021-06-24T21:52:01.582Z
0.29353234,open,2021-06-24T21:48:00Z,118,284,0,402,402,18944[Alte Oper],2021-06-24T21:52:01.582Z
0.024725275,open,2021-06-24T21:48:00Z,9,355,0,364,364,24281[Hauptbahnhof Süd],2021-06-24T21:52:01.582Z
0.43489584,open,2021-06-24T21:48:00Z,167,217,0,384,384,105479[Baseler Platz],2021-06-24T21:52:01.582Z
0.28182942,open,2021-06-24T21:48:00Z,228,581,0,809,809,24279[Konstabler],2021-06-24T21:52:01.582Z
0.5023474,open,2021-06-24T21:48:00Z,214,212,0,426,426,18497[Hauptwache],2021-06-24T21:52:01.582Z
0.23088235,open,2021-06-24T21:48:00Z,157,523,0,680,680,18495[Am Gericht],2021-06-24T21:52:01.582Z
0.18216081,open,2021-06-24T21:48:00Z,145,651,75,871,796,109240[MyZeil],2021-06-24T21:52:01.582Z
0.031198686,open,2021-06-24T21:48:00Z,19,590,0,609,609,18494[Konrad-Adenauer-Straße],2021-06-24T21:52:01.582Z
0,closed,2021-06-24T21:48:00Z,,485,0,0,0,24278[Karstadt],2021-06-24T21:52:01.582Z
0.94400895,open,2021-06-24T22:29:00Z,843,50,0,893,893,24277[Börse],2021-06-24T22:32:00.767Z
0.27114427,open,2021-06-24T22:29:00Z,109,293,0,402,402,18944[Alte Oper],2021-06-24T22:32:00.767Z
0.027472528,open,2021-06-24T22:29:00Z,10,354,0,364,364,24281[Hauptbahnhof Süd],2021-06-24T22:32:00.767Z
0.42708334,open,2021-06-24T22:29:00Z,164,220,0,384,384,105479[Baseler Platz],2021-06-24T22:32:00.767Z
0.27812114,open,2021-06-24T22:29:00Z,225,584,0,809,809,24279[Konstabler],2021-06-24T22:32:00.767Z
0.49061033,open,2021-06-24T22:29:00Z,209,217,0,426,426,18497[Hauptwache],2021-06-24T22:32:00.767Z
0,closed,2021-06-24T22:29:00Z,,523,0,0,0,18495[Am Gericht],2021-06-24T22:32:00.767Z
0.18216081,open,2021-06-24T22:29:00Z,145,651,75,871,796,109240[MyZeil],2021-06-24T22:32:00.767Z
0.031198686,open,2021-06-24T22:29:00Z,19,590,0,609,609,18494[Konrad-Adenauer-Straße],2021-06-24T22:32:00.767Z
0,closed,2021-06-24T22:29:00Z,,485,0,0,0,24278[Karstadt],2021-06-24T22:32:00.767Z
0.94400895,open,2021-06-24T22:39:00Z,843,50,0,893,893,24277[Börse],2021-06-24T22:42:01.739Z
0.26119402,open,2021-06-24T22:39:00Z,105,297,0,402,402,18944[Alte Oper],2021-06-24T22:42:01.739Z
0.027472528,open,2021-06-24T22:39:00Z,10,354,0,364,364,24281[Hauptbahnhof Süd],2021-06-24T22:42:01.739Z
0.42708334,open,2021-06-24T22:39:00Z,164,220,0,384,384,105479[Baseler Platz],2021-06-24T22:42:01.739Z
0.27812114,open,2021-06-24T22:39:00Z,225,584,0,809,809,24279[Konstabler],2021-06-24T22:42:01.739Z
0.48591548,open,2021-06-24T22:39:00Z,207,219,0,426,426,18497[Hauptwache],2021-06-24T22:42:01.739Z
0,closed,2021-06-24T22:39:00Z,,523,0,0,0,18495[Am Gericht],2021-06-24T22:42:01.739Z
0.18216081,open,2021-06-24T22:39:00Z,145,651,75,871,796,109240[MyZeil],2021-06-24T22:42:01.739Z
0.031198686,open,2021-06-24T22:39:00Z,19,590,0,609,609,18494[Konrad-Adenauer-Straße],2021-06-24T22:42:01.739Z
0,closed,2021-06-24T22:39:00Z,,485,0,0,0,24278[Karstadt],2021-06-24T22:42:01.739Z
0.94400895,open,2021-06-24T22:49:00Z,843,50,0,893,893,24277[Börse],2021-06-24T22:52:00.386Z
0.26119402,open,2021-06-24T22:49:00Z,105,297,0,402,402,18944[Alte Oper],2021-06-24T22:52:00.386Z
0.027472528,open,2021-06-24T22:49:00Z,10,354,0,364,364,24281[Hauptbahnhof Süd],2021-06-24T22:52:00.386Z
0.42708334,open,2021-06-24T22:49:00Z,164,220,0,384,384,105479[Baseler Platz],2021-06-24T22:52:00.386Z
0.27935722,open,2021-06-24T22:49:00Z,226,583,0,809,809,24279[Konstabler],2021-06-24T22:52:00.386Z
0.48591548,open,2021-06-24T22:49:00Z,207,219,0,426,426,18497[Hauptwache],2021-06-24T22:52:00.386Z
0,closed,2021-06-24T22:49:00Z,,523,0,0,0,18495[Am Gericht],2021-06-24T22:52:00.386Z
0.18090452,open,2021-06-24T22:49:00Z,144,652,75,871,796,109240[MyZeil],2021-06-24T22:52:00.386Z
0.031198686,open,2021-06-24T22:49:00Z,19,590,0,609,609,18494[Konrad-Adenauer-Straße],2021-06-24T22:52:00.386Z
0,closed,2021-06-24T22:49:00Z,,485,0,0,0,24278[Karstadt],2021-06-24T22:52:00.386Z
0.94400895,open,2021-06-24T22:59:00Z,843,50,0,893,893,24277[Börse],2021-06-24T23:02:01.012Z
0.26119402,open,2021-06-24T22:59:00Z,105,297,0,402,402,18944[Alte Oper],2021-06-24T23:02:01.012Z
0.027472528,open,2021-06-24T22:59:00Z,10,354,0,364,364,24281[Hauptbahnhof Süd],2021-06-24T23:02:01.012Z
0.42708334,open,2021-06-24T22:59:00Z,164,220,0,384,384,105479[Baseler Platz],2021-06-24T23:02:01.012Z
0.27935722,open,2021-06-24T22:59:00Z,226,583,0,809,809,24279[Konstabler],2021-06-24T23:02:01.012Z
0.48591548,open,2021-06-24T22:59:00Z,207,219,0,426,426,18497[Hauptwache],2021-06-24T23:02:01.012Z
0,closed,2021-06-24T22:59:00Z,,523,0,0,0,18495[Am Gericht],2021-06-24T23:02:01.012Z
0.18090452,open,2021-06-24T22:59:00Z,144,652,75,871,796,109240[MyZeil],2021-06-24T23:02:01.012Z
0.03284072,open,2021-06-24T22:59:00Z,20,589,0,609,609,18494[Konrad-Adenauer-Straße],2021-06-24T23:02:01.012Z
0,closed,2021-06-24T22:59:00Z,,485,0,0,0,24278[Karstadt],2021-06-24T23:02:01.012Z
0.94400895,open,2021-06-24T23:25:00Z,843,50,0,893,893,24277[Börse],2021-06-24T23:27:02.326Z
0.2562189,open,2021-06-24T23:25:00Z,103,299,0,402,402,18944[Alte Oper],2021-06-24T23:27:02.326Z
0.027472528,open,2021-06-24T23:25:00Z,10,354,0,364,364,24281[Hauptbahnhof Süd],2021-06-24T23:27:02.326Z
0.42708334,open,2021-06-24T23:25:00Z,164,220,0,384,384,105479[Baseler Platz],2021-06-24T23:27:02.326Z
0.27688503,open,2021-06-24T23:25:00Z,224,585,0,809,809,24279[Konstabler],2021-06-24T23:27:02.326Z
0.48591548,open,2021-06-24T23:25:00Z,207,219,0,426,426,18497[Hauptwache],2021-06-24T23:27:02.326Z
0,closed,2021-06-24T23:25:00Z,,523,0,0,0,18495[Am Gericht],2021-06-24T23:27:02.326Z
0.18090452,open,2021-06-24T23:25:00Z,144,652,75,871,796,109240[MyZeil],2021-06-24T23:27:02.326Z
0.03284072,open,2021-06-24T23:25:00Z,20,589,0,609,609,18494[Konrad-Adenauer-Straße],2021-06-24T23:27:02.326Z
0,closed,2021-06-24T23:25:00Z,,485,0,0,0,24278[Karstadt],2021-06-24T23:27:02.326Z
0.94400895,open,2021-06-24T23:35:00Z,843,50,0,893,893,24277[Börse],2021-06-24T23:37:01.621Z
0.25373134,open,2021-06-24T23:35:00Z,102,300,0,402,402,18944[Alte Oper],2021-06-24T23:37:01.621Z
0.027472528,open,2021-06-24T23:35:00Z,10,354,0,364,364,24281[Hauptbahnhof Süd],2021-06-24T23:37:01.621Z
0.42708334,open,2021-06-24T23:35:00Z,164,220,0,384,384,105479[Baseler Platz],2021-06-24T23:37:01.621Z
0.27688503,open,2021-06-24T23:35:00Z,224,585,0,809,809,24279[Konstabler],2021-06-24T23:37:01.621Z
0.48591548,open,2021-06-24T23:35:00Z,207,219,0,426,426,18497[Hauptwache],2021-06-24T23:37:01.621Z
0,closed,2021-06-24T23:35:00Z,,523,0,0,0,18495[Am Gericht],2021-06-24T23:37:01.621Z
0.18090452,open,2021-06-24T23:35:00Z,144,652,75,871,796,109240[MyZeil],2021-06-24T23:37:01.621Z
0.03284072,open,2021-06-24T23:35:00Z,20,589,0,609,609,18494[Konrad-Adenauer-Straße],2021-06-24T23:37:01.621Z
0,closed,2021-06-24T23:35:00Z,,485,0,0,0,24278[Karstadt],2021-06-24T23:37:01.621Z
0.94400895,open,2021-06-24T23:45:00Z,843,50,0,893,893,24277[Börse],2021-06-24T23:47:01.176Z
0.25124377,open,2021-06-24T23:45:00Z,101,301,0,402,402,18944[Alte Oper],2021-06-24T23:47:01.176Z
0.027472528,open,2021-06-24T23:45:00Z,10,354,0,364,364,24281[Hauptbahnhof Süd],2021-06-24T23:47:01.176Z
0.42708334,open,2021-06-24T23:45:00Z,164,220,0,384,384,105479[Baseler Platz],2021-06-24T23:47:01.176Z
0.27564895,open,2021-06-24T23:45:00Z,223,586,0,809,809,24279[Konstabler],2021-06-24T23:47:01.176Z
0.48122066,open,2021-06-24T23:45:00Z,205,221,0,426,426,18497[Hauptwache],2021-06-24T23:47:01.176Z
0,closed,2021-06-24T23:45:00Z,,523,0,0,0,18495[Am Gericht],2021-06-24T23:47:01.176Z
0.18090452,open,2021-06-24T23:45:00Z,144,652,75,871,796,109240[MyZeil],2021-06-24T23:47:01.176Z
0.03284072,open,2021-06-24T23:45:00Z,20,589,0,609,609,18494[Konrad-Adenauer-Straße],2021-06-24T23:47:01.176Z
0,closed,2021-06-24T23:45:00Z,,485,0,0,0,24278[Karstadt],2021-06-24T23:47:01.176Z
0.94400895,open,2021-06-24T23:51:00Z,843,50,0,893,893,24277[Börse],2021-06-24T23:57:00.996Z
0.25124377,open,2021-06-24T23:51:00Z,101,301,0,402,402,18944[Alte Oper],2021-06-24T23:57:00.996Z
0.027472528,open,2021-06-24T23:51:00Z,10,354,0,364,364,24281[Hauptbahnhof Süd],2021-06-24T23:57:00.996Z
0.42708334,open,2021-06-24T23:51:00Z,164,220,0,384,384,105479[Baseler Platz],2021-06-24T23:57:00.996Z
0.27564895,open,2021-06-24T23:51:00Z,223,586,0,809,809,24279[Konstabler],2021-06-24T23:57:00.996Z
0.48122066,open,2021-06-24T23:51:00Z,205,221,0,426,426,18497[Hauptwache],2021-06-24T23:57:00.996Z
0,closed,2021-06-24T23:51:00Z,,523,0,0,0,18495[Am Gericht],2021-06-24T23:57:00.996Z
0.18090452,open,2021-06-24T23:51:00Z,144,652,75,871,796,109240[MyZeil],2021-06-24T23:57:00.996Z
0.03448276,open,2021-06-24T23:51:00Z,21,588,0,609,609,18494[Konrad-Adenauer-Straße],2021-06-24T23:57:00.996Z
0,closed,2021-06-24T23:51:00Z,,485,0,0,0,24278[Karstadt],2021-06-24T23:57:00.996Z
0.94400895,open,2021-06-25T00:57:00Z,843,50,0,893,893,24277[Börse],2021-06-25T01:02:01.429Z
0.24626866,open,2021-06-25T00:57:00Z,99,303,0,402,402,18944[Alte Oper],2021-06-25T01:02:01.429Z
0.027472528,open,2021-06-25T00:57:00Z,10,354,0,364,364,24281[Hauptbahnhof Süd],2021-06-25T01:02:01.429Z
0.42708334,open,2021-06-25T00:57:00Z,164,220,0,384,384,105479[Baseler Platz],2021-06-25T01:02:01.429Z
0.27441284,open,2021-06-25T00:57:00Z,222,587,0,809,809,24279[Konstabler],2021-06-25T01:02:01.429Z
0.47887325,open,2021-06-25T00:57:00Z,204,222,0,426,426,18497[Hauptwache],2021-06-25T01:02:01.429Z
0,closed,2021-06-25T00:57:00Z,,523,0,0,0,18495[Am Gericht],2021-06-25T01:02:01.429Z
0.18090452,open,2021-06-25T00:57:00Z,144,652,75,871,796,109240[MyZeil],2021-06-25T01:02:01.429Z
0.031198686,open,2021-06-25T00:57:00Z,19,590,0,609,609,18494[Konrad-Adenauer-Straße],2021-06-25T01:02:01.429Z
0,closed,2021-06-25T00:57:00Z,,485,0,0,0,24278[Karstadt],2021-06-25T01:02:01.429Z
0.94400895,open,2021-06-25T02:03:00Z,843,50,0,893,893,24277[Börse],2021-06-25T02:07:00.176Z
0.24626866,open,2021-06-25T02:03:00Z,99,303,0,402,402,18944[Alte Oper],2021-06-25T02:07:00.176Z
0.027472528,open,2021-06-25T02:03:00Z,10,354,0,364,364,24281[Hauptbahnhof Süd],2021-06-25T02:07:00.176Z
0.42708334,open,2021-06-25T02:03:00Z,164,220,0,384,384,105479[Baseler Platz],2021-06-25T02:07:00.176Z
0.27317676,open,2021-06-25T02:03:00Z,221,588,0,809,809,24279[Konstabler],2021-06-25T02:07:00.176Z
0.47887325,open,2021-06-25T02:03:00Z,204,222,0,426,426,18497[Hauptwache],2021-06-25T02:07:00.176Z
0,closed,2021-06-25T02:03:00Z,,,0,0,0,18495[Am Gericht],2021-06-25T02:07:00.176Z
0.18090452,open,2021-06-25T02:03:00Z,144,652,75,871,796,109240[MyZeil],2021-06-25T02:07:00.176Z
0.02955665,open,2021-06-25T02:03:00Z,18,591,0,609,609,18494[Konrad-Adenauer-Straße],2021-06-25T02:07:00.176Z
0,closed,2021-06-25T02:03:00Z,,,0,0,0,24278[Karstadt],2021-06-25T02:07:00.176Z
0.94400895,open,2021-06-25T02:32:00Z,843,50,0,893,893,24277[Börse],2021-06-25T02:37:02.812Z
0.24626866,open,2021-06-25T02:32:00Z,99,303,0,402,402,18944[Alte Oper],2021-06-25T02:37:02.812Z
0.03021978,open,2021-06-25T02:32:00Z,11,353,0,364,364,24281[Hauptbahnhof Süd],2021-06-25T02:37:02.812Z
0.42708334,open,2021-06-25T02:32:00Z,164,220,0,384,384,105479[Baseler Platz],2021-06-25T02:37:02.812Z
0.27194068,open,2021-06-25T02:32:00Z,220,589,0,809,809,24279[Konstabler],2021-06-25T02:37:02.812Z
0.47887325,open,2021-06-25T02:32:00Z,204,222,0,426,426,18497[Hauptwache],2021-06-25T02:37:02.812Z
0,closed,2021-06-25T02:32:00Z,,,0,0,0,18495[Am Gericht],2021-06-25T02:37:02.812Z
0.18090452,open,2021-06-25T02:32:00Z,144,652,75,871,796,109240[MyZeil],2021-06-25T02:37:02.812Z
0.03284072,open,2021-06-25T02:32:00Z,20,589,0,609,609,18494[Konrad-Adenauer-Straße],2021-06-25T02:37:02.812Z
0,closed,2021-06-25T02:32:00Z,,,0,0,0,24278[Karstadt],2021-06-25T02:37:02.812Z
0.94400895,open,2021-06-25T02:53:00Z,843,50,0,893,893,24277[Börse],2021-06-25T02:57:01.819Z
0.24626866,open,2021-06-25T02:53:00Z,99,303,0,402,402,18944[Alte Oper],2021-06-25T02:57:01.819Z
0.03021978,open,2021-06-25T02:53:00Z,11,353,0,364,364,24281[Hauptbahnhof Süd],2021-06-25T02:57:01.819Z
0.42708334,open,2021-06-25T02:53:00Z,164,220,0,384,384,105479[Baseler Platz],2021-06-25T02:57:01.819Z
0.27194068,open,2021-06-25T02:53:00Z,220,589,0,809,809,24279[Konstabler],2021-06-25T02:57:01.819Z
0.47887325,open,2021-06-25T02:53:00Z,204,222,0,426,426,18497[Hauptwache],2021-06-25T02:57:01.819Z
0,closed,2021-06-25T02:53:00Z,,,0,0,0,18495[Am Gericht],2021-06-25T02:57:01.819Z
0.18090452,open,2021-06-25T02:53:00Z,144,652,75,871,796,109240[MyZeil],2021-06-25T02:57:01.819Z
0.03284072,open,2021-06-25T02:53:00Z,20,589,0,609,609,18494[Konrad-Adenauer-Straße],2021-06-25T02:57:01.819Z
0,closed,2021-06-25T02:53:00Z,,,0,0,0,24278[Karstadt],2021-06-25T02:57:01.819Z
0.94400895,open,2021-06-25T03:08:00Z,843,50,0,893,893,24277[Börse],2021-06-25T03:12:00.591Z
0.24626866,open,2021-06-25T03:08:00Z,99,303,0,402,402,18944[Alte Oper],2021-06-25T03:12:00.591Z
0.03021978,open,2021-06-25T03:08:00Z,11,353,0,364,364,24281[Hauptbahnhof Süd],2021-06-25T03:12:00.591Z
0.42708334,open,2021-06-25T03:08:00Z,164,220,0,384,384,105479[Baseler Platz],2021-06-25T03:12:00.591Z
0.27317676,open,2021-06-25T03:08:00Z,221,588,0,809,809,24279[Konstabler],2021-06-25T03:12:00.591Z
0.47887325,open,2021-06-25T03:08:00Z,204,222,0,426,426,18497[Hauptwache],2021-06-25T03:12:00.591Z
0,closed,2021-06-25T03:08:00Z,,,0,0,0,18495[Am Gericht],2021-06-25T03:12:00.591Z
0.18204804,open,2021-06-25T03:08:00Z,144,647,75,866,791,109240[MyZeil],2021-06-25T03:12:00.591Z
0.03284072,open,2021-06-25T03:08:00Z,20,589,0,609,609,18494[Konrad-Adenauer-Straße],2021-06-25T03:12:00.591Z
0,closed,2021-06-25T03:08:00Z,,,0,0,0,24278[Karstadt],2021-06-25T03:12:00.591Z
0.94400895,open,2021-06-25T03:28:00Z,843,50,0,893,893,24277[Börse],2021-06-25T03:32:02.098Z
0.24626866,open,2021-06-25T03:28:00Z,99,303,0,402,402,18944[Alte Oper],2021-06-25T03:32:02.098Z
0.032967035,open,2021-06-25T03:28:00Z,12,352,0,364,364,24281[Hauptbahnhof Süd],2021-06-25T03:32:02.098Z
0.4296875,open,2021-06-25T03:28:00Z,165,219,0,384,384,105479[Baseler Platz],2021-06-25T03:32:02.098Z
0.27194068,open,2021-06-25T03:28:00Z,220,589,0,809,809,24279[Konstabler],2021-06-25T03:32:02.098Z
0.47887325,open,2021-06-25T03:28:00Z,204,222,0,426,426,18497[Hauptwache],2021-06-25T03:32:02.098Z
0,closed,2021-06-25T03:28:00Z,,,0,0,0,18495[Am Gericht],2021-06-25T03:32:02.098Z
0.18204804,open,2021-06-25T03:28:00Z,144,647,75,866,791,109240[MyZeil],2021-06-25T03:32:02.098Z
0.03284072,open,2021-06-25T03:28:00Z,20,589,0,609,609,18494[Konrad-Adenauer-Straße],2021-06-25T03:32:02.098Z
0,closed,2021-06-25T03:28:00Z,,,0,0,0,24278[Karstadt],2021-06-25T03:32:02.098Z
0.94400895,open,2021-06-25T03:43:00Z,843,50,0,893,893,24277[Börse],2021-06-25T03:47:01.445Z
0.24378109,open,2021-06-25T03:43:00Z,98,304,0,402,402,18944[Alte Oper],2021-06-25T03:47:01.445Z
0.035714287,open,2021-06-25T03:43:00Z,13,351,0,364,364,24281[Hauptbahnhof Süd],2021-06-25T03:47:01.445Z
0.4296875,open,2021-06-25T03:43:00Z,165,219,0,384,384,105479[Baseler Platz],2021-06-25T03:47:01.445Z
0.27070457,open,2021-06-25T03:43:00Z,219,590,0,809,809,24279[Konstabler],2021-06-25T03:47:01.445Z
0.47887325,open,2021-06-25T03:43:00Z,204,222,0,426,426,18497[Hauptwache],2021-06-25T03:47:01.445Z
0,closed,2021-06-25T03:43:00Z,,,0,0,0,18495[Am Gericht],2021-06-25T03:47:01.445Z
0.18204804,open,2021-06-25T03:43:00Z,144,647,75,866,791,109240[MyZeil],2021-06-25T03:47:01.445Z
0.03776683,open,2021-06-25T03:43:00Z,23,586,0,609,609,18494[Konrad-Adenauer-Straße],2021-06-25T03:47:01.445Z
0,closed,2021-06-25T03:43:00Z,,,0,0,0,24278[Karstadt],2021-06-25T03:47:01.445Z
0.94400895,open,2021-06-25T03:53:00Z,843,50,0,893,893,24277[Börse],2021-06-25T03:57:01.871Z
0.24626866,open,2021-06-25T03:53:00Z,99,303,0,402,402,18944[Alte Oper],2021-06-25T03:57:01.871Z
0.041208792,open,2021-06-25T03:53:00Z,15,349,0,364,364,24281[Hauptbahnhof Süd],2021-06-25T03:57:01.871Z
0.43229166,open,2021-06-25T03:53:00Z,166,218,0,384,384,105479[Baseler Platz],2021-06-25T03:57:01.871Z
0.27070457,open,2021-06-25T03:53:00Z,219,590,0,809,809,24279[Konstabler],2021-06-25T03:57:01.871Z
0.47887325,open,2021-06-25T03:53:00Z,204,222,0,426,426,18497[Hauptwache],2021-06-25T03:57:01.871Z
0,closed,2021-06-25T03:53:00Z,,,0,0,0,18495[Am Gericht],2021-06-25T03:57:01.871Z
0.18204804,open,2021-06-25T03:53:00Z,144,647,75,866,791,109240[MyZeil],2021-06-25T03:57:01.871Z
0.039408866,open,2021-06-25T03:53:00Z,24,585,0,609,609,18494[Konrad-Adenauer-Straße],2021-06-25T03:57:01.871Z
0,closed,2021-06-25T03:53:00Z,,,0,0,0,24278[Karstadt],2021-06-25T03:57:01.871Z
0.94400895,open,2021-06-25T04:23:00Z,843,50,0,893,893,24277[Börse],2021-06-25T04:27:00.633Z
0.24875621,open,2021-06-25T04:23:00Z,100,302,0,402,402,18944[Alte Oper],2021-06-25T04:27:00.633Z
0.071428575,open,2021-06-25T04:23:00Z,26,338,0,364,364,24281[Hauptbahnhof Süd],2021-06-25T04:27:00.633Z
0.4296875,open,2021-06-25T04:23:00Z,165,219,0,384,384,105479[Baseler Platz],2021-06-25T04:27:00.633Z
0.27564895,open,2021-06-25T04:23:00Z,223,586,0,809,809,24279[Konstabler],2021-06-25T04:27:00.633Z
0.48122066,open,2021-06-25T04:23:00Z,205,221,0,426,426,18497[Hauptwache],2021-06-25T04:27:00.633Z
0.25588235,open,2021-06-25T04:23:00Z,174,506,0,680,680,18495[Am Gericht],2021-06-25T04:27:00.633Z
0.18584071,open,2021-06-25T04:23:00Z,147,644,75,866,791,109240[MyZeil],2021-06-25T04:27:00.633Z
0.044334974,open,2021-06-25T04:23:00Z,27,582,0,609,609,18494[Konrad-Adenauer-Straße],2021-06-25T04:27:00.633Z
0,closed,2021-06-25T04:23:00Z,,,0,0,0,24278[Karstadt],2021-06-25T04:27:00.633Z
0.94400895,open,2021-06-25T04:43:00Z,843,50,0,893,893,24277[Börse],2021-06-25T04:47:01.883Z
0.25373134,open,2021-06-25T04:43:00Z,102,300,0,402,402,18944[Alte Oper],2021-06-25T04:47:01.883Z
0.082417585,open,2021-06-25T04:43:00Z,30,334,0,364,364,24281[Hauptbahnhof Süd],2021-06-25T04:47:01.883Z
0.43229166,open,2021-06-25T04:43:00Z,166,218,0,384,384,105479[Baseler Platz],2021-06-25T04:47:01.883Z
0.28182942,open,2021-06-25T04:43:00Z,228,581,0,809,809,24279[Konstabler],2021-06-25T04:47:01.883Z
0.48122066,open,2021-06-25T04:43:00Z,205,221,0,426,426,18497[Hauptwache],2021-06-25T04:47:01.883Z
0.25882354,open,2021-06-25T04:43:00Z,176,504,0,680,680,18495[Am Gericht],2021-06-25T04:47:01.883Z
0.18710493,open,2021-06-25T04:43:00Z,148,643,75,866,791,109240[MyZeil],2021-06-25T04:47:01.883Z
0.039408866,open,2021-06-25T04:43:00Z,24,585,0,609,609,18494[Konrad-Adenauer-Straße],2021-06-25T04:47:01.883Z
0,closed,2021-06-25T04:43:00Z,,,0,0,0,24278[Karstadt],2021-06-25T04:47:01.883Z
0.94400895,open,2021-06-25T04:58:00Z,843,50,0,893,893,24277[Börse],2021-06-25T05:02:01.672Z
0.26119402,open,2021-06-25T04:58:00Z,105,297,0,402,402,18944[Alte Oper],2021-06-25T05:02:01.672Z
0.09065934,open,2021-06-25T04:58:00Z,33,331,0,364,364,24281[Hauptbahnhof Süd],2021-06-25T05:02:01.672Z
0.43489584,open,2021-06-25T04:58:00Z,167,217,0,384,384,105479[Baseler Platz],2021-06-25T05:02:01.672Z
0.28306553,open,2021-06-25T04:58:00Z,229,580,0,809,809,24279[Konstabler],2021-06-25T05:02:01.672Z
0.48122066,open,2021-06-25T04:58:00Z,205,221,0,426,426,18497[Hauptwache],2021-06-25T05:02:01.672Z
0.2602941,open,2021-06-25T04:58:00Z,177,503,0,680,680,18495[Am Gericht],2021-06-25T05:02:01.672Z
0.18836915,open,2021-06-25T04:58:00Z,149,642,75,866,791,109240[MyZeil],2021-06-25T05:02:01.672Z
0.041050903,open,2021-06-25T04:58:00Z,25,584,0,609,609,18494[Konrad-Adenauer-Straße],2021-06-25T05:02:01.672Z
0.24386725,open,2021-06-25T04:58:00Z,169,524,0,693,693,24278[Karstadt],2021-06-25T05:02:01.672Z
0.94400895,open,2021-06-25T05:13:00Z,843,50,0,893,893,24277[Börse],2021-06-25T05:17:02.106Z
0.2636816,open,2021-06-25T05:13:00Z,106,296,0,402,402,18944[Alte Oper],2021-06-25T05:17:02.106Z
0.09615385,open,2021-06-25T05:13:00Z,35,329,0,364,364,24281[Hauptbahnhof Süd],2021-06-25T05:17:02.106Z
0.4375,open,2021-06-25T05:13:00Z,168,216,0,384,384,105479[Baseler Platz],2021-06-25T05:17:02.106Z
0.2843016,open,2021-06-25T05:13:00Z,230,579,0,809,809,24279[Konstabler],2021-06-25T05:17:02.106Z
0.48826292,open,2021-06-25T05:13:00Z,208,218,0,426,426,18497[Hauptwache],2021-06-25T05:17:02.106Z
0.26911765,open,2021-06-25T05:13:00Z,183,497,0,680,680,18495[Am Gericht],2021-06-25T05:17:02.106Z
0.18963337,open,2021-06-25T05:13:00Z,150,641,75,866,791,109240[MyZeil],2021-06-25T05:17:02.106Z
0.044334974,open,2021-06-25T05:13:00Z,27,582,0,609,609,18494[Konrad-Adenauer-Straße],2021-06-25T05:17:02.106Z
0.24819624,open,2021-06-25T05:13:00Z,172,521,0,693,693,24278[Karstadt],2021-06-25T05:17:02.106Z
0.94400895,open,2021-06-25T05:23:00Z,843,50,0,893,893,24277[Börse],2021-06-25T05:27:02.466Z
0.26119402,open,2021-06-25T05:23:00Z,105,297,0,402,402,18944[Alte Oper],2021-06-25T05:27:02.466Z
0.0989011,open,2021-06-25T05:23:00Z,36,328,0,364,364,24281[Hauptbahnhof Süd],2021-06-25T05:27:02.466Z
0.43489584,open,2021-06-25T05:23:00Z,167,217,0,384,384,105479[Baseler Platz],2021-06-25T05:27:02.466Z
0.28059334,open,2021-06-25T05:23:00Z,227,582,0,809,809,24279[Konstabler],2021-06-25T05:27:02.466Z
0.49061033,open,2021-06-25T05:23:00Z,209,217,0,426,426,18497[Hauptwache],2021-06-25T05:27:02.466Z
0.275,open,2021-06-25T05:23:00Z,187,493,0,680,680,18495[Am Gericht],2021-06-25T05:27:02.466Z
0.19216181,open,2021-06-25T05:23:00Z,152,639,75,866,791,109240[MyZeil],2021-06-25T05:27:02.466Z
0.041050903,open,2021-06-25T05:23:00Z,25,584,0,609,609,18494[Konrad-Adenauer-Straße],2021-06-25T05:27:02.466Z
0.25396827,open,2021-06-25T05:23:00Z,176,517,0,693,693,24278[Karstadt],2021-06-25T05:27:02.466Z
0.94400895,open,2021-06-25T05:38:00Z,843,50,0,893,893,24277[Börse],2021-06-25T05:42:01.320Z
0.26616916,open,2021-06-25T05:38:00Z,107,295,0,402,402,18944[Alte Oper],2021-06-25T05:42:01.320Z
0.104395606,open,2021-06-25T05:38:00Z,38,326,0,364,364,24281[Hauptbahnhof Süd],2021-06-25T05:42:01.320Z
0.44270834,open,2021-06-25T05:38:00Z,170,214,0,384,384,105479[Baseler Platz],2021-06-25T05:42:01.320Z
0.28306553,open,2021-06-25T05:38:00Z,229,580,0,809,809,24279[Konstabler],2021-06-25T05:42:01.320Z
0.49295774,open,2021-06-25T05:38:00Z,210,216,0,426,426,18497[Hauptwache],2021-06-25T05:42:01.320Z
0.2882353,open,2021-06-25T05:38:00Z,196,484,0,680,680,18495[Am Gericht],2021-06-25T05:42:01.320Z
0.19469027,open,2021-06-25T05:38:00Z,154,637,75,866,791,109240[MyZeil],2021-06-25T05:42:01.320Z
0.039408866,open,2021-06-25T05:38:00Z,24,585,0,609,609,18494[Konrad-Adenauer-Straße],2021-06-25T05:42:01.320Z
0.26262626,open,2021-06-25T05:38:00Z,182,511,0,693,693,24278[Karstadt],2021-06-25T05:42:01.320Z
0.94400895,open,2021-06-25T05:43:00Z,843,50,0,893,893,24277[Börse],2021-06-25T05:47:00.373Z
0.26865673,open,2021-06-25T05:43:00Z,108,294,0,402,402,18944[Alte Oper],2021-06-25T05:47:00.373Z
0.10714286,open,2021-06-25T05:43:00Z,39,325,0,364,364,24281[Hauptbahnhof Süd],2021-06-25T05:47:00.373Z
0.44270834,open,2021-06-25T05:43:00Z,170,214,0,384,384,105479[Baseler Platz],2021-06-25T05:47:00.373Z
0.2867738,open,2021-06-25T05:43:00Z,232,577,0,809,809,24279[Konstabler],2021-06-25T05:47:00.373Z
0.49530515,open,2021-06-25T05:43:00Z,211,215,0,426,426,18497[Hauptwache],2021-06-25T05:47:00.373Z
0.29558823,open,2021-06-25T05:43:00Z,201,479,0,680,680,18495[Am Gericht],2021-06-25T05:47:00.373Z
0.19342604,open,2021-06-25T05:43:00Z,153,638,75,866,791,109240[MyZeil],2021-06-25T05:47:00.373Z
0.036124796,open,2021-06-25T05:43:00Z,22,587,0,609,609,18494[Konrad-Adenauer-Straße],2021-06-25T05:47:00.373Z
0.26984128,open,2021-06-25T05:43:00Z,187,506,0,693,693,24278[Karstadt],2021-06-25T05:47:00.373Z
0.94400895,open,2021-06-25T05:54:00Z,843,50,0,893,893,24277[Börse],2021-06-25T05:57:00.793Z
0.2761194,open,2021-06-25T05:54:00Z,111,291,0,402,402,18944[Alte Oper],2021-06-25T05:57:00.793Z
0.11263736,open,2021-06-25T05:54:00Z,41,323,0,364,364,24281[Hauptbahnhof Süd],2021-06-25T05:57:00.793Z
0.4453125,open,2021-06-25T05:54:00Z,171,213,0,384,384,105479[Baseler Platz],2021-06-25T05:57:00.793Z
0.29419035,open,2021-06-25T05:54:00Z,238,571,0,809,809,24279[Konstabler],2021-06-25T05:57:00.793Z
0.4976526,open,2021-06-25T05:54:00Z,212,214,0,426,426,18497[Hauptwache],2021-06-25T05:57:00.793Z
0.31323528,open,2021-06-25T05:54:00Z,213,467,0,680,680,18495[Am Gericht],2021-06-25T05:57:00.793Z
0.19469027,open,2021-06-25T05:54:00Z,154,637,75,866,791,109240[MyZeil],2021-06-25T05:57:00.793Z
0.052545156,open,2021-06-25T05:54:00Z,32,577,0,609,609,18494[Konrad-Adenauer-Straße],2021-06-25T05:57:00.793Z
0.27417028,open,2021-06-25T05:54:00Z,190,503,0,693,693,24278[Karstadt],2021-06-25T05:57:00.793Z
0.94400895,open,2021-06-25T06:23:00Z,843,50,0,893,893,24277[Börse],2021-06-25T06:27:00.152Z
0.31343284,open,2021-06-25T06:23:00Z,126,276,0,402,402,18944[Alte Oper],2021-06-25T06:27:00.152Z
0.15659341,open,2021-06-25T06:23:00Z,57,307,0,364,364,24281[Hauptbahnhof Süd],2021-06-25T06:27:00.152Z
0.4765625,open,2021-06-25T06:23:00Z,183,201,0,384,384,105479[Baseler Platz],2021-06-25T06:27:00.152Z
0.31644005,open,2021-06-25T06:23:00Z,256,553,0,809,809,24279[Konstabler],2021-06-25T06:27:00.152Z
0.53521127,open,2021-06-25T06:23:00Z,228,198,0,426,426,18497[Hauptwache],2021-06-25T06:27:00.152Z
0.3617647,open,2021-06-25T06:23:00Z,246,434,0,680,680,18495[Am Gericht],2021-06-25T06:27:00.152Z
0.21238938,open,2021-06-25T06:23:00Z,168,623,75,866,791,109240[MyZeil],2021-06-25T06:27:00.152Z
0.06896552,open,2021-06-25T06:23:00Z,42,567,0,609,609,18494[Konrad-Adenauer-Straße],2021-06-25T06:27:00.152Z
0.3116883,open,2021-06-25T06:23:00Z,216,477,0,693,693,24278[Karstadt],2021-06-25T06:27:00.152Z
0.94400895,open,2021-06-25T06:49:00Z,843,50,0,893,893,24277[Börse],2021-06-25T06:52:02.575Z
0.33830845,open,2021-06-25T06:49:00Z,136,266,0,402,402,18944[Alte Oper],2021-06-25T06:52:02.575Z
0.20054945,open,2021-06-25T06:49:00Z,73,291,0,364,364,24281[Hauptbahnhof Süd],2021-06-25T06:52:02.575Z
0.5,open,2021-06-25T06:49:00Z,192,192,0,384,384,105479[Baseler Platz],2021-06-25T06:52:02.575Z
0.33374536,open,2021-06-25T06:49:00Z,270,539,0,809,809,24279[Konstabler],2021-06-25T06:52:02.575Z
0.556338,open,2021-06-25T06:49:00Z,237,189,0,426,426,18497[Hauptwache],2021-06-25T06:52:02.575Z
0.4117647,open,2021-06-25T06:49:00Z,280,400,0,680,680,18495[Am Gericht],2021-06-25T06:52:02.575Z
0.22882427,open,2021-06-25T06:49:00Z,181,610,75,866,791,109240[MyZeil],2021-06-25T06:52:02.575Z
0.08374384,open,2021-06-25T06:49:00Z,51,558,0,609,609,18494[Konrad-Adenauer-Straße],2021-06-25T06:52:02.575Z
0.34054834,open,2021-06-25T06:49:00Z,236,457,0,693,693,24278[Karstadt],2021-06-25T06:52:02.575Z
0.94400895,open,2021-06-25T06:59:00Z,843,50,0,893,893,24277[Börse],2021-06-25T07:02:00.146Z
0.35323384,open,2021-06-25T06:59:00Z,142,260,0,402,402,18944[Alte Oper],2021-06-25T07:02:00.146Z
0.21153846,open,2021-06-25T06:59:00Z,77,287,0,364,364,24281[Hauptbahnhof Süd],2021-06-25T07:02:00.146Z
0.5130208,open,2021-06-25T06:59:00Z,197,187,0,384,384,105479[Baseler Platz],2021-06-25T07:02:00.146Z
0.34857848,open,2021-06-25T06:59:00Z,282,527,0,809,809,24279[Konstabler],2021-06-25T07:02:00.146Z
0.5798122,open,2021-06-25T06:59:00Z,247,179,0,426,426,18497[Hauptwache],2021-06-25T07:02:00.146Z
0.43235293,open,2021-06-25T06:59:00Z,294,386,0,680,680,18495[Am Gericht],2021-06-25T07:02:00.146Z
0.23514539,open,2021-06-25T06:59:00Z,186,605,75,866,791,109240[MyZeil],2021-06-25T07:02:00.146Z
0.098522164,open,2021-06-25T06:59:00Z,60,549,0,609,609,18494[Konrad-Adenauer-Straße],2021-06-25T07:02:00.146Z
0.35497835,open,2021-06-25T06:59:00Z,246,447,0,693,693,24278[Karstadt],2021-06-25T07:02:00.146Z
0.94400895,open,2021-06-25T07:19:00Z,843,50,0,893,893,24277[Börse],2021-06-25T07:22:01.601Z
0.38059703,open,2021-06-25T07:19:00Z,153,249,0,402,402,18944[Alte Oper],2021-06-25T07:22:01.601Z
0.23626374,open,2021-06-25T07:19:00Z,86,278,0,364,364,24281[Hauptbahnhof Süd],2021-06-25T07:22:01.601Z
0.5208333,open,2021-06-25T07:19:00Z,200,184,0,384,384,105479[Baseler Platz],2021-06-25T07:22:01.601Z
0.368356,open,2021-06-25T07:19:00Z,298,511,0,809,809,24279[Konstabler],2021-06-25T07:22:01.601Z
0.6079812,open,2021-06-25T07:19:00Z,259,167,0,426,426,18497[Hauptwache],2021-06-25T07:22:01.601Z
0.46617648,open,2021-06-25T07:19:00Z,317,363,0,680,680,18495[Am Gericht],2021-06-25T07:22:01.601Z
0.24778761,open,2021-06-25T07:19:00Z,196,595,75,866,791,109240[MyZeil],2021-06-25T07:22:01.601Z
0.11658456,open,2021-06-25T07:19:00Z,71,538,0,609,609,18494[Konrad-Adenauer-Straße],2021-06-25T07:22:01.601Z
0.36507937,open,2021-06-25T07:19:00Z,253,440,0,693,693,24278[Karstadt],2021-06-25T07:22:01.601Z
0.94400895,open,2021-06-25T07:29:00Z,843,50,0,893,893,24277[Börse],2021-06-25T07:32:01.846Z
0.3955224,open,2021-06-25T07:29:00Z,159,243,0,402,402,18944[Alte Oper],2021-06-25T07:32:01.846Z
0.24725275,open,2021-06-25T07:29:00Z,90,274,0,364,364,24281[Hauptbahnhof Süd],2021-06-25T07:32:01.846Z
0.5208333,open,2021-06-25T07:29:00Z,200,184,0,384,384,105479[Baseler Platz],2021-06-25T07:32:01.846Z
0.38442522,open,2021-06-25T07:29:00Z,311,498,0,809,809,24279[Konstabler],2021-06-25T07:32:01.846Z
0.63380283,open,2021-06-25T07:29:00Z,270,156,0,426,426,18497[Hauptwache],2021-06-25T07:32:01.846Z
0.4882353,open,2021-06-25T07:29:00Z,332,348,0,680,680,18495[Am Gericht],2021-06-25T07:32:01.846Z
0.2528445,open,2021-06-25T07:29:00Z,200,591,75,866,791,109240[MyZeil],2021-06-25T07:32:01.846Z
0.12643678,open,2021-06-25T07:29:00Z,77,532,0,609,609,18494[Konrad-Adenauer-Straße],2021-06-25T07:32:01.846Z
0.3780664,open,2021-06-25T07:29:00Z,262,431,0,693,693,24278[Karstadt],2021-06-25T07:32:01.846Z
0.94400895,open,2021-06-25T07:39:00Z,843,50,0,893,893,24277[Börse],2021-06-25T07:42:02.128Z
0.43034825,open,2021-06-25T07:39:00Z,173,229,0,402,402,18944[Alte Oper],2021-06-25T07:42:02.128Z
0.260989,open,2021-06-25T07:39:00Z,95,269,0,364,364,24281[Hauptbahnhof Süd],2021-06-25T07:42:02.128Z
0.5234375,open,2021-06-25T07:39:00Z,201,183,0,384,384,105479[Baseler Platz],2021-06-25T07:42:02.128Z
0.39802226,open,2021-06-25T07:39:00Z,322,487,0,809,809,24279[Konstabler],2021-06-25T07:42:02.128Z
0.64084506,open,2021-06-25T07:39:00Z,273,153,0,426,426,18497[Hauptwache],2021-06-25T07:42:02.128Z
0.5235294,open,2021-06-25T07:39:00Z,356,324,0,680,680,18495[Am Gericht],2021-06-25T07:42:02.128Z
0.26042983,open,2021-06-25T07:39:00Z,206,585,75,866,791,109240[MyZeil],2021-06-25T07:42:02.128Z
0.13300492,open,2021-06-25T07:39:00Z,81,528,0,609,609,18494[Konrad-Adenauer-Straße],2021-06-25T07:42:02.128Z
0.38816738,open,2021-06-25T07:39:00Z,269,424,0,693,693,24278[Karstadt],2021-06-25T07:42:02.128Z
0.94400895,open,2021-06-25T07:49:00Z,843,50,0,893,893,24277[Börse],2021-06-25T07:52:00.077Z
0.45771143,open,2021-06-25T07:49:00Z,184,218,0,402,402,18944[Alte Oper],2021-06-25T07:52:00.077Z
0.27197802,open,2021-06-25T07:49:00Z,99,265,0,364,364,24281[Hauptbahnhof Süd],2021-06-25T07:52:00.077Z
0.5286458,open,2021-06-25T07:49:00Z,203,181,0,384,384,105479[Baseler Platz],2021-06-25T07:52:00.077Z
0.41532758,open,2021-06-25T07:49:00Z,336,473,0,809,809,24279[Konstabler],2021-06-25T07:52:00.077Z
0.65023476,open,2021-06-25T07:49:00Z,277,149,0,426,426,18497[Hauptwache],2021-06-25T07:52:00.077Z
0.54264706,open,2021-06-25T07:49:00Z,369,311,0,680,680,18495[Am Gericht],2021-06-25T07:52:00.077Z
0.26801518,open,2021-06-25T07:49:00Z,212,579,75,866,791,109240[MyZeil],2021-06-25T07:52:00.077Z
0.136289,open,2021-06-25T07:49:00Z,83,526,0,609,609,18494[Konrad-Adenauer-Straße],2021-06-25T07:52:00.077Z
0.4011544,open,2021-06-25T07:49:00Z,278,415,0,693,693,24278[Karstadt],2021-06-25T07:52:00.077Z
0.94400895,open,2021-06-25T07:59:00Z,843,50,0,893,893,24277[Börse],2021-06-25T08:02:00.974Z
0.48756218,open,2021-06-25T07:59:00Z,196,206,0,402,402,18944[Alte Oper],2021-06-25T08:02:00.974Z
0.27197802,open,2021-06-25T07:59:00Z,99,265,0,364,364,24281[Hauptbahnhof Süd],2021-06-25T08:02:00.974Z
0.5416667,open,2021-06-25T07:59:00Z,208,176,0,384,384,105479[Baseler Platz],2021-06-25T08:02:00.974Z
0.44128555,open,2021-06-25T07:59:00Z,357,452,0,809,809,24279[Konstabler],2021-06-25T08:02:00.974Z
0.6760563,open,2021-06-25T07:59:00Z,288,138,0,426,426,18497[Hauptwache],2021-06-25T08:02:00.974Z
0.5632353,open,2021-06-25T07:59:00Z,383,297,0,680,680,18495[Am Gericht],2021-06-25T08:02:00.974Z
0.28192163,open,2021-06-25T07:59:00Z,223,568,75,866,791,109240[MyZeil],2021-06-25T08:02:00.974Z
0.1592775,open,2021-06-25T07:59:00Z,97,512,0,609,609,18494[Konrad-Adenauer-Straße],2021-06-25T08:02:00.974Z
0.42424244,open,2021-06-25T07:59:00Z,294,399,0,693,693,24278[Karstadt],2021-06-25T08:02:00.974Z
0.94400895,open,2021-06-25T08:24:00Z,843,50,0,893,893,24277[Börse],2021-06-25T08:27:01.554Z
0.54477614,open,2021-06-25T08:24:00Z,219,183,0,402,402,18944[Alte Oper],2021-06-25T08:27:01.554Z
0.28296703,open,2021-06-25T08:24:00Z,103,261,0,364,364,24281[Hauptbahnhof Süd],2021-06-25T08:27:01.554Z
0.546875,open,2021-06-25T08:24:00Z,210,174,0,384,384,105479[Baseler Platz],2021-06-25T08:27:01.554Z
0.5203956,open,2021-06-25T08:24:00Z,421,388,0,809,809,24279[Konstabler],2021-06-25T08:27:01.554Z
0.74178404,open,2021-06-25T08:24:00Z,316,110,0,426,426,18497[Hauptwache],2021-06-25T08:27:01.554Z
0.6117647,open,2021-06-25T08:24:00Z,416,264,0,680,680,18495[Am Gericht],2021-06-25T08:27:01.554Z
0.30594185,open,2021-06-25T08:24:00Z,242,549,75,866,791,109240[MyZeil],2021-06-25T08:27:01.554Z
0.19868638,open,2021-06-25T08:24:00Z,121,488,0,609,609,18494[Konrad-Adenauer-Straße],2021-06-25T08:27:01.554Z
0.47186148,open,2021-06-25T08:24:00Z,327,366,0,693,693,24278[Karstadt],2021-06-25T08:27:01.554Z
0.94400895,open,2021-06-25T08:40:00Z,843,50,0,893,893,24277[Börse],2021-06-25T08:42:00.659Z
0.58208954,open,2021-06-25T08:40:00Z,234,168,0,402,402,18944[Alte Oper],2021-06-25T08:42:00.659Z
0.2857143,open,2021-06-25T08:40:00Z,104,260,0,364,364,24281[Hauptbahnhof Süd],2021-06-25T08:42:00.659Z
0.5520833,open,2021-06-25T08:40:00Z,212,172,0,384,384,105479[Baseler Platz],2021-06-25T08:42:00.659Z
0.5648949,open,2021-06-25T08:40:00Z,457,352,0,809,809,24279[Konstabler],2021-06-25T08:42:00.659Z
0.7887324,open,2021-06-25T08:40:00Z,336,90,0,426,426,18497[Hauptwache],2021-06-25T08:42:00.659Z
0.62058824,open,2021-06-25T08:40:00Z,422,258,0,680,680,18495[Am Gericht],2021-06-25T08:42:00.659Z
0.32996207,open,2021-06-25T08:40:00Z,261,530,75,866,791,109240[MyZeil],2021-06-25T08:42:00.659Z
0.21839081,open,2021-06-25T08:40:00Z,133,476,0,609,609,18494[Konrad-Adenauer-Straße],2021-06-25T08:42:00.659Z
0.47907647,open,2021-06-25T08:40:00Z,332,361,0,693,693,24278[Karstadt],2021-06-25T08:42:00.659Z
0.94400895,open,2021-06-25T08:50:00Z,843,50,0,893,893,24277[Börse],2021-06-25T08:52:01.661Z
0.59452736,open,2021-06-25T08:50:00Z,239,163,0,402,402,18944[Alte Oper],2021-06-25T08:52:01.661Z
0.28296703,open,2021-06-25T08:50:00Z,103,261,0,364,364,24281[Hauptbahnhof Süd],2021-06-25T08:52:01.661Z
0.5572917,open,2021-06-25T08:50:00Z,214,170,0,384,384,105479[Baseler Platz],2021-06-25T08:52:01.661Z
0.58590853,open,2021-06-25T08:50:00Z,474,335,0,809,809,24279[Konstabler],2021-06-25T08:52:01.661Z
0.81220657,open,2021-06-25T08:50:00Z,346,80,0,426,426,18497[Hauptwache],2021-06-25T08:52:01.661Z
0.63529414,open,2021-06-25T08:50:00Z,432,248,0,680,680,18495[Am Gericht],2021-06-25T08:52:01.661Z
0.3426043,open,2021-06-25T08:50:00Z,271,520,75,866,791,109240[MyZeil],2021-06-25T08:52:01.661Z
0.23316912,open,2021-06-25T08:50:00Z,142,467,0,609,609,18494[Konrad-Adenauer-Straße],2021-06-25T08:52:01.661Z
0.4862915,open,2021-06-25T08:50:00Z,337,356,0,693,693,24278[Karstadt],2021-06-25T08:52:01.661Z
0.94400895,open,2021-06-25T09:05:00Z,843,50,0,893,893,24277[Börse],2021-06-25T09:07:01.159Z
0.6094527,open,2021-06-25T09:05:00Z,245,157,0,402,402,18944[Alte Oper],2021-06-25T09:07:01.159Z
0.2857143,open,2021-06-25T09:05:00Z,104,260,0,364,364,24281[Hauptbahnhof Süd],2021-06-25T09:07:01.159Z
0.5572917,open,2021-06-25T09:05:00Z,214,170,0,384,384,105479[Baseler Platz],2021-06-25T09:07:01.159Z
0.6229913,open,2021-06-25T09:05:00Z,504,305,0,809,809,24279[Konstabler],2021-06-25T09:07:01.159Z
0.842723,open,2021-06-25T09:05:00Z,359,67,0,426,426,18497[Hauptwache],2021-06-25T09:07:01.159Z
0.63235295,open,2021-06-25T09:05:00Z,430,250,0,680,680,18495[Am Gericht],2021-06-25T09:07:01.159Z
0.3489254,open,2021-06-25T09:05:00Z,276,515,75,866,791,109240[MyZeil],2021-06-25T09:07:01.159Z
0.25123152,open,2021-06-25T09:05:00Z,153,456,0,609,609,18494[Konrad-Adenauer-Straße],2021-06-25T09:07:01.159Z
0.47330448,open,2021-06-25T09:05:00Z,328,365,0,693,693,24278[Karstadt],2021-06-25T09:07:01.159Z
0.94400895,open,2021-06-25T09:30:00Z,843,50,0,893,893,24277[Börse],2021-06-25T09:32:01.160Z
0.62666667,open,2021-06-25T09:30:00Z,94,56,200,350,150,24276[Turmcenter],2021-06-25T09:32:01.160Z
0.6442786,open,2021-06-25T09:30:00Z,259,143,0,402,402,18944[Alte Oper],2021-06-25T09:32:01.160Z
0.28846154,open,2021-06-25T09:30:00Z,105,259,0,364,364,24281[Hauptbahnhof Süd],2021-06-25T09:32:01.160Z
0.5546875,open,2021-06-25T09:30:00Z,213,171,0,384,384,105479[Baseler Platz],2021-06-25T09:32:01.160Z
0.6600742,open,2021-06-25T09:30:00Z,534,275,0,809,809,24279[Konstabler],2021-06-25T09:32:01.160Z
0.8802817,open,2021-06-25T09:30:00Z,375,51,0,426,426,18497[Hauptwache],2021-06-25T09:32:01.160Z
0.6117647,open,2021-06-25T09:30:00Z,416,264,0,680,680,18495[Am Gericht],2021-06-25T09:32:01.160Z
0.35416666,open,2021-06-25T09:30:00Z,289,527,60,876,816,109240[MyZeil],2021-06-25T09:32:01.160Z
0.24958949,open,2021-06-25T09:30:00Z,152,457,0,609,609,18494[Konrad-Adenauer-Straße],2021-06-25T09:32:01.160Z
0.46176046,open,2021-06-25T09:30:00Z,320,373,0,693,693,24278[Karstadt],2021-06-25T09:32:01.160Z
0.94400895,open,2021-06-25T09:45:00Z,843,50,0,893,893,24277[Börse],2021-06-25T09:47:00.520Z
0.56,open,2021-06-25T09:45:00Z,84,66,200,350,150,24276[Turmcenter],2021-06-25T09:47:00.520Z
0.66169155,open,2021-06-25T09:45:00Z,266,136,0,402,402,18944[Alte Oper],2021-06-25T09:47:00.520Z
0.2912088,open,2021-06-25T09:45:00Z,106,258,0,364,364,24281[Hauptbahnhof Süd],2021-06-25T09:47:00.520Z
0.546875,open,2021-06-25T09:45:00Z,210,174,0,384,384,105479[Baseler Platz],2021-06-25T09:47:00.520Z
0.70086527,open,2021-06-25T09:45:00Z,567,242,0,809,809,24279[Konstabler],2021-06-25T09:47:00.520Z
0.90140843,open,2021-06-25T09:45:00Z,384,42,0,426,426,18497[Hauptwache],2021-06-25T09:47:00.520Z
0.5985294,open,2021-06-25T09:45:00Z,407,273,0,680,680,18495[Am Gericht],2021-06-25T09:47:00.520Z
0.36642158,open,2021-06-25T09:45:00Z,299,517,60,876,816,109240[MyZeil],2021-06-25T09:47:00.520Z
0.26108375,open,2021-06-25T09:45:00Z,159,450,0,609,609,18494[Konrad-Adenauer-Straße],2021-06-25T09:47:00.520Z
0.46176046,open,2021-06-25T09:45:00Z,320,373,0,693,693,24278[Karstadt],2021-06-25T09:47:00.520Z
0.94400895,open,2021-06-25T09:50:00Z,843,50,0,893,893,24277[Börse],2021-06-25T09:52:00.570Z
0.5733333,open,2021-06-25T09:50:00Z,86,64,200,350,150,24276[Turmcenter],2021-06-25T09:52:00.570Z
0.6666667,open,2021-06-25T09:50:00Z,268,134,0,402,402,18944[Alte Oper],2021-06-25T09:52:00.570Z
0.29395604,open,2021-06-25T09:50:00Z,107,257,0,364,364,24281[Hauptbahnhof Süd],2021-06-25T09:52:00.570Z
0.5442708,open,2021-06-25T09:50:00Z,209,175,0,384,384,105479[Baseler Platz],2021-06-25T09:52:00.570Z
0.7095179,open,2021-06-25T09:50:00Z,574,235,0,809,809,24279[Konstabler],2021-06-25T09:52:00.570Z
0.9201878,open,2021-06-25T09:50:00Z,392,34,0,426,426,18497[Hauptwache],2021-06-25T09:52:00.570Z
0.5897059,open,2021-06-25T09:50:00Z,401,279,0,680,680,18495[Am Gericht],2021-06-25T09:52:00.570Z
0.36642158,open,2021-06-25T09:50:00Z,299,517,60,876,816,109240[MyZeil],2021-06-25T09:52:00.570Z
0.26272577,open,2021-06-25T09:50:00Z,160,449,0,609,609,18494[Konrad-Adenauer-Straße],2021-06-25T09:52:00.570Z
0.45743147,open,2021-06-25T09:50:00Z,317,376,0,693,693,24278[Karstadt],2021-06-25T09:52:00.570Z
0.94400895,open,2021-06-25T10:15:00Z,843,50,0,893,893,24277[Börse],2021-06-25T10:17:00.182Z
0.50666666,open,2021-06-25T10:15:00Z,76,74,200,350,150,24276[Turmcenter],2021-06-25T10:17:00.182Z
0.71144277,open,2021-06-25T10:15:00Z,286,116,0,402,402,18944[Alte Oper],2021-06-25T10:17:00.182Z
0.2967033,open,2021-06-25T10:15:00Z,108,256,0,364,364,24281[Hauptbahnhof Süd],2021-06-25T10:17:00.182Z
0.5442708,open,2021-06-25T10:15:00Z,209,175,0,384,384,105479[Baseler Platz],2021-06-25T10:17:00.182Z
0.6810878,open,2021-06-25T10:15:00Z,551,258,0,809,809,24279[Konstabler],2021-06-25T10:17:00.182Z
0.9882629,open,2021-06-25T10:15:00Z,421,5,0,426,426,18497[Hauptwache],2021-06-25T10:17:00.182Z
0.5867647,open,2021-06-25T10:15:00Z,399,281,0,680,680,18495[Am Gericht],2021-06-25T10:17:00.182Z
0.3737745,open,2021-06-25T10:15:00Z,305,511,60,876,816,109240[MyZeil],2021-06-25T10:17:00.182Z
0.2857143,open,2021-06-25T10:15:00Z,174,435,0,609,609,18494[Konrad-Adenauer-Straße],2021-06-25T10:17:00.182Z
0.4025974,open,2021-06-25T10:15:00Z,279,414,0,693,693,24278[Karstadt],2021-06-25T10:17:00.182Z
0.94400895,open,2021-06-25T10:30:00Z,843,50,0,893,893,24277[Börse],2021-06-25T10:32:00.802Z
0.47333333,open,2021-06-25T10:30:00Z,71,79,200,350,150,24276[Turmcenter],2021-06-25T10:32:00.802Z
0.7164179,open,2021-06-25T10:30:00Z,288,114,0,402,402,18944[Alte Oper],2021-06-25T10:32:00.802Z
0.27747253,open,2021-06-25T10:30:00Z,101,263,0,364,364,24281[Hauptbahnhof Süd],2021-06-25T10:32:00.802Z
0.5390625,open,2021-06-25T10:30:00Z,207,177,0,384,384,105479[Baseler Platz],2021-06-25T10:32:00.802Z
0.6922126,open,2021-06-25T10:30:00Z,560,249,0,809,809,24279[Konstabler],2021-06-25T10:32:00.802Z
1,open,2021-06-25T10:30:00Z,426,0,0,426,426,18497[Hauptwache],2021-06-25T10:32:00.802Z
0.5852941,open,2021-06-25T10:30:00Z,398,282,0,680,680,18495[Am Gericht],2021-06-25T10:32:00.802Z
0.35539216,open,2021-06-25T10:30:00Z,290,526,60,876,816,109240[MyZeil],2021-06-25T10:32:00.802Z
0.2824302,open,2021-06-25T10:30:00Z,172,437,0,609,609,18494[Konrad-Adenauer-Straße],2021-06-25T10:32:00.802Z
0.3795094,open,2021-06-25T10:30:00Z,263,430,0,693,693,24278[Karstadt],2021-06-25T10:32:00.802Z
0.94400895,open,2021-06-25T10:45:00Z,843,50,0,893,893,24277[Börse],2021-06-25T10:47:01.555Z
0.45333335,open,2021-06-25T10:45:00Z,68,82,200,350,150,24276[Turmcenter],2021-06-25T10:47:01.555Z
0.73383087,open,2021-06-25T10:45:00Z,295,107,0,402,402,18944[Alte Oper],2021-06-25T10:47:01.555Z
0.26373628,open,2021-06-25T10:45:00Z,96,268,0,364,364,24281[Hauptbahnhof Süd],2021-06-25T10:47:01.555Z
0.546875,open,2021-06-25T10:45:00Z,210,174,0,384,384,105479[Baseler Platz],2021-06-25T10:47:01.555Z
0.6909765,open,2021-06-25T10:45:00Z,559,250,0,809,809,24279[Konstabler],2021-06-25T10:47:01.555Z
0.9976526,open,2021-06-25T10:45:00Z,425,1,0,426,426,18497[Hauptwache],2021-06-25T10:47:01.555Z
0.5852941,open,2021-06-25T10:45:00Z,398,282,0,680,680,18495[Am Gericht],2021-06-25T10:47:01.555Z
0.34681374,open,2021-06-25T10:45:00Z,283,533,60,876,816,109240[MyZeil],2021-06-25T10:47:01.555Z
0.2824302,open,2021-06-25T10:45:00Z,172,437,0,609,609,18494[Konrad-Adenauer-Straße],2021-06-25T10:47:01.555Z
0.35353535,open,2021-06-25T10:45:00Z,245,448,0,693,693,24278[Karstadt],2021-06-25T10:47:01.555Z
0.94400895,open,2021-06-25T10:56:00Z,843,50,0,893,893,24277[Börse],2021-06-25T10:57:00.971Z
0.42666668,open,2021-06-25T10:56:00Z,64,86,200,350,150,24276[Turmcenter],2021-06-25T10:57:00.971Z
0.74129355,open,2021-06-25T10:56:00Z,298,104,0,402,402,18944[Alte Oper],2021-06-25T10:57:00.971Z
0.25274727,open,2021-06-25T10:56:00Z,92,272,0,364,364,24281[Hauptbahnhof Süd],2021-06-25T10:57:00.971Z
0.546875,open,2021-06-25T10:56:00Z,210,174,0,384,384,105479[Baseler Platz],2021-06-25T10:57:00.971Z
0.6959209,open,2021-06-25T10:56:00Z,563,246,0,809,809,24279[Konstabler],2021-06-25T10:57:00.971Z
1,open,2021-06-25T10:56:00Z,426,0,0,426,426,18497[Hauptwache],2021-06-25T10:57:00.971Z
0.5838235,open,2021-06-25T10:56:00Z,397,283,0,680,680,18495[Am Gericht],2021-06-25T10:57:00.971Z
0.3480392,open,2021-06-25T10:56:00Z,284,532,60,876,816,109240[MyZeil],2021-06-25T10:57:00.971Z
0.272578,open,2021-06-25T10:56:00Z,166,443,0,609,609,18494[Konrad-Adenauer-Straße],2021-06-25T10:57:00.971Z
0.33333334,open,2021-06-25T10:56:00Z,231,462,0,693,693,24278[Karstadt],2021-06-25T10:57:00.971Z
0.94400895,open,2021-06-25T11:16:00Z,843,50,0,893,893,24277[Börse],2021-06-25T11:17:00.584Z
0.40666667,open,2021-06-25T11:16:00Z,61,89,200,350,150,24276[Turmcenter],2021-06-25T11:17:00.584Z
0.7562189,open,2021-06-25T11:16:00Z,304,98,0,402,402,18944[Alte Oper],2021-06-25T11:17:00.584Z
0.25,open,2021-06-25T11:16:00Z,91,273,0,364,364,24281[Hauptbahnhof Süd],2021-06-25T11:17:00.584Z
0.5494792,open,2021-06-25T11:16:00Z,211,173,0,384,384,105479[Baseler Platz],2021-06-25T11:17:00.584Z
0.6996292,open,2021-06-25T11:16:00Z,566,243,0,809,809,24279[Konstabler],2021-06-25T11:17:00.584Z
1,open,2021-06-25T11:16:00Z,426,0,0,426,426,18497[Hauptwache],2021-06-25T11:17:00.584Z
0.5588235,open,2021-06-25T11:16:00Z,380,300,0,680,680,18495[Am Gericht],2021-06-25T11:17:00.584Z
0.35049018,open,2021-06-25T11:16:00Z,286,530,60,876,816,109240[MyZeil],2021-06-25T11:17:00.584Z
0.25779969,open,2021-06-25T11:16:00Z,157,452,0,609,609,18494[Konrad-Adenauer-Straße],2021-06-25T11:17:00.584Z
0.3059163,open,2021-06-25T11:16:00Z,212,481,0,693,693,24278[Karstadt],2021-06-25T11:17:00.584Z
0.94400895,open,2021-06-25T11:26:00Z,843,50,0,893,893,24277[Börse],2021-06-25T11:27:02.383Z
0.40666667,open,2021-06-25T11:26:00Z,61,89,200,350,150,24276[Turmcenter],2021-06-25T11:27:02.383Z
0.76616913,open,2021-06-25T11:26:00Z,308,94,0,402,402,18944[Alte Oper],2021-06-25T11:27:02.383Z
0.2445055,open,2021-06-25T11:26:00Z,89,275,0,364,364,24281[Hauptbahnhof Süd],2021-06-25T11:27:02.383Z
0.5520833,open,2021-06-25T11:26:00Z,212,172,0,384,384,105479[Baseler Platz],2021-06-25T11:27:02.383Z
0.6983931,open,2021-06-25T11:26:00Z,565,244,0,809,809,24279[Konstabler],2021-06-25T11:27:02.383Z
1,open,2021-06-25T11:26:00Z,426,0,0,426,426,18497[Hauptwache],2021-06-25T11:27:02.383Z
0.55,open,2021-06-25T11:26:00Z,374,306,0,680,680,18495[Am Gericht],2021-06-25T11:27:02.383Z
0.35661766,open,2021-06-25T11:26:00Z,291,525,60,876,816,109240[MyZeil],2021-06-25T11:27:02.383Z
0.26272577,open,2021-06-25T11:26:00Z,160,449,0,609,609,18494[Konrad-Adenauer-Straße],2021-06-25T11:27:02.383Z
0.28138527,open,2021-06-25T11:26:00Z,195,498,0,693,693,24278[Karstadt],2021-06-25T11:27:02.383Z
0.94400895,open,2021-06-25T11:36:00Z,843,50,0,893,893,24277[Börse],2021-06-25T11:37:02.869Z
0.41333333,open,2021-06-25T11:36:00Z,62,88,200,350,150,24276[Turmcenter],2021-06-25T11:37:02.869Z
0.77860695,open,2021-06-25T11:36:00Z,313,89,0,402,402,18944[Alte Oper],2021-06-25T11:37:02.869Z
0.23351648,open,2021-06-25T11:36:00Z,85,279,0,364,364,24281[Hauptbahnhof Süd],2021-06-25T11:37:02.869Z
0.5520833,open,2021-06-25T11:36:00Z,212,172,0,384,384,105479[Baseler Platz],2021-06-25T11:37:02.869Z
0.71075404,open,2021-06-25T11:36:00Z,575,234,0,809,809,24279[Konstabler],2021-06-25T11:37:02.869Z
0.9953052,open,2021-06-25T11:36:00Z,424,2,0,426,426,18497[Hauptwache],2021-06-25T11:37:02.869Z
0.5397059,open,2021-06-25T11:36:00Z,367,313,0,680,680,18495[Am Gericht],2021-06-25T11:37:02.869Z
0.3615196,open,2021-06-25T11:36:00Z,295,521,60,876,816,109240[MyZeil],2021-06-25T11:37:02.869Z
0.26108375,open,2021-06-25T11:36:00Z,159,450,0,609,609,18494[Konrad-Adenauer-Straße],2021-06-25T11:37:02.869Z
0.27128428,open,2021-06-25T11:36:00Z,188,505,0,693,693,24278[Karstadt],2021-06-25T11:37:02.869Z
0.94400895,open,2021-06-25T11:46:00Z,843,50,0,893,893,24277[Börse],2021-06-25T11:47:00.232Z
0.42,open,2021-06-25T11:46:00Z,63,87,200,350,150,24276[Turmcenter],2021-06-25T11:47:00.232Z
0.7711443,open,2021-06-25T11:46:00Z,310,92,0,402,402,18944[Alte Oper],2021-06-25T11:47:00.232Z
0.22527473,open,2021-06-25T11:46:00Z,82,282,0,364,364,24281[Hauptbahnhof Süd],2021-06-25T11:47:00.232Z
0.5520833,open,2021-06-25T11:46:00Z,212,172,0,384,384,105479[Baseler Platz],2021-06-25T11:47:00.232Z
0.71940666,open,2021-06-25T11:46:00Z,582,227,0,809,809,24279[Konstabler],2021-06-25T11:47:00.232Z
0.97887325,open,2021-06-25T11:46:00Z,417,9,0,426,426,18497[Hauptwache],2021-06-25T11:47:00.232Z
0.5352941,open,2021-06-25T11:46:00Z,364,316,0,680,680,18495[Am Gericht],2021-06-25T11:47:00.232Z
0.35906863,open,2021-06-25T11:46:00Z,293,523,60,876,816,109240[MyZeil],2021-06-25T11:47:00.232Z
0.26436782,open,2021-06-25T11:46:00Z,161,448,0,609,609,18494[Konrad-Adenauer-Straße],2021-06-25T11:47:00.232Z
0.25974026,open,2021-06-25T11:46:00Z,180,513,0,693,693,24278[Karstadt],2021-06-25T11:47:00.232Z
0.94400895,open,2021-06-25T11:56:00Z,843,50,0,893,893,24277[Börse],2021-06-25T11:57:00.817Z
0.42,open,2021-06-25T11:56:00Z,63,87,200,350,150,24276[Turmcenter],2021-06-25T11:57:00.817Z
0.7761194,open,2021-06-25T11:56:00Z,312,90,0,402,402,18944[Alte Oper],2021-06-25T11:57:00.817Z
0.23351648,open,2021-06-25T11:56:00Z,85,279,0,364,364,24281[Hauptbahnhof Süd],2021-06-25T11:57:00.817Z
0.5651042,open,2021-06-25T11:56:00Z,217,167,0,384,384,105479[Baseler Platz],2021-06-25T11:57:00.817Z
0.7305315,open,2021-06-25T11:56:00Z,591,218,0,809,809,24279[Konstabler],2021-06-25T11:57:00.817Z
0.9624413,open,2021-06-25T11:56:00Z,410,16,0,426,426,18497[Hauptwache],2021-06-25T11:57:00.817Z
0.5264706,open,2021-06-25T11:56:00Z,358,322,0,680,680,18495[Am Gericht],2021-06-25T11:57:00.817Z
0.36642158,open,2021-06-25T11:56:00Z,299,517,60,876,816,109240[MyZeil],2021-06-25T11:57:00.817Z
0.25287357,open,2021-06-25T11:56:00Z,154,455,0,609,609,18494[Konrad-Adenauer-Straße],2021-06-25T11:57:00.817Z
0.24098124,open,2021-06-25T11:56:00Z,167,526,0,693,693,24278[Karstadt],2021-06-25T11:57:00.817Z
0.94400895,open,2021-06-25T12:21:00Z,843,50,0,893,893,24277[Börse],2021-06-25T12:27:01.897Z
0.38666666,open,2021-06-25T12:21:00Z,58,92,200,350,150,24276[Turmcenter],2021-06-25T12:27:01.897Z
0.7736318,open,2021-06-25T12:21:00Z,311,91,0,402,402,18944[Alte Oper],2021-06-25T12:27:01.897Z
0.21153846,open,2021-06-25T12:21:00Z,77,287,0,364,364,24281[Hauptbahnhof Süd],2021-06-25T12:27:01.897Z
0.5651042,open,2021-06-25T12:21:00Z,217,167,0,384,384,105479[Baseler Platz],2021-06-25T12:27:01.897Z
0.7181706,open,2021-06-25T12:21:00Z,581,228,0,809,809,24279[Konstabler],2021-06-25T12:27:01.897Z
0.9366197,open,2021-06-25T12:21:00Z,399,27,0,426,426,18497[Hauptwache],2021-06-25T12:27:01.897Z
0.50441176,open,2021-06-25T12:21:00Z,343,337,0,680,680,18495[Am Gericht],2021-06-25T12:27:01.897Z
0.37867647,open,2021-06-25T12:21:00Z,309,507,60,876,816,109240[MyZeil],2021-06-25T12:27:01.897Z
0.24630542,open,2021-06-25T12:21:00Z,150,459,0,609,609,18494[Konrad-Adenauer-Straße],2021-06-25T12:27:01.897Z
0.2020202,open,2021-06-25T12:21:00Z,140,553,0,693,693,24278[Karstadt],2021-06-25T12:27:01.897Z
0.94400895,open,2021-06-25T12:57:00Z,843,50,0,893,893,24277[Börse],2021-06-25T13:02:01.971Z
0.39333335,open,2021-06-25T12:57:00Z,59,91,200,350,150,24276[Turmcenter],2021-06-25T13:02:01.971Z
0.7288557,open,2021-06-25T12:57:00Z,293,109,0,402,402,18944[Alte Oper],2021-06-25T13:02:01.971Z
0.16758242,open,2021-06-25T12:57:00Z,61,303,0,364,364,24281[Hauptbahnhof Süd],2021-06-25T13:02:01.971Z
0.5442708,open,2021-06-25T12:57:00Z,209,175,0,384,384,105479[Baseler Platz],2021-06-25T13:02:01.971Z
0.72929543,open,2021-06-25T12:57:00Z,590,219,0,809,809,24279[Konstabler],2021-06-25T13:02:01.971Z
0.9319249,open,2021-06-25T12:57:00Z,397,29,0,426,426,18497[Hauptwache],2021-06-25T13:02:01.971Z
0.47941175,open,2021-06-25T12:57:00Z,326,354,0,680,680,18495[Am Gericht],2021-06-25T13:02:01.971Z
0.36397058,open,2021-06-25T12:57:00Z,297,519,60,876,816,109240[MyZeil],2021-06-25T13:02:01.971Z
0.22988506,open,2021-06-25T12:57:00Z,140,469,0,609,609,18494[Konrad-Adenauer-Straße],2021-06-25T13:02:01.971Z
0.13708514,open,2021-06-25T12:57:00Z,95,598,0,693,693,24278[Karstadt],2021-06-25T13:02:01.971Z
0.94400895,open,2021-06-25T13:22:00Z,843,50,0,893,893,24277[Börse],2021-06-25T13:27:01.756Z
0.38,open,2021-06-25T13:22:00Z,57,93,200,350,150,24276[Turmcenter],2021-06-25T13:27:01.756Z
0.68159205,open,2021-06-25T13:22:00Z,274,128,0,402,402,18944[Alte Oper],2021-06-25T13:27:01.756Z
0.15934066,open,2021-06-25T13:22:00Z,58,306,0,364,364,24281[Hauptbahnhof Süd],2021-06-25T13:27:01.756Z
0.5234375,open,2021-06-25T13:22:00Z,201,183,0,384,384,105479[Baseler Platz],2021-06-25T13:27:01.756Z
0.7268232,open,2021-06-25T13:22:00Z,588,221,0,809,809,24279[Konstabler],2021-06-25T13:27:01.756Z
0.92488265,open,2021-06-25T13:22:00Z,394,32,0,426,426,18497[Hauptwache],2021-06-25T13:27:01.756Z
0.45882353,open,2021-06-25T13:22:00Z,312,368,0,680,680,18495[Am Gericht],2021-06-25T13:27:01.756Z
0.34558824,open,2021-06-25T13:22:00Z,282,534,60,876,816,109240[MyZeil],2021-06-25T13:27:01.756Z
0.22003284,open,2021-06-25T13:22:00Z,134,475,0,609,609,18494[Konrad-Adenauer-Straße],2021-06-25T13:27:01.756Z
0.11111111,open,2021-06-25T13:22:00Z,77,616,0,693,693,24278[Karstadt],2021-06-25T13:27:01.756Z
0.94400895,open,2021-06-25T13:37:00Z,843,50,0,893,893,24277[Börse],2021-06-25T13:42:02.914Z
0.37333333,open,2021-06-25T13:37:00Z,56,94,200,350,150,24276[Turmcenter],2021-06-25T13:42:02.914Z
0.6766169,open,2021-06-25T13:37:00Z,272,130,0,402,402,18944[Alte Oper],2021-06-25T13:42:02.914Z
0.1510989,open,2021-06-25T13:37:00Z,55,309,0,364,364,24281[Hauptbahnhof Süd],2021-06-25T13:42:02.914Z
0.5208333,open,2021-06-25T13:37:00Z,200,184,0,384,384,105479[Baseler Platz],2021-06-25T13:42:02.914Z
0.7317676,open,2021-06-25T13:37:00Z,592,217,0,809,809,24279[Konstabler],2021-06-25T13:42:02.914Z
0.92723006,open,2021-06-25T13:37:00Z,395,31,0,426,426,18497[Hauptwache],2021-06-25T13:42:02.914Z
0.45294118,open,2021-06-25T13:37:00Z,308,372,0,680,680,18495[Am Gericht],2021-06-25T13:42:02.914Z
0.3394608,open,2021-06-25T13:37:00Z,277,539,60,876,816,109240[MyZeil],2021-06-25T13:42:02.914Z
0.20853859,open,2021-06-25T13:37:00Z,127,482,0,609,609,18494[Konrad-Adenauer-Straße],2021-06-25T13:42:02.914Z
0.09379509,open,2021-06-25T13:37:00Z,65,628,0,693,693,24278[Karstadt],2021-06-25T13:42:02.914Z
0.94400895,open,2021-06-25T13:47:00Z,843,50,0,893,893,24277[Börse],2021-06-25T13:52:01.836Z
0.36,open,2021-06-25T13:47:00Z,54,96,200,350,150,24276[Turmcenter],2021-06-25T13:52:01.836Z
0.67164177,open,2021-06-25T13:47:00Z,270,132,0,402,402,18944[Alte Oper],2021-06-25T13:52:01.836Z
0.14285715,open,2021-06-25T13:47:00Z,52,312,0,364,364,24281[Hauptbahnhof Süd],2021-06-25T13:52:01.836Z
0.5130208,open,2021-06-25T13:47:00Z,197,187,0,384,384,105479[Baseler Platz],2021-06-25T13:52:01.836Z
0.7255871,open,2021-06-25T13:47:00Z,587,222,0,809,809,24279[Konstabler],2021-06-25T13:52:01.836Z
0.92723006,open,2021-06-25T13:47:00Z,395,31,0,426,426,18497[Hauptwache],2021-06-25T13:52:01.836Z
0.45,open,2021-06-25T13:47:00Z,306,374,0,680,680,18495[Am Gericht],2021-06-25T13:52:01.836Z
0.33088234,open,2021-06-25T13:47:00Z,270,546,60,876,816,109240[MyZeil],2021-06-25T13:52:01.836Z
0.20197044,open,2021-06-25T13:47:00Z,123,486,0,609,609,18494[Konrad-Adenauer-Straße],2021-06-25T13:52:01.836Z
0.08225108,open,2021-06-25T13:47:00Z,57,636,0,693,693,24278[Karstadt],2021-06-25T13:52:01.836Z
0.94400895,open,2021-06-25T14:03:00Z,843,50,0,893,893,24277[Börse],2021-06-25T14:07:00.208Z
0.34666666,open,2021-06-25T14:03:00Z,52,98,200,350,150,24276[Turmcenter],2021-06-25T14:07:00.208Z
0.6666667,open,2021-06-25T14:03:00Z,268,134,0,402,402,18944[Alte Oper],2021-06-25T14:07:00.208Z
0.13736264,open,2021-06-25T14:03:00Z,50,314,0,364,364,24281[Hauptbahnhof Süd],2021-06-25T14:07:00.208Z
0.5130208,open,2021-06-25T14:03:00Z,197,187,0,384,384,105479[Baseler Platz],2021-06-25T14:07:00.208Z
0.7181706,open,2021-06-25T14:03:00Z,581,228,0,809,809,24279[Konstabler],2021-06-25T14:07:00.208Z
0.943662,open,2021-06-25T14:03:00Z,402,24,0,426,426,18497[Hauptwache],2021-06-25T14:07:00.208Z
0.44558823,open,2021-06-25T14:03:00Z,303,377,0,680,680,18495[Am Gericht],2021-06-25T14:07:00.208Z
0.33210784,open,2021-06-25T14:03:00Z,271,545,60,876,816,109240[MyZeil],2021-06-25T14:07:00.208Z
0.21674877,open,2021-06-25T14:03:00Z,132,477,0,609,609,18494[Konrad-Adenauer-Straße],2021-06-25T14:07:00.208Z
0.04906205,open,2021-06-25T14:03:00Z,34,659,0,693,693,24278[Karstadt],2021-06-25T14:07:00.208Z
0.94400895,open,2021-06-25T14:18:00Z,843,50,0,893,893,24277[Börse],2021-06-25T14:22:01.411Z
0.32666665,open,2021-06-25T14:18:00Z,49,101,200,350,150,24276[Turmcenter],2021-06-25T14:22:01.411Z
0.65422887,open,2021-06-25T14:18:00Z,263,139,0,402,402,18944[Alte Oper],2021-06-25T14:22:01.411Z
0.13186814,open,2021-06-25T14:18:00Z,48,316,0,364,364,24281[Hauptbahnhof Süd],2021-06-25T14:22:01.411Z
0.5026042,open,2021-06-25T14:18:00Z,193,191,0,384,384,105479[Baseler Platz],2021-06-25T14:22:01.411Z
0.7404203,open,2021-06-25T14:18:00Z,599,210,0,809,809,24279[Konstabler],2021-06-25T14:22:01.411Z
0.9389671,open,2021-06-25T14:18:00Z,400,26,0,426,426,18497[Hauptwache],2021-06-25T14:22:01.411Z
0.43823528,open,2021-06-25T14:18:00Z,298,382,0,680,680,18495[Am Gericht],2021-06-25T14:22:01.411Z
0.32843137,open,2021-06-25T14:18:00Z,268,548,60,876,816,109240[MyZeil],2021-06-25T14:22:01.411Z
0.23316912,open,2021-06-25T14:18:00Z,142,467,0,609,609,18494[Konrad-Adenauer-Straße],2021-06-25T14:22:01.411Z
0.028860029,open,2021-06-25T14:18:00Z,20,673,0,693,693,24278[Karstadt],2021-06-25T14:22:01.411Z
0.94400895,open,2021-06-25T14:28:00Z,843,50,0,893,893,24277[Börse],2021-06-25T14:32:00.596Z
0.35333332,open,2021-06-25T14:28:00Z,53,97,200,350,150,24276[Turmcenter],2021-06-25T14:32:00.596Z
0.6368159,open,2021-06-25T14:28:00Z,256,146,0,402,402,18944[Alte Oper],2021-06-25T14:32:00.596Z
0.12362637,open,2021-06-25T14:28:00Z,45,319,0,364,364,24281[Hauptbahnhof Süd],2021-06-25T14:32:00.596Z
0.5026042,open,2021-06-25T14:28:00Z,193,191,0,384,384,105479[Baseler Platz],2021-06-25T14:32:00.596Z
0.7478368,open,2021-06-25T14:28:00Z,605,204,0,809,809,24279[Konstabler],2021-06-25T14:32:00.596Z
0.92723006,open,2021-06-25T14:28:00Z,395,31,0,426,426,18497[Hauptwache],2021-06-25T14:32:00.596Z
0.43676472,open,2021-06-25T14:28:00Z,297,383,0,680,680,18495[Am Gericht],2021-06-25T14:32:00.596Z
0.33088234,open,2021-06-25T14:28:00Z,270,546,60,876,816,109240[MyZeil],2021-06-25T14:32:00.596Z
0.21839081,open,2021-06-25T14:28:00Z,133,476,0,609,609,18494[Konrad-Adenauer-Straße],2021-06-25T14:32:00.596Z
0.012987013,open,2021-06-25T14:28:00Z,9,684,0,693,693,24278[Karstadt],2021-06-25T14:32:00.596Z
0.94400895,open,2021-06-25T14:38:00Z,843,50,0,893,893,24277[Börse],2021-06-25T14:42:02.405Z
0.29333332,open,2021-06-25T14:38:00Z,44,106,200,350,150,24276[Turmcenter],2021-06-25T14:42:02.405Z
0.6368159,open,2021-06-25T14:38:00Z,256,146,0,402,402,18944[Alte Oper],2021-06-25T14:42:02.405Z
0.12637363,open,2021-06-25T14:38:00Z,46,318,0,364,364,24281[Hauptbahnhof Süd],2021-06-25T14:42:02.405Z
0.5,open,2021-06-25T14:38:00Z,192,192,0,384,384,105479[Baseler Platz],2021-06-25T14:42:02.405Z
0.7391842,open,2021-06-25T14:38:00Z,598,211,0,809,809,24279[Konstabler],2021-06-25T14:42:02.405Z
0.9319249,open,2021-06-25T14:38:00Z,397,29,0,426,426,18497[Hauptwache],2021-06-25T14:42:02.405Z
0.42941177,open,2021-06-25T14:38:00Z,292,388,0,680,680,18495[Am Gericht],2021-06-25T14:42:02.405Z
0.33578432,open,2021-06-25T14:38:00Z,274,542,60,876,816,109240[MyZeil],2021-06-25T14:42:02.405Z
0.20689656,open,2021-06-25T14:38:00Z,126,483,0,609,609,18494[Konrad-Adenauer-Straße],2021-06-25T14:42:02.405Z
0.0014430014,open,2021-06-25T14:38:00Z,1,692,0,693,693,24278[Karstadt],2021-06-25T14:42:02.405Z
0.94400895,open,2021-06-25T14:48:00Z,843,50,0,893,893,24277[Börse],2021-06-25T14:52:00.729Z
0.30666667,open,2021-06-25T14:48:00Z,46,104,200,350,150,24276[Turmcenter],2021-06-25T14:52:00.729Z
0.619403,open,2021-06-25T14:48:00Z,249,153,0,402,402,18944[Alte Oper],2021-06-25T14:52:00.729Z
0.11263736,open,2021-06-25T14:48:00Z,41,323,0,364,364,24281[Hauptbahnhof Süd],2021-06-25T14:52:00.729Z
0.4921875,open,2021-06-25T14:48:00Z,189,195,0,384,384,105479[Baseler Platz],2021-06-25T14:52:00.729Z
0.7354759,open,2021-06-25T14:48:00Z,595,214,0,809,809,24279[Konstabler],2021-06-25T14:52:00.729Z
0.9460094,open,2021-06-25T14:48:00Z,403,23,0,426,426,18497[Hauptwache],2021-06-25T14:52:00.729Z
0.42352942,open,2021-06-25T14:48:00Z,288,392,0,680,680,18495[Am Gericht],2021-06-25T14:52:00.729Z
0.3345588,open,2021-06-25T14:48:00Z,273,543,60,876,816,109240[MyZeil],2021-06-25T14:52:00.729Z
0.21674877,open,2021-06-25T14:48:00Z,132,477,0,609,609,18494[Konrad-Adenauer-Straße],2021-06-25T14:52:00.729Z
0,open,2021-06-25T14:48:00Z,0,693,0,693,693,24278[Karstadt],2021-06-25T14:52:00.729Z
0.94400895,open,2021-06-25T15:03:00Z,843,50,0,893,893,24277[Börse],2021-06-25T15:07:01.951Z
0.26666668,open,2021-06-25T15:03:00Z,40,110,200,350,150,24276[Turmcenter],2021-06-25T15:07:01.951Z
0.5995025,open,2021-06-25T15:03:00Z,241,161,0,402,402,18944[Alte Oper],2021-06-25T15:07:01.951Z
0.10164835,open,2021-06-25T15:03:00Z,37,327,0,364,364,24281[Hauptbahnhof Süd],2021-06-25T15:07:01.951Z
0.4765625,open,2021-06-25T15:03:00Z,183,201,0,384,384,105479[Baseler Platz],2021-06-25T15:07:01.951Z
0.74536467,open,2021-06-25T15:03:00Z,603,206,0,809,809,24279[Konstabler],2021-06-25T15:07:01.951Z
0.9460094,open,2021-06-25T15:03:00Z,403,23,0,426,426,18497[Hauptwache],2021-06-25T15:07:01.951Z
0.43382353,open,2021-06-25T15:03:00Z,295,385,0,680,680,18495[Am Gericht],2021-06-25T15:07:01.951Z
0.34191176,open,2021-06-25T15:03:00Z,279,537,60,876,816,109240[MyZeil],2021-06-25T15:07:01.951Z
0.21839081,open,2021-06-25T15:03:00Z,133,476,0,609,609,18494[Konrad-Adenauer-Straße],2021-06-25T15:07:01.951Z
0,open,2021-06-25T15:03:00Z,0,693,0,693,693,24278[Karstadt],2021-06-25T15:07:01.951Z
0.94400895,open,2021-06-25T15:28:00Z,843,50,0,893,893,24277[Börse],2021-06-25T15:32:00.046Z
0.23333333,open,2021-06-25T15:28:00Z,35,115,200,350,150,24276[Turmcenter],2021-06-25T15:32:00.046Z
0.5472637,open,2021-06-25T15:28:00Z,220,182,0,402,402,18944[Alte Oper],2021-06-25T15:32:00.046Z
0.09615385,open,2021-06-25T15:28:00Z,35,329,0,364,364,24281[Hauptbahnhof Süd],2021-06-25T15:32:00.046Z
0.47135416,open,2021-06-25T15:28:00Z,181,203,0,384,384,105479[Baseler Platz],2021-06-25T15:32:00.046Z
0.7527812,open,2021-06-25T15:28:00Z,609,200,0,809,809,24279[Konstabler],2021-06-25T15:32:00.046Z
0.9389671,open,2021-06-25T15:28:00Z,400,26,0,426,426,18497[Hauptwache],2021-06-25T15:32:00.046Z
0.44411764,open,2021-06-25T15:28:00Z,302,378,0,680,680,18495[Am Gericht],2021-06-25T15:32:00.046Z
0.34313726,open,2021-06-25T15:28:00Z,280,536,60,876,816,109240[MyZeil],2021-06-25T15:32:00.046Z
0.23316912,open,2021-06-25T15:28:00Z,142,467,0,609,609,18494[Konrad-Adenauer-Straße],2021-06-25T15:32:00.046Z
0.0014430014,open,2021-06-25T15:28:00Z,1,692,0,693,693,24278[Karstadt],2021-06-25T15:32:00.046Z
0.94400895,open,2021-06-25T15:49:00Z,843,50,0,893,893,24277[Börse],2021-06-25T15:52:00.976Z
0.19333333,open,2021-06-25T15:49:00Z,29,121,200,350,150,24276[Turmcenter],2021-06-25T15:52:00.976Z
0.52238804,open,2021-06-25T15:49:00Z,210,192,0,402,402,18944[Alte Oper],2021-06-25T15:52:00.976Z
0.07967033,open,2021-06-25T15:49:00Z,29,335,0,364,364,24281[Hauptbahnhof Süd],2021-06-25T15:52:00.976Z
0.4609375,open,2021-06-25T15:49:00Z,177,207,0,384,384,105479[Baseler Platz],2021-06-25T15:52:00.976Z
0.72805935,open,2021-06-25T15:49:00Z,589,220,0,809,809,24279[Konstabler],2021-06-25T15:52:00.976Z
0.9460094,open,2021-06-25T15:49:00Z,403,23,0,426,426,18497[Hauptwache],2021-06-25T15:52:00.976Z
0.44852942,open,2021-06-25T15:49:00Z,305,375,0,680,680,18495[Am Gericht],2021-06-25T15:52:00.976Z
0.3394608,open,2021-06-25T15:49:00Z,277,539,60,876,816,109240[MyZeil],2021-06-25T15:52:00.976Z
0.21018063,open,2021-06-25T15:49:00Z,128,481,0,609,609,18494[Konrad-Adenauer-Straße],2021-06-25T15:52:00.976Z
0,open,2021-06-25T15:49:00Z,0,693,0,693,693,24278[Karstadt],2021-06-25T15:52:00.976Z
0.94400895,open,2021-06-25T16:04:00Z,843,50,0,893,893,24277[Börse],2021-06-25T16:07:01.633Z
0.19333333,open,2021-06-25T16:04:00Z,29,121,200,350,150,24276[Turmcenter],2021-06-25T16:07:01.633Z
0.51741296,open,2021-06-25T16:04:00Z,208,194,0,402,402,18944[Alte Oper],2021-06-25T16:07:01.633Z
0.07967033,open,2021-06-25T16:04:00Z,29,335,0,364,364,24281[Hauptbahnhof Süd],2021-06-25T16:07:01.633Z
0.4765625,open,2021-06-25T16:04:00Z,183,201,0,384,384,105479[Baseler Platz],2021-06-25T16:07:01.633Z
0.74660075,open,2021-06-25T16:04:00Z,604,205,0,809,809,24279[Konstabler],2021-06-25T16:07:01.633Z
0.9530516,open,2021-06-25T16:04:00Z,406,20,0,426,426,18497[Hauptwache],2021-06-25T16:07:01.633Z
0.43382353,open,2021-06-25T16:04:00Z,295,385,0,680,680,18495[Am Gericht],2021-06-25T16:07:01.633Z
0.33700982,open,2021-06-25T16:04:00Z,275,541,60,876,816,109240[MyZeil],2021-06-25T16:07:01.633Z
0.21018063,open,2021-06-25T16:04:00Z,128,481,0,609,609,18494[Konrad-Adenauer-Straße],2021-06-25T16:07:01.633Z
0,open,2021-06-25T16:04:00Z,0,693,0,693,693,24278[Karstadt],2021-06-25T16:07:01.633Z
0.94400895,open,2021-06-25T16:49:00Z,843,50,0,893,893,24277[Börse],2021-06-25T16:52:01.743Z
0.15,open,2021-06-25T16:49:00Z,30,170,150,350,200,24276[Turmcenter],2021-06-25T16:52:01.743Z
0.47761193,open,2021-06-25T16:49:00Z,192,210,0,402,402,18944[Alte Oper],2021-06-25T16:52:01.743Z
0.052197803,open,2021-06-25T16:49:00Z,19,345,0,364,364,24281[Hauptbahnhof Süd],2021-06-25T16:52:01.743Z
0.46354166,open,2021-06-25T16:49:00Z,178,206,0,384,384,105479[Baseler Platz],2021-06-25T16:52:01.743Z
0.74660075,open,2021-06-25T16:49:00Z,604,205,0,809,809,24279[Konstabler],2021-06-25T16:52:01.743Z
0.9507042,open,2021-06-25T16:49:00Z,405,21,0,426,426,18497[Hauptwache],2021-06-25T16:52:01.743Z
0.39411765,open,2021-06-25T16:49:00Z,268,412,0,680,680,18495[Am Gericht],2021-06-25T16:52:01.743Z
0.32107842,open,2021-06-25T16:49:00Z,262,554,60,876,816,109240[MyZeil],2021-06-25T16:52:01.743Z
0.18719211,open,2021-06-25T16:49:00Z,114,495,0,609,609,18494[Konrad-Adenauer-Straße],2021-06-25T16:52:01.743Z
0,open,2021-06-25T16:49:00Z,0,693,0,693,693,24278[Karstadt],2021-06-25T16:52:01.743Z
0.94400895,open,2021-06-25T17:10:00Z,843,50,0,893,893,24277[Börse],2021-06-25T17:12:00.047Z
0.165,open,2021-06-25T17:10:00Z,33,167,150,350,200,24276[Turmcenter],2021-06-25T17:12:00.047Z
0.47761193,open,2021-06-25T17:10:00Z,192,210,0,402,402,18944[Alte Oper],2021-06-25T17:12:00.047Z
0.04945055,open,2021-06-25T17:10:00Z,18,346,0,364,364,24281[Hauptbahnhof Süd],2021-06-25T17:12:00.047Z
0.46614584,open,2021-06-25T17:10:00Z,179,205,0,384,384,105479[Baseler Platz],2021-06-25T17:12:00.047Z
0.71075404,open,2021-06-25T17:10:00Z,575,234,0,809,809,24279[Konstabler],2021-06-25T17:12:00.047Z
0.98122066,open,2021-06-25T17:10:00Z,418,8,0,426,426,18497[Hauptwache],2021-06-25T17:12:00.047Z
0.38088235,open,2021-06-25T17:10:00Z,259,421,0,680,680,18495[Am Gericht],2021-06-25T17:12:00.047Z
0.31740198,open,2021-06-25T17:10:00Z,259,557,60,876,816,109240[MyZeil],2021-06-25T17:12:00.047Z
0.1724138,open,2021-06-25T17:10:00Z,105,504,0,609,609,18494[Konrad-Adenauer-Straße],2021-06-25T17:12:00.047Z
0,open,2021-06-25T17:10:00Z,0,693,0,693,693,24278[Karstadt],2021-06-25T17:12:00.047Z
0.94400895,open,2021-06-25T17:35:00Z,843,50,0,893,893,24277[Börse],2021-06-25T17:37:02.861Z
0.19,open,2021-06-25T17:35:00Z,38,162,150,350,200,24276[Turmcenter],2021-06-25T17:37:02.861Z
0.49751243,open,2021-06-25T17:35:00Z,200,202,0,402,402,18944[Alte Oper],2021-06-25T17:37:02.861Z
0.035714287,open,2021-06-25T17:35:00Z,13,351,0,364,364,24281[Hauptbahnhof Süd],2021-06-25T17:37:02.861Z
0.45833334,open,2021-06-25T17:35:00Z,176,208,0,384,384,105479[Baseler Platz],2021-06-25T17:37:02.861Z
0.645241,open,2021-06-25T17:35:00Z,522,287,0,809,809,24279[Konstabler],2021-06-25T17:37:02.861Z
0.97417843,open,2021-06-25T17:35:00Z,415,11,0,426,426,18497[Hauptwache],2021-06-25T17:37:02.861Z
0.3735294,open,2021-06-25T17:35:00Z,254,426,0,680,680,18495[Am Gericht],2021-06-25T17:37:02.861Z
0.30759802,open,2021-06-25T17:35:00Z,251,565,60,876,816,109240[MyZeil],2021-06-25T17:37:02.861Z
0.18062398,open,2021-06-25T17:35:00Z,110,499,0,609,609,18494[Konrad-Adenauer-Straße],2021-06-25T17:37:02.861Z
0,closed,2021-06-25T17:35:00Z,,693,0,0,0,24278[Karstadt],2021-06-25T17:37:02.861Z
0.94400895,open,2021-06-25T17:45:00Z,843,50,0,893,893,24277[Börse],2021-06-25T17:47:00.837Z
0.205,open,2021-06-25T17:45:00Z,41,159,150,350,200,24276[Turmcenter],2021-06-25T17:47:00.837Z
0.5,open,2021-06-25T17:45:00Z,201,201,0,402,402,18944[Alte Oper],2021-06-25T17:47:00.837Z
0.03846154,open,2021-06-25T17:45:00Z,14,350,0,364,364,24281[Hauptbahnhof Süd],2021-06-25T17:47:00.837Z
0.4609375,open,2021-06-25T17:45:00Z,177,207,0,384,384,105479[Baseler Platz],2021-06-25T17:47:00.837Z
0.6291718,open,2021-06-25T17:45:00Z,509,300,0,809,809,24279[Konstabler],2021-06-25T17:47:00.837Z
0.96478873,open,2021-06-25T17:45:00Z,411,15,0,426,426,18497[Hauptwache],2021-06-25T17:47:00.837Z
0.37058824,open,2021-06-25T17:45:00Z,252,428,0,680,680,18495[Am Gericht],2021-06-25T17:47:00.837Z
0.29411766,open,2021-06-25T17:45:00Z,240,576,60,876,816,109240[MyZeil],2021-06-25T17:47:00.837Z
0.18390805,open,2021-06-25T17:45:00Z,112,497,0,609,609,18494[Konrad-Adenauer-Straße],2021-06-25T17:47:00.837Z
0,closed,2021-06-25T17:45:00Z,,693,0,0,0,24278[Karstadt],2021-06-25T17:47:00.837Z
0.94400895,open,2021-06-25T17:56:00Z,843,50,0,893,893,24277[Börse],2021-06-25T17:57:02.610Z
0.22,open,2021-06-25T17:56:00Z,44,156,150,350,200,24276[Turmcenter],2021-06-25T17:57:02.610Z
0.48507464,open,2021-06-25T17:56:00Z,195,207,0,402,402,18944[Alte Oper],2021-06-25T17:57:02.610Z
0.03846154,open,2021-06-25T17:56:00Z,14,350,0,364,364,24281[Hauptbahnhof Süd],2021-06-25T17:57:02.610Z
0.46354166,open,2021-06-25T17:56:00Z,178,206,0,384,384,105479[Baseler Platz],2021-06-25T17:57:02.610Z
0.60321385,open,2021-06-25T17:56:00Z,488,321,0,809,809,24279[Konstabler],2021-06-25T17:57:02.610Z
0.9319249,open,2021-06-25T17:56:00Z,397,29,0,426,426,18497[Hauptwache],2021-06-25T17:57:02.610Z
0.3602941,open,2021-06-25T17:56:00Z,245,435,0,680,680,18495[Am Gericht],2021-06-25T17:57:02.610Z
0.28063726,open,2021-06-25T17:56:00Z,229,587,60,876,816,109240[MyZeil],2021-06-25T17:57:02.610Z
0.18226601,open,2021-06-25T17:56:00Z,111,498,0,609,609,18494[Konrad-Adenauer-Straße],2021-06-25T17:57:02.610Z
0,closed,2021-06-25T17:56:00Z,,693,0,0,0,24278[Karstadt],2021-06-25T17:57:02.610Z
0.94400895,open,2021-06-25T18:26:00Z,843,50,0,893,893,24277[Börse],2021-06-25T18:27:01.994Z
0.21,open,2021-06-25T18:26:00Z,42,158,150,350,200,24276[Turmcenter],2021-06-25T18:27:01.994Z
0.51492536,open,2021-06-25T18:26:00Z,207,195,0,402,402,18944[Alte Oper],2021-06-25T18:27:01.994Z
0.032967035,open,2021-06-25T18:26:00Z,12,352,0,364,364,24281[Hauptbahnhof Süd],2021-06-25T18:27:01.994Z
0.4609375,open,2021-06-25T18:26:00Z,177,207,0,384,384,105479[Baseler Platz],2021-06-25T18:27:01.994Z
0.5426452,open,2021-06-25T18:26:00Z,439,370,0,809,809,24279[Konstabler],2021-06-25T18:27:01.994Z
0.86150235,open,2021-06-25T18:26:00Z,367,59,0,426,426,18497[Hauptwache],2021-06-25T18:27:01.994Z
0.35441175,open,2021-06-25T18:26:00Z,241,439,0,680,680,18495[Am Gericht],2021-06-25T18:27:01.994Z
0.25367647,open,2021-06-25T18:26:00Z,207,609,60,876,816,109240[MyZeil],2021-06-25T18:27:01.994Z
0.16912971,open,2021-06-25T18:26:00Z,103,506,0,609,609,18494[Konrad-Adenauer-Straße],2021-06-25T18:27:01.994Z
0,closed,2021-06-25T18:26:00Z,,693,0,0,0,24278[Karstadt],2021-06-25T18:27:01.994Z
0.94400895,open,2021-06-25T18:46:00Z,843,50,0,893,893,24277[Börse],2021-06-25T18:47:02.427Z
0.21,open,2021-06-25T18:46:00Z,42,158,150,350,200,24276[Turmcenter],2021-06-25T18:47:02.427Z
0.51741296,open,2021-06-25T18:46:00Z,208,194,0,402,402,18944[Alte Oper],2021-06-25T18:47:02.427Z
0.035714287,open,2021-06-25T18:46:00Z,13,351,0,364,364,24281[Hauptbahnhof Süd],2021-06-25T18:47:02.427Z
0.46614584,open,2021-06-25T18:46:00Z,179,205,0,384,384,105479[Baseler Platz],2021-06-25T18:47:02.427Z
0.5203956,open,2021-06-25T18:46:00Z,421,388,0,809,809,24279[Konstabler],2021-06-25T18:47:02.427Z
0.86150235,open,2021-06-25T18:46:00Z,367,59,0,426,426,18497[Hauptwache],2021-06-25T18:47:02.427Z
0.3485294,open,2021-06-25T18:46:00Z,237,443,0,680,680,18495[Am Gericht],2021-06-25T18:47:02.427Z
0.2512255,open,2021-06-25T18:46:00Z,205,611,60,876,816,109240[MyZeil],2021-06-25T18:47:02.427Z
0.1592775,open,2021-06-25T18:46:00Z,97,512,0,609,609,18494[Konrad-Adenauer-Straße],2021-06-25T18:47:02.427Z
0,closed,2021-06-25T18:46:00Z,,693,0,0,0,24278[Karstadt],2021-06-25T18:47:02.427Z
0.94400895,open,2021-06-25T19:12:00Z,843,50,0,893,893,24277[Börse],2021-06-25T19:17:01.587Z
0.17,open,2021-06-25T19:12:00Z,34,166,150,350,200,24276[Turmcenter],2021-06-25T19:17:01.587Z
0.5099502,open,2021-06-25T19:12:00Z,205,197,0,402,402,18944[Alte Oper],2021-06-25T19:17:01.587Z
0.03846154,open,2021-06-25T19:12:00Z,14,350,0,364,364,24281[Hauptbahnhof Süd],2021-06-25T19:17:01.587Z
0.46354166,open,2021-06-25T19:12:00Z,178,206,0,384,384,105479[Baseler Platz],2021-06-25T19:17:01.587Z
0.5092707,open,2021-06-25T19:12:00Z,412,397,0,809,809,24279[Konstabler],2021-06-25T19:17:01.587Z
0.8544601,open,2021-06-25T19:12:00Z,364,62,0,426,426,18497[Hauptwache],2021-06-25T19:17:01.587Z
0.34264705,open,2021-06-25T19:12:00Z,233,447,0,680,680,18495[Am Gericht],2021-06-25T19:17:01.587Z
0.24877451,open,2021-06-25T19:12:00Z,203,613,60,876,816,109240[MyZeil],2021-06-25T19:17:01.587Z
0.15106732,open,2021-06-25T19:12:00Z,92,517,0,609,609,18494[Konrad-Adenauer-Straße],2021-06-25T19:17:01.587Z
0,closed,2021-06-25T19:12:00Z,,693,0,0,0,24278[Karstadt],2021-06-25T19:17:01.587Z
0.94400895,open,2021-06-25T19:17:00Z,843,50,0,893,893,24277[Börse],2021-06-25T19:22:02.472Z
0.18,open,2021-06-25T19:17:00Z,36,164,150,350,200,24276[Turmcenter],2021-06-25T19:22:02.472Z
0.50248754,open,2021-06-25T19:17:00Z,202,200,0,402,402,18944[Alte Oper],2021-06-25T19:22:02.472Z
0.03846154,open,2021-06-25T19:17:00Z,14,350,0,364,364,24281[Hauptbahnhof Süd],2021-06-25T19:22:02.472Z
0.4609375,open,2021-06-25T19:17:00Z,177,207,0,384,384,105479[Baseler Platz],2021-06-25T19:22:02.472Z
0.5105068,open,2021-06-25T19:17:00Z,413,396,0,809,809,24279[Konstabler],2021-06-25T19:22:02.472Z
0.8356807,open,2021-06-25T19:17:00Z,356,70,0,426,426,18497[Hauptwache],2021-06-25T19:22:02.472Z
0.34558824,open,2021-06-25T19:17:00Z,235,445,0,680,680,18495[Am Gericht],2021-06-25T19:22:02.472Z
0.24264705,open,2021-06-25T19:17:00Z,198,618,60,876,816,109240[MyZeil],2021-06-25T19:22:02.472Z
0.14942528,open,2021-06-25T19:17:00Z,91,518,0,609,609,18494[Konrad-Adenauer-Straße],2021-06-25T19:22:02.472Z
0,closed,2021-06-25T19:17:00Z,,693,0,0,0,24278[Karstadt],2021-06-25T19:22:02.472Z
0.94400895,open,2021-06-25T19:33:00Z,843,50,0,893,893,24277[Börse],2021-06-25T19:37:00.583Z
0.165,open,2021-06-25T19:33:00Z,33,167,150,350,200,24276[Turmcenter],2021-06-25T19:37:00.583Z
0.5124378,open,2021-06-25T19:33:00Z,206,196,0,402,402,18944[Alte Oper],2021-06-25T19:37:00.583Z
0.03846154,open,2021-06-25T19:33:00Z,14,350,0,364,364,24281[Hauptbahnhof Süd],2021-06-25T19:37:00.583Z
0.46875,open,2021-06-25T19:33:00Z,180,204,0,384,384,105479[Baseler Platz],2021-06-25T19:37:00.583Z
0.49938196,open,2021-06-25T19:33:00Z,404,405,0,809,809,24279[Konstabler],2021-06-25T19:37:00.583Z
0.8286385,open,2021-06-25T19:33:00Z,353,73,0,426,426,18497[Hauptwache],2021-06-25T19:37:00.583Z
0.35,open,2021-06-25T19:33:00Z,238,442,0,680,680,18495[Am Gericht],2021-06-25T19:37:00.583Z
0.2389706,open,2021-06-25T19:33:00Z,195,621,60,876,816,109240[MyZeil],2021-06-25T19:37:00.583Z
0.1412151,open,2021-06-25T19:33:00Z,86,523,0,609,609,18494[Konrad-Adenauer-Straße],2021-06-25T19:37:00.583Z
0,closed,2021-06-25T19:33:00Z,,693,0,0,0,24278[Karstadt],2021-06-25T19:37:00.583Z
0.94400895,open,2021-06-25T19:44:00Z,843,50,0,893,893,24277[Börse],2021-06-25T19:47:00.105Z
0.14,open,2021-06-25T19:44:00Z,28,172,150,350,200,24276[Turmcenter],2021-06-25T19:47:00.105Z
0.49004975,open,2021-06-25T19:44:00Z,197,205,0,402,402,18944[Alte Oper],2021-06-25T19:47:00.105Z
0.03846154,open,2021-06-25T19:44:00Z,14,350,0,364,364,24281[Hauptbahnhof Süd],2021-06-25T19:47:00.105Z
0.47135416,open,2021-06-25T19:44:00Z,181,203,0,384,384,105479[Baseler Platz],2021-06-25T19:47:00.105Z
0.487021,open,2021-06-25T19:44:00Z,394,415,0,809,809,24279[Konstabler],2021-06-25T19:47:00.105Z
0.842723,open,2021-06-25T19:44:00Z,359,67,0,426,426,18497[Hauptwache],2021-06-25T19:47:00.105Z
0.34558824,open,2021-06-25T19:44:00Z,235,445,0,680,680,18495[Am Gericht],2021-06-25T19:47:00.105Z
0.2389706,open,2021-06-25T19:44:00Z,195,621,60,876,816,109240[MyZeil],2021-06-25T19:47:00.105Z
0.13300492,open,2021-06-25T19:44:00Z,81,528,0,609,609,18494[Konrad-Adenauer-Straße],2021-06-25T19:47:00.105Z
0,closed,2021-06-25T19:44:00Z,,693,0,0,0,24278[Karstadt],2021-06-25T19:47:00.105Z
0.94400895,open,2021-06-25T19:54:00Z,843,50,0,893,893,24277[Börse],2021-06-25T19:57:01.682Z
0.125,open,2021-06-25T19:54:00Z,25,175,150,350,200,24276[Turmcenter],2021-06-25T19:57:01.682Z
0.47761193,open,2021-06-25T19:54:00Z,192,210,0,402,402,18944[Alte Oper],2021-06-25T19:57:01.682Z
0.041208792,open,2021-06-25T19:54:00Z,15,349,0,364,364,24281[Hauptbahnhof Süd],2021-06-25T19:57:01.682Z
0.47395834,open,2021-06-25T19:54:00Z,182,202,0,384,384,105479[Baseler Platz],2021-06-25T19:57:01.682Z
0.47713226,open,2021-06-25T19:54:00Z,386,423,0,809,809,24279[Konstabler],2021-06-25T19:57:01.682Z
0.8450704,open,2021-06-25T19:54:00Z,360,66,0,426,426,18497[Hauptwache],2021-06-25T19:57:01.682Z
0.33529413,open,2021-06-25T19:54:00Z,228,452,0,680,680,18495[Am Gericht],2021-06-25T19:57:01.682Z
0.2365196,open,2021-06-25T19:54:00Z,193,623,60,876,816,109240[MyZeil],2021-06-25T19:57:01.682Z
0.136289,open,2021-06-25T19:54:00Z,83,526,0,609,609,18494[Konrad-Adenauer-Straße],2021-06-25T19:57:01.682Z
0,closed,2021-06-25T19:54:00Z,,693,0,0,0,24278[Karstadt],2021-06-25T19:57:01.682Z
0.94400895,open,2021-06-25T20:09:00Z,843,50,0,893,893,24277[Börse],2021-06-25T20:12:00.321Z
0.115,open,2021-06-25T20:09:00Z,23,177,150,350,200,24276[Turmcenter],2021-06-25T20:12:00.321Z
0.46517414,open,2021-06-25T20:09:00Z,187,215,0,402,402,18944[Alte Oper],2021-06-25T20:12:00.321Z
0.041208792,open,2021-06-25T20:09:00Z,15,349,0,364,364,24281[Hauptbahnhof Süd],2021-06-25T20:12:00.321Z
0.47395834,open,2021-06-25T20:09:00Z,182,202,0,384,384,105479[Baseler Platz],2021-06-25T20:12:00.321Z
0.46106303,open,2021-06-25T20:09:00Z,373,436,0,809,809,24279[Konstabler],2021-06-25T20:12:00.321Z
0.8380282,open,2021-06-25T20:09:00Z,357,69,0,426,426,18497[Hauptwache],2021-06-25T20:12:00.321Z
0.325,open,2021-06-25T20:09:00Z,221,459,0,680,680,18495[Am Gericht],2021-06-25T20:12:00.321Z
0.23284313,open,2021-06-25T20:09:00Z,190,626,60,876,816,109240[MyZeil],2021-06-25T20:12:00.321Z
0.136289,open,2021-06-25T20:09:00Z,83,526,0,609,609,18494[Konrad-Adenauer-Straße],2021-06-25T20:12:00.321Z
0,closed,2021-06-25T20:09:00Z,,693,0,0,0,24278[Karstadt],2021-06-25T20:12:00.321Z
0.94400895,open,2021-06-25T20:24:00Z,843,50,0,893,893,24277[Börse],2021-06-25T20:27:00.022Z
0.055,open,2021-06-25T20:24:00Z,11,189,150,350,200,24276[Turmcenter],2021-06-25T20:27:00.022Z
0.47014925,open,2021-06-25T20:24:00Z,189,213,0,402,402,18944[Alte Oper],2021-06-25T20:27:00.022Z
0.043956045,open,2021-06-25T20:24:00Z,16,348,0,364,364,24281[Hauptbahnhof Süd],2021-06-25T20:27:00.022Z
0.46875,open,2021-06-25T20:24:00Z,180,204,0,384,384,105479[Baseler Platz],2021-06-25T20:27:00.022Z
0.4437577,open,2021-06-25T20:24:00Z,359,450,0,809,809,24279[Konstabler],2021-06-25T20:27:00.022Z
0.81924886,open,2021-06-25T20:24:00Z,349,77,0,426,426,18497[Hauptwache],2021-06-25T20:27:00.022Z
0.32058823,open,2021-06-25T20:24:00Z,218,462,0,680,680,18495[Am Gericht],2021-06-25T20:27:00.022Z
0.2254902,open,2021-06-25T20:24:00Z,184,632,60,876,816,109240[MyZeil],2021-06-25T20:27:00.022Z
0.13136289,open,2021-06-25T20:24:00Z,80,529,0,609,609,18494[Konrad-Adenauer-Straße],2021-06-25T20:27:00.022Z
0,closed,2021-06-25T20:24:00Z,,693,0,0,0,24278[Karstadt],2021-06-25T20:27:00.022Z
0.94400895,open,2021-06-25T20:40:00Z,843,50,0,893,893,24277[Börse],2021-06-25T20:42:01.393Z
0.035,open,2021-06-25T20:40:00Z,7,193,150,350,200,24276[Turmcenter],2021-06-25T20:42:01.393Z
0.46268657,open,2021-06-25T20:40:00Z,186,216,0,402,402,18944[Alte Oper],2021-06-25T20:42:01.393Z
0.043956045,open,2021-06-25T20:40:00Z,16,348,0,364,364,24281[Hauptbahnhof Süd],2021-06-25T20:42:01.393Z
0.47135416,open,2021-06-25T20:40:00Z,181,203,0,384,384,105479[Baseler Platz],2021-06-25T20:42:01.393Z
0.43757725,open,2021-06-25T20:40:00Z,354,455,0,809,809,24279[Konstabler],2021-06-25T20:42:01.393Z
0.7934272,open,2021-06-25T20:40:00Z,338,88,0,426,426,18497[Hauptwache],2021-06-25T20:42:01.393Z
0.31617647,open,2021-06-25T20:40:00Z,215,465,0,680,680,18495[Am Gericht],2021-06-25T20:42:01.393Z
0.2254902,open,2021-06-25T20:40:00Z,184,632,60,876,816,109240[MyZeil],2021-06-25T20:42:01.393Z
0.12807882,open,2021-06-25T20:40:00Z,78,531,0,609,609,18494[Konrad-Adenauer-Straße],2021-06-25T20:42:01.393Z
0,closed,2021-06-25T20:40:00Z,,693,0,0,0,24278[Karstadt],2021-06-25T20:42:01.393Z
0.94400895,open,2021-06-25T20:50:00Z,843,50,0,893,893,24277[Börse],2021-06-25T20:52:00.503Z
0.02,open,2021-06-25T20:50:00Z,4,196,150,350,200,24276[Turmcenter],2021-06-25T20:52:00.503Z
0.45771143,open,2021-06-25T20:50:00Z,184,218,0,402,402,18944[Alte Oper],2021-06-25T20:52:00.503Z
0.041208792,open,2021-06-25T20:50:00Z,15,349,0,364,364,24281[Hauptbahnhof Süd],2021-06-25T20:52:00.503Z
0.46875,open,2021-06-25T20:50:00Z,180,204,0,384,384,105479[Baseler Platz],2021-06-25T20:52:00.503Z
0.42521632,open,2021-06-25T20:50:00Z,344,465,0,809,809,24279[Konstabler],2021-06-25T20:52:00.503Z
0.8028169,open,2021-06-25T20:50:00Z,342,84,0,426,426,18497[Hauptwache],2021-06-25T20:52:00.503Z
0.30735293,open,2021-06-25T20:50:00Z,209,471,0,680,680,18495[Am Gericht],2021-06-25T20:52:00.503Z
0.22303921,open,2021-06-25T20:50:00Z,182,634,60,876,816,109240[MyZeil],2021-06-25T20:52:00.503Z
0.13300492,open,2021-06-25T20:50:00Z,81,528,0,609,609,18494[Konrad-Adenauer-Straße],2021-06-25T20:52:00.503Z
0,closed,2021-06-25T20:50:00Z,,693,0,0,0,24278[Karstadt],2021-06-25T20:52:00.503Z
0.94400895,open,2021-06-25T21:01:00Z,843,50,0,893,893,24277[Börse],2021-06-25T21:02:00.373Z
0.025,open,2021-06-25T21:01:00Z,5,195,150,350,200,24276[Turmcenter],2021-06-25T21:02:00.373Z
0.45024875,open,2021-06-25T21:01:00Z,181,221,0,402,402,18944[Alte Oper],2021-06-25T21:02:00.373Z
0.041208792,open,2021-06-25T21:01:00Z,15,349,0,364,364,24281[Hauptbahnhof Süd],2021-06-25T21:02:00.373Z
0.46875,open,2021-06-25T21:01:00Z,180,204,0,384,384,105479[Baseler Platz],2021-06-25T21:02:00.373Z
0.41409147,open,2021-06-25T21:01:00Z,335,474,0,809,809,24279[Konstabler],2021-06-25T21:02:00.373Z
0.80985916,open,2021-06-25T21:01:00Z,345,81,0,426,426,18497[Hauptwache],2021-06-25T21:02:00.373Z
0.30147058,open,2021-06-25T21:01:00Z,205,475,0,680,680,18495[Am Gericht],2021-06-25T21:02:00.373Z
0.22181372,open,2021-06-25T21:01:00Z,181,635,60,876,816,109240[MyZeil],2021-06-25T21:02:00.373Z
0.12315271,open,2021-06-25T21:01:00Z,75,534,0,609,609,18494[Konrad-Adenauer-Straße],2021-06-25T21:02:00.373Z
0,closed,2021-06-25T21:01:00Z,,693,0,0,0,24278[Karstadt],2021-06-25T21:02:00.373Z
0.94400895,open,2021-06-25T21:21:00Z,843,50,0,893,893,24277[Börse],2021-06-25T21:22:02.971Z
0.01,open,2021-06-25T21:21:00Z,2,198,150,350,200,24276[Turmcenter],2021-06-25T21:22:02.971Z
0.42288557,open,2021-06-25T21:21:00Z,170,232,0,402,402,18944[Alte Oper],2021-06-25T21:22:02.971Z
0.03846154,open,2021-06-25T21:21:00Z,14,350,0,364,364,24281[Hauptbahnhof Süd],2021-06-25T21:22:02.971Z
0.46614584,open,2021-06-25T21:21:00Z,179,205,0,384,384,105479[Baseler Platz],2021-06-25T21:22:02.971Z
0.41409147,open,2021-06-25T21:21:00Z,335,474,0,809,809,24279[Konstabler],2021-06-25T21:22:02.971Z
0.7887324,open,2021-06-25T21:21:00Z,336,90,0,426,426,18497[Hauptwache],2021-06-25T21:22:02.971Z
0.30294117,open,2021-06-25T21:21:00Z,206,474,0,680,680,18495[Am Gericht],2021-06-25T21:22:02.971Z
0.11494253,open,2021-06-25T21:21:00Z,70,539,0,609,609,18494[Konrad-Adenauer-Straße],2021-06-25T21:22:02.971Z
0,closed,2021-06-25T21:21:00Z,,693,0,0,0,24278[Karstadt],2021-06-25T21:22:02.971Z
0.94400895,open,2021-06-25T21:32:00Z,843,50,0,893,893,24277[Börse],2021-06-25T21:37:02.516Z
0,open,2021-06-25T21:32:00Z,0,200,150,350,200,24276[Turmcenter],2021-06-25T21:37:02.516Z
0.420398,open,2021-06-25T21:32:00Z,169,233,0,402,402,18944[Alte Oper],2021-06-25T21:37:02.516Z
0.03846154,open,2021-06-25T21:32:00Z,14,350,0,364,364,24281[Hauptbahnhof Süd],2021-06-25T21:37:02.516Z
0.46354166,open,2021-06-25T21:32:00Z,178,206,0,384,384,105479[Baseler Platz],2021-06-25T21:37:02.516Z
0.40914708,open,2021-06-25T21:32:00Z,331,478,0,809,809,24279[Konstabler],2021-06-25T21:37:02.516Z
0.7723005,open,2021-06-25T21:32:00Z,329,97,0,426,426,18497[Hauptwache],2021-06-25T21:37:02.516Z
0.30294117,open,2021-06-25T21:32:00Z,206,474,0,680,680,18495[Am Gericht],2021-06-25T21:37:02.516Z
0.21568628,open,2021-06-25T21:32:00Z,176,640,60,876,816,109240[MyZeil],2021-06-25T21:37:02.516Z
0.10509031,open,2021-06-25T21:32:00Z,64,545,0,609,609,18494[Konrad-Adenauer-Straße],2021-06-25T21:37:02.516Z
0,closed,2021-06-25T21:32:00Z,,693,0,0,0,24278[Karstadt],2021-06-25T21:37:02.516Z
0.94400895,open,2021-06-25T21:42:00Z,843,50,0,893,893,24277[Börse],2021-06-25T21:47:01.024Z
0.005,open,2021-06-25T21:42:00Z,1,199,150,350,200,24276[Turmcenter],2021-06-25T21:47:01.024Z
0.4079602,open,2021-06-25T21:42:00Z,164,238,0,402,402,18944[Alte Oper],2021-06-25T21:47:01.024Z
0.03846154,open,2021-06-25T21:42:00Z,14,350,0,364,364,24281[Hauptbahnhof Süd],2021-06-25T21:47:01.024Z
0.46354166,open,2021-06-25T21:42:00Z,178,206,0,384,384,105479[Baseler Platz],2021-06-25T21:47:01.024Z
0.40173054,open,2021-06-25T21:42:00Z,325,484,0,809,809,24279[Konstabler],2021-06-25T21:47:01.024Z
0.7629108,open,2021-06-25T21:42:00Z,325,101,0,426,426,18497[Hauptwache],2021-06-25T21:47:01.024Z
0.29852942,open,2021-06-25T21:42:00Z,203,477,0,680,680,18495[Am Gericht],2021-06-25T21:47:01.024Z
0.21446079,open,2021-06-25T21:42:00Z,175,641,60,876,816,109240[MyZeil],2021-06-25T21:47:01.024Z
0.10344828,open,2021-06-25T21:42:00Z,63,546,0,609,609,18494[Konrad-Adenauer-Straße],2021-06-25T21:47:01.024Z
0,closed,2021-06-25T21:42:00Z,,693,0,0,0,24278[Karstadt],2021-06-25T21:47:01.024Z
0.94400895,open,2021-06-25T21:58:00Z,843,50,0,893,893,24277[Börse],2021-06-25T22:02:01.672Z
0.005,open,2021-06-25T21:58:00Z,1,199,150,350,200,24276[Turmcenter],2021-06-25T22:02:01.672Z
0.3955224,open,2021-06-25T21:58:00Z,159,243,0,402,402,18944[Alte Oper],2021-06-25T22:02:01.672Z
0.03846154,open,2021-06-25T21:58:00Z,14,350,0,364,364,24281[Hauptbahnhof Süd],2021-06-25T22:02:01.672Z
0.46354166,open,2021-06-25T21:58:00Z,178,206,0,384,384,105479[Baseler Platz],2021-06-25T22:02:01.672Z
0.3893696,open,2021-06-25T21:58:00Z,315,494,0,809,809,24279[Konstabler],2021-06-25T22:02:01.672Z
0.75117373,open,2021-06-25T21:58:00Z,320,106,0,426,426,18497[Hauptwache],2021-06-25T22:02:01.672Z
0.29264706,open,2021-06-25T21:58:00Z,199,481,0,680,680,18495[Am Gericht],2021-06-25T22:02:01.672Z
0.2120098,open,2021-06-25T21:58:00Z,173,643,60,876,816,109240[MyZeil],2021-06-25T22:02:01.672Z
0.08866995,open,2021-06-25T21:58:00Z,54,555,0,609,609,18494[Konrad-Adenauer-Straße],2021-06-25T22:02:01.672Z
0,closed,2021-06-25T21:58:00Z,,693,0,0,0,24278[Karstadt],2021-06-25T22:02:01.672Z
0.94400895,open,2021-06-25T22:13:00Z,843,50,0,893,893,24277[Börse],2021-06-25T22:17:01.113Z
0.005,open,2021-06-25T22:13:00Z,1,199,150,350,200,24276[Turmcenter],2021-06-25T22:17:01.113Z
0.38059703,open,2021-06-25T22:13:00Z,153,249,0,402,402,18944[Alte Oper],2021-06-25T22:17:01.113Z
0.035714287,open,2021-06-25T22:13:00Z,13,351,0,364,364,24281[Hauptbahnhof Süd],2021-06-25T22:17:01.113Z
0.46354166,open,2021-06-25T22:13:00Z,178,206,0,384,384,105479[Baseler Platz],2021-06-25T22:17:01.113Z
0.3831891,open,2021-06-25T22:13:00Z,310,499,0,809,809,24279[Konstabler],2021-06-25T22:17:01.113Z
0.71596247,open,2021-06-25T22:13:00Z,305,121,0,426,426,18497[Hauptwache],2021-06-25T22:17:01.113Z
0,closed,2021-06-25T22:13:00Z,,481,0,0,0,18495[Am Gericht],2021-06-25T22:17:01.113Z
0.20710784,open,2021-06-25T22:13:00Z,169,647,60,876,816,109240[MyZeil],2021-06-25T22:17:01.113Z
0.08374384,open,2021-06-25T22:13:00Z,51,558,0,609,609,18494[Konrad-Adenauer-Straße],2021-06-25T22:17:01.113Z
0,closed,2021-06-25T22:13:00Z,,693,0,0,0,24278[Karstadt],2021-06-25T22:17:01.113Z
0.94400895,open,2021-06-25T22:29:00Z,843,50,0,893,893,24277[Börse],2021-06-25T22:32:00.634Z
0,open,2021-06-25T22:29:00Z,0,200,150,350,200,24276[Turmcenter],2021-06-25T22:32:00.634Z
0.37562189,open,2021-06-25T22:29:00Z,151,251,0,402,402,18944[Alte Oper],2021-06-25T22:32:00.634Z
0.035714287,open,2021-06-25T22:29:00Z,13,351,0,364,364,24281[Hauptbahnhof Süd],2021-06-25T22:32:00.634Z
0.4609375,open,2021-06-25T22:29:00Z,177,207,0,384,384,105479[Baseler Platz],2021-06-25T22:32:00.634Z
0.37577257,open,2021-06-25T22:29:00Z,304,505,0,809,809,24279[Konstabler],2021-06-25T22:32:00.634Z
0.685446,open,2021-06-25T22:29:00Z,292,134,0,426,426,18497[Hauptwache],2021-06-25T22:32:00.634Z
0,closed,2021-06-25T22:29:00Z,,481,0,0,0,18495[Am Gericht],2021-06-25T22:32:00.634Z
0.20710784,open,2021-06-25T22:29:00Z,169,647,60,876,816,109240[MyZeil],2021-06-25T22:32:00.634Z
0.0771757,open,2021-06-25T22:29:00Z,47,562,0,609,609,18494[Konrad-Adenauer-Straße],2021-06-25T22:32:00.634Z
0,closed,2021-06-25T22:29:00Z,,693,0,0,0,24278[Karstadt],2021-06-25T22:32:00.634Z
0.94400895,open,2021-06-25T22:39:00Z,843,50,0,893,893,24277[Börse],2021-06-25T22:42:02.733Z
0,open,2021-06-25T22:39:00Z,0,200,150,350,200,24276[Turmcenter],2021-06-25T22:42:02.733Z
0.36069652,open,2021-06-25T22:39:00Z,145,257,0,402,402,18944[Alte Oper],2021-06-25T22:42:02.733Z
0.035714287,open,2021-06-25T22:39:00Z,13,351,0,364,364,24281[Hauptbahnhof Süd],2021-06-25T22:42:02.733Z
0.45833334,open,2021-06-25T22:39:00Z,176,208,0,384,384,105479[Baseler Platz],2021-06-25T22:42:02.733Z
0.3695921,open,2021-06-25T22:39:00Z,299,510,0,809,809,24279[Konstabler],2021-06-25T22:42:02.733Z
0.68075114,open,2021-06-25T22:39:00Z,290,136,0,426,426,18497[Hauptwache],2021-06-25T22:42:02.733Z
0,closed,2021-06-25T22:39:00Z,,481,0,0,0,18495[Am Gericht],2021-06-25T22:42:02.733Z
0.20588236,open,2021-06-25T22:39:00Z,168,648,60,876,816,109240[MyZeil],2021-06-25T22:42:02.733Z
0.073891625,open,2021-06-25T22:39:00Z,45,564,0,609,609,18494[Konrad-Adenauer-Straße],2021-06-25T22:42:02.733Z
0,closed,2021-06-25T22:39:00Z,,693,0,0,0,24278[Karstadt],2021-06-25T22:42:02.733Z
0.94400895,open,2021-06-25T22:54:00Z,843,50,0,893,893,24277[Börse],2021-06-25T22:57:02.536Z
0,open,2021-06-25T22:54:00Z,0,200,150,350,200,24276[Turmcenter],2021-06-25T22:57:02.536Z
0.35074627,open,2021-06-25T22:54:00Z,141,261,0,402,402,18944[Alte Oper],2021-06-25T22:57:02.536Z
0.035714287,open,2021-06-25T22:54:00Z,13,351,0,364,364,24281[Hauptbahnhof Süd],2021-06-25T22:57:02.536Z
0.4609375,open,2021-06-25T22:54:00Z,177,207,0,384,384,105479[Baseler Platz],2021-06-25T22:57:02.536Z
0.36217552,open,2021-06-25T22:54:00Z,293,516,0,809,809,24279[Konstabler],2021-06-25T22:57:02.536Z
0.6690141,open,2021-06-25T22:54:00Z,285,141,0,426,426,18497[Hauptwache],2021-06-25T22:57:02.536Z
0,closed,2021-06-25T22:54:00Z,,481,0,0,0,18495[Am Gericht],2021-06-25T22:57:02.536Z
0.20588236,open,2021-06-25T22:54:00Z,168,648,60,876,816,109240[MyZeil],2021-06-25T22:57:02.536Z
0.060755335,open,2021-06-25T22:54:00Z,37,572,0,609,609,18494[Konrad-Adenauer-Straße],2021-06-25T22:57:02.536Z
0,closed,2021-06-25T22:54:00Z,,693,0,0,0,24278[Karstadt],2021-06-25T22:57:02.536Z
0.94400895,open,2021-06-25T23:04:00Z,843,50,0,893,893,24277[Börse],2021-06-25T23:07:01.663Z
0,open,2021-06-25T23:04:00Z,0,200,150,350,200,24276[Turmcenter],2021-06-25T23:07:01.663Z
0.3482587,open,2021-06-25T23:04:00Z,140,262,0,402,402,18944[Alte Oper],2021-06-25T23:07:01.663Z
0.035714287,open,2021-06-25T23:04:00Z,13,351,0,364,364,24281[Hauptbahnhof Süd],2021-06-25T23:07:01.663Z
0.4609375,open,2021-06-25T23:04:00Z,177,207,0,384,384,105479[Baseler Platz],2021-06-25T23:07:01.663Z
0.35846725,open,2021-06-25T23:04:00Z,290,519,0,809,809,24279[Konstabler],2021-06-25T23:07:01.663Z
0.6549296,open,2021-06-25T23:04:00Z,279,147,0,426,426,18497[Hauptwache],2021-06-25T23:07:01.663Z
0,closed,2021-06-25T23:04:00Z,,481,0,0,0,18495[Am Gericht],2021-06-25T23:07:01.663Z
0.20465687,open,2021-06-25T23:04:00Z,167,649,60,876,816,109240[MyZeil],2021-06-25T23:07:01.663Z
0.0591133,open,2021-06-25T23:04:00Z,36,573,0,609,609,18494[Konrad-Adenauer-Straße],2021-06-25T23:07:01.663Z
0,closed,2021-06-25T23:04:00Z,,693,0,0,0,24278[Karstadt],2021-06-25T23:07:01.663Z
0.94400895,open,2021-06-25T23:24:00Z,843,50,0,893,893,24277[Börse],2021-06-25T23:27:02.792Z
0,open,2021-06-25T23:24:00Z,0,200,150,350,200,24276[Turmcenter],2021-06-25T23:27:02.792Z
0.33084577,open,2021-06-25T23:24:00Z,133,269,0,402,402,18944[Alte Oper],2021-06-25T23:27:02.792Z
0.035714287,open,2021-06-25T23:24:00Z,13,351,0,364,364,24281[Hauptbahnhof Süd],2021-06-25T23:27:02.792Z
0.4609375,open,2021-06-25T23:24:00Z,177,207,0,384,384,105479[Baseler Platz],2021-06-25T23:27:02.792Z
0.3498146,open,2021-06-25T23:24:00Z,283,526,0,809,809,24279[Konstabler],2021-06-25T23:27:02.792Z
0.62676054,open,2021-06-25T23:24:00Z,267,159,0,426,426,18497[Hauptwache],2021-06-25T23:27:02.792Z
0,closed,2021-06-25T23:24:00Z,,481,0,0,0,18495[Am Gericht],2021-06-25T23:27:02.792Z
0.20465687,open,2021-06-25T23:24:00Z,167,649,60,876,816,109240[MyZeil],2021-06-25T23:27:02.792Z
0.057471264,open,2021-06-25T23:24:00Z,35,574,0,609,609,18494[Konrad-Adenauer-Straße],2021-06-25T23:27:02.792Z
0,closed,2021-06-25T23:24:00Z,,693,0,0,0,24278[Karstadt],2021-06-25T23:27:02.792Z
0.94400895,open,2021-06-25T23:39:00Z,843,50,0,893,893,24277[Börse],2021-06-25T23:42:01.390Z
0,open,2021-06-25T23:39:00Z,0,200,150,350,200,24276[Turmcenter],2021-06-25T23:42:01.390Z
0.3233831,open,2021-06-25T23:39:00Z,130,272,0,402,402,18944[Alte Oper],2021-06-25T23:42:01.390Z
0.035714287,open,2021-06-25T23:39:00Z,13,351,0,364,364,24281[Hauptbahnhof Süd],2021-06-25T23:42:01.390Z
0.4609375,open,2021-06-25T23:39:00Z,177,207,0,384,384,105479[Baseler Platz],2021-06-25T23:42:01.390Z
0.33868974,open,2021-06-25T23:39:00Z,274,535,0,809,809,24279[Konstabler],2021-06-25T23:42:01.390Z
0.6079812,open,2021-06-25T23:39:00Z,259,167,0,426,426,18497[Hauptwache],2021-06-25T23:42:01.390Z
0,closed,2021-06-25T23:39:00Z,,481,0,0,0,18495[Am Gericht],2021-06-25T23:42:01.390Z
0.20465687,open,2021-06-25T23:39:00Z,167,649,60,876,816,109240[MyZeil],2021-06-25T23:42:01.390Z
0.05090312,open,2021-06-25T23:39:00Z,31,578,0,609,609,18494[Konrad-Adenauer-Straße],2021-06-25T23:42:01.390Z
0,closed,2021-06-25T23:39:00Z,,693,0,0,0,24278[Karstadt],2021-06-25T23:42:01.390Z
0.94400895,open,2021-06-25T23:44:00Z,843,50,0,893,893,24277[Börse],2021-06-25T23:47:00.758Z
0,open,2021-06-25T23:44:00Z,0,200,150,350,200,24276[Turmcenter],2021-06-25T23:47:00.758Z
0.3283582,open,2021-06-25T23:44:00Z,132,270,0,402,402,18944[Alte Oper],2021-06-25T23:47:00.758Z
0.035714287,open,2021-06-25T23:44:00Z,13,351,0,364,364,24281[Hauptbahnhof Süd],2021-06-25T23:47:00.758Z
0.4609375,open,2021-06-25T23:44:00Z,177,207,0,384,384,105479[Baseler Platz],2021-06-25T23:47:00.758Z
0.33498147,open,2021-06-25T23:44:00Z,271,538,0,809,809,24279[Konstabler],2021-06-25T23:47:00.758Z
0.6056338,open,2021-06-25T23:44:00Z,258,168,0,426,426,18497[Hauptwache],2021-06-25T23:47:00.758Z
0,closed,2021-06-25T23:44:00Z,,481,0,0,0,18495[Am Gericht],2021-06-25T23:47:00.758Z
0.20465687,open,2021-06-25T23:44:00Z,167,649,60,876,816,109240[MyZeil],2021-06-25T23:47:00.758Z
0.04597701,open,2021-06-25T23:44:00Z,28,581,0,609,609,18494[Konrad-Adenauer-Straße],2021-06-25T23:47:00.758Z
0,closed,2021-06-25T23:44:00Z,,693,0,0,0,24278[Karstadt],2021-06-25T23:47:00.758Z
0.94400895,open,2021-06-26T00:10:00Z,843,50,0,893,893,24277[Börse],2021-06-26T00:12:00.357Z
0,open,2021-06-26T00:10:00Z,0,200,150,350,200,24276[Turmcenter],2021-06-26T00:12:00.357Z
0.32089552,open,2021-06-26T00:10:00Z,129,273,0,402,402,18944[Alte Oper],2021-06-26T00:12:00.357Z
0.03846154,open,2021-06-26T00:10:00Z,14,350,0,364,364,24281[Hauptbahnhof Süd],2021-06-26T00:12:00.357Z
0.4609375,open,2021-06-26T00:10:00Z,177,207,0,384,384,105479[Baseler Platz],2021-06-26T00:12:00.357Z
0.32138443,open,2021-06-26T00:10:00Z,260,549,0,809,809,24279[Konstabler],2021-06-26T00:12:00.357Z
0.5680751,open,2021-06-26T00:10:00Z,242,184,0,426,426,18497[Hauptwache],2021-06-26T00:12:00.357Z
0,closed,2021-06-26T00:10:00Z,,481,0,0,0,18495[Am Gericht],2021-06-26T00:12:00.357Z
0.20710784,open,2021-06-26T00:10:00Z,169,647,60,876,816,109240[MyZeil],2021-06-26T00:12:00.357Z
0.03448276,open,2021-06-26T00:10:00Z,21,588,0,609,609,18494[Konrad-Adenauer-Straße],2021-06-26T00:12:00.357Z
0,closed,2021-06-26T00:10:00Z,,693,0,0,0,24278[Karstadt],2021-06-26T00:12:00.357Z
0.94400895,open,2021-06-26T01:20:00Z,843,50,0,893,893,24277[Börse],2021-06-26T01:22:01.686Z
0,open,2021-06-26T01:20:00Z,0,200,150,350,200,24276[Turmcenter],2021-06-26T01:22:01.686Z
0.2885572,open,2021-06-26T01:20:00Z,116,286,0,402,402,18944[Alte Oper],2021-06-26T01:22:01.686Z
0.03846154,open,2021-06-26T01:20:00Z,14,350,0,364,364,24281[Hauptbahnhof Süd],2021-06-26T01:22:01.686Z
0.45572916,open,2021-06-26T01:20:00Z,175,209,0,384,384,105479[Baseler Platz],2021-06-26T01:22:01.686Z
0.29913473,open,2021-06-26T01:20:00Z,242,567,0,809,809,24279[Konstabler],2021-06-26T01:22:01.686Z
0.52582157,open,2021-06-26T01:20:00Z,224,202,0,426,426,18497[Hauptwache],2021-06-26T01:22:01.686Z
0,closed,2021-06-26T01:20:00Z,,481,0,0,0,18495[Am Gericht],2021-06-26T01:22:01.686Z
0.20220588,open,2021-06-26T01:20:00Z,165,651,60,876,816,109240[MyZeil],2021-06-26T01:22:01.686Z
0.022988506,open,2021-06-26T01:20:00Z,14,595,0,609,609,18494[Konrad-Adenauer-Straße],2021-06-26T01:22:01.686Z
0,closed,2021-06-26T01:20:00Z,,693,0,0,0,24278[Karstadt],2021-06-26T01:22:01.686Z
0.94400895,open,2021-06-26T02:05:00Z,843,50,0,893,893,24277[Börse],2021-06-26T02:07:02.877Z
0,open,2021-06-26T02:05:00Z,0,200,150,350,200,24276[Turmcenter],2021-06-26T02:07:02.877Z
0.27860695,open,2021-06-26T02:05:00Z,112,290,0,402,402,18944[Alte Oper],2021-06-26T02:07:02.877Z
0.03846154,open,2021-06-26T02:05:00Z,14,350,0,364,364,24281[Hauptbahnhof Süd],2021-06-26T02:07:02.877Z
0.45572916,open,2021-06-26T02:05:00Z,175,209,0,384,384,105479[Baseler Platz],2021-06-26T02:07:02.877Z
0.28182942,open,2021-06-26T02:05:00Z,228,581,0,809,809,24279[Konstabler],2021-06-26T02:07:02.877Z
0.5093897,open,2021-06-26T02:05:00Z,217,209,0,426,426,18497[Hauptwache],2021-06-26T02:07:02.877Z
0,closed,2021-06-26T02:05:00Z,,,0,0,0,18495[Am Gericht],2021-06-26T02:07:02.877Z
0.20220588,open,2021-06-26T02:05:00Z,165,651,60,876,816,109240[MyZeil],2021-06-26T02:07:02.877Z
0.018062398,open,2021-06-26T02:05:00Z,11,598,0,609,609,18494[Konrad-Adenauer-Straße],2021-06-26T02:07:02.877Z
0,closed,2021-06-26T02:05:00Z,,,0,0,0,24278[Karstadt],2021-06-26T02:07:02.877Z
0.94400895,open,2021-06-26T02:35:00Z,843,50,0,893,893,24277[Börse],2021-06-26T02:37:00.360Z
0,open,2021-06-26T02:35:00Z,0,200,150,350,200,24276[Turmcenter],2021-06-26T02:37:00.360Z
0.27860695,open,2021-06-26T02:35:00Z,112,290,0,402,402,18944[Alte Oper],2021-06-26T02:37:00.360Z
0.03846154,open,2021-06-26T02:35:00Z,14,350,0,364,364,24281[Hauptbahnhof Süd],2021-06-26T02:37:00.360Z
0.45052084,open,2021-06-26T02:35:00Z,173,211,0,384,384,105479[Baseler Platz],2021-06-26T02:37:00.360Z
0.28059334,open,2021-06-26T02:35:00Z,227,582,0,809,809,24279[Konstabler],2021-06-26T02:37:00.360Z
0.5023474,open,2021-06-26T02:35:00Z,214,212,0,426,426,18497[Hauptwache],2021-06-26T02:37:00.360Z
0,closed,2021-06-26T02:35:00Z,,,0,0,0,18495[Am Gericht],2021-06-26T02:37:00.360Z
0.2009804,open,2021-06-26T02:35:00Z,164,652,60,876,816,109240[MyZeil],2021-06-26T02:37:00.360Z
0.019704433,open,2021-06-26T02:35:00Z,12,597,0,609,609,18494[Konrad-Adenauer-Straße],2021-06-26T02:37:00.360Z
0,closed,2021-06-26T02:35:00Z,,,0,0,0,24278[Karstadt],2021-06-26T02:37:00.360Z
0.94400895,open,2021-06-26T02:45:00Z,843,50,0,893,893,24277[Börse],2021-06-26T02:47:01.082Z
0,open,2021-06-26T02:45:00Z,0,200,150,350,200,24276[Turmcenter],2021-06-26T02:47:01.082Z
0.2761194,open,2021-06-26T02:45:00Z,111,291,0,402,402,18944[Alte Oper],2021-06-26T02:47:01.082Z
0.03846154,open,2021-06-26T02:45:00Z,14,350,0,364,364,24281[Hauptbahnhof Süd],2021-06-26T02:47:01.082Z
0.45052084,open,2021-06-26T02:45:00Z,173,211,0,384,384,105479[Baseler Platz],2021-06-26T02:47:01.082Z
0.27935722,open,2021-06-26T02:45:00Z,226,583,0,809,809,24279[Konstabler],2021-06-26T02:47:01.082Z
0.5023474,open,2021-06-26T02:45:00Z,214,212,0,426,426,18497[Hauptwache],2021-06-26T02:47:01.082Z
0,closed,2021-06-26T02:45:00Z,,,0,0,0,18495[Am Gericht],2021-06-26T02:47:01.082Z
0.2009804,open,2021-06-26T02:45:00Z,164,652,60,876,816,109240[MyZeil],2021-06-26T02:47:01.082Z
0.018062398,open,2021-06-26T02:45:00Z,11,598,0,609,609,18494[Konrad-Adenauer-Straße],2021-06-26T02:47:01.082Z
0,closed,2021-06-26T02:45:00Z,,,0,0,0,24278[Karstadt],2021-06-26T02:47:01.082Z
0.94400895,open,2021-06-26T03:00:00Z,843,50,0,893,893,24277[Börse],2021-06-26T03:02:01.887Z
0,open,2021-06-26T03:00:00Z,0,200,150,350,200,24276[Turmcenter],2021-06-26T03:02:01.887Z
0.2761194,open,2021-06-26T03:00:00Z,111,291,0,402,402,18944[Alte Oper],2021-06-26T03:02:01.887Z
0.03846154,open,2021-06-26T03:00:00Z,14,350,0,364,364,24281[Hauptbahnhof Süd],2021-06-26T03:02:01.887Z
0.45052084,open,2021-06-26T03:00:00Z,173,211,0,384,384,105479[Baseler Platz],2021-06-26T03:02:01.887Z
0.27935722,open,2021-06-26T03:00:00Z,226,583,0,809,809,24279[Konstabler],2021-06-26T03:02:01.887Z
0.5023474,open,2021-06-26T03:00:00Z,214,212,0,426,426,18497[Hauptwache],2021-06-26T03:02:01.887Z
0,closed,2021-06-26T03:00:00Z,,,0,0,0,18495[Am Gericht],2021-06-26T03:02:01.887Z
0.19975491,open,2021-06-26T03:00:00Z,163,653,60,876,816,109240[MyZeil],2021-06-26T03:02:01.887Z
0.01642036,open,2021-06-26T03:00:00Z,10,599,0,609,609,18494[Konrad-Adenauer-Straße],2021-06-26T03:02:01.887Z
0,closed,2021-06-26T03:00:00Z,,,0,0,0,24278[Karstadt],2021-06-26T03:02:01.887Z
0.94400895,open,2021-06-26T03:25:00Z,843,50,0,893,893,24277[Börse],2021-06-26T03:27:00.282Z
0,open,2021-06-26T03:25:00Z,0,200,150,350,200,24276[Turmcenter],2021-06-26T03:27:00.282Z
0.2761194,open,2021-06-26T03:25:00Z,111,291,0,402,402,18944[Alte Oper],2021-06-26T03:27:00.282Z
0.035714287,open,2021-06-26T03:25:00Z,13,351,0,364,364,24281[Hauptbahnhof Süd],2021-06-26T03:27:00.282Z
0.45052084,open,2021-06-26T03:25:00Z,173,211,0,384,384,105479[Baseler Platz],2021-06-26T03:27:00.282Z
0.27317676,open,2021-06-26T03:25:00Z,221,588,0,809,809,24279[Konstabler],2021-06-26T03:27:00.282Z
0.5,open,2021-06-26T03:25:00Z,213,213,0,426,426,18497[Hauptwache],2021-06-26T03:27:00.282Z
0,closed,2021-06-26T03:25:00Z,,,0,0,0,18495[Am Gericht],2021-06-26T03:27:00.282Z
0.20606826,open,2021-06-26T03:25:00Z,163,628,75,866,791,109240[MyZeil],2021-06-26T03:27:00.282Z
0.019704433,open,2021-06-26T03:25:00Z,12,597,0,609,609,18494[Konrad-Adenauer-Straße],2021-06-26T03:27:00.282Z
0,closed,2021-06-26T03:25:00Z,,,0,0,0,24278[Karstadt],2021-06-26T03:27:00.282Z
0.94400895,open,2021-06-26T03:40:00Z,843,50,0,893,893,24277[Börse],2021-06-26T03:42:02.757Z
0,open,2021-06-26T03:40:00Z,0,200,150,350,200,24276[Turmcenter],2021-06-26T03:42:02.757Z
0.2761194,open,2021-06-26T03:40:00Z,111,291,0,402,402,18944[Alte Oper],2021-06-26T03:42:02.757Z
0.035714287,open,2021-06-26T03:40:00Z,13,351,0,364,364,24281[Hauptbahnhof Süd],2021-06-26T03:42:02.757Z
0.45052084,open,2021-06-26T03:40:00Z,173,211,0,384,384,105479[Baseler Platz],2021-06-26T03:42:02.757Z
0.27194068,open,2021-06-26T03:40:00Z,220,589,0,809,809,24279[Konstabler],2021-06-26T03:42:02.757Z
0.4976526,open,2021-06-26T03:40:00Z,212,214,0,426,426,18497[Hauptwache],2021-06-26T03:42:02.757Z
0,closed,2021-06-26T03:40:00Z,,,0,0,0,18495[Am Gericht],2021-06-26T03:42:02.757Z
0.20606826,open,2021-06-26T03:40:00Z,163,628,75,866,791,109240[MyZeil],2021-06-26T03:42:02.757Z
0.019704433,open,2021-06-26T03:40:00Z,12,597,0,609,609,18494[Konrad-Adenauer-Straße],2021-06-26T03:42:02.757Z
0,closed,2021-06-26T03:40:00Z,,,0,0,0,24278[Karstadt],2021-06-26T03:42:02.757Z
0.94400895,open,2021-06-26T03:50:00Z,843,50,0,893,893,24277[Börse],2021-06-26T03:52:00.645Z
0,open,2021-06-26T03:50:00Z,0,200,150,350,200,24276[Turmcenter],2021-06-26T03:52:00.645Z
0.2761194,open,2021-06-26T03:50:00Z,111,291,0,402,402,18944[Alte Oper],2021-06-26T03:52:00.645Z
0.035714287,open,2021-06-26T03:50:00Z,13,351,0,364,364,24281[Hauptbahnhof Süd],2021-06-26T03:52:00.645Z
0.45052084,open,2021-06-26T03:50:00Z,173,211,0,384,384,105479[Baseler Platz],2021-06-26T03:52:00.645Z
0.27317676,open,2021-06-26T03:50:00Z,221,588,0,809,809,24279[Konstabler],2021-06-26T03:52:00.645Z
0.4976526,open,2021-06-26T03:50:00Z,212,214,0,426,426,18497[Hauptwache],2021-06-26T03:52:00.645Z
0,closed,2021-06-26T03:50:00Z,,,0,0,0,18495[Am Gericht],2021-06-26T03:52:00.645Z
0.20606826,open,2021-06-26T03:50:00Z,163,628,75,866,791,109240[MyZeil],2021-06-26T03:52:00.645Z
0.019704433,open,2021-06-26T03:50:00Z,12,597,0,609,609,18494[Konrad-Adenauer-Straße],2021-06-26T03:52:00.645Z
0,closed,2021-06-26T03:50:00Z,,,0,0,0,24278[Karstadt],2021-06-26T03:52:00.645Z
0.94400895,open,2021-06-26T04:15:00Z,843,50,0,893,893,24277[Börse],2021-06-26T04:17:00.439Z
0,open,2021-06-26T04:15:00Z,0,200,150,350,200,24276[Turmcenter],2021-06-26T04:17:00.439Z
0.27860695,open,2021-06-26T04:15:00Z,112,290,0,402,402,18944[Alte Oper],2021-06-26T04:17:00.439Z
0.035714287,open,2021-06-26T04:15:00Z,13,351,0,364,364,24281[Hauptbahnhof Süd],2021-06-26T04:17:00.439Z
0.45052084,open,2021-06-26T04:15:00Z,173,211,0,384,384,105479[Baseler Platz],2021-06-26T04:17:00.439Z
0.27317676,open,2021-06-26T04:15:00Z,221,588,0,809,809,24279[Konstabler],2021-06-26T04:17:00.439Z
0.49530515,open,2021-06-26T04:15:00Z,211,215,0,426,426,18497[Hauptwache],2021-06-26T04:17:00.439Z
0.22794117,open,2021-06-26T04:15:00Z,155,525,0,680,680,18495[Am Gericht],2021-06-26T04:17:00.439Z
0.20606826,open,2021-06-26T04:15:00Z,163,628,75,866,791,109240[MyZeil],2021-06-26T04:17:00.439Z
0.02134647,open,2021-06-26T04:15:00Z,13,596,0,609,609,18494[Konrad-Adenauer-Straße],2021-06-26T04:17:00.439Z
0,closed,2021-06-26T04:15:00Z,,,0,0,0,24278[Karstadt],2021-06-26T04:17:00.439Z
0.94400895,open,2021-06-26T04:41:00Z,843,50,0,893,893,24277[Börse],2021-06-26T04:42:01.075Z
0,open,2021-06-26T04:41:00Z,0,200,150,350,200,24276[Turmcenter],2021-06-26T04:42:01.075Z
0.2761194,open,2021-06-26T04:41:00Z,111,291,0,402,402,18944[Alte Oper],2021-06-26T04:42:01.075Z
0.03846154,open,2021-06-26T04:41:00Z,14,350,0,364,364,24281[Hauptbahnhof Süd],2021-06-26T04:42:01.075Z
0.45052084,open,2021-06-26T04:41:00Z,173,211,0,384,384,105479[Baseler Platz],2021-06-26T04:42:01.075Z
0.27441284,open,2021-06-26T04:41:00Z,222,587,0,809,809,24279[Konstabler],2021-06-26T04:42:01.075Z
0.49530515,open,2021-06-26T04:41:00Z,211,215,0,426,426,18497[Hauptwache],2021-06-26T04:42:01.075Z
0.22794117,open,2021-06-26T04:41:00Z,155,525,0,680,680,18495[Am Gericht],2021-06-26T04:42:01.075Z
0.20606826,open,2021-06-26T04:41:00Z,163,628,75,866,791,109240[MyZeil],2021-06-26T04:42:01.075Z
0.02134647,open,2021-06-26T04:41:00Z,13,596,0,609,609,18494[Konrad-Adenauer-Straße],2021-06-26T04:42:01.075Z
0,closed,2021-06-26T04:41:00Z,,,0,0,0,24278[Karstadt],2021-06-26T04:42:01.075Z
0.94400895,open,2021-06-26T04:56:00Z,843,50,0,893,893,24277[Börse],2021-06-26T04:57:01.268Z
0,open,2021-06-26T04:56:00Z,0,200,150,350,200,24276[Turmcenter],2021-06-26T04:57:01.268Z
0.27860695,open,2021-06-26T04:56:00Z,112,290,0,402,402,18944[Alte Oper],2021-06-26T04:57:01.268Z
0.041208792,open,2021-06-26T04:56:00Z,15,349,0,364,364,24281[Hauptbahnhof Süd],2021-06-26T04:57:01.268Z
0.45052084,open,2021-06-26T04:56:00Z,173,211,0,384,384,105479[Baseler Platz],2021-06-26T04:57:01.268Z
0.27317676,open,2021-06-26T04:56:00Z,221,588,0,809,809,24279[Konstabler],2021-06-26T04:57:01.268Z
0.49530515,open,2021-06-26T04:56:00Z,211,215,0,426,426,18497[Hauptwache],2021-06-26T04:57:01.268Z
0.22794117,open,2021-06-26T04:56:00Z,155,525,0,680,680,18495[Am Gericht],2021-06-26T04:57:01.268Z
0.20733249,open,2021-06-26T04:56:00Z,164,627,75,866,791,109240[MyZeil],2021-06-26T04:57:01.268Z
0.019704433,open,2021-06-26T04:56:00Z,12,597,0,609,609,18494[Konrad-Adenauer-Straße],2021-06-26T04:57:01.268Z
0.0014430014,open,2021-06-26T04:56:00Z,1,692,0,693,693,24278[Karstadt],2021-06-26T04:57:01.268Z
0.94400895,open,2021-06-26T05:11:00Z,843,50,0,893,893,24277[Börse],2021-06-26T05:12:01.675Z
0,open,2021-06-26T05:11:00Z,0,200,150,350,200,24276[Turmcenter],2021-06-26T05:12:01.675Z
0.27860695,open,2021-06-26T05:11:00Z,112,290,0,402,402,18944[Alte Oper],2021-06-26T05:12:01.675Z
0.041208792,open,2021-06-26T05:11:00Z,15,349,0,364,364,24281[Hauptbahnhof Süd],2021-06-26T05:12:01.675Z
0.45052084,open,2021-06-26T05:11:00Z,173,211,0,384,384,105479[Baseler Platz],2021-06-26T05:12:01.675Z
0.27317676,open,2021-06-26T05:11:00Z,221,588,0,809,809,24279[Konstabler],2021-06-26T05:12:01.675Z
0.4976526,open,2021-06-26T05:11:00Z,212,214,0,426,426,18497[Hauptwache],2021-06-26T05:12:01.675Z
0.22941177,open,2021-06-26T05:11:00Z,156,524,0,680,680,18495[Am Gericht],2021-06-26T05:12:01.675Z
0.2085967,open,2021-06-26T05:11:00Z,165,626,75,866,791,109240[MyZeil],2021-06-26T05:12:01.675Z
0.019704433,open,2021-06-26T05:11:00Z,12,597,0,609,609,18494[Konrad-Adenauer-Straße],2021-06-26T05:12:01.675Z
0.0014430014,open,2021-06-26T05:11:00Z,1,692,0,693,693,24278[Karstadt],2021-06-26T05:12:01.675Z
0.94400895,open,2021-06-26T05:26:00Z,843,50,0,893,893,24277[Börse],2021-06-26T05:27:01.182Z
0.005,open,2021-06-26T05:26:00Z,1,199,150,350,200,24276[Turmcenter],2021-06-26T05:27:01.182Z
0.27860695,open,2021-06-26T05:26:00Z,112,290,0,402,402,18944[Alte Oper],2021-06-26T05:27:01.182Z
0.041208792,open,2021-06-26T05:26:00Z,15,349,0,364,364,24281[Hauptbahnhof Süd],2021-06-26T05:27:01.182Z
0.44791666,open,2021-06-26T05:26:00Z,172,212,0,384,384,105479[Baseler Platz],2021-06-26T05:27:01.182Z
0.27317676,open,2021-06-26T05:26:00Z,221,588,0,809,809,24279[Konstabler],2021-06-26T05:27:01.182Z
0.49530515,open,2021-06-26T05:26:00Z,211,215,0,426,426,18497[Hauptwache],2021-06-26T05:27:01.182Z
0.23235294,open,2021-06-26T05:26:00Z,158,522,0,680,680,18495[Am Gericht],2021-06-26T05:27:01.182Z
0.20986094,open,2021-06-26T05:26:00Z,166,625,75,866,791,109240[MyZeil],2021-06-26T05:27:01.182Z
0.019704433,open,2021-06-26T05:26:00Z,12,597,0,609,609,18494[Konrad-Adenauer-Straße],2021-06-26T05:27:01.182Z
0.0028860029,open,2021-06-26T05:26:00Z,2,691,0,693,693,24278[Karstadt],2021-06-26T05:27:01.182Z
0.94400895,open,2021-06-26T05:36:00Z,843,50,0,893,893,24277[Börse],2021-06-26T05:37:01.558Z
0.005,open,2021-06-26T05:36:00Z,1,199,150,350,200,24276[Turmcenter],2021-06-26T05:37:01.558Z
0.27860695,open,2021-06-26T05:36:00Z,112,290,0,402,402,18944[Alte Oper],2021-06-26T05:37:01.558Z
0.03846154,open,2021-06-26T05:36:00Z,14,350,0,364,364,24281[Hauptbahnhof Süd],2021-06-26T05:37:01.558Z
0.44791666,open,2021-06-26T05:36:00Z,172,212,0,384,384,105479[Baseler Platz],2021-06-26T05:37:01.558Z
0.27317676,open,2021-06-26T05:36:00Z,221,588,0,809,809,24279[Konstabler],2021-06-26T05:37:01.558Z
0.49530515,open,2021-06-26T05:36:00Z,211,215,0,426,426,18497[Hauptwache],2021-06-26T05:37:01.558Z
0.23235294,open,2021-06-26T05:36:00Z,158,522,0,680,680,18495[Am Gericht],2021-06-26T05:37:01.558Z
0.20986094,open,2021-06-26T05:36:00Z,166,625,75,866,791,109240[MyZeil],2021-06-26T05:37:01.558Z
0.019704433,open,2021-06-26T05:36:00Z,12,597,0,609,609,18494[Konrad-Adenauer-Straße],2021-06-26T05:37:01.558Z
0.0028860029,open,2021-06-26T05:36:00Z,2,691,0,693,693,24278[Karstadt],2021-06-26T05:37:01.558Z
0.94400895,open,2021-06-26T05:46:00Z,843,50,0,893,893,24277[Börse],2021-06-26T05:47:02.232Z
0.005,open,2021-06-26T05:46:00Z,1,199,150,350,200,24276[Turmcenter],2021-06-26T05:47:02.232Z
0.2835821,open,2021-06-26T05:46:00Z,114,288,0,402,402,18944[Alte Oper],2021-06-26T05:47:02.232Z
0.03846154,open,2021-06-26T05:46:00Z,14,350,0,364,364,24281[Hauptbahnhof Süd],2021-06-26T05:47:02.232Z
0.44791666,open,2021-06-26T05:46:00Z,172,212,0,384,384,105479[Baseler Platz],2021-06-26T05:47:02.232Z
0.27812114,open,2021-06-26T05:46:00Z,225,584,0,809,809,24279[Konstabler],2021-06-26T05:47:02.232Z
0.49295774,open,2021-06-26T05:46:00Z,210,216,0,426,426,18497[Hauptwache],2021-06-26T05:47:02.232Z
0.23382352,open,2021-06-26T05:46:00Z,159,521,0,680,680,18495[Am Gericht],2021-06-26T05:47:02.232Z
0.20986094,open,2021-06-26T05:46:00Z,166,625,75,866,791,109240[MyZeil],2021-06-26T05:47:02.232Z
0.02134647,open,2021-06-26T05:46:00Z,13,596,0,609,609,18494[Konrad-Adenauer-Straße],2021-06-26T05:47:02.232Z
0.0014430014,open,2021-06-26T05:46:00Z,1,692,0,693,693,24278[Karstadt],2021-06-26T05:47:02.232Z
0.94400895,open,2021-06-26T05:56:00Z,843,50,0,893,893,24277[Börse],2021-06-26T05:57:00.357Z
0.005,open,2021-06-26T05:56:00Z,1,199,150,350,200,24276[Turmcenter],2021-06-26T05:57:00.357Z
0.2835821,open,2021-06-26T05:56:00Z,114,288,0,402,402,18944[Alte Oper],2021-06-26T05:57:00.357Z
0.03846154,open,2021-06-26T05:56:00Z,14,350,0,364,364,24281[Hauptbahnhof Süd],2021-06-26T05:57:00.357Z
0.44791666,open,2021-06-26T05:56:00Z,172,212,0,384,384,105479[Baseler Platz],2021-06-26T05:57:00.357Z
0.27812114,open,2021-06-26T05:56:00Z,225,584,0,809,809,24279[Konstabler],2021-06-26T05:57:00.357Z
0.5,open,2021-06-26T05:56:00Z,213,213,0,426,426,18497[Hauptwache],2021-06-26T05:57:00.357Z
0.22941177,open,2021-06-26T05:56:00Z,156,524,0,680,680,18495[Am Gericht],2021-06-26T05:57:00.357Z
0.21238938,open,2021-06-26T05:56:00Z,168,623,75,866,791,109240[MyZeil],2021-06-26T05:57:00.357Z
0.02134647,open,2021-06-26T05:56:00Z,13,596,0,609,609,18494[Konrad-Adenauer-Straße],2021-06-26T05:57:00.357Z
0.0014430014,open,2021-06-26T05:56:00Z,1,692,0,693,693,24278[Karstadt],2021-06-26T05:57:00.357Z
0.94400895,open,2021-06-26T06:21:00Z,843,50,0,893,893,24277[Börse],2021-06-26T06:22:02.008Z
0.015,open,2021-06-26T06:21:00Z,3,197,150,350,200,24276[Turmcenter],2021-06-26T06:22:02.008Z
0.2885572,open,2021-06-26T06:21:00Z,116,286,0,402,402,18944[Alte Oper],2021-06-26T06:22:02.008Z
0.03846154,open,2021-06-26T06:21:00Z,14,350,0,364,364,24281[Hauptbahnhof Süd],2021-06-26T06:22:02.008Z
0.44270834,open,2021-06-26T06:21:00Z,170,214,0,384,384,105479[Baseler Platz],2021-06-26T06:22:02.008Z
0.28800988,open,2021-06-26T06:21:00Z,233,576,0,809,809,24279[Konstabler],2021-06-26T06:22:02.008Z
0.5023474,open,2021-06-26T06:21:00Z,214,212,0,426,426,18497[Hauptwache],2021-06-26T06:22:02.008Z
0.23235294,open,2021-06-26T06:21:00Z,158,522,0,680,680,18495[Am Gericht],2021-06-26T06:22:02.008Z
0.21365361,open,2021-06-26T06:21:00Z,169,622,75,866,791,109240[MyZeil],2021-06-26T06:22:02.008Z
0.022988506,open,2021-06-26T06:21:00Z,14,595,0,609,609,18494[Konrad-Adenauer-Straße],2021-06-26T06:22:02.008Z
0.0014430014,open,2021-06-26T06:21:00Z,1,692,0,693,693,24278[Karstadt],2021-06-26T06:22:02.008Z
0.94400895,open,2021-06-26T06:46:00Z,843,50,0,893,893,24277[Börse],2021-06-26T06:47:02.054Z
0.035,open,2021-06-26T06:46:00Z,7,193,150,350,200,24276[Turmcenter],2021-06-26T06:47:02.054Z
0.30597016,open,2021-06-26T06:46:00Z,123,279,0,402,402,18944[Alte Oper],2021-06-26T06:47:02.054Z
0.03846154,open,2021-06-26T06:46:00Z,14,350,0,364,364,24281[Hauptbahnhof Süd],2021-06-26T06:47:02.054Z
0.44791666,open,2021-06-26T06:46:00Z,172,212,0,384,384,105479[Baseler Platz],2021-06-26T06:47:02.054Z
0.29542646,open,2021-06-26T06:46:00Z,239,570,0,809,809,24279[Konstabler],2021-06-26T06:47:02.054Z
0.52582157,open,2021-06-26T06:46:00Z,224,202,0,426,426,18497[Hauptwache],2021-06-26T06:47:02.054Z
0.23088235,open,2021-06-26T06:46:00Z,157,523,0,680,680,18495[Am Gericht],2021-06-26T06:47:02.054Z
0.21618205,open,2021-06-26T06:46:00Z,171,620,75,866,791,109240[MyZeil],2021-06-26T06:47:02.054Z
0.02955665,open,2021-06-26T06:46:00Z,18,591,0,609,609,18494[Konrad-Adenauer-Straße],2021-06-26T06:47:02.054Z
0.0028860029,open,2021-06-26T06:46:00Z,2,691,0,693,693,24278[Karstadt],2021-06-26T06:47:02.054Z
0.94400895,open,2021-06-26T07:01:00Z,843,50,0,893,893,24277[Börse],2021-06-26T07:02:01.412Z
0.045,open,2021-06-26T07:01:00Z,9,191,150,350,200,24276[Turmcenter],2021-06-26T07:02:01.412Z
0.31094527,open,2021-06-26T07:01:00Z,125,277,0,402,402,18944[Alte Oper],2021-06-26T07:02:01.412Z
0.03846154,open,2021-06-26T07:01:00Z,14,350,0,364,364,24281[Hauptbahnhof Süd],2021-06-26T07:02:01.412Z
0.45052084,open,2021-06-26T07:01:00Z,173,211,0,384,384,105479[Baseler Platz],2021-06-26T07:02:01.412Z
0.3090235,open,2021-06-26T07:01:00Z,250,559,0,809,809,24279[Konstabler],2021-06-26T07:02:01.412Z
0.53521127,open,2021-06-26T07:01:00Z,228,198,0,426,426,18497[Hauptwache],2021-06-26T07:02:01.412Z
0.22941177,open,2021-06-26T07:01:00Z,156,524,0,680,680,18495[Am Gericht],2021-06-26T07:02:01.412Z
0.21491782,open,2021-06-26T07:01:00Z,170,621,75,866,791,109240[MyZeil],2021-06-26T07:02:01.412Z
0.03284072,open,2021-06-26T07:01:00Z,20,589,0,609,609,18494[Konrad-Adenauer-Straße],2021-06-26T07:02:01.412Z
0.0028860029,open,2021-06-26T07:01:00Z,2,691,0,693,693,24278[Karstadt],2021-06-26T07:02:01.412Z
0.94400895,open,2021-06-26T07:11:00Z,843,50,0,893,893,24277[Börse],2021-06-26T07:17:00.921Z
0.05,open,2021-06-26T07:11:00Z,10,190,150,350,200,24276[Turmcenter],2021-06-26T07:17:00.921Z
0.3233831,open,2021-06-26T07:11:00Z,130,272,0,402,402,18944[Alte Oper],2021-06-26T07:17:00.921Z
0.03846154,open,2021-06-26T07:11:00Z,14,350,0,364,364,24281[Hauptbahnhof Süd],2021-06-26T07:17:00.921Z
0.44791666,open,2021-06-26T07:11:00Z,172,212,0,384,384,105479[Baseler Platz],2021-06-26T07:17:00.921Z
0.31644005,open,2021-06-26T07:11:00Z,256,553,0,809,809,24279[Konstabler],2021-06-26T07:17:00.921Z
0.5399061,open,2021-06-26T07:11:00Z,230,196,0,426,426,18497[Hauptwache],2021-06-26T07:17:00.921Z
0.23529412,open,2021-06-26T07:11:00Z,160,520,0,680,680,18495[Am Gericht],2021-06-26T07:17:00.921Z
0.21997471,open,2021-06-26T07:11:00Z,174,617,75,866,791,109240[MyZeil],2021-06-26T07:17:00.921Z
0.039408866,open,2021-06-26T07:11:00Z,24,585,0,609,609,18494[Konrad-Adenauer-Straße],2021-06-26T07:17:00.921Z
0.0028860029,open,2021-06-26T07:11:00Z,2,691,0,693,693,24278[Karstadt],2021-06-26T07:17:00.921Z
0.94400895,open,2021-06-26T07:21:00Z,843,50,0,893,893,24277[Börse],2021-06-26T07:27:01.835Z
0.065,open,2021-06-26T07:21:00Z,13,187,150,350,200,24276[Turmcenter],2021-06-26T07:27:01.835Z
0.3233831,open,2021-06-26T07:21:00Z,130,272,0,402,402,18944[Alte Oper],2021-06-26T07:27:01.835Z
0.03846154,open,2021-06-26T07:21:00Z,14,350,0,364,364,24281[Hauptbahnhof Süd],2021-06-26T07:27:01.835Z
0.44791666,open,2021-06-26T07:21:00Z,172,212,0,384,384,105479[Baseler Platz],2021-06-26T07:27:01.835Z
0.32880098,open,2021-06-26T07:21:00Z,266,543,0,809,809,24279[Konstabler],2021-06-26T07:27:01.835Z
0.54460096,open,2021-06-26T07:21:00Z,232,194,0,426,426,18497[Hauptwache],2021-06-26T07:27:01.835Z
0.24117647,open,2021-06-26T07:21:00Z,164,516,0,680,680,18495[Am Gericht],2021-06-26T07:27:01.835Z
0.22250316,open,2021-06-26T07:21:00Z,176,615,75,866,791,109240[MyZeil],2021-06-26T07:27:01.835Z
0.04761905,open,2021-06-26T07:21:00Z,29,580,0,609,609,18494[Konrad-Adenauer-Straße],2021-06-26T07:27:01.835Z
0.0028860029,open,2021-06-26T07:21:00Z,2,691,0,693,693,24278[Karstadt],2021-06-26T07:27:01.835Z
0.94400895,open,2021-06-26T07:31:00Z,843,50,0,893,893,24277[Börse],2021-06-26T07:37:00.550Z
0.07,open,2021-06-26T07:31:00Z,14,186,150,350,200,24276[Turmcenter],2021-06-26T07:37:00.550Z
0.34079602,open,2021-06-26T07:31:00Z,137,265,0,402,402,18944[Alte Oper],2021-06-26T07:37:00.550Z
0.041208792,open,2021-06-26T07:31:00Z,15,349,0,364,364,24281[Hauptbahnhof Süd],2021-06-26T07:37:00.550Z
0.4453125,open,2021-06-26T07:31:00Z,171,213,0,384,384,105479[Baseler Platz],2021-06-26T07:37:00.550Z
0.34116194,open,2021-06-26T07:31:00Z,276,533,0,809,809,24279[Konstabler],2021-06-26T07:37:00.550Z
0.5657277,open,2021-06-26T07:31:00Z,241,185,0,426,426,18497[Hauptwache],2021-06-26T07:37:00.550Z
0.2514706,open,2021-06-26T07:31:00Z,171,509,0,680,680,18495[Am Gericht],2021-06-26T07:37:00.550Z
0.22882427,open,2021-06-26T07:31:00Z,181,610,75,866,791,109240[MyZeil],2021-06-26T07:37:00.550Z
0.04597701,open,2021-06-26T07:31:00Z,28,581,0,609,609,18494[Konrad-Adenauer-Straße],2021-06-26T07:37:00.550Z
0.0028860029,open,2021-06-26T07:31:00Z,2,691,0,693,693,24278[Karstadt],2021-06-26T07:37:00.550Z
0.94400895,open,2021-06-26T07:41:00Z,843,50,0,893,893,24277[Börse],2021-06-26T07:47:01.025Z
0.065,open,2021-06-26T07:41:00Z,13,187,150,350,200,24276[Turmcenter],2021-06-26T07:47:01.025Z
0.35820895,open,2021-06-26T07:41:00Z,144,258,0,402,402,18944[Alte Oper],2021-06-26T07:47:01.025Z
0.043956045,open,2021-06-26T07:41:00Z,16,348,0,364,364,24281[Hauptbahnhof Süd],2021-06-26T07:47:01.025Z
0.44010416,open,2021-06-26T07:41:00Z,169,215,0,384,384,105479[Baseler Platz],2021-06-26T07:47:01.025Z
0.37206426,open,2021-06-26T07:41:00Z,301,508,0,809,809,24279[Konstabler],2021-06-26T07:47:01.025Z
0.58920187,open,2021-06-26T07:41:00Z,251,175,0,426,426,18497[Hauptwache],2021-06-26T07:47:01.025Z
0.25882354,open,2021-06-26T07:41:00Z,176,504,0,680,680,18495[Am Gericht],2021-06-26T07:47:01.025Z
0.2364096,open,2021-06-26T07:41:00Z,187,604,75,866,791,109240[MyZeil],2021-06-26T07:47:01.025Z
0.054187194,open,2021-06-26T07:41:00Z,33,576,0,609,609,18494[Konrad-Adenauer-Straße],2021-06-26T07:47:01.025Z
0.007215007,open,2021-06-26T07:41:00Z,5,688,0,693,693,24278[Karstadt],2021-06-26T07:47:01.025Z
0.94400895,open,2021-06-26T07:57:00Z,843,50,0,893,893,24277[Börse],2021-06-26T08:02:00.437Z
0.125,open,2021-06-26T07:57:00Z,25,175,150,350,200,24276[Turmcenter],2021-06-26T08:02:00.437Z
0.3955224,open,2021-06-26T07:57:00Z,159,243,0,402,402,18944[Alte Oper],2021-06-26T08:02:00.437Z
0.043956045,open,2021-06-26T07:57:00Z,16,348,0,364,364,24281[Hauptbahnhof Süd],2021-06-26T08:02:00.437Z
0.43489584,open,2021-06-26T07:57:00Z,167,217,0,384,384,105479[Baseler Platz],2021-06-26T08:02:00.437Z
0.42150804,open,2021-06-26T07:57:00Z,341,468,0,809,809,24279[Konstabler],2021-06-26T08:02:00.437Z
0.64084506,open,2021-06-26T07:57:00Z,273,153,0,426,426,18497[Hauptwache],2021-06-26T08:02:00.437Z
0.2764706,open,2021-06-26T07:57:00Z,188,492,0,680,680,18495[Am Gericht],2021-06-26T08:02:00.437Z
0.24525917,open,2021-06-26T07:57:00Z,194,597,75,866,791,109240[MyZeil],2021-06-26T08:02:00.437Z
0.073891625,open,2021-06-26T07:57:00Z,45,564,0,609,609,18494[Konrad-Adenauer-Straße],2021-06-26T08:02:00.437Z
0.015873017,open,2021-06-26T07:57:00Z,11,682,0,693,693,24278[Karstadt],2021-06-26T08:02:00.437Z
0.94400895,open,2021-06-26T08:17:00Z,843,50,0,893,893,24277[Börse],2021-06-26T08:22:02.960Z
0.175,open,2021-06-26T08:17:00Z,35,165,150,350,200,24276[Turmcenter],2021-06-26T08:22:02.960Z
0.43781096,open,2021-06-26T08:17:00Z,176,226,0,402,402,18944[Alte Oper],2021-06-26T08:22:02.960Z
0.04945055,open,2021-06-26T08:17:00Z,18,346,0,364,364,24281[Hauptbahnhof Süd],2021-06-26T08:22:02.960Z
0.43229166,open,2021-06-26T08:17:00Z,166,218,0,384,384,105479[Baseler Platz],2021-06-26T08:22:02.960Z
0.5080346,open,2021-06-26T08:17:00Z,411,398,0,809,809,24279[Konstabler],2021-06-26T08:22:02.960Z
0.70422536,open,2021-06-26T08:17:00Z,300,126,0,426,426,18497[Hauptwache],2021-06-26T08:22:02.960Z
0.30147058,open,2021-06-26T08:17:00Z,205,475,0,680,680,18495[Am Gericht],2021-06-26T08:22:02.960Z
0.2692794,open,2021-06-26T08:17:00Z,213,578,75,866,791,109240[MyZeil],2021-06-26T08:22:02.960Z
0.10837439,open,2021-06-26T08:17:00Z,66,543,0,609,609,18494[Konrad-Adenauer-Straße],2021-06-26T08:22:02.960Z
0.024531025,open,2021-06-26T08:17:00Z,17,676,0,693,693,24278[Karstadt],2021-06-26T08:22:02.960Z
0.94400895,open,2021-06-26T08:32:00Z,843,50,0,893,893,24277[Börse],2021-06-26T08:37:00.276Z
0.19,open,2021-06-26T08:32:00Z,38,162,150,350,200,24276[Turmcenter],2021-06-26T08:37:00.276Z
0.49004975,open,2021-06-26T08:32:00Z,197,205,0,402,402,18944[Alte Oper],2021-06-26T08:37:00.276Z
0.052197803,open,2021-06-26T08:32:00Z,19,345,0,364,364,24281[Hauptbahnhof Süd],2021-06-26T08:37:00.276Z
0.42708334,open,2021-06-26T08:32:00Z,164,220,0,384,384,105479[Baseler Platz],2021-06-26T08:37:00.276Z
0.57601976,open,2021-06-26T08:32:00Z,466,343,0,809,809,24279[Konstabler],2021-06-26T08:37:00.276Z
0.75821596,open,2021-06-26T08:32:00Z,323,103,0,426,426,18497[Hauptwache],2021-06-26T08:37:00.276Z
0.32352942,open,2021-06-26T08:32:00Z,220,460,0,680,680,18495[Am Gericht],2021-06-26T08:37:00.276Z
0.29329962,open,2021-06-26T08:32:00Z,232,559,75,866,791,109240[MyZeil],2021-06-26T08:37:00.276Z
0.13136289,open,2021-06-26T08:32:00Z,80,529,0,609,609,18494[Konrad-Adenauer-Straße],2021-06-26T08:37:00.276Z
0.031746034,open,2021-06-26T08:32:00Z,22,671,0,693,693,24278[Karstadt],2021-06-26T08:37:00.276Z
0.94400895,open,2021-06-26T08:42:00Z,843,50,0,893,893,24277[Börse],2021-06-26T08:47:02.534Z
0.2,open,2021-06-26T08:42:00Z,40,160,150,350,200,24276[Turmcenter],2021-06-26T08:47:02.534Z
0.5099502,open,2021-06-26T08:42:00Z,205,197,0,402,402,18944[Alte Oper],2021-06-26T08:47:02.534Z
0.052197803,open,2021-06-26T08:42:00Z,19,345,0,364,364,24281[Hauptbahnhof Süd],2021-06-26T08:47:02.534Z
0.4296875,open,2021-06-26T08:42:00Z,165,219,0,384,384,105479[Baseler Platz],2021-06-26T08:47:02.534Z
0.6229913,open,2021-06-26T08:42:00Z,504,305,0,809,809,24279[Konstabler],2021-06-26T08:47:02.534Z
0.81220657,open,2021-06-26T08:42:00Z,346,80,0,426,426,18497[Hauptwache],2021-06-26T08:47:02.534Z
0.33382353,open,2021-06-26T08:42:00Z,227,453,0,680,680,18495[Am Gericht],2021-06-26T08:47:02.534Z
0.30720606,open,2021-06-26T08:42:00Z,243,548,75,866,791,109240[MyZeil],2021-06-26T08:47:02.534Z
0.15599343,open,2021-06-26T08:42:00Z,95,514,0,609,609,18494[Konrad-Adenauer-Straße],2021-06-26T08:47:02.534Z
0.04040404,open,2021-06-26T08:42:00Z,28,665,0,693,693,24278[Karstadt],2021-06-26T08:47:02.534Z
0.94400895,open,2021-06-26T08:52:00Z,843,50,0,893,893,24277[Börse],2021-06-26T08:57:00.860Z
0.19,open,2021-06-26T08:52:00Z,38,162,150,350,200,24276[Turmcenter],2021-06-26T08:57:00.860Z
0.5298507,open,2021-06-26T08:52:00Z,213,189,0,402,402,18944[Alte Oper],2021-06-26T08:57:00.860Z
0.054945055,open,2021-06-26T08:52:00Z,20,344,0,364,364,24281[Hauptbahnhof Süd],2021-06-26T08:57:00.860Z
0.43229166,open,2021-06-26T08:52:00Z,166,218,0,384,384,105479[Baseler Platz],2021-06-26T08:57:00.860Z
0.65760195,open,2021-06-26T08:52:00Z,532,277,0,809,809,24279[Konstabler],2021-06-26T08:57:00.860Z
0.85211265,open,2021-06-26T08:52:00Z,363,63,0,426,426,18497[Hauptwache],2021-06-26T08:57:00.860Z
0.3485294,open,2021-06-26T08:52:00Z,237,443,0,680,680,18495[Am Gericht],2021-06-26T08:57:00.860Z
0.31858408,open,2021-06-26T08:52:00Z,252,539,75,866,791,109240[MyZeil],2021-06-26T08:57:00.860Z
0.18062398,open,2021-06-26T08:52:00Z,110,499,0,609,609,18494[Konrad-Adenauer-Straße],2021-06-26T08:57:00.860Z
0.046176046,open,2021-06-26T08:52:00Z,32,661,0,693,693,24278[Karstadt],2021-06-26T08:57:00.860Z
0.94400895,open,2021-06-26T09:12:00Z,843,50,0,893,893,24277[Börse],2021-06-26T09:17:02.496Z
0.195,open,2021-06-26T09:12:00Z,39,161,150,350,200,24276[Turmcenter],2021-06-26T09:17:02.496Z
0.58457714,open,2021-06-26T09:12:00Z,235,167,0,402,402,18944[Alte Oper],2021-06-26T09:17:02.496Z
0.052197803,open,2021-06-26T09:12:00Z,19,345,0,364,364,24281[Hauptbahnhof Süd],2021-06-26T09:17:02.496Z
0.43489584,open,2021-06-26T09:12:00Z,167,217,0,384,384,105479[Baseler Platz],2021-06-26T09:17:02.496Z
0.72435105,open,2021-06-26T09:12:00Z,586,223,0,809,809,24279[Konstabler],2021-06-26T09:17:02.496Z
0.92253524,open,2021-06-26T09:12:00Z,393,33,0,426,426,18497[Hauptwache],2021-06-26T09:17:02.496Z
0.3720588,open,2021-06-26T09:12:00Z,253,427,0,680,680,18495[Am Gericht],2021-06-26T09:17:02.496Z
0.3539823,open,2021-06-26T09:12:00Z,280,511,75,866,791,109240[MyZeil],2021-06-26T09:17:02.496Z
0.21510673,open,2021-06-26T09:12:00Z,131,478,0,609,609,18494[Konrad-Adenauer-Straße],2021-06-26T09:17:02.496Z
0.04040404,open,2021-06-26T09:12:00Z,28,665,0,693,693,24278[Karstadt],2021-06-26T09:17:02.496Z
0.94400895,open,2021-06-26T09:32:00Z,843,50,0,893,893,24277[Börse],2021-06-26T09:37:00.546Z
0.225,open,2021-06-26T09:32:00Z,45,155,150,350,200,24276[Turmcenter],2021-06-26T09:37:00.546Z
0.6268657,open,2021-06-26T09:32:00Z,252,150,0,402,402,18944[Alte Oper],2021-06-26T09:37:00.546Z
0.054945055,open,2021-06-26T09:32:00Z,20,344,0,364,364,24281[Hauptbahnhof Süd],2021-06-26T09:37:00.546Z
0.4375,open,2021-06-26T09:32:00Z,168,216,0,384,384,105479[Baseler Platz],2021-06-26T09:37:00.546Z
0.789864,open,2021-06-26T09:32:00Z,639,170,0,809,809,24279[Konstabler],2021-06-26T09:37:00.546Z
0.98122066,open,2021-06-26T09:32:00Z,418,8,0,426,426,18497[Hauptwache],2021-06-26T09:37:00.546Z
0.41029412,open,2021-06-26T09:32:00Z,279,401,0,680,680,18495[Am Gericht],2021-06-26T09:37:00.546Z
0.38938054,open,2021-06-26T09:32:00Z,308,483,75,866,791,109240[MyZeil],2021-06-26T09:37:00.546Z
0.2545156,open,2021-06-26T09:32:00Z,155,454,0,609,609,18494[Konrad-Adenauer-Straße],2021-06-26T09:37:00.546Z
0.033189032,open,2021-06-26T09:32:00Z,23,670,0,693,693,24278[Karstadt],2021-06-26T09:37:00.546Z
0.94400895,open,2021-06-26T09:42:00Z,843,50,0,893,893,24277[Börse],2021-06-26T09:47:00.089Z
0.24,open,2021-06-26T09:42:00Z,48,152,150,350,200,24276[Turmcenter],2021-06-26T09:47:00.089Z
0.6467662,open,2021-06-26T09:42:00Z,260,142,0,402,402,18944[Alte Oper],2021-06-26T09:47:00.089Z
0.06043956,open,2021-06-26T09:42:00Z,22,342,0,364,364,24281[Hauptbahnhof Süd],2021-06-26T09:47:00.089Z
0.4296875,open,2021-06-26T09:42:00Z,165,219,0,384,384,105479[Baseler Platz],2021-06-26T09:47:00.089Z
0.81334984,open,2021-06-26T09:42:00Z,658,151,0,809,809,24279[Konstabler],2021-06-26T09:47:00.089Z
1,open,2021-06-26T09:42:00Z,426,0,0,426,426,18497[Hauptwache],2021-06-26T09:47:00.089Z
0.41470587,open,2021-06-26T09:42:00Z,282,398,0,680,680,18495[Am Gericht],2021-06-26T09:47:00.089Z
0.4045512,open,2021-06-26T09:42:00Z,320,471,75,866,791,109240[MyZeil],2021-06-26T09:47:00.089Z
0.25615764,open,2021-06-26T09:42:00Z,156,453,0,609,609,18494[Konrad-Adenauer-Straße],2021-06-26T09:47:00.089Z
0.025974026,open,2021-06-26T09:42:00Z,18,675,0,693,693,24278[Karstadt],2021-06-26T09:47:00.089Z
0.94400895,open,2021-06-26T09:58:00Z,843,50,0,893,893,24277[Börse],2021-06-26T10:02:00.380Z
0.225,open,2021-06-26T09:58:00Z,45,155,150,350,200,24276[Turmcenter],2021-06-26T10:02:00.380Z
0.67412937,open,2021-06-26T09:58:00Z,271,131,0,402,402,18944[Alte Oper],2021-06-26T10:02:00.380Z
0.054945055,open,2021-06-26T09:58:00Z,20,344,0,364,364,24281[Hauptbahnhof Süd],2021-06-26T10:02:00.380Z
0.4375,open,2021-06-26T09:58:00Z,168,216,0,384,384,105479[Baseler Platz],2021-06-26T10:02:00.380Z
0.855377,open,2021-06-26T09:58:00Z,692,117,0,809,809,24279[Konstabler],2021-06-26T10:02:00.380Z
1,open,2021-06-26T09:58:00Z,426,0,0,426,426,18497[Hauptwache],2021-06-26T10:02:00.380Z
0.42205882,open,2021-06-26T09:58:00Z,287,393,0,680,680,18495[Am Gericht],2021-06-26T10:02:00.380Z
0.41845766,open,2021-06-26T09:58:00Z,331,460,75,866,791,109240[MyZeil],2021-06-26T10:02:00.380Z
0.28078818,open,2021-06-26T09:58:00Z,171,438,0,609,609,18494[Konrad-Adenauer-Straße],2021-06-26T10:02:00.380Z
0.01010101,open,2021-06-26T09:58:00Z,7,686,0,693,693,24278[Karstadt],2021-06-26T10:02:00.380Z
0.94400895,open,2021-06-26T10:18:00Z,843,50,0,893,893,24277[Börse],2021-06-26T10:22:02.648Z
0.25,open,2021-06-26T10:18:00Z,50,150,150,350,200,24276[Turmcenter],2021-06-26T10:22:02.648Z
0.6865672,open,2021-06-26T10:18:00Z,276,126,0,402,402,18944[Alte Oper],2021-06-26T10:22:02.648Z
0.057692308,open,2021-06-26T10:18:00Z,21,343,0,364,364,24281[Hauptbahnhof Süd],2021-06-26T10:22:02.648Z
0.43489584,open,2021-06-26T10:18:00Z,167,217,0,384,384,105479[Baseler Platz],2021-06-26T10:22:02.648Z
0.9147095,open,2021-06-26T10:18:00Z,740,69,0,809,809,24279[Konstabler],2021-06-26T10:22:02.648Z
1,open,2021-06-26T10:18:00Z,426,0,0,426,426,18497[Hauptwache],2021-06-26T10:22:02.648Z
0.45882353,open,2021-06-26T10:18:00Z,312,368,0,680,680,18495[Am Gericht],2021-06-26T10:22:02.648Z
0.4386852,open,2021-06-26T10:18:00Z,347,444,75,866,791,109240[MyZeil],2021-06-26T10:22:02.648Z
0.30377668,open,2021-06-26T10:18:00Z,185,424,0,609,609,18494[Konrad-Adenauer-Straße],2021-06-26T10:22:02.648Z
0.0043290043,open,2021-06-26T10:18:00Z,3,690,0,693,693,24278[Karstadt],2021-06-26T10:22:02.648Z
0.94400895,open,2021-06-26T10:33:00Z,843,50,0,893,893,24277[Börse],2021-06-26T10:37:00.443Z
0.265,open,2021-06-26T10:33:00Z,53,147,150,350,200,24276[Turmcenter],2021-06-26T10:37:00.443Z
0.6965174,open,2021-06-26T10:33:00Z,280,122,0,402,402,18944[Alte Oper],2021-06-26T10:37:00.443Z
0.06318682,open,2021-06-26T10:33:00Z,23,341,0,364,364,24281[Hauptbahnhof Süd],2021-06-26T10:37:00.443Z
0.4375,open,2021-06-26T10:33:00Z,168,216,0,384,384,105479[Baseler Platz],2021-06-26T10:37:00.443Z
0.94437575,open,2021-06-26T10:33:00Z,764,45,0,809,809,24279[Konstabler],2021-06-26T10:37:00.443Z
1,open,2021-06-26T10:33:00Z,426,0,0,426,426,18497[Hauptwache],2021-06-26T10:37:00.443Z
0.4852941,open,2021-06-26T10:33:00Z,330,350,0,680,680,18495[Am Gericht],2021-06-26T10:37:00.443Z
0.43424317,open,2021-06-26T10:33:00Z,350,456,75,881,806,109240[MyZeil],2021-06-26T10:37:00.443Z
0.33333334,open,2021-06-26T10:33:00Z,203,406,0,609,609,18494[Konrad-Adenauer-Straße],2021-06-26T10:37:00.443Z
0,open,2021-06-26T10:33:00Z,0,693,0,693,693,24278[Karstadt],2021-06-26T10:37:00.443Z
0.94400895,open,2021-06-26T10:43:00Z,843,50,0,893,893,24277[Börse],2021-06-26T10:47:01.223Z
0.28,open,2021-06-26T10:43:00Z,56,144,150,350,200,24276[Turmcenter],2021-06-26T10:47:01.223Z
0.71890545,open,2021-06-26T10:43:00Z,289,113,0,402,402,18944[Alte Oper],2021-06-26T10:47:01.223Z
0.06593407,open,2021-06-26T10:43:00Z,24,340,0,364,364,24281[Hauptbahnhof Süd],2021-06-26T10:47:01.223Z
0.43229166,open,2021-06-26T10:43:00Z,166,218,0,384,384,105479[Baseler Platz],2021-06-26T10:47:01.223Z
0.9641533,open,2021-06-26T10:43:00Z,780,29,0,809,809,24279[Konstabler],2021-06-26T10:47:01.223Z
0.9929578,open,2021-06-26T10:43:00Z,423,3,0,426,426,18497[Hauptwache],2021-06-26T10:47:01.223Z
0.4882353,open,2021-06-26T10:43:00Z,332,348,0,680,680,18495[Am Gericht],2021-06-26T10:47:01.223Z
0.455335,open,2021-06-26T10:43:00Z,367,439,75,881,806,109240[MyZeil],2021-06-26T10:47:01.223Z
0.34811166,open,2021-06-26T10:43:00Z,212,397,0,609,609,18494[Konrad-Adenauer-Straße],2021-06-26T10:47:01.223Z
0.0028860029,open,2021-06-26T10:43:00Z,2,691,0,693,693,24278[Karstadt],2021-06-26T10:47:01.223Z
0.94400895,open,2021-06-26T10:53:00Z,843,50,0,893,893,24277[Börse],2021-06-26T10:57:01.966Z
0.27,open,2021-06-26T10:53:00Z,54,146,150,350,200,24276[Turmcenter],2021-06-26T10:57:01.966Z
0.75124377,open,2021-06-26T10:53:00Z,302,100,0,402,402,18944[Alte Oper],2021-06-26T10:57:01.966Z
0.071428575,open,2021-06-26T10:53:00Z,26,338,0,364,364,24281[Hauptbahnhof Süd],2021-06-26T10:57:01.966Z
0.4296875,open,2021-06-26T10:53:00Z,165,219,0,384,384,105479[Baseler Platz],2021-06-26T10:57:01.966Z
0.986403,open,2021-06-26T10:53:00Z,798,11,0,809,809,24279[Konstabler],2021-06-26T10:57:01.966Z
1,open,2021-06-26T10:53:00Z,426,0,0,426,426,18497[Hauptwache],2021-06-26T10:57:01.966Z
0.49117646,open,2021-06-26T10:53:00Z,334,346,0,680,680,18495[Am Gericht],2021-06-26T10:57:01.966Z
0.4540943,open,2021-06-26T10:53:00Z,366,440,75,881,806,109240[MyZeil],2021-06-26T10:57:01.966Z
0.37110016,open,2021-06-26T10:53:00Z,226,383,0,609,609,18494[Konrad-Adenauer-Straße],2021-06-26T10:57:01.966Z
0,open,2021-06-26T10:53:00Z,0,693,0,693,693,24278[Karstadt],2021-06-26T10:57:01.966Z
0.94400895,open,2021-06-26T11:08:00Z,843,50,0,893,893,24277[Börse],2021-06-26T11:12:02.407Z
0.235,open,2021-06-26T11:08:00Z,47,153,150,350,200,24276[Turmcenter],2021-06-26T11:12:02.407Z
0.7761194,open,2021-06-26T11:08:00Z,312,90,0,402,402,18944[Alte Oper],2021-06-26T11:12:02.407Z
0.06318682,open,2021-06-26T11:08:00Z,23,341,0,364,364,24281[Hauptbahnhof Süd],2021-06-26T11:12:02.407Z
0.4375,open,2021-06-26T11:08:00Z,168,216,0,384,384,105479[Baseler Platz],2021-06-26T11:12:02.407Z
0.9913473,open,2021-06-26T11:08:00Z,802,7,0,809,809,24279[Konstabler],2021-06-26T11:12:02.407Z
1,open,2021-06-26T11:08:00Z,426,0,0,426,426,18497[Hauptwache],2021-06-26T11:12:02.407Z
0.4779412,open,2021-06-26T11:08:00Z,325,355,0,680,680,18495[Am Gericht],2021-06-26T11:12:02.407Z
0.48511165,open,2021-06-26T11:08:00Z,391,415,75,881,806,109240[MyZeil],2021-06-26T11:12:02.407Z
0.3727422,open,2021-06-26T11:08:00Z,227,382,0,609,609,18494[Konrad-Adenauer-Straße],2021-06-26T11:12:02.407Z
0,open,2021-06-26T11:08:00Z,0,693,0,693,693,24278[Karstadt],2021-06-26T11:12:02.407Z
0.94400895,open,2021-06-26T11:23:00Z,843,50,0,893,893,24277[Börse],2021-06-26T11:27:01.804Z
0.255,open,2021-06-26T11:23:00Z,51,149,150,350,200,24276[Turmcenter],2021-06-26T11:27:01.804Z
0.7910448,open,2021-06-26T11:23:00Z,318,84,0,402,402,18944[Alte Oper],2021-06-26T11:27:01.804Z
0.06318682,open,2021-06-26T11:23:00Z,23,341,0,364,364,24281[Hauptbahnhof Süd],2021-06-26T11:27:01.804Z
0.44270834,open,2021-06-26T11:23:00Z,170,214,0,384,384,105479[Baseler Platz],2021-06-26T11:27:01.804Z
1,open,2021-06-26T11:23:00Z,809,0,0,809,809,24279[Konstabler],2021-06-26T11:27:01.804Z
1,open,2021-06-26T11:23:00Z,426,0,0,426,426,18497[Hauptwache],2021-06-26T11:27:01.804Z
0.48088235,open,2021-06-26T11:23:00Z,327,353,0,680,680,18495[Am Gericht],2021-06-26T11:27:01.804Z
0.48883376,open,2021-06-26T11:23:00Z,394,412,75,881,806,109240[MyZeil],2021-06-26T11:27:01.804Z
0.39901477,open,2021-06-26T11:23:00Z,243,366,0,609,609,18494[Konrad-Adenauer-Straße],2021-06-26T11:27:01.804Z
0,open,2021-06-26T11:23:00Z,0,693,0,693,693,24278[Karstadt],2021-06-26T11:27:01.804Z
0.94400895,open,2021-06-26T11:33:00Z,843,50,0,893,893,24277[Börse],2021-06-26T11:37:01.640Z
0.245,open,2021-06-26T11:33:00Z,49,151,150,350,200,24276[Turmcenter],2021-06-26T11:37:01.640Z
0.80845773,open,2021-06-26T11:33:00Z,325,77,0,402,402,18944[Alte Oper],2021-06-26T11:37:01.640Z
0.06593407,open,2021-06-26T11:33:00Z,24,340,0,364,364,24281[Hauptbahnhof Süd],2021-06-26T11:37:01.640Z
0.4453125,open,2021-06-26T11:33:00Z,171,213,0,384,384,105479[Baseler Platz],2021-06-26T11:37:01.640Z
1,open,2021-06-26T11:33:00Z,809,0,0,809,809,24279[Konstabler],2021-06-26T11:37:01.640Z
1,open,2021-06-26T11:33:00Z,426,0,0,426,426,18497[Hauptwache],2021-06-26T11:37:01.640Z
0.4735294,open,2021-06-26T11:33:00Z,322,358,0,680,680,18495[Am Gericht],2021-06-26T11:37:01.640Z
0.5086849,open,2021-06-26T11:33:00Z,410,396,75,881,806,109240[MyZeil],2021-06-26T11:37:01.640Z
0.38752052,open,2021-06-26T11:33:00Z,236,373,0,609,609,18494[Konrad-Adenauer-Straße],2021-06-26T11:37:01.640Z
0,open,2021-06-26T11:33:00Z,0,693,0,693,693,24278[Karstadt],2021-06-26T11:37:01.640Z
0.94400895,open,2021-06-26T11:44:00Z,843,50,0,893,893,24277[Börse],2021-06-26T11:47:02.240Z
0.23,open,2021-06-26T11:44:00Z,46,154,150,350,200,24276[Turmcenter],2021-06-26T11:47:02.240Z
0.8358209,open,2021-06-26T11:44:00Z,336,66,0,402,402,18944[Alte Oper],2021-06-26T11:47:02.240Z
0.06043956,open,2021-06-26T11:44:00Z,22,342,0,364,364,24281[Hauptbahnhof Süd],2021-06-26T11:47:02.240Z
0.44791666,open,2021-06-26T11:44:00Z,172,212,0,384,384,105479[Baseler Platz],2021-06-26T11:47:02.240Z
1,open,2021-06-26T11:44:00Z,809,0,0,809,809,24279[Konstabler],2021-06-26T11:47:02.240Z
1,open,2021-06-26T11:44:00Z,426,0,0,426,426,18497[Hauptwache],2021-06-26T11:47:02.240Z
0.4852941,open,2021-06-26T11:44:00Z,330,350,0,680,680,18495[Am Gericht],2021-06-26T11:47:02.240Z
0.5223325,open,2021-06-26T11:44:00Z,421,385,75,881,806,109240[MyZeil],2021-06-26T11:47:02.240Z
0.41379312,open,2021-06-26T11:44:00Z,252,357,0,609,609,18494[Konrad-Adenauer-Straße],2021-06-26T11:47:02.240Z
0,open,2021-06-26T11:44:00Z,0,693,0,693,693,24278[Karstadt],2021-06-26T11:47:02.240Z
0.94400895,open,2021-06-26T11:48:00Z,843,50,0,893,893,24277[Börse],2021-06-26T11:52:00.994Z
0.23,open,2021-06-26T11:48:00Z,46,154,150,350,200,24276[Turmcenter],2021-06-26T11:52:00.994Z
0.8532338,open,2021-06-26T11:48:00Z,343,59,0,402,402,18944[Alte Oper],2021-06-26T11:52:00.994Z
0.06043956,open,2021-06-26T11:48:00Z,22,342,0,364,364,24281[Hauptbahnhof Süd],2021-06-26T11:52:00.994Z
0.44791666,open,2021-06-26T11:48:00Z,172,212,0,384,384,105479[Baseler Platz],2021-06-26T11:52:00.994Z
1,open,2021-06-26T11:48:00Z,809,0,0,809,809,24279[Konstabler],2021-06-26T11:52:00.994Z
1,open,2021-06-26T11:48:00Z,426,0,0,426,426,18497[Hauptwache],2021-06-26T11:52:00.994Z
0.49117646,open,2021-06-26T11:48:00Z,334,346,0,680,680,18495[Am Gericht],2021-06-26T11:52:00.994Z
0.5272953,open,2021-06-26T11:48:00Z,425,381,75,881,806,109240[MyZeil],2021-06-26T11:52:00.994Z
0.42036125,open,2021-06-26T11:48:00Z,256,353,0,609,609,18494[Konrad-Adenauer-Straße],2021-06-26T11:52:00.994Z
0.0014430014,open,2021-06-26T11:48:00Z,1,692,0,693,693,24278[Karstadt],2021-06-26T11:52:00.994Z
0.94400895,open,2021-06-26T12:19:00Z,843,50,0,893,893,24277[Börse],2021-06-26T12:22:02.926Z
0.22,open,2021-06-26T12:19:00Z,44,156,150,350,200,24276[Turmcenter],2021-06-26T12:22:02.926Z
0.8706468,open,2021-06-26T12:19:00Z,350,52,0,402,402,18944[Alte Oper],2021-06-26T12:22:02.926Z
0.06868132,open,2021-06-26T12:19:00Z,25,339,0,364,364,24281[Hauptbahnhof Süd],2021-06-26T12:22:02.926Z
0.45572916,open,2021-06-26T12:19:00Z,175,209,0,384,384,105479[Baseler Platz],2021-06-26T12:22:02.926Z
0.9913473,open,2021-06-26T12:19:00Z,802,7,0,809,809,24279[Konstabler],2021-06-26T12:22:02.926Z
1,open,2021-06-26T12:19:00Z,426,0,0,426,426,18497[Hauptwache],2021-06-26T12:22:02.926Z
0.5352941,open,2021-06-26T12:19:00Z,364,316,0,680,680,18495[Am Gericht],2021-06-26T12:22:02.926Z
0.53349876,open,2021-06-26T12:19:00Z,430,376,75,881,806,109240[MyZeil],2021-06-26T12:22:02.926Z
0.45155993,open,2021-06-26T12:19:00Z,275,334,0,609,609,18494[Konrad-Adenauer-Straße],2021-06-26T12:22:02.926Z
0,open,2021-06-26T12:19:00Z,0,693,0,693,693,24278[Karstadt],2021-06-26T12:22:02.926Z
0.94400895,open,2021-06-26T12:54:00Z,843,50,0,893,893,24277[Börse],2021-06-26T12:57:01.966Z
0.23,open,2021-06-26T12:54:00Z,46,154,150,350,200,24276[Turmcenter],2021-06-26T12:57:01.966Z
0.8606965,open,2021-06-26T12:54:00Z,346,56,0,402,402,18944[Alte Oper],2021-06-26T12:57:01.966Z
0.07417583,open,2021-06-26T12:54:00Z,27,337,0,364,364,24281[Hauptbahnhof Süd],2021-06-26T12:57:01.966Z
0.47395834,open,2021-06-26T12:54:00Z,182,202,0,384,384,105479[Baseler Platz],2021-06-26T12:57:01.966Z
1,open,2021-06-26T12:54:00Z,809,0,0,809,809,24279[Konstabler],2021-06-26T12:57:01.966Z
0.9976526,open,2021-06-26T12:54:00Z,425,1,0,426,426,18497[Hauptwache],2021-06-26T12:57:01.966Z
0.5617647,open,2021-06-26T12:54:00Z,382,298,0,680,680,18495[Am Gericht],2021-06-26T12:57:01.966Z
0.54218364,open,2021-06-26T12:54:00Z,437,369,75,881,806,109240[MyZeil],2021-06-26T12:57:01.966Z
0.45812806,open,2021-06-26T12:54:00Z,279,330,0,609,609,18494[Konrad-Adenauer-Straße],2021-06-26T12:57:01.966Z
0.0014430014,open,2021-06-26T12:54:00Z,1,692,0,693,693,24278[Karstadt],2021-06-26T12:57:01.966Z
0.94400895,open,2021-06-26T13:19:00Z,843,50,0,893,893,24277[Börse],2021-06-26T13:22:00.911Z
0.23,open,2021-06-26T13:19:00Z,46,154,150,350,200,24276[Turmcenter],2021-06-26T13:22:00.911Z
0.840796,open,2021-06-26T13:19:00Z,338,64,0,402,402,18944[Alte Oper],2021-06-26T13:22:00.911Z
0.071428575,open,2021-06-26T13:19:00Z,26,338,0,364,364,24281[Hauptbahnhof Süd],2021-06-26T13:22:00.911Z
0.4921875,open,2021-06-26T13:19:00Z,189,195,0,384,384,105479[Baseler Platz],2021-06-26T13:22:00.911Z
1,open,2021-06-26T13:19:00Z,809,0,0,809,809,24279[Konstabler],2021-06-26T13:22:00.911Z
1,open,2021-06-26T13:19:00Z,426,0,0,426,426,18497[Hauptwache],2021-06-26T13:22:00.911Z
0.5926471,open,2021-06-26T13:19:00Z,403,277,0,680,680,18495[Am Gericht],2021-06-26T13:22:00.911Z
0.5645161,open,2021-06-26T13:19:00Z,455,351,75,881,806,109240[MyZeil],2021-06-26T13:22:00.911Z
0.48932678,open,2021-06-26T13:19:00Z,298,311,0,609,609,18494[Konrad-Adenauer-Straße],2021-06-26T13:22:00.911Z
0,open,2021-06-26T13:19:00Z,0,693,0,693,693,24278[Karstadt],2021-06-26T13:22:00.911Z
0.94400895,open,2021-06-26T13:35:00Z,843,50,0,893,893,24277[Börse],2021-06-26T13:37:00.169Z
0.235,open,2021-06-26T13:35:00Z,47,153,150,350,200,24276[Turmcenter],2021-06-26T13:37:00.169Z
0.8333333,open,2021-06-26T13:35:00Z,335,67,0,402,402,18944[Alte Oper],2021-06-26T13:37:00.169Z
0.07692308,open,2021-06-26T13:35:00Z,28,336,0,364,364,24281[Hauptbahnhof Süd],2021-06-26T13:37:00.169Z
0.49739584,open,2021-06-26T13:35:00Z,191,193,0,384,384,105479[Baseler Platz],2021-06-26T13:37:00.169Z
0.9913473,open,2021-06-26T13:35:00Z,802,7,0,809,809,24279[Konstabler],2021-06-26T13:37:00.169Z
1,open,2021-06-26T13:35:00Z,426,0,0,426,426,18497[Hauptwache],2021-06-26T13:37:00.169Z
0.63529414,open,2021-06-26T13:35:00Z,432,248,0,680,680,18495[Am Gericht],2021-06-26T13:37:00.169Z
0.573201,open,2021-06-26T13:35:00Z,462,344,75,881,806,109240[MyZeil],2021-06-26T13:37:00.169Z
0.500821,open,2021-06-26T13:35:00Z,305,304,0,609,609,18494[Konrad-Adenauer-Straße],2021-06-26T13:37:00.169Z
0,open,2021-06-26T13:35:00Z,0,693,0,693,693,24278[Karstadt],2021-06-26T13:37:00.169Z
0.94400895,open,2021-06-26T13:45:00Z,843,50,0,893,893,24277[Börse],2021-06-26T13:47:02.653Z
0.23,open,2021-06-26T13:45:00Z,46,154,150,350,200,24276[Turmcenter],2021-06-26T13:47:02.653Z
0.81840795,open,2021-06-26T13:45:00Z,329,73,0,402,402,18944[Alte Oper],2021-06-26T13:47:02.653Z
0.07692308,open,2021-06-26T13:45:00Z,28,336,0,364,364,24281[Hauptbahnhof Süd],2021-06-26T13:47:02.653Z
0.48958334,open,2021-06-26T13:45:00Z,188,196,0,384,384,105479[Baseler Platz],2021-06-26T13:47:02.653Z
0.99258345,open,2021-06-26T13:45:00Z,803,6,0,809,809,24279[Konstabler],2021-06-26T13:47:02.653Z
1,open,2021-06-26T13:45:00Z,426,0,0,426,426,18497[Hauptwache],2021-06-26T13:47:02.653Z
0.6485294,open,2021-06-26T13:45:00Z,441,239,0,680,680,18495[Am Gericht],2021-06-26T13:47:02.653Z
0.58312654,open,2021-06-26T13:45:00Z,470,336,75,881,806,109240[MyZeil],2021-06-26T13:47:02.653Z
0.50246304,open,2021-06-26T13:45:00Z,306,303,0,609,609,18494[Konrad-Adenauer-Straße],2021-06-26T13:47:02.653Z
0,open,2021-06-26T13:45:00Z,0,693,0,693,693,24278[Karstadt],2021-06-26T13:47:02.653Z
0.94400895,open,2021-06-26T13:50:00Z,843,50,0,893,893,24277[Börse],2021-06-26T13:52:02.531Z
0.235,open,2021-06-26T13:50:00Z,47,153,150,350,200,24276[Turmcenter],2021-06-26T13:52:02.531Z
0.8134328,open,2021-06-26T13:50:00Z,327,75,0,402,402,18944[Alte Oper],2021-06-26T13:52:02.531Z
0.07417583,open,2021-06-26T13:50:00Z,27,337,0,364,364,24281[Hauptbahnhof Süd],2021-06-26T13:52:02.531Z
0.49479166,open,2021-06-26T13:50:00Z,190,194,0,384,384,105479[Baseler Platz],2021-06-26T13:52:02.531Z
1,open,2021-06-26T13:50:00Z,809,0,0,809,809,24279[Konstabler],2021-06-26T13:52:02.531Z
0.9976526,open,2021-06-26T13:50:00Z,425,1,0,426,426,18497[Hauptwache],2021-06-26T13:52:02.531Z
0.64411765,open,2021-06-26T13:50:00Z,438,242,0,680,680,18495[Am Gericht],2021-06-26T13:52:02.531Z
0.58312654,open,2021-06-26T13:50:00Z,470,336,75,881,806,109240[MyZeil],2021-06-26T13:52:02.531Z
0.5041051,open,2021-06-26T13:50:00Z,307,302,0,609,609,18494[Konrad-Adenauer-Straße],2021-06-26T13:52:02.531Z
0,open,2021-06-26T13:50:00Z,0,693,0,693,693,24278[Karstadt],2021-06-26T13:52:02.531Z
0.94400895,open,2021-06-26T14:10:00Z,843,50,0,893,893,24277[Börse],2021-06-26T14:12:00.697Z
0.24,open,2021-06-26T14:10:00Z,48,152,150,350,200,24276[Turmcenter],2021-06-26T14:12:00.697Z
0.77860695,open,2021-06-26T14:10:00Z,313,89,0,402,402,18944[Alte Oper],2021-06-26T14:12:00.697Z
0.071428575,open,2021-06-26T14:10:00Z,26,338,0,364,364,24281[Hauptbahnhof Süd],2021-06-26T14:12:00.697Z
0.4765625,open,2021-06-26T14:10:00Z,183,201,0,384,384,105479[Baseler Platz],2021-06-26T14:12:00.697Z
1,open,2021-06-26T14:10:00Z,809,0,0,809,809,24279[Konstabler],2021-06-26T14:12:00.697Z
0.9976526,open,2021-06-26T14:10:00Z,425,1,0,426,426,18497[Hauptwache],2021-06-26T14:12:00.697Z
0.65882355,open,2021-06-26T14:10:00Z,448,232,0,680,680,18495[Am Gericht],2021-06-26T14:12:00.697Z
0.5707196,open,2021-06-26T14:10:00Z,460,346,75,881,806,109240[MyZeil],2021-06-26T14:12:00.697Z
0.4958949,open,2021-06-26T14:10:00Z,302,307,0,609,609,18494[Konrad-Adenauer-Straße],2021-06-26T14:12:00.697Z
0,open,2021-06-26T14:10:00Z,0,693,0,693,693,24278[Karstadt],2021-06-26T14:12:00.697Z
0.94400895,open,2021-06-26T14:25:00Z,843,50,0,893,893,24277[Börse],2021-06-26T14:27:02.297Z
0.2,open,2021-06-26T14:25:00Z,40,160,150,350,200,24276[Turmcenter],2021-06-26T14:27:02.297Z
0.76865673,open,2021-06-26T14:25:00Z,309,93,0,402,402,18944[Alte Oper],2021-06-26T14:27:02.297Z
0.06318682,open,2021-06-26T14:25:00Z,23,341,0,364,364,24281[Hauptbahnhof Süd],2021-06-26T14:27:02.297Z
0.49739584,open,2021-06-26T14:25:00Z,191,193,0,384,384,105479[Baseler Platz],2021-06-26T14:27:02.297Z
0.99011123,open,2021-06-26T14:25:00Z,801,8,0,809,809,24279[Konstabler],2021-06-26T14:27:02.297Z
1,open,2021-06-26T14:25:00Z,426,0,0,426,426,18497[Hauptwache],2021-06-26T14:27:02.297Z
0.6720588,open,2021-06-26T14:25:00Z,457,223,0,680,680,18495[Am Gericht],2021-06-26T14:27:02.297Z
0.5694789,open,2021-06-26T14:25:00Z,459,347,75,881,806,109240[MyZeil],2021-06-26T14:27:02.297Z
0.47783253,open,2021-06-26T14:25:00Z,291,318,0,609,609,18494[Konrad-Adenauer-Straße],2021-06-26T14:27:02.297Z
0,open,2021-06-26T14:25:00Z,0,693,0,693,693,24278[Karstadt],2021-06-26T14:27:02.297Z
0.94400895,open,2021-06-26T14:30:00Z,843,50,0,893,893,24277[Börse],2021-06-26T14:32:02.590Z
0.19,open,2021-06-26T14:30:00Z,38,162,150,350,200,24276[Turmcenter],2021-06-26T14:32:02.590Z
0.76616913,open,2021-06-26T14:30:00Z,308,94,0,402,402,18944[Alte Oper],2021-06-26T14:32:02.590Z
0.06318682,open,2021-06-26T14:30:00Z,23,341,0,364,364,24281[Hauptbahnhof Süd],2021-06-26T14:32:02.590Z
0.49739584,open,2021-06-26T14:30:00Z,191,193,0,384,384,105479[Baseler Platz],2021-06-26T14:32:02.590Z
0.98763907,open,2021-06-26T14:30:00Z,799,10,0,809,809,24279[Konstabler],2021-06-26T14:32:02.590Z
1,open,2021-06-26T14:30:00Z,426,0,0,426,426,18497[Hauptwache],2021-06-26T14:32:02.590Z
0.66764706,open,2021-06-26T14:30:00Z,454,226,0,680,680,18495[Am Gericht],2021-06-26T14:32:02.590Z
0.5645161,open,2021-06-26T14:30:00Z,455,351,75,881,806,109240[MyZeil],2021-06-26T14:32:02.590Z
0.47126436,open,2021-06-26T14:30:00Z,287,322,0,609,609,18494[Konrad-Adenauer-Straße],2021-06-26T14:32:02.590Z
0,open,2021-06-26T14:30:00Z,0,693,0,693,693,24278[Karstadt],2021-06-26T14:32:02.590Z
0.94400895,open,2021-06-26T14:45:00Z,843,50,0,893,893,24277[Börse],2021-06-26T14:47:00.537Z
0.19,open,2021-06-26T14:45:00Z,38,162,150,350,200,24276[Turmcenter],2021-06-26T14:47:00.537Z
0.75124377,open,2021-06-26T14:45:00Z,302,100,0,402,402,18944[Alte Oper],2021-06-26T14:47:00.537Z
0.06318682,open,2021-06-26T14:45:00Z,23,341,0,364,364,24281[Hauptbahnhof Süd],2021-06-26T14:47:00.537Z
0.515625,open,2021-06-26T14:45:00Z,198,186,0,384,384,105479[Baseler Platz],2021-06-26T14:47:00.537Z
0.98516685,open,2021-06-26T14:45:00Z,797,12,0,809,809,24279[Konstabler],2021-06-26T14:47:00.537Z
1,open,2021-06-26T14:45:00Z,426,0,0,426,426,18497[Hauptwache],2021-06-26T14:47:00.537Z
0.67058825,open,2021-06-26T14:45:00Z,456,224,0,680,680,18495[Am Gericht],2021-06-26T14:47:00.537Z
0.5595533,open,2021-06-26T14:45:00Z,451,355,75,881,806,109240[MyZeil],2021-06-26T14:47:00.537Z
0.46469623,open,2021-06-26T14:45:00Z,283,326,0,609,609,18494[Konrad-Adenauer-Straße],2021-06-26T14:47:00.537Z
0,open,2021-06-26T14:45:00Z,0,693,0,693,693,24278[Karstadt],2021-06-26T14:47:00.537Z
0.94400895,open,2021-06-26T14:56:00Z,843,50,0,893,893,24277[Börse],2021-06-26T14:57:02.800Z
0.18,open,2021-06-26T14:56:00Z,36,164,150,350,200,24276[Turmcenter],2021-06-26T14:57:02.800Z
0.7437811,open,2021-06-26T14:56:00Z,299,103,0,402,402,18944[Alte Oper],2021-06-26T14:57:02.800Z
0.06043956,open,2021-06-26T14:56:00Z,22,342,0,364,364,24281[Hauptbahnhof Süd],2021-06-26T14:57:02.800Z
0.5182292,open,2021-06-26T14:56:00Z,199,185,0,384,384,105479[Baseler Platz],2021-06-26T14:57:02.800Z
0.986403,open,2021-06-26T14:56:00Z,798,11,0,809,809,24279[Konstabler],2021-06-26T14:57:02.800Z
1,open,2021-06-26T14:56:00Z,426,0,0,426,426,18497[Hauptwache],2021-06-26T14:57:02.800Z
0.6632353,open,2021-06-26T14:56:00Z,451,229,0,680,680,18495[Am Gericht],2021-06-26T14:57:02.800Z
0.5620347,open,2021-06-26T14:56:00Z,453,353,75,881,806,109240[MyZeil],2021-06-26T14:57:02.800Z
0.46962234,open,2021-06-26T14:56:00Z,286,323,0,609,609,18494[Konrad-Adenauer-Straße],2021-06-26T14:57:02.800Z
0,open,2021-06-26T14:56:00Z,0,693,0,693,693,24278[Karstadt],2021-06-26T14:57:02.800Z
0.94400895,open,2021-06-26T15:16:00Z,843,50,0,893,893,24277[Börse],2021-06-26T15:17:00.445Z
0.165,open,2021-06-26T15:16:00Z,33,167,150,350,200,24276[Turmcenter],2021-06-26T15:17:00.445Z
0.73880595,open,2021-06-26T15:16:00Z,297,105,0,402,402,18944[Alte Oper],2021-06-26T15:17:00.445Z
0.07417583,open,2021-06-26T15:16:00Z,27,337,0,364,364,24281[Hauptbahnhof Süd],2021-06-26T15:17:00.445Z
0.5078125,open,2021-06-26T15:16:00Z,195,189,0,384,384,105479[Baseler Platz],2021-06-26T15:17:00.445Z
0.99011123,open,2021-06-26T15:16:00Z,801,8,0,809,809,24279[Konstabler],2021-06-26T15:17:00.445Z
1,open,2021-06-26T15:16:00Z,426,0,0,426,426,18497[Hauptwache],2021-06-26T15:17:00.445Z
0.65,open,2021-06-26T15:16:00Z,442,238,0,680,680,18495[Am Gericht],2021-06-26T15:17:00.445Z
0.53598017,open,2021-06-26T15:16:00Z,432,374,75,881,806,109240[MyZeil],2021-06-26T15:17:00.445Z
0.4597701,open,2021-06-26T15:16:00Z,280,329,0,609,609,18494[Konrad-Adenauer-Straße],2021-06-26T15:17:00.445Z
0,open,2021-06-26T15:16:00Z,0,693,0,693,693,24278[Karstadt],2021-06-26T15:17:00.445Z
0.94400895,open,2021-06-26T15:36:00Z,843,50,0,893,893,24277[Börse],2021-06-26T15:37:00.619Z
0.14,open,2021-06-26T15:36:00Z,28,172,150,350,200,24276[Turmcenter],2021-06-26T15:37:00.619Z
0.6791045,open,2021-06-26T15:36:00Z,273,129,0,402,402,18944[Alte Oper],2021-06-26T15:37:00.619Z
0.071428575,open,2021-06-26T15:36:00Z,26,338,0,364,364,24281[Hauptbahnhof Süd],2021-06-26T15:37:00.619Z
0.5286458,open,2021-06-26T15:36:00Z,203,181,0,384,384,105479[Baseler Platz],2021-06-26T15:37:00.619Z
0.99258345,open,2021-06-26T15:36:00Z,803,6,0,809,809,24279[Konstabler],2021-06-26T15:37:00.619Z
0.9976526,open,2021-06-26T15:36:00Z,425,1,0,426,426,18497[Hauptwache],2021-06-26T15:37:00.619Z
0.6426471,open,2021-06-26T15:36:00Z,437,243,0,680,680,18495[Am Gericht],2021-06-26T15:37:00.619Z
0.51736975,open,2021-06-26T15:36:00Z,417,389,75,881,806,109240[MyZeil],2021-06-26T15:37:00.619Z
0.42692938,open,2021-06-26T15:36:00Z,260,349,0,609,609,18494[Konrad-Adenauer-Straße],2021-06-26T15:37:00.619Z
0,open,2021-06-26T15:36:00Z,0,693,0,693,693,24278[Karstadt],2021-06-26T15:37:00.619Z
0.94400895,open,2021-06-26T15:51:00Z,843,50,0,893,893,24277[Börse],2021-06-26T15:52:02.922Z
0.135,open,2021-06-26T15:51:00Z,27,173,150,350,200,24276[Turmcenter],2021-06-26T15:52:02.922Z
0.6666667,open,2021-06-26T15:51:00Z,268,134,0,402,402,18944[Alte Oper],2021-06-26T15:52:02.922Z
0.07417583,open,2021-06-26T15:51:00Z,27,337,0,364,364,24281[Hauptbahnhof Süd],2021-06-26T15:52:02.922Z
0.5442708,open,2021-06-26T15:51:00Z,209,175,0,384,384,105479[Baseler Platz],2021-06-26T15:52:02.922Z
0.9802225,open,2021-06-26T15:51:00Z,793,16,0,809,809,24279[Konstabler],2021-06-26T15:52:02.922Z
1,open,2021-06-26T15:51:00Z,426,0,0,426,426,18497[Hauptwache],2021-06-26T15:52:02.922Z
0.62352943,open,2021-06-26T15:51:00Z,424,256,0,680,680,18495[Am Gericht],2021-06-26T15:52:02.922Z
0.49812734,open,2021-06-26T15:51:00Z,399,402,75,876,801,109240[MyZeil],2021-06-26T15:52:02.922Z
0.43021345,open,2021-06-26T15:51:00Z,262,347,0,609,609,18494[Konrad-Adenauer-Straße],2021-06-26T15:52:02.922Z
0,open,2021-06-26T15:51:00Z,0,693,0,693,693,24278[Karstadt],2021-06-26T15:52:02.922Z
0.94400895,open,2021-06-26T16:06:00Z,843,50,0,893,893,24277[Börse],2021-06-26T16:12:02.365Z
0.14,open,2021-06-26T16:06:00Z,28,172,150,350,200,24276[Turmcenter],2021-06-26T16:12:02.365Z
0.6467662,open,2021-06-26T16:06:00Z,260,142,0,402,402,18944[Alte Oper],2021-06-26T16:12:02.365Z
0.06868132,open,2021-06-26T16:06:00Z,25,339,0,364,364,24281[Hauptbahnhof Süd],2021-06-26T16:12:02.365Z
0.5390625,open,2021-06-26T16:06:00Z,207,177,0,384,384,105479[Baseler Platz],2021-06-26T16:12:02.365Z
0.97156984,open,2021-06-26T16:06:00Z,786,23,0,809,809,24279[Konstabler],2021-06-26T16:12:02.365Z
0.9882629,open,2021-06-26T16:06:00Z,421,5,0,426,426,18497[Hauptwache],2021-06-26T16:12:02.365Z
0.62647057,open,2021-06-26T16:06:00Z,426,254,0,680,680,18495[Am Gericht],2021-06-26T16:12:02.365Z
0.48314607,open,2021-06-26T16:06:00Z,387,414,75,876,801,109240[MyZeil],2021-06-26T16:12:02.365Z
0.3957307,open,2021-06-26T16:06:00Z,241,368,0,609,609,18494[Konrad-Adenauer-Straße],2021-06-26T16:12:02.365Z
0,open,2021-06-26T16:06:00Z,0,693,0,693,693,24278[Karstadt],2021-06-26T16:12:02.365Z
0.94400895,open,2021-06-26T16:47:00Z,843,50,0,893,893,24277[Börse],2021-06-26T16:52:01.730Z
0.145,open,2021-06-26T16:47:00Z,29,171,150,350,200,24276[Turmcenter],2021-06-26T16:52:01.730Z
0.58208954,open,2021-06-26T16:47:00Z,234,168,0,402,402,18944[Alte Oper],2021-06-26T16:52:01.730Z
0.06593407,open,2021-06-26T16:47:00Z,24,340,0,364,364,24281[Hauptbahnhof Süd],2021-06-26T16:52:01.730Z
0.5416667,open,2021-06-26T16:47:00Z,208,176,0,384,384,105479[Baseler Platz],2021-06-26T16:52:01.730Z
0.9196539,open,2021-06-26T16:47:00Z,744,65,0,809,809,24279[Konstabler],2021-06-26T16:52:01.730Z
1,open,2021-06-26T16:47:00Z,426,0,0,426,426,18497[Hauptwache],2021-06-26T16:52:01.730Z
0.6220588,open,2021-06-26T16:47:00Z,423,257,0,680,680,18495[Am Gericht],2021-06-26T16:52:01.730Z
0.42571786,open,2021-06-26T16:47:00Z,341,460,75,876,801,109240[MyZeil],2021-06-26T16:52:01.730Z
0.3579639,open,2021-06-26T16:47:00Z,218,391,0,609,609,18494[Konrad-Adenauer-Straße],2021-06-26T16:52:01.730Z
0,open,2021-06-26T16:47:00Z,0,693,0,693,693,24278[Karstadt],2021-06-26T16:52:01.730Z
0.94400895,open,2021-06-26T17:12:00Z,843,50,0,893,893,24277[Börse],2021-06-26T17:17:02.103Z
0.155,open,2021-06-26T17:12:00Z,31,169,150,350,200,24276[Turmcenter],2021-06-26T17:17:02.103Z
0.56467664,open,2021-06-26T17:12:00Z,227,175,0,402,402,18944[Alte Oper],2021-06-26T17:17:02.103Z
0.054945055,open,2021-06-26T17:12:00Z,20,344,0,364,364,24281[Hauptbahnhof Süd],2021-06-26T17:17:02.103Z
0.546875,open,2021-06-26T17:12:00Z,210,174,0,384,384,105479[Baseler Platz],2021-06-26T17:17:02.103Z
0.87144625,open,2021-06-26T17:12:00Z,705,104,0,809,809,24279[Konstabler],2021-06-26T17:17:02.103Z
0.9976526,open,2021-06-26T17:12:00Z,425,1,0,426,426,18497[Hauptwache],2021-06-26T17:17:02.103Z
0.6191176,open,2021-06-26T17:12:00Z,421,259,0,680,680,18495[Am Gericht],2021-06-26T17:17:02.103Z
0.3895131,open,2021-06-26T17:12:00Z,312,489,75,876,801,109240[MyZeil],2021-06-26T17:17:02.103Z
0.34318554,open,2021-06-26T17:12:00Z,209,400,0,609,609,18494[Konrad-Adenauer-Straße],2021-06-26T17:17:02.103Z
0,open,2021-06-26T17:12:00Z,0,693,0,693,693,24278[Karstadt],2021-06-26T17:17:02.103Z
0.94400895,open,2021-06-26T17:33:00Z,843,50,0,893,893,24277[Börse],2021-06-26T17:37:02.292Z
0.16,open,2021-06-26T17:33:00Z,32,168,150,350,200,24276[Turmcenter],2021-06-26T17:37:02.292Z
0.5497512,open,2021-06-26T17:33:00Z,221,181,0,402,402,18944[Alte Oper],2021-06-26T17:37:02.292Z
0.054945055,open,2021-06-26T17:33:00Z,20,344,0,364,364,24281[Hauptbahnhof Süd],2021-06-26T17:37:02.292Z
0.5390625,open,2021-06-26T17:33:00Z,207,177,0,384,384,105479[Baseler Platz],2021-06-26T17:37:02.292Z
0.855377,open,2021-06-26T17:33:00Z,692,117,0,809,809,24279[Konstabler],2021-06-26T17:37:02.292Z
0.9906103,open,2021-06-26T17:33:00Z,422,4,0,426,426,18497[Hauptwache],2021-06-26T17:37:02.292Z
0.59705883,open,2021-06-26T17:33:00Z,406,274,0,680,680,18495[Am Gericht],2021-06-26T17:37:02.292Z
0.36953807,open,2021-06-26T17:33:00Z,296,505,75,876,801,109240[MyZeil],2021-06-26T17:37:02.292Z
0.3234811,open,2021-06-26T17:33:00Z,197,412,0,609,609,18494[Konrad-Adenauer-Straße],2021-06-26T17:37:02.292Z
0,closed,2021-06-26T17:33:00Z,,693,0,0,0,24278[Karstadt],2021-06-26T17:37:02.292Z
0.94400895,open,2021-06-26T17:43:00Z,843,50,0,893,893,24277[Börse],2021-06-26T17:47:01.055Z
0.165,open,2021-06-26T17:43:00Z,33,167,150,350,200,24276[Turmcenter],2021-06-26T17:47:01.055Z
0.5497512,open,2021-06-26T17:43:00Z,221,181,0,402,402,18944[Alte Oper],2021-06-26T17:47:01.055Z
0.052197803,open,2021-06-26T17:43:00Z,19,345,0,364,364,24281[Hauptbahnhof Süd],2021-06-26T17:47:01.055Z
0.5442708,open,2021-06-26T17:43:00Z,209,175,0,384,384,105479[Baseler Platz],2021-06-26T17:47:01.055Z
0.83065516,open,2021-06-26T17:43:00Z,672,137,0,809,809,24279[Konstabler],2021-06-26T17:47:01.055Z
0.96948355,open,2021-06-26T17:43:00Z,413,13,0,426,426,18497[Hauptwache],2021-06-26T17:47:01.055Z
0.5808824,open,2021-06-26T17:43:00Z,395,285,0,680,680,18495[Am Gericht],2021-06-26T17:47:01.055Z
0.3545568,open,2021-06-26T17:43:00Z,284,517,75,876,801,109240[MyZeil],2021-06-26T17:47:01.055Z
0.30541873,open,2021-06-26T17:43:00Z,186,423,0,609,609,18494[Konrad-Adenauer-Straße],2021-06-26T17:47:01.055Z
0,closed,2021-06-26T17:43:00Z,,693,0,0,0,24278[Karstadt],2021-06-26T17:47:01.055Z
0.94400895,open,2021-06-26T17:48:00Z,843,50,0,893,893,24277[Börse],2021-06-26T17:52:00.598Z
0.175,open,2021-06-26T17:48:00Z,35,165,150,350,200,24276[Turmcenter],2021-06-26T17:52:00.598Z
0.5497512,open,2021-06-26T17:48:00Z,221,181,0,402,402,18944[Alte Oper],2021-06-26T17:52:00.598Z
0.052197803,open,2021-06-26T17:48:00Z,19,345,0,364,364,24281[Hauptbahnhof Süd],2021-06-26T17:52:00.598Z
0.5494792,open,2021-06-26T17:48:00Z,211,173,0,384,384,105479[Baseler Platz],2021-06-26T17:52:00.598Z
0.8343634,open,2021-06-26T17:48:00Z,675,134,0,809,809,24279[Konstabler],2021-06-26T17:52:00.598Z
0.96478873,open,2021-06-26T17:48:00Z,411,15,0,426,426,18497[Hauptwache],2021-06-26T17:52:00.598Z
0.5764706,open,2021-06-26T17:48:00Z,392,288,0,680,680,18495[Am Gericht],2021-06-26T17:52:00.598Z
0.34332085,open,2021-06-26T17:48:00Z,275,526,75,876,801,109240[MyZeil],2021-06-26T17:52:00.598Z
0.30377668,open,2021-06-26T17:48:00Z,185,424,0,609,609,18494[Konrad-Adenauer-Straße],2021-06-26T17:52:00.598Z
0,closed,2021-06-26T17:48:00Z,,693,0,0,0,24278[Karstadt],2021-06-26T17:52:00.598Z
0.94400895,open,2021-06-26T18:13:00Z,843,50,0,893,893,24277[Börse],2021-06-26T18:17:00.847Z
0.145,open,2021-06-26T18:13:00Z,29,171,150,350,200,24276[Turmcenter],2021-06-26T18:17:00.847Z
0.539801,open,2021-06-26T18:13:00Z,217,185,0,402,402,18944[Alte Oper],2021-06-26T18:17:00.847Z
0.052197803,open,2021-06-26T18:13:00Z,19,345,0,364,364,24281[Hauptbahnhof Süd],2021-06-26T18:17:00.847Z
0.5390625,open,2021-06-26T18:13:00Z,207,177,0,384,384,105479[Baseler Platz],2021-06-26T18:17:00.847Z
0.76514214,open,2021-06-26T18:13:00Z,619,190,0,809,809,24279[Konstabler],2021-06-26T18:17:00.847Z
0.9530516,open,2021-06-26T18:13:00Z,406,20,0,426,426,18497[Hauptwache],2021-06-26T18:17:00.847Z
0.5647059,open,2021-06-26T18:13:00Z,384,296,0,680,680,18495[Am Gericht],2021-06-26T18:17:00.847Z
0.30586767,open,2021-06-26T18:13:00Z,245,556,75,876,801,109240[MyZeil],2021-06-26T18:17:00.847Z
0.272578,open,2021-06-26T18:13:00Z,166,443,0,609,609,18494[Konrad-Adenauer-Straße],2021-06-26T18:17:00.847Z
0,closed,2021-06-26T18:13:00Z,,693,0,0,0,24278[Karstadt],2021-06-26T18:17:00.847Z
0.94400895,open,2021-06-26T18:39:00Z,843,50,0,893,893,24277[Börse],2021-06-26T18:42:01.737Z
0.15,open,2021-06-26T18:39:00Z,30,170,150,350,200,24276[Turmcenter],2021-06-26T18:42:01.737Z
0.5298507,open,2021-06-26T18:39:00Z,213,189,0,402,402,18944[Alte Oper],2021-06-26T18:42:01.737Z
0.046703298,open,2021-06-26T18:39:00Z,17,347,0,364,364,24281[Hauptbahnhof Süd],2021-06-26T18:42:01.737Z
0.5416667,open,2021-06-26T18:39:00Z,208,176,0,384,384,105479[Baseler Platz],2021-06-26T18:42:01.737Z
0.7082818,open,2021-06-26T18:39:00Z,573,236,0,809,809,24279[Konstabler],2021-06-26T18:42:01.737Z
0.95539904,open,2021-06-26T18:39:00Z,407,19,0,426,426,18497[Hauptwache],2021-06-26T18:42:01.737Z
0.52205884,open,2021-06-26T18:39:00Z,355,325,0,680,680,18495[Am Gericht],2021-06-26T18:42:01.737Z
0.30586767,open,2021-06-26T18:39:00Z,245,556,75,876,801,109240[MyZeil],2021-06-26T18:42:01.737Z
0.25615764,open,2021-06-26T18:39:00Z,156,453,0,609,609,18494[Konrad-Adenauer-Straße],2021-06-26T18:42:01.737Z
0,closed,2021-06-26T18:39:00Z,,693,0,0,0,24278[Karstadt],2021-06-26T18:42:01.737Z
0.94400895,open,2021-06-26T18:49:00Z,843,50,0,893,893,24277[Börse],2021-06-26T18:52:01.313Z
0.145,open,2021-06-26T18:49:00Z,29,171,150,350,200,24276[Turmcenter],2021-06-26T18:52:01.313Z
0.5323383,open,2021-06-26T18:49:00Z,214,188,0,402,402,18944[Alte Oper],2021-06-26T18:52:01.313Z
0.04945055,open,2021-06-26T18:49:00Z,18,346,0,364,364,24281[Hauptbahnhof Süd],2021-06-26T18:52:01.313Z
0.5390625,open,2021-06-26T18:49:00Z,207,177,0,384,384,105479[Baseler Platz],2021-06-26T18:52:01.313Z
0.7095179,open,2021-06-26T18:49:00Z,574,235,0,809,809,24279[Konstabler],2021-06-26T18:52:01.313Z
0.9600939,open,2021-06-26T18:49:00Z,409,17,0,426,426,18497[Hauptwache],2021-06-26T18:52:01.313Z
0.5147059,open,2021-06-26T18:49:00Z,350,330,0,680,680,18495[Am Gericht],2021-06-26T18:52:01.313Z
0.309613,open,2021-06-26T18:49:00Z,248,553,75,876,801,109240[MyZeil],2021-06-26T18:52:01.313Z
0.24794745,open,2021-06-26T18:49:00Z,151,458,0,609,609,18494[Konrad-Adenauer-Straße],2021-06-26T18:52:01.313Z
0,closed,2021-06-26T18:49:00Z,,693,0,0,0,24278[Karstadt],2021-06-26T18:52:01.313Z
0.94400895,open,2021-06-26T19:04:00Z,843,50,0,893,893,24277[Börse],2021-06-26T19:07:01.846Z
0.16,open,2021-06-26T19:04:00Z,32,168,150,350,200,24276[Turmcenter],2021-06-26T19:07:01.846Z
0.54477614,open,2021-06-26T19:04:00Z,219,183,0,402,402,18944[Alte Oper],2021-06-26T19:07:01.846Z
0.046703298,open,2021-06-26T19:04:00Z,17,347,0,364,364,24281[Hauptbahnhof Süd],2021-06-26T19:07:01.846Z
0.53125,open,2021-06-26T19:04:00Z,204,180,0,384,384,105479[Baseler Platz],2021-06-26T19:07:01.846Z
0.6959209,open,2021-06-26T19:04:00Z,563,246,0,809,809,24279[Konstabler],2021-06-26T19:07:01.846Z
0.97417843,open,2021-06-26T19:04:00Z,415,11,0,426,426,18497[Hauptwache],2021-06-26T19:07:01.846Z
0.50147057,open,2021-06-26T19:04:00Z,341,339,0,680,680,18495[Am Gericht],2021-06-26T19:07:01.846Z
0.31460676,open,2021-06-26T19:04:00Z,252,549,75,876,801,109240[MyZeil],2021-06-26T19:07:01.846Z
0.23481117,open,2021-06-26T19:04:00Z,143,466,0,609,609,18494[Konrad-Adenauer-Straße],2021-06-26T19:07:01.846Z
0,closed,2021-06-26T19:04:00Z,,693,0,0,0,24278[Karstadt],2021-06-26T19:07:01.846Z
0.94400895,open,2021-06-26T19:20:00Z,843,50,0,893,893,24277[Börse],2021-06-26T19:22:00.467Z
0.15,open,2021-06-26T19:20:00Z,30,170,150,350,200,24276[Turmcenter],2021-06-26T19:22:00.467Z
0.5572139,open,2021-06-26T19:20:00Z,224,178,0,402,402,18944[Alte Oper],2021-06-26T19:22:00.467Z
0.043956045,open,2021-06-26T19:20:00Z,16,348,0,364,364,24281[Hauptbahnhof Süd],2021-06-26T19:22:00.467Z
0.5364583,open,2021-06-26T19:20:00Z,206,178,0,384,384,105479[Baseler Platz],2021-06-26T19:22:00.467Z
0.68726826,open,2021-06-26T19:20:00Z,556,253,0,809,809,24279[Konstabler],2021-06-26T19:22:00.467Z
1,open,2021-06-26T19:20:00Z,426,0,0,426,426,18497[Hauptwache],2021-06-26T19:22:00.467Z
0.48088235,open,2021-06-26T19:20:00Z,327,353,0,680,680,18495[Am Gericht],2021-06-26T19:22:00.467Z
0.3233458,open,2021-06-26T19:20:00Z,259,542,75,876,801,109240[MyZeil],2021-06-26T19:22:00.467Z
0.21674877,open,2021-06-26T19:20:00Z,132,477,0,609,609,18494[Konrad-Adenauer-Straße],2021-06-26T19:22:00.467Z
0,closed,2021-06-26T19:20:00Z,,693,0,0,0,24278[Karstadt],2021-06-26T19:22:00.467Z
0.94400895,open,2021-06-26T19:25:00Z,843,50,0,893,893,24277[Börse],2021-06-26T19:27:02.959Z
0.15,open,2021-06-26T19:25:00Z,30,170,150,350,200,24276[Turmcenter],2021-06-26T19:27:02.959Z
0.56218904,open,2021-06-26T19:25:00Z,226,176,0,402,402,18944[Alte Oper],2021-06-26T19:27:02.959Z
0.04945055,open,2021-06-26T19:25:00Z,18,346,0,364,364,24281[Hauptbahnhof Süd],2021-06-26T19:27:02.959Z
0.5338542,open,2021-06-26T19:25:00Z,205,179,0,384,384,105479[Baseler Platz],2021-06-26T19:27:02.959Z
0.6773795,open,2021-06-26T19:25:00Z,548,261,0,809,809,24279[Konstabler],2021-06-26T19:27:02.959Z
1,open,2021-06-26T19:25:00Z,426,0,0,426,426,18497[Hauptwache],2021-06-26T19:27:02.959Z
0.47941175,open,2021-06-26T19:25:00Z,326,354,0,680,680,18495[Am Gericht],2021-06-26T19:27:02.959Z
0.33333334,open,2021-06-26T19:25:00Z,267,534,75,876,801,109240[MyZeil],2021-06-26T19:27:02.959Z
0.20197044,open,2021-06-26T19:25:00Z,123,486,0,609,609,18494[Konrad-Adenauer-Straße],2021-06-26T19:27:02.959Z
0,closed,2021-06-26T19:25:00Z,,693,0,0,0,24278[Karstadt],2021-06-26T19:27:02.959Z
0.94400895,open,2021-06-26T19:41:00Z,843,50,0,893,893,24277[Börse],2021-06-26T19:42:02.678Z
0.145,open,2021-06-26T19:41:00Z,29,171,150,350,200,24276[Turmcenter],2021-06-26T19:42:02.678Z
0.5472637,open,2021-06-26T19:41:00Z,220,182,0,402,402,18944[Alte Oper],2021-06-26T19:42:02.678Z
0.054945055,open,2021-06-26T19:41:00Z,20,344,0,364,364,24281[Hauptbahnhof Süd],2021-06-26T19:42:02.678Z
0.5286458,open,2021-06-26T19:41:00Z,203,181,0,384,384,105479[Baseler Platz],2021-06-26T19:42:02.678Z
0.6860321,open,2021-06-26T19:41:00Z,555,254,0,809,809,24279[Konstabler],2021-06-26T19:42:02.678Z
1,open,2021-06-26T19:41:00Z,426,0,0,426,426,18497[Hauptwache],2021-06-26T19:42:02.678Z
0.4897059,open,2021-06-26T19:41:00Z,333,347,0,680,680,18495[Am Gericht],2021-06-26T19:42:02.678Z
0.22721598,open,2021-06-26T19:41:00Z,182,619,75,876,801,109240[MyZeil],2021-06-26T19:42:02.678Z
0.20525451,open,2021-06-26T19:41:00Z,125,484,0,609,609,18494[Konrad-Adenauer-Straße],2021-06-26T19:42:02.678Z
0,closed,2021-06-26T19:41:00Z,,693,0,0,0,24278[Karstadt],2021-06-26T19:42:02.678Z
0.94400895,open,2021-06-26T19:46:00Z,843,50,0,893,893,24277[Börse],2021-06-26T19:47:02.118Z
0.14,open,2021-06-26T19:46:00Z,28,172,150,350,200,24276[Turmcenter],2021-06-26T19:47:02.118Z
0.5472637,open,2021-06-26T19:46:00Z,220,182,0,402,402,18944[Alte Oper],2021-06-26T19:47:02.118Z
0.06043956,open,2021-06-26T19:46:00Z,22,342,0,364,364,24281[Hauptbahnhof Süd],2021-06-26T19:47:02.118Z
0.5208333,open,2021-06-26T19:46:00Z,200,184,0,384,384,105479[Baseler Platz],2021-06-26T19:47:02.118Z
0.6860321,open,2021-06-26T19:46:00Z,555,254,0,809,809,24279[Konstabler],2021-06-26T19:47:02.118Z
0.9976526,open,2021-06-26T19:46:00Z,425,1,0,426,426,18497[Hauptwache],2021-06-26T19:47:02.118Z
0.47941175,open,2021-06-26T19:46:00Z,326,354,0,680,680,18495[Am Gericht],2021-06-26T19:47:02.118Z
0.23595506,open,2021-06-26T19:46:00Z,189,612,75,876,801,109240[MyZeil],2021-06-26T19:47:02.118Z
0.20361248,open,2021-06-26T19:46:00Z,124,485,0,609,609,18494[Konrad-Adenauer-Straße],2021-06-26T19:47:02.118Z
0,closed,2021-06-26T19:46:00Z,,693,0,0,0,24278[Karstadt],2021-06-26T19:47:02.118Z
0.94400895,open,2021-06-26T20:17:00Z,843,50,0,893,893,24277[Börse],2021-06-26T20:22:00.558Z
0.12,open,2021-06-26T20:17:00Z,24,176,150,350,200,24276[Turmcenter],2021-06-26T20:22:00.558Z
0.5522388,open,2021-06-26T20:17:00Z,222,180,0,402,402,18944[Alte Oper],2021-06-26T20:22:00.558Z
0.06318682,open,2021-06-26T20:17:00Z,23,341,0,364,364,24281[Hauptbahnhof Süd],2021-06-26T20:22:00.558Z
0.5130208,open,2021-06-26T20:17:00Z,197,187,0,384,384,105479[Baseler Platz],2021-06-26T20:22:00.558Z
0.68479604,open,2021-06-26T20:17:00Z,554,255,0,809,809,24279[Konstabler],2021-06-26T20:22:00.558Z
0.9976526,open,2021-06-26T20:17:00Z,425,1,0,426,426,18497[Hauptwache],2021-06-26T20:22:00.558Z
0.43382353,open,2021-06-26T20:17:00Z,295,385,0,680,680,18495[Am Gericht],2021-06-26T20:22:00.558Z
0.24146649,open,2021-06-26T20:17:00Z,191,600,75,866,791,109240[MyZeil],2021-06-26T20:22:00.558Z
0.1954023,open,2021-06-26T20:17:00Z,119,490,0,609,609,18494[Konrad-Adenauer-Straße],2021-06-26T20:22:00.558Z
0,closed,2021-06-26T20:17:00Z,,693,0,0,0,24278[Karstadt],2021-06-26T20:22:00.558Z
0.94400895,open,2021-06-26T20:27:00Z,843,50,0,893,893,24277[Börse],2021-06-26T20:32:01.707Z
0.11,open,2021-06-26T20:27:00Z,22,178,150,350,200,24276[Turmcenter],2021-06-26T20:32:01.707Z
0.5497512,open,2021-06-26T20:27:00Z,221,181,0,402,402,18944[Alte Oper],2021-06-26T20:32:01.707Z
0.06318682,open,2021-06-26T20:27:00Z,23,341,0,364,364,24281[Hauptbahnhof Süd],2021-06-26T20:32:01.707Z
0.5130208,open,2021-06-26T20:27:00Z,197,187,0,384,384,105479[Baseler Platz],2021-06-26T20:32:01.707Z
0.68726826,open,2021-06-26T20:27:00Z,556,253,0,809,809,24279[Konstabler],2021-06-26T20:32:01.707Z
0.9882629,open,2021-06-26T20:27:00Z,421,5,0,426,426,18497[Hauptwache],2021-06-26T20:32:01.707Z
0.43235293,open,2021-06-26T20:27:00Z,294,386,0,680,680,18495[Am Gericht],2021-06-26T20:32:01.707Z
0.2364096,open,2021-06-26T20:27:00Z,187,604,75,866,791,109240[MyZeil],2021-06-26T20:32:01.707Z
0.1954023,open,2021-06-26T20:27:00Z,119,490,0,609,609,18494[Konrad-Adenauer-Straße],2021-06-26T20:32:01.707Z
0,closed,2021-06-26T20:27:00Z,,693,0,0,0,24278[Karstadt],2021-06-26T20:32:01.707Z
0.94400895,open,2021-06-26T20:38:00Z,843,50,0,893,893,24277[Börse],2021-06-26T20:42:02.869Z
0.095,open,2021-06-26T20:38:00Z,19,181,150,350,200,24276[Turmcenter],2021-06-26T20:42:02.869Z
0.5522388,open,2021-06-26T20:38:00Z,222,180,0,402,402,18944[Alte Oper],2021-06-26T20:42:02.869Z
0.06043956,open,2021-06-26T20:38:00Z,22,342,0,364,364,24281[Hauptbahnhof Süd],2021-06-26T20:42:02.869Z
0.5130208,open,2021-06-26T20:38:00Z,197,187,0,384,384,105479[Baseler Platz],2021-06-26T20:42:02.869Z
0.6934487,open,2021-06-26T20:38:00Z,561,248,0,809,809,24279[Konstabler],2021-06-26T20:42:02.869Z
0.9882629,open,2021-06-26T20:38:00Z,421,5,0,426,426,18497[Hauptwache],2021-06-26T20:42:02.869Z
0.42352942,open,2021-06-26T20:38:00Z,288,392,0,680,680,18495[Am Gericht],2021-06-26T20:42:02.869Z
0.23514539,open,2021-06-26T20:38:00Z,186,605,75,866,791,109240[MyZeil],2021-06-26T20:42:02.869Z
0.20197044,open,2021-06-26T20:38:00Z,123,486,0,609,609,18494[Konrad-Adenauer-Straße],2021-06-26T20:42:02.869Z
0,closed,2021-06-26T20:38:00Z,,693,0,0,0,24278[Karstadt],2021-06-26T20:42:02.869Z
0.94400895,open,2021-06-26T20:48:00Z,843,50,0,893,893,24277[Börse],2021-06-26T20:52:00.883Z
0.08,open,2021-06-26T20:48:00Z,16,184,150,350,200,24276[Turmcenter],2021-06-26T20:52:00.883Z
0.54228854,open,2021-06-26T20:48:00Z,218,184,0,402,402,18944[Alte Oper],2021-06-26T20:52:00.883Z
0.06043956,open,2021-06-26T20:48:00Z,22,342,0,364,364,24281[Hauptbahnhof Süd],2021-06-26T20:52:00.883Z
0.5052083,open,2021-06-26T20:48:00Z,194,190,0,384,384,105479[Baseler Platz],2021-06-26T20:52:00.883Z
0.68850434,open,2021-06-26T20:48:00Z,557,252,0,809,809,24279[Konstabler],2021-06-26T20:52:00.883Z
0.9976526,open,2021-06-26T20:48:00Z,425,1,0,426,426,18497[Hauptwache],2021-06-26T20:52:00.883Z
0.4132353,open,2021-06-26T20:48:00Z,281,399,0,680,680,18495[Am Gericht],2021-06-26T20:52:00.883Z
0.24778761,open,2021-06-26T20:48:00Z,196,595,75,866,791,109240[MyZeil],2021-06-26T20:52:00.883Z
0.1954023,open,2021-06-26T20:48:00Z,119,490,0,609,609,18494[Konrad-Adenauer-Straße],2021-06-26T20:52:00.883Z
0,closed,2021-06-26T20:48:00Z,,693,0,0,0,24278[Karstadt],2021-06-26T20:52:00.883Z
0.94400895,open,2021-06-26T21:03:00Z,843,50,0,893,893,24277[Börse],2021-06-26T21:07:01.234Z
0.07,open,2021-06-26T21:03:00Z,14,186,150,350,200,24276[Turmcenter],2021-06-26T21:07:01.234Z
0.53482586,open,2021-06-26T21:03:00Z,215,187,0,402,402,18944[Alte Oper],2021-06-26T21:07:01.234Z
0.06043956,open,2021-06-26T21:03:00Z,22,342,0,364,364,24281[Hauptbahnhof Süd],2021-06-26T21:07:01.234Z
0.5078125,open,2021-06-26T21:03:00Z,195,189,0,384,384,105479[Baseler Platz],2021-06-26T21:07:01.234Z
0.6810878,open,2021-06-26T21:03:00Z,551,258,0,809,809,24279[Konstabler],2021-06-26T21:07:01.234Z
0.9953052,open,2021-06-26T21:03:00Z,424,2,0,426,426,18497[Hauptwache],2021-06-26T21:07:01.234Z
0.4014706,open,2021-06-26T21:03:00Z,273,407,0,680,680,18495[Am Gericht],2021-06-26T21:07:01.234Z
0.24273072,open,2021-06-26T21:03:00Z,192,599,75,866,791,109240[MyZeil],2021-06-26T21:07:01.234Z
0.18062398,open,2021-06-26T21:03:00Z,110,499,0,609,609,18494[Konrad-Adenauer-Straße],2021-06-26T21:07:01.234Z
0,closed,2021-06-26T21:03:00Z,,693,0,0,0,24278[Karstadt],2021-06-26T21:07:01.234Z
0.94400895,open,2021-06-26T21:19:00Z,843,50,0,893,893,24277[Börse],2021-06-26T21:22:02.378Z
0.065,open,2021-06-26T21:19:00Z,13,187,150,350,200,24276[Turmcenter],2021-06-26T21:22:02.378Z
0.52238804,open,2021-06-26T21:19:00Z,210,192,0,402,402,18944[Alte Oper],2021-06-26T21:22:02.378Z
0.06043956,open,2021-06-26T21:19:00Z,22,342,0,364,364,24281[Hauptbahnhof Süd],2021-06-26T21:22:02.378Z
0.5104167,open,2021-06-26T21:19:00Z,196,188,0,384,384,105479[Baseler Platz],2021-06-26T21:22:02.378Z
0.66131026,open,2021-06-26T21:19:00Z,535,274,0,809,809,24279[Konstabler],2021-06-26T21:22:02.378Z
0.9929578,open,2021-06-26T21:19:00Z,423,3,0,426,426,18497[Hauptwache],2021-06-26T21:22:02.378Z
0.39117646,open,2021-06-26T21:19:00Z,266,414,0,680,680,18495[Am Gericht],2021-06-26T21:22:02.378Z
0.16748768,open,2021-06-26T21:19:00Z,102,507,0,609,609,18494[Konrad-Adenauer-Straße],2021-06-26T21:22:02.378Z
0,closed,2021-06-26T21:19:00Z,,693,0,0,0,24278[Karstadt],2021-06-26T21:22:02.378Z
0.94400895,open,2021-06-26T21:34:00Z,843,50,0,893,893,24277[Börse],2021-06-26T21:37:00.745Z
0.06,open,2021-06-26T21:34:00Z,12,188,150,350,200,24276[Turmcenter],2021-06-26T21:37:00.745Z
0.49253732,open,2021-06-26T21:34:00Z,198,204,0,402,402,18944[Alte Oper],2021-06-26T21:37:00.745Z
0.06043956,open,2021-06-26T21:34:00Z,22,342,0,364,364,24281[Hauptbahnhof Süd],2021-06-26T21:37:00.745Z
0.5052083,open,2021-06-26T21:34:00Z,194,190,0,384,384,105479[Baseler Platz],2021-06-26T21:37:00.745Z
0.6378245,open,2021-06-26T21:34:00Z,516,293,0,809,809,24279[Konstabler],2021-06-26T21:37:00.745Z
0.9976526,open,2021-06-26T21:34:00Z,425,1,0,426,426,18497[Hauptwache],2021-06-26T21:37:00.745Z
0.3720588,open,2021-06-26T21:34:00Z,253,427,0,680,680,18495[Am Gericht],2021-06-26T21:37:00.745Z
0.2465234,open,2021-06-26T21:34:00Z,195,596,75,866,791,109240[MyZeil],2021-06-26T21:37:00.745Z
0.1543514,open,2021-06-26T21:34:00Z,94,515,0,609,609,18494[Konrad-Adenauer-Straße],2021-06-26T21:37:00.745Z
0,closed,2021-06-26T21:34:00Z,,693,0,0,0,24278[Karstadt],2021-06-26T21:37:00.745Z
0.94400895,open,2021-06-26T21:50:00Z,843,50,0,893,893,24277[Börse],2021-06-26T21:52:02.521Z
0.03,open,2021-06-26T21:50:00Z,6,194,150,350,200,24276[Turmcenter],2021-06-26T21:52:02.521Z
0.46766168,open,2021-06-26T21:50:00Z,188,214,0,402,402,18944[Alte Oper],2021-06-26T21:52:02.521Z
0.06043956,open,2021-06-26T21:50:00Z,22,342,0,364,364,24281[Hauptbahnhof Süd],2021-06-26T21:52:02.521Z
0.5052083,open,2021-06-26T21:50:00Z,194,190,0,384,384,105479[Baseler Platz],2021-06-26T21:52:02.521Z
0.61681086,open,2021-06-26T21:50:00Z,499,310,0,809,809,24279[Konstabler],2021-06-26T21:52:02.521Z
0.9483568,open,2021-06-26T21:50:00Z,404,22,0,426,426,18497[Hauptwache],2021-06-26T21:52:02.521Z
0.34558824,open,2021-06-26T21:50:00Z,235,445,0,680,680,18495[Am Gericht],2021-06-26T21:52:02.521Z
0.24146649,open,2021-06-26T21:50:00Z,191,600,75,866,791,109240[MyZeil],2021-06-26T21:52:02.521Z
0.14449918,open,2021-06-26T21:50:00Z,88,521,0,609,609,18494[Konrad-Adenauer-Straße],2021-06-26T21:52:02.521Z
0,closed,2021-06-26T21:50:00Z,,693,0,0,0,24278[Karstadt],2021-06-26T21:52:02.521Z
0.94400895,open,2021-06-26T22:00:00Z,843,50,0,893,893,24277[Börse],2021-06-26T22:02:00.565Z
0.03,open,2021-06-26T22:00:00Z,6,194,150,350,200,24276[Turmcenter],2021-06-26T22:02:00.565Z
0.45771143,open,2021-06-26T22:00:00Z,184,218,0,402,402,18944[Alte Oper],2021-06-26T22:02:00.565Z
0.06318682,open,2021-06-26T22:00:00Z,23,341,0,364,364,24281[Hauptbahnhof Süd],2021-06-26T22:02:00.565Z
0.5052083,open,2021-06-26T22:00:00Z,194,190,0,384,384,105479[Baseler Platz],2021-06-26T22:02:00.565Z
0.6044499,open,2021-06-26T22:00:00Z,489,320,0,809,809,24279[Konstabler],2021-06-26T22:02:00.565Z
0.9483568,open,2021-06-26T22:00:00Z,404,22,0,426,426,18497[Hauptwache],2021-06-26T22:02:00.565Z
0,closed,2021-06-26T22:00:00Z,,448,0,0,0,18495[Am Gericht],2021-06-26T22:02:00.565Z
0.24273072,open,2021-06-26T22:00:00Z,192,599,75,866,791,109240[MyZeil],2021-06-26T22:02:00.565Z
0.14285715,open,2021-06-26T22:00:00Z,87,522,0,609,609,18494[Konrad-Adenauer-Straße],2021-06-26T22:02:00.565Z
0,closed,2021-06-26T22:00:00Z,,693,0,0,0,24278[Karstadt],2021-06-26T22:02:00.565Z
0.94400895,open,2021-06-26T22:16:00Z,843,50,0,893,893,24277[Börse],2021-06-26T22:17:03.003Z
0,open,2021-06-26T22:16:00Z,0,200,150,350,200,24276[Turmcenter],2021-06-26T22:17:03.003Z
0.4353234,open,2021-06-26T22:16:00Z,175,227,0,402,402,18944[Alte Oper],2021-06-26T22:17:03.003Z
0.06318682,open,2021-06-26T22:16:00Z,23,341,0,364,364,24281[Hauptbahnhof Süd],2021-06-26T22:17:03.003Z
0.5130208,open,2021-06-26T22:16:00Z,197,187,0,384,384,105479[Baseler Platz],2021-06-26T22:17:03.003Z
0.578492,open,2021-06-26T22:16:00Z,468,341,0,809,809,24279[Konstabler],2021-06-26T22:17:03.003Z
0.8943662,open,2021-06-26T22:16:00Z,381,45,0,426,426,18497[Hauptwache],2021-06-26T22:17:03.003Z
0,closed,2021-06-26T22:16:00Z,,448,0,0,0,18495[Am Gericht],2021-06-26T22:17:03.003Z
0.23893805,open,2021-06-26T22:16:00Z,189,602,75,866,791,109240[MyZeil],2021-06-26T22:17:03.003Z
0.1412151,open,2021-06-26T22:16:00Z,86,523,0,609,609,18494[Konrad-Adenauer-Straße],2021-06-26T22:17:03.003Z
0,closed,2021-06-26T22:16:00Z,,693,0,0,0,24278[Karstadt],2021-06-26T22:17:03.003Z
0.94400895,open,2021-06-26T22:31:00Z,843,50,0,893,893,24277[Börse],2021-06-26T22:37:00.782Z
0,open,2021-06-26T22:31:00Z,0,200,150,350,200,24276[Turmcenter],2021-06-26T22:37:00.782Z
0.42288557,open,2021-06-26T22:31:00Z,170,232,0,402,402,18944[Alte Oper],2021-06-26T22:37:00.782Z
0.06318682,open,2021-06-26T22:31:00Z,23,341,0,364,364,24281[Hauptbahnhof Süd],2021-06-26T22:37:00.782Z
0.5130208,open,2021-06-26T22:31:00Z,197,187,0,384,384,105479[Baseler Platz],2021-06-26T22:37:00.782Z
0.56365883,open,2021-06-26T22:31:00Z,456,353,0,809,809,24279[Konstabler],2021-06-26T22:37:00.782Z
0.87323946,open,2021-06-26T22:31:00Z,372,54,0,426,426,18497[Hauptwache],2021-06-26T22:37:00.782Z
0,closed,2021-06-26T22:31:00Z,,448,0,0,0,18495[Am Gericht],2021-06-26T22:37:00.782Z
0.2364096,open,2021-06-26T22:31:00Z,187,604,75,866,791,109240[MyZeil],2021-06-26T22:37:00.782Z
0.13793103,open,2021-06-26T22:31:00Z,84,525,0,609,609,18494[Konrad-Adenauer-Straße],2021-06-26T22:37:00.782Z
0,closed,2021-06-26T22:31:00Z,,693,0,0,0,24278[Karstadt],2021-06-26T22:37:00.782Z
0.94400895,open,2021-06-26T22:42:00Z,843,50,0,893,893,24277[Börse],2021-06-26T22:47:00.156Z
0,open,2021-06-26T22:42:00Z,0,200,150,350,200,24276[Turmcenter],2021-06-26T22:47:00.156Z
0.420398,open,2021-06-26T22:42:00Z,169,233,0,402,402,18944[Alte Oper],2021-06-26T22:47:00.156Z
0.06318682,open,2021-06-26T22:42:00Z,23,341,0,364,364,24281[Hauptbahnhof Süd],2021-06-26T22:47:00.156Z
0.515625,open,2021-06-26T22:42:00Z,198,186,0,384,384,105479[Baseler Platz],2021-06-26T22:47:00.156Z
0.54511744,open,2021-06-26T22:42:00Z,441,368,0,809,809,24279[Konstabler],2021-06-26T22:47:00.156Z
0.85680753,open,2021-06-26T22:42:00Z,365,61,0,426,426,18497[Hauptwache],2021-06-26T22:47:00.156Z
0,closed,2021-06-26T22:42:00Z,,448,0,0,0,18495[Am Gericht],2021-06-26T22:47:00.156Z
0.23388116,open,2021-06-26T22:42:00Z,185,606,75,866,791,109240[MyZeil],2021-06-26T22:47:00.156Z
0.12643678,open,2021-06-26T22:42:00Z,77,532,0,609,609,18494[Konrad-Adenauer-Straße],2021-06-26T22:47:00.156Z
0,closed,2021-06-26T22:42:00Z,,693,0,0,0,24278[Karstadt],2021-06-26T22:47:00.156Z
0.94400895,open,2021-06-26T22:47:00Z,843,50,0,893,893,24277[Börse],2021-06-26T22:52:01.116Z
0.005,open,2021-06-26T22:47:00Z,1,199,150,350,200,24276[Turmcenter],2021-06-26T22:52:01.116Z
0.4154229,open,2021-06-26T22:47:00Z,167,235,0,402,402,18944[Alte Oper],2021-06-26T22:52:01.116Z
0.06318682,open,2021-06-26T22:47:00Z,23,341,0,364,364,24281[Hauptbahnhof Süd],2021-06-26T22:52:01.116Z
0.515625,open,2021-06-26T22:47:00Z,198,186,0,384,384,105479[Baseler Platz],2021-06-26T22:52:01.116Z
0.54140913,open,2021-06-26T22:47:00Z,438,371,0,809,809,24279[Konstabler],2021-06-26T22:52:01.116Z
0.8380282,open,2021-06-26T22:47:00Z,357,69,0,426,426,18497[Hauptwache],2021-06-26T22:52:01.116Z
0,closed,2021-06-26T22:47:00Z,,448,0,0,0,18495[Am Gericht],2021-06-26T22:52:01.116Z
0.23135272,open,2021-06-26T22:47:00Z,183,608,75,866,791,109240[MyZeil],2021-06-26T22:52:01.116Z
0.12151067,open,2021-06-26T22:47:00Z,74,535,0,609,609,18494[Konrad-Adenauer-Straße],2021-06-26T22:52:01.116Z
0,closed,2021-06-26T22:47:00Z,,693,0,0,0,24278[Karstadt],2021-06-26T22:52:01.116Z
0.94400895,open,2021-06-26T23:07:00Z,843,50,0,893,893,24277[Börse],2021-06-26T23:12:00.295Z
0,open,2021-06-26T23:07:00Z,0,200,150,350,200,24276[Turmcenter],2021-06-26T23:12:00.295Z
0.40547264,open,2021-06-26T23:07:00Z,163,239,0,402,402,18944[Alte Oper],2021-06-26T23:12:00.295Z
0.06318682,open,2021-06-26T23:07:00Z,23,341,0,364,364,24281[Hauptbahnhof Süd],2021-06-26T23:12:00.295Z
0.515625,open,2021-06-26T23:07:00Z,198,186,0,384,384,105479[Baseler Platz],2021-06-26T23:12:00.295Z
0.51421505,open,2021-06-26T23:07:00Z,416,393,0,809,809,24279[Konstabler],2021-06-26T23:12:00.295Z
0.80516434,open,2021-06-26T23:07:00Z,343,83,0,426,426,18497[Hauptwache],2021-06-26T23:12:00.295Z
0,closed,2021-06-26T23:07:00Z,,448,0,0,0,18495[Am Gericht],2021-06-26T23:12:00.295Z
0.23261695,open,2021-06-26T23:07:00Z,184,607,75,866,791,109240[MyZeil],2021-06-26T23:12:00.295Z
0.111658454,open,2021-06-26T23:07:00Z,68,541,0,609,609,18494[Konrad-Adenauer-Straße],2021-06-26T23:12:00.295Z
0,closed,2021-06-26T23:07:00Z,,693,0,0,0,24278[Karstadt],2021-06-26T23:12:00.295Z
0.94400895,open,2021-06-26T23:22:00Z,843,50,0,893,893,24277[Börse],2021-06-26T23:27:00.298Z
0,open,2021-06-26T23:22:00Z,0,200,150,350,200,24276[Turmcenter],2021-06-26T23:27:00.298Z
0.3880597,open,2021-06-26T23:22:00Z,156,246,0,402,402,18944[Alte Oper],2021-06-26T23:27:00.298Z
0.06318682,open,2021-06-26T23:22:00Z,23,341,0,364,364,24281[Hauptbahnhof Süd],2021-06-26T23:27:00.298Z
0.515625,open,2021-06-26T23:22:00Z,198,186,0,384,384,105479[Baseler Platz],2021-06-26T23:27:00.298Z
0.49567366,open,2021-06-26T23:22:00Z,401,408,0,809,809,24279[Konstabler],2021-06-26T23:27:00.298Z
0.7629108,open,2021-06-26T23:22:00Z,325,101,0,426,426,18497[Hauptwache],2021-06-26T23:27:00.298Z
0,closed,2021-06-26T23:22:00Z,,448,0,0,0,18495[Am Gericht],2021-06-26T23:27:00.298Z
0.23135272,open,2021-06-26T23:22:00Z,183,608,75,866,791,109240[MyZeil],2021-06-26T23:27:00.298Z
0.10344828,open,2021-06-26T23:22:00Z,63,546,0,609,609,18494[Konrad-Adenauer-Straße],2021-06-26T23:27:00.298Z
0,closed,2021-06-26T23:22:00Z,,693,0,0,0,24278[Karstadt],2021-06-26T23:27:00.298Z
0.94400895,open,2021-06-26T23:32:00Z,843,50,0,893,893,24277[Börse],2021-06-26T23:37:00.365Z
0,open,2021-06-26T23:32:00Z,0,200,150,350,200,24276[Turmcenter],2021-06-26T23:37:00.365Z
0.37810946,open,2021-06-26T23:32:00Z,152,250,0,402,402,18944[Alte Oper],2021-06-26T23:37:00.365Z
0.06318682,open,2021-06-26T23:32:00Z,23,341,0,364,364,24281[Hauptbahnhof Süd],2021-06-26T23:37:00.365Z
0.515625,open,2021-06-26T23:32:00Z,198,186,0,384,384,105479[Baseler Platz],2021-06-26T23:37:00.365Z
0.4882571,open,2021-06-26T23:32:00Z,395,414,0,809,809,24279[Konstabler],2021-06-26T23:37:00.365Z
0.7347418,open,2021-06-26T23:32:00Z,313,113,0,426,426,18497[Hauptwache],2021-06-26T23:37:00.365Z
0,closed,2021-06-26T23:32:00Z,,448,0,0,0,18495[Am Gericht],2021-06-26T23:37:00.365Z
0.2300885,open,2021-06-26T23:32:00Z,182,609,75,866,791,109240[MyZeil],2021-06-26T23:37:00.365Z
0.09688013,open,2021-06-26T23:32:00Z,59,550,0,609,609,18494[Konrad-Adenauer-Straße],2021-06-26T23:37:00.365Z
0,closed,2021-06-26T23:32:00Z,,693,0,0,0,24278[Karstadt],2021-06-26T23:37:00.365Z
0.94400895,open,2021-06-26T23:48:00Z,843,50,0,893,893,24277[Börse],2021-06-26T23:52:02.092Z
0,open,2021-06-26T23:48:00Z,0,200,150,350,200,24276[Turmcenter],2021-06-26T23:52:02.092Z
0.36567163,open,2021-06-26T23:48:00Z,147,255,0,402,402,18944[Alte Oper],2021-06-26T23:52:02.092Z
0.06318682,open,2021-06-26T23:48:00Z,23,341,0,364,364,24281[Hauptbahnhof Süd],2021-06-26T23:52:02.092Z
0.515625,open,2021-06-26T23:48:00Z,198,186,0,384,384,105479[Baseler Platz],2021-06-26T23:52:02.092Z
0.4660074,open,2021-06-26T23:48:00Z,377,432,0,809,809,24279[Konstabler],2021-06-26T23:52:02.092Z
0.70422536,open,2021-06-26T23:48:00Z,300,126,0,426,426,18497[Hauptwache],2021-06-26T23:52:02.092Z
0,closed,2021-06-26T23:48:00Z,,448,0,0,0,18495[Am Gericht],2021-06-26T23:52:02.092Z
0.2300885,open,2021-06-26T23:48:00Z,182,609,75,866,791,109240[MyZeil],2021-06-26T23:52:02.092Z
0.087027915,open,2021-06-26T23:48:00Z,53,556,0,609,609,18494[Konrad-Adenauer-Straße],2021-06-26T23:52:02.092Z
0,closed,2021-06-26T23:48:00Z,,693,0,0,0,24278[Karstadt],2021-06-26T23:52:02.092Z
0.94400895,open,2021-06-27T00:08:00Z,843,50,0,893,893,24277[Börse],2021-06-27T00:12:01.435Z
0,open,2021-06-27T00:08:00Z,0,200,150,350,200,24276[Turmcenter],2021-06-27T00:12:01.435Z
0.3482587,open,2021-06-27T00:08:00Z,140,262,0,402,402,18944[Alte Oper],2021-06-27T00:12:01.435Z
0.06318682,open,2021-06-27T00:08:00Z,23,341,0,364,364,24281[Hauptbahnhof Süd],2021-06-27T00:12:01.435Z
0.5182292,open,2021-06-27T00:08:00Z,199,185,0,384,384,105479[Baseler Platz],2021-06-27T00:12:01.435Z
0.45364648,open,2021-06-27T00:08:00Z,367,442,0,809,809,24279[Konstabler],2021-06-27T00:12:01.435Z
0.6619718,open,2021-06-27T00:08:00Z,282,144,0,426,426,18497[Hauptwache],2021-06-27T00:12:01.435Z
0,closed,2021-06-27T00:08:00Z,,448,0,0,0,18495[Am Gericht],2021-06-27T00:12:01.435Z
0.22756004,open,2021-06-27T00:08:00Z,180,611,75,866,791,109240[MyZeil],2021-06-27T00:12:01.435Z
0.073891625,open,2021-06-27T00:08:00Z,45,564,0,609,609,18494[Konrad-Adenauer-Straße],2021-06-27T00:12:01.435Z
0,closed,2021-06-27T00:08:00Z,,693,0,0,0,24278[Karstadt],2021-06-27T00:12:01.435Z
0.94400895,open,2021-06-27T01:33:00Z,843,50,0,893,893,24277[Börse],2021-06-27T01:37:02.189Z
0,open,2021-06-27T01:33:00Z,0,200,150,350,200,24276[Turmcenter],2021-06-27T01:37:02.189Z
0.29104477,open,2021-06-27T01:33:00Z,117,285,0,402,402,18944[Alte Oper],2021-06-27T01:37:02.189Z
0.057692308,open,2021-06-27T01:33:00Z,21,343,0,364,364,24281[Hauptbahnhof Süd],2021-06-27T01:37:02.189Z
0.5130208,open,2021-06-27T01:33:00Z,197,187,0,384,384,105479[Baseler Platz],2021-06-27T01:37:02.189Z
0.35352287,open,2021-06-27T01:33:00Z,286,523,0,809,809,24279[Konstabler],2021-06-27T01:37:02.189Z
0.5399061,open,2021-06-27T01:33:00Z,230,196,0,426,426,18497[Hauptwache],2021-06-27T01:37:02.189Z
0,closed,2021-06-27T01:33:00Z,,448,0,0,0,18495[Am Gericht],2021-06-27T01:37:02.189Z
0.2187105,open,2021-06-27T01:33:00Z,173,618,75,866,791,109240[MyZeil],2021-06-27T01:37:02.189Z
0.044334974,open,2021-06-27T01:33:00Z,27,582,0,609,609,18494[Konrad-Adenauer-Straße],2021-06-27T01:37:02.189Z
0,closed,2021-06-27T01:33:00Z,,693,0,0,0,24278[Karstadt],2021-06-27T01:37:02.189Z
0.94400895,open,2021-06-27T02:14:00Z,843,50,0,893,893,24277[Börse],2021-06-27T02:17:02.536Z
0,open,2021-06-27T02:14:00Z,0,200,150,350,200,24276[Turmcenter],2021-06-27T02:17:02.536Z
0.2835821,open,2021-06-27T02:14:00Z,114,288,0,402,402,18944[Alte Oper],2021-06-27T02:17:02.536Z
0.054945055,open,2021-06-27T02:14:00Z,20,344,0,364,364,24281[Hauptbahnhof Süd],2021-06-27T02:17:02.536Z
0.5104167,open,2021-06-27T02:14:00Z,196,188,0,384,384,105479[Baseler Platz],2021-06-27T02:17:02.536Z
0.3275649,open,2021-06-27T02:14:00Z,265,544,0,809,809,24279[Konstabler],2021-06-27T02:17:02.536Z
0.52347416,open,2021-06-27T02:14:00Z,223,203,0,426,426,18497[Hauptwache],2021-06-27T02:17:02.536Z
0,closed,2021-06-27T02:14:00Z,,,0,0,0,18495[Am Gericht],2021-06-27T02:17:02.536Z
0.21744627,open,2021-06-27T02:14:00Z,172,619,75,866,791,109240[MyZeil],2021-06-27T02:17:02.536Z
0.03284072,open,2021-06-27T02:14:00Z,20,589,0,609,609,18494[Konrad-Adenauer-Straße],2021-06-27T02:17:02.536Z
0,closed,2021-06-27T02:14:00Z,,,0,0,0,24278[Karstadt],2021-06-27T02:17:02.536Z
0.94400895,open,2021-06-27T02:39:00Z,843,50,0,893,893,24277[Börse],2021-06-27T02:42:00.570Z
0,open,2021-06-27T02:39:00Z,0,200,150,350,200,24276[Turmcenter],2021-06-27T02:42:00.570Z
0.2761194,open,2021-06-27T02:39:00Z,111,291,0,402,402,18944[Alte Oper],2021-06-27T02:42:00.570Z
0.054945055,open,2021-06-27T02:39:00Z,20,344,0,364,364,24281[Hauptbahnhof Süd],2021-06-27T02:42:00.570Z
0.5130208,open,2021-06-27T02:39:00Z,197,187,0,384,384,105479[Baseler Platz],2021-06-27T02:42:00.570Z
0.31644005,open,2021-06-27T02:39:00Z,256,553,0,809,809,24279[Konstabler],2021-06-27T02:42:00.570Z
0.51877934,open,2021-06-27T02:39:00Z,221,205,0,426,426,18497[Hauptwache],2021-06-27T02:42:00.570Z
0,closed,2021-06-27T02:39:00Z,,,0,0,0,18495[Am Gericht],2021-06-27T02:42:00.570Z
0.21618205,open,2021-06-27T02:39:00Z,171,620,75,866,791,109240[MyZeil],2021-06-27T02:42:00.570Z
0.027914613,open,2021-06-27T02:39:00Z,17,592,0,609,609,18494[Konrad-Adenauer-Straße],2021-06-27T02:42:00.570Z
0,closed,2021-06-27T02:39:00Z,,,0,0,0,24278[Karstadt],2021-06-27T02:42:00.570Z
0.94400895,open,2021-06-27T02:49:00Z,843,50,0,893,893,24277[Börse],2021-06-27T02:52:02.020Z
0,open,2021-06-27T02:49:00Z,0,200,150,350,200,24276[Turmcenter],2021-06-27T02:52:02.020Z
0.2761194,open,2021-06-27T02:49:00Z,111,291,0,402,402,18944[Alte Oper],2021-06-27T02:52:02.020Z
0.054945055,open,2021-06-27T02:49:00Z,20,344,0,364,364,24281[Hauptbahnhof Süd],2021-06-27T02:52:02.020Z
0.5130208,open,2021-06-27T02:49:00Z,197,187,0,384,384,105479[Baseler Platz],2021-06-27T02:52:02.020Z
0.31396785,open,2021-06-27T02:49:00Z,254,555,0,809,809,24279[Konstabler],2021-06-27T02:52:02.020Z
0.5140845,open,2021-06-27T02:49:00Z,219,207,0,426,426,18497[Hauptwache],2021-06-27T02:52:02.020Z
0,closed,2021-06-27T02:49:00Z,,,0,0,0,18495[Am Gericht],2021-06-27T02:52:02.020Z
0.21618205,open,2021-06-27T02:49:00Z,171,620,75,866,791,109240[MyZeil],2021-06-27T02:52:02.020Z
0.027914613,open,2021-06-27T02:49:00Z,17,592,0,609,609,18494[Konrad-Adenauer-Straße],2021-06-27T02:52:02.020Z
0,closed,2021-06-27T02:49:00Z,,,0,0,0,24278[Karstadt],2021-06-27T02:52:02.020Z
0.94400895,open,2021-06-27T03:09:00Z,843,50,0,893,893,24277[Börse],2021-06-27T03:12:00.875Z
0,open,2021-06-27T03:09:00Z,0,200,150,350,200,24276[Turmcenter],2021-06-27T03:12:00.875Z
0.27363184,open,2021-06-27T03:09:00Z,110,292,0,402,402,18944[Alte Oper],2021-06-27T03:12:00.875Z
0.054945055,open,2021-06-27T03:09:00Z,20,344,0,364,364,24281[Hauptbahnhof Süd],2021-06-27T03:12:00.875Z
0.5104167,open,2021-06-27T03:09:00Z,196,188,0,384,384,105479[Baseler Platz],2021-06-27T03:12:00.875Z
0.30037084,open,2021-06-27T03:09:00Z,243,566,0,809,809,24279[Konstabler],2021-06-27T03:12:00.875Z
0.5117371,open,2021-06-27T03:09:00Z,218,208,0,426,426,18497[Hauptwache],2021-06-27T03:12:00.875Z
0,closed,2021-06-27T03:09:00Z,,,0,0,0,18495[Am Gericht],2021-06-27T03:12:00.875Z
0.21215881,open,2021-06-27T03:09:00Z,171,635,60,866,806,109240[MyZeil],2021-06-27T03:12:00.875Z
0.022988506,open,2021-06-27T03:09:00Z,14,595,0,609,609,18494[Konrad-Adenauer-Straße],2021-06-27T03:12:00.875Z
0,closed,2021-06-27T03:09:00Z,,,0,0,0,24278[Karstadt],2021-06-27T03:12:00.875Z
0.94400895,open,2021-06-27T03:29:00Z,843,50,0,893,893,24277[Börse],2021-06-27T03:32:00.669Z
0,open,2021-06-27T03:29:00Z,0,200,150,350,200,24276[Turmcenter],2021-06-27T03:32:00.669Z
0.27114427,open,2021-06-27T03:29:00Z,109,293,0,402,402,18944[Alte Oper],2021-06-27T03:32:00.669Z
0.054945055,open,2021-06-27T03:29:00Z,20,344,0,364,364,24281[Hauptbahnhof Süd],2021-06-27T03:32:00.669Z
0.5104167,open,2021-06-27T03:29:00Z,196,188,0,384,384,105479[Baseler Platz],2021-06-27T03:32:00.669Z
0.289246,open,2021-06-27T03:29:00Z,234,575,0,809,809,24279[Konstabler],2021-06-27T03:32:00.669Z
0.5070422,open,2021-06-27T03:29:00Z,216,210,0,426,426,18497[Hauptwache],2021-06-27T03:32:00.669Z
0,closed,2021-06-27T03:29:00Z,,,0,0,0,18495[Am Gericht],2021-06-27T03:32:00.669Z
0.21215881,open,2021-06-27T03:29:00Z,171,635,60,866,806,109240[MyZeil],2021-06-27T03:32:00.669Z
0.022988506,open,2021-06-27T03:29:00Z,14,595,0,609,609,18494[Konrad-Adenauer-Straße],2021-06-27T03:32:00.669Z
0,closed,2021-06-27T03:29:00Z,,,0,0,0,24278[Karstadt],2021-06-27T03:32:00.669Z
0.94400895,open,2021-06-27T03:44:00Z,843,50,0,893,893,24277[Börse],2021-06-27T03:47:00.873Z
0,open,2021-06-27T03:44:00Z,0,200,150,350,200,24276[Turmcenter],2021-06-27T03:47:00.873Z
0.27114427,open,2021-06-27T03:44:00Z,109,293,0,402,402,18944[Alte Oper],2021-06-27T03:47:00.873Z
0.054945055,open,2021-06-27T03:44:00Z,20,344,0,364,364,24281[Hauptbahnhof Süd],2021-06-27T03:47:00.873Z
0.5104167,open,2021-06-27T03:44:00Z,196,188,0,384,384,105479[Baseler Platz],2021-06-27T03:47:00.873Z
0.2867738,open,2021-06-27T03:44:00Z,232,577,0,809,809,24279[Konstabler],2021-06-27T03:47:00.873Z
0.5023474,open,2021-06-27T03:44:00Z,214,212,0,426,426,18497[Hauptwache],2021-06-27T03:47:00.873Z
0,closed,2021-06-27T03:44:00Z,,,0,0,0,18495[Am Gericht],2021-06-27T03:47:00.873Z
0.21215881,open,2021-06-27T03:44:00Z,171,635,60,866,806,109240[MyZeil],2021-06-27T03:47:00.873Z
0.022988506,open,2021-06-27T03:44:00Z,14,595,0,609,609,18494[Konrad-Adenauer-Straße],2021-06-27T03:47:00.873Z
0,closed,2021-06-27T03:44:00Z,,,0,0,0,24278[Karstadt],2021-06-27T03:47:00.873Z
0.94400895,open,2021-06-27T03:54:00Z,843,50,0,893,893,24277[Börse],2021-06-27T03:57:01.477Z
0,open,2021-06-27T03:54:00Z,0,200,150,350,200,24276[Turmcenter],2021-06-27T03:57:01.477Z
0.27114427,open,2021-06-27T03:54:00Z,109,293,0,402,402,18944[Alte Oper],2021-06-27T03:57:01.477Z
0.054945055,open,2021-06-27T03:54:00Z,20,344,0,364,364,24281[Hauptbahnhof Süd],2021-06-27T03:57:01.477Z
0.5104167,open,2021-06-27T03:54:00Z,196,188,0,384,384,105479[Baseler Platz],2021-06-27T03:57:01.477Z
0.28800988,open,2021-06-27T03:54:00Z,233,576,0,809,809,24279[Konstabler],2021-06-27T03:57:01.477Z
0.5023474,open,2021-06-27T03:54:00Z,214,212,0,426,426,18497[Hauptwache],2021-06-27T03:57:01.477Z
0,closed,2021-06-27T03:54:00Z,,,0,0,0,18495[Am Gericht],2021-06-27T03:57:01.477Z
0.21215881,open,2021-06-27T03:54:00Z,171,635,60,866,806,109240[MyZeil],2021-06-27T03:57:01.477Z
0.022988506,open,2021-06-27T03:54:00Z,14,595,0,609,609,18494[Konrad-Adenauer-Straße],2021-06-27T03:57:01.477Z
0,closed,2021-06-27T03:54:00Z,,,0,0,0,24278[Karstadt],2021-06-27T03:57:01.477Z
0.94400895,open,2021-06-27T04:24:00Z,843,50,0,893,893,24277[Börse],2021-06-27T04:27:02.360Z
0,open,2021-06-27T04:24:00Z,0,200,150,350,200,24276[Turmcenter],2021-06-27T04:27:02.360Z
0.27114427,open,2021-06-27T04:24:00Z,109,293,0,402,402,18944[Alte Oper],2021-06-27T04:27:02.360Z
0.054945055,open,2021-06-27T04:24:00Z,20,344,0,364,364,24281[Hauptbahnhof Süd],2021-06-27T04:27:02.360Z
0.5052083,open,2021-06-27T04:24:00Z,194,190,0,384,384,105479[Baseler Platz],2021-06-27T04:27:02.360Z
0.27812114,open,2021-06-27T04:24:00Z,225,584,0,809,809,24279[Konstabler],2021-06-27T04:27:02.360Z
0.5,open,2021-06-27T04:24:00Z,213,213,0,426,426,18497[Hauptwache],2021-06-27T04:27:02.360Z
0.22941177,open,2021-06-27T04:24:00Z,156,524,0,680,680,18495[Am Gericht],2021-06-27T04:27:02.360Z
0.21215881,open,2021-06-27T04:24:00Z,171,635,60,866,806,109240[MyZeil],2021-06-27T04:27:02.360Z
0.02134647,open,2021-06-27T04:24:00Z,13,596,0,609,609,18494[Konrad-Adenauer-Straße],2021-06-27T04:27:02.360Z
0,closed,2021-06-27T04:24:00Z,,,0,0,0,24278[Karstadt],2021-06-27T04:27:02.360Z
0.94400895,open,2021-06-27T04:49:00Z,843,50,0,893,893,24277[Börse],2021-06-27T04:52:00.099Z
0,open,2021-06-27T04:49:00Z,0,200,150,350,200,24276[Turmcenter],2021-06-27T04:52:00.099Z
0.26865673,open,2021-06-27T04:49:00Z,108,294,0,402,402,18944[Alte Oper],2021-06-27T04:52:00.099Z
0.054945055,open,2021-06-27T04:49:00Z,20,344,0,364,364,24281[Hauptbahnhof Süd],2021-06-27T04:52:00.099Z
0.5052083,open,2021-06-27T04:49:00Z,194,190,0,384,384,105479[Baseler Platz],2021-06-27T04:52:00.099Z
0.27564895,open,2021-06-27T04:49:00Z,223,586,0,809,809,24279[Konstabler],2021-06-27T04:52:00.099Z
0.5,open,2021-06-27T04:49:00Z,213,213,0,426,426,18497[Hauptwache],2021-06-27T04:52:00.099Z
0.22794117,open,2021-06-27T04:49:00Z,155,525,0,680,680,18495[Am Gericht],2021-06-27T04:52:00.099Z
0.21215881,open,2021-06-27T04:49:00Z,171,635,60,866,806,109240[MyZeil],2021-06-27T04:52:00.099Z
0.02134647,open,2021-06-27T04:49:00Z,13,596,0,609,609,18494[Konrad-Adenauer-Straße],2021-06-27T04:52:00.099Z
0,closed,2021-06-27T04:49:00Z,,,0,0,0,24278[Karstadt],2021-06-27T04:52:00.099Z
0.94400895,open,2021-06-27T04:59:00Z,843,50,0,893,893,24277[Börse],2021-06-27T05:02:01.650Z
0,open,2021-06-27T04:59:00Z,0,200,150,350,200,24276[Turmcenter],2021-06-27T05:02:01.650Z
0.26865673,open,2021-06-27T04:59:00Z,108,294,0,402,402,18944[Alte Oper],2021-06-27T05:02:01.650Z
0.054945055,open,2021-06-27T04:59:00Z,20,344,0,364,364,24281[Hauptbahnhof Süd],2021-06-27T05:02:01.650Z
0.5052083,open,2021-06-27T04:59:00Z,194,190,0,384,384,105479[Baseler Platz],2021-06-27T05:02:01.650Z
0.27441284,open,2021-06-27T04:59:00Z,222,587,0,809,809,24279[Konstabler],2021-06-27T05:02:01.650Z
0.4976526,open,2021-06-27T04:59:00Z,212,214,0,426,426,18497[Hauptwache],2021-06-27T05:02:01.650Z
0.22794117,open,2021-06-27T04:59:00Z,155,525,0,680,680,18495[Am Gericht],2021-06-27T05:02:01.650Z
0.21215881,open,2021-06-27T04:59:00Z,171,635,60,866,806,109240[MyZeil],2021-06-27T05:02:01.650Z
0.019704433,open,2021-06-27T04:59:00Z,12,597,0,609,609,18494[Konrad-Adenauer-Straße],2021-06-27T05:02:01.650Z
0,closed,2021-06-27T04:59:00Z,,,0,0,0,24278[Karstadt],2021-06-27T05:02:01.650Z
0.94400895,open,2021-06-27T05:19:00Z,843,50,0,893,893,24277[Börse],2021-06-27T05:22:01.635Z
0.005,open,2021-06-27T05:19:00Z,1,199,150,350,200,24276[Turmcenter],2021-06-27T05:22:01.635Z
0.26865673,open,2021-06-27T05:19:00Z,108,294,0,402,402,18944[Alte Oper],2021-06-27T05:22:01.635Z
0.057692308,open,2021-06-27T05:19:00Z,21,343,0,364,364,24281[Hauptbahnhof Süd],2021-06-27T05:22:01.635Z
0.5052083,open,2021-06-27T05:19:00Z,194,190,0,384,384,105479[Baseler Platz],2021-06-27T05:22:01.635Z
0.27317676,open,2021-06-27T05:19:00Z,221,588,0,809,809,24279[Konstabler],2021-06-27T05:22:01.635Z
0.49530515,open,2021-06-27T05:19:00Z,211,215,0,426,426,18497[Hauptwache],2021-06-27T05:22:01.635Z
0.23088235,open,2021-06-27T05:19:00Z,157,523,0,680,680,18495[Am Gericht],2021-06-27T05:22:01.635Z
0.21215881,open,2021-06-27T05:19:00Z,171,635,60,866,806,109240[MyZeil],2021-06-27T05:22:01.635Z
0.018062398,open,2021-06-27T05:19:00Z,11,598,0,609,609,18494[Konrad-Adenauer-Straße],2021-06-27T05:22:01.635Z
0,closed,2021-06-27T05:19:00Z,,,0,0,0,24278[Karstadt],2021-06-27T05:22:01.635Z
0.94400895,open,2021-06-27T05:29:00Z,843,50,0,893,893,24277[Börse],2021-06-27T05:32:00.234Z
0.005,open,2021-06-27T05:29:00Z,1,199,150,350,200,24276[Turmcenter],2021-06-27T05:32:00.234Z
0.26865673,open,2021-06-27T05:29:00Z,108,294,0,402,402,18944[Alte Oper],2021-06-27T05:32:00.234Z
0.057692308,open,2021-06-27T05:29:00Z,21,343,0,364,364,24281[Hauptbahnhof Süd],2021-06-27T05:32:00.234Z
0.5026042,open,2021-06-27T05:29:00Z,193,191,0,384,384,105479[Baseler Platz],2021-06-27T05:32:00.234Z
0.27317676,open,2021-06-27T05:29:00Z,221,588,0,809,809,24279[Konstabler],2021-06-27T05:32:00.234Z
0.49530515,open,2021-06-27T05:29:00Z,211,215,0,426,426,18497[Hauptwache],2021-06-27T05:32:00.234Z
0.23088235,open,2021-06-27T05:29:00Z,157,523,0,680,680,18495[Am Gericht],2021-06-27T05:32:00.234Z
0.21215881,open,2021-06-27T05:29:00Z,171,635,60,866,806,109240[MyZeil],2021-06-27T05:32:00.234Z
0.018062398,open,2021-06-27T05:29:00Z,11,598,0,609,609,18494[Konrad-Adenauer-Straße],2021-06-27T05:32:00.234Z
0,closed,2021-06-27T05:29:00Z,,,0,0,0,24278[Karstadt],2021-06-27T05:32:00.234Z
0.94400895,open,2021-06-27T05:39:00Z,843,50,0,893,893,24277[Börse],2021-06-27T05:42:02.974Z
0.005,open,2021-06-27T05:39:00Z,1,199,150,350,200,24276[Turmcenter],2021-06-27T05:42:02.974Z
0.26865673,open,2021-06-27T05:39:00Z,108,294,0,402,402,18944[Alte Oper],2021-06-27T05:42:02.974Z
0.057692308,open,2021-06-27T05:39:00Z,21,343,0,364,364,24281[Hauptbahnhof Süd],2021-06-27T05:42:02.974Z
0.5,open,2021-06-27T05:39:00Z,192,192,0,384,384,105479[Baseler Platz],2021-06-27T05:42:02.974Z
0.27441284,open,2021-06-27T05:39:00Z,222,587,0,809,809,24279[Konstabler],2021-06-27T05:42:02.974Z
0.49530515,open,2021-06-27T05:39:00Z,211,215,0,426,426,18497[Hauptwache],2021-06-27T05:42:02.974Z
0.23088235,open,2021-06-27T05:39:00Z,157,523,0,680,680,18495[Am Gericht],2021-06-27T05:42:02.974Z
0.21215881,open,2021-06-27T05:39:00Z,171,635,60,866,806,109240[MyZeil],2021-06-27T05:42:02.974Z
0.018062398,open,2021-06-27T05:39:00Z,11,598,0,609,609,18494[Konrad-Adenauer-Straße],2021-06-27T05:42:02.974Z
0,closed,2021-06-27T05:39:00Z,,,0,0,0,24278[Karstadt],2021-06-27T05:42:02.974Z
0.94400895,open,2021-06-27T05:45:00Z,843,50,0,893,893,24277[Börse],2021-06-27T05:47:01.763Z
0.005,open,2021-06-27T05:45:00Z,1,199,150,350,200,24276[Turmcenter],2021-06-27T05:47:01.763Z
0.26865673,open,2021-06-27T05:45:00Z,108,294,0,402,402,18944[Alte Oper],2021-06-27T05:47:01.763Z
0.057692308,open,2021-06-27T05:45:00Z,21,343,0,364,364,24281[Hauptbahnhof Süd],2021-06-27T05:47:01.763Z
0.5,open,2021-06-27T05:45:00Z,192,192,0,384,384,105479[Baseler Platz],2021-06-27T05:47:01.763Z
0.27441284,open,2021-06-27T05:45:00Z,222,587,0,809,809,24279[Konstabler],2021-06-27T05:47:01.763Z
0.49530515,open,2021-06-27T05:45:00Z,211,215,0,426,426,18497[Hauptwache],2021-06-27T05:47:01.763Z
0.23088235,open,2021-06-27T05:45:00Z,157,523,0,680,680,18495[Am Gericht],2021-06-27T05:47:01.763Z
0.21215881,open,2021-06-27T05:45:00Z,171,635,60,866,806,109240[MyZeil],2021-06-27T05:47:01.763Z
0.018062398,open,2021-06-27T05:45:00Z,11,598,0,609,609,18494[Konrad-Adenauer-Straße],2021-06-27T05:47:01.763Z
0,closed,2021-06-27T05:45:00Z,,,0,0,0,24278[Karstadt],2021-06-27T05:47:01.763Z
0.94400895,open,2021-06-27T05:55:00Z,843,50,0,893,893,24277[Börse],2021-06-27T05:57:02.680Z
0.005,open,2021-06-27T05:55:00Z,1,199,150,350,200,24276[Turmcenter],2021-06-27T05:57:02.680Z
0.26865673,open,2021-06-27T05:55:00Z,108,294,0,402,402,18944[Alte Oper],2021-06-27T05:57:02.680Z
0.057692308,open,2021-06-27T05:55:00Z,21,343,0,364,364,24281[Hauptbahnhof Süd],2021-06-27T05:57:02.680Z
0.49739584,open,2021-06-27T05:55:00Z,191,193,0,384,384,105479[Baseler Platz],2021-06-27T05:57:02.680Z
0.27317676,open,2021-06-27T05:55:00Z,221,588,0,809,809,24279[Konstabler],2021-06-27T05:57:02.680Z
0.49530515,open,2021-06-27T05:55:00Z,211,215,0,426,426,18497[Hauptwache],2021-06-27T05:57:02.680Z
0.23235294,open,2021-06-27T05:55:00Z,158,522,0,680,680,18495[Am Gericht],2021-06-27T05:57:02.680Z
0.2133995,open,2021-06-27T05:55:00Z,172,634,60,866,806,109240[MyZeil],2021-06-27T05:57:02.680Z
0.018062398,open,2021-06-27T05:55:00Z,11,598,0,609,609,18494[Konrad-Adenauer-Straße],2021-06-27T05:57:02.680Z
0,closed,2021-06-27T05:55:00Z,,,0,0,0,24278[Karstadt],2021-06-27T05:57:02.680Z
0.94400895,open,2021-06-27T06:30:00Z,843,50,0,893,893,24277[Börse],2021-06-27T06:32:02.105Z
0,open,2021-06-27T06:30:00Z,0,200,150,350,200,24276[Turmcenter],2021-06-27T06:32:02.105Z
0.26865673,open,2021-06-27T06:30:00Z,108,294,0,402,402,18944[Alte Oper],2021-06-27T06:32:02.105Z
0.054945055,open,2021-06-27T06:30:00Z,20,344,0,364,364,24281[Hauptbahnhof Süd],2021-06-27T06:32:02.105Z
0.49479166,open,2021-06-27T06:30:00Z,190,194,0,384,384,105479[Baseler Platz],2021-06-27T06:32:02.105Z
0.2645241,open,2021-06-27T06:30:00Z,214,595,0,809,809,24279[Konstabler],2021-06-27T06:32:02.105Z
0.49295774,open,2021-06-27T06:30:00Z,210,216,0,426,426,18497[Hauptwache],2021-06-27T06:32:02.105Z
0.23088235,open,2021-06-27T06:30:00Z,157,523,0,680,680,18495[Am Gericht],2021-06-27T06:32:02.105Z
0.2158809,open,2021-06-27T06:30:00Z,174,632,60,866,806,109240[MyZeil],2021-06-27T06:32:02.105Z
0.01642036,open,2021-06-27T06:30:00Z,10,599,0,609,609,18494[Konrad-Adenauer-Straße],2021-06-27T06:32:02.105Z
0,closed,2021-06-27T06:30:00Z,,,0,0,0,24278[Karstadt],2021-06-27T06:32:02.105Z
0.94400895,open,2021-06-27T06:55:00Z,843,50,0,893,893,24277[Börse],2021-06-27T06:57:01.014Z
0,open,2021-06-27T06:55:00Z,0,200,150,350,200,24276[Turmcenter],2021-06-27T06:57:01.014Z
0.27114427,open,2021-06-27T06:55:00Z,109,293,0,402,402,18944[Alte Oper],2021-06-27T06:57:01.014Z
0.054945055,open,2021-06-27T06:55:00Z,20,344,0,364,364,24281[Hauptbahnhof Süd],2021-06-27T06:57:01.014Z
0.49479166,open,2021-06-27T06:55:00Z,190,194,0,384,384,105479[Baseler Platz],2021-06-27T06:57:01.014Z
0.25710753,open,2021-06-27T06:55:00Z,208,601,0,809,809,24279[Konstabler],2021-06-27T06:57:01.014Z
0.49530515,open,2021-06-27T06:55:00Z,211,215,0,426,426,18497[Hauptwache],2021-06-27T06:57:01.014Z
0.22941177,open,2021-06-27T06:55:00Z,156,524,0,680,680,18495[Am Gericht],2021-06-27T06:57:01.014Z
0.2133995,open,2021-06-27T06:55:00Z,172,634,60,866,806,109240[MyZeil],2021-06-27T06:57:01.014Z
0.01642036,open,2021-06-27T06:55:00Z,10,599,0,609,609,18494[Konrad-Adenauer-Straße],2021-06-27T06:57:01.014Z
0,closed,2021-06-27T06:55:00Z,,,0,0,0,24278[Karstadt],2021-06-27T06:57:01.014Z
0.94400895,open,2021-06-27T07:05:00Z,843,50,0,893,893,24277[Börse],2021-06-27T07:07:02.177Z
0,open,2021-06-27T07:05:00Z,0,200,150,350,200,24276[Turmcenter],2021-06-27T07:07:02.177Z
0.27114427,open,2021-06-27T07:05:00Z,109,293,0,402,402,18944[Alte Oper],2021-06-27T07:07:02.177Z
0.057692308,open,2021-06-27T07:05:00Z,21,343,0,364,364,24281[Hauptbahnhof Süd],2021-06-27T07:07:02.177Z
0.49479166,open,2021-06-27T07:05:00Z,190,194,0,384,384,105479[Baseler Platz],2021-06-27T07:07:02.177Z
0.25587144,open,2021-06-27T07:05:00Z,207,602,0,809,809,24279[Konstabler],2021-06-27T07:07:02.177Z
0.4976526,open,2021-06-27T07:05:00Z,212,214,0,426,426,18497[Hauptwache],2021-06-27T07:07:02.177Z
0.22941177,open,2021-06-27T07:05:00Z,156,524,0,680,680,18495[Am Gericht],2021-06-27T07:07:02.177Z
0.2133995,open,2021-06-27T07:05:00Z,172,634,60,866,806,109240[MyZeil],2021-06-27T07:07:02.177Z
0.014778325,open,2021-06-27T07:05:00Z,9,600,0,609,609,18494[Konrad-Adenauer-Straße],2021-06-27T07:07:02.177Z
0,closed,2021-06-27T07:05:00Z,,,0,0,0,24278[Karstadt],2021-06-27T07:07:02.177Z
0.94400895,open,2021-06-27T07:50:00Z,843,50,0,893,893,24277[Börse],2021-06-27T07:52:01.462Z
0.02,open,2021-06-27T07:50:00Z,4,196,150,350,200,24276[Turmcenter],2021-06-27T07:52:01.462Z
0.27860695,open,2021-06-27T07:50:00Z,112,290,0,402,402,18944[Alte Oper],2021-06-27T07:52:01.462Z
0.052197803,open,2021-06-27T07:50:00Z,19,345,0,364,364,24281[Hauptbahnhof Süd],2021-06-27T07:52:01.462Z
0.48958334,open,2021-06-27T07:50:00Z,188,196,0,384,384,105479[Baseler Platz],2021-06-27T07:52:01.462Z
0.25587144,open,2021-06-27T07:50:00Z,207,602,0,809,809,24279[Konstabler],2021-06-27T07:52:01.462Z
0.5046948,open,2021-06-27T07:50:00Z,215,211,0,426,426,18497[Hauptwache],2021-06-27T07:52:01.462Z
0.22647059,open,2021-06-27T07:50:00Z,154,526,0,680,680,18495[Am Gericht],2021-06-27T07:52:01.462Z
0.21836229,open,2021-06-27T07:50:00Z,176,630,60,866,806,109240[MyZeil],2021-06-27T07:52:01.462Z
0.014778325,open,2021-06-27T07:50:00Z,9,600,0,609,609,18494[Konrad-Adenauer-Straße],2021-06-27T07:52:01.462Z
0,closed,2021-06-27T07:50:00Z,,,0,0,0,24278[Karstadt],2021-06-27T07:52:01.462Z
0.94400895,open,2021-06-27T08:10:00Z,843,50,0,893,893,24277[Börse],2021-06-27T08:12:02.009Z
0.015,open,2021-06-27T08:10:00Z,3,197,150,350,200,24276[Turmcenter],2021-06-27T08:12:02.009Z
0.28109452,open,2021-06-27T08:10:00Z,113,289,0,402,402,18944[Alte Oper],2021-06-27T08:12:02.009Z
0.052197803,open,2021-06-27T08:10:00Z,19,345,0,364,364,24281[Hauptbahnhof Süd],2021-06-27T08:12:02.009Z
0.48697916,open,2021-06-27T08:10:00Z,187,197,0,384,384,105479[Baseler Platz],2021-06-27T08:12:02.009Z
0.25957972,open,2021-06-27T08:10:00Z,210,599,0,809,809,24279[Konstabler],2021-06-27T08:12:02.009Z
0.5117371,open,2021-06-27T08:10:00Z,218,208,0,426,426,18497[Hauptwache],2021-06-27T08:12:02.009Z
0.22647059,open,2021-06-27T08:10:00Z,154,526,0,680,680,18495[Am Gericht],2021-06-27T08:12:02.009Z
0.21960297,open,2021-06-27T08:10:00Z,177,629,60,866,806,109240[MyZeil],2021-06-27T08:12:02.009Z
0.009852217,open,2021-06-27T08:10:00Z,6,603,0,609,609,18494[Konrad-Adenauer-Straße],2021-06-27T08:12:02.009Z
0,closed,2021-06-27T08:10:00Z,,,0,0,0,24278[Karstadt],2021-06-27T08:12:02.009Z
0.94400895,open,2021-06-27T08:31:00Z,843,50,0,893,893,24277[Börse],2021-06-27T08:32:00.509Z
0.01,open,2021-06-27T08:31:00Z,2,198,150,350,200,24276[Turmcenter],2021-06-27T08:32:00.509Z
0.2885572,open,2021-06-27T08:31:00Z,116,286,0,402,402,18944[Alte Oper],2021-06-27T08:32:00.509Z
0.052197803,open,2021-06-27T08:31:00Z,19,345,0,364,364,24281[Hauptbahnhof Süd],2021-06-27T08:32:00.509Z
0.48177084,open,2021-06-27T08:31:00Z,185,199,0,384,384,105479[Baseler Platz],2021-06-27T08:32:00.509Z
0.25710753,open,2021-06-27T08:31:00Z,208,601,0,809,809,24279[Konstabler],2021-06-27T08:32:00.509Z
0.52816904,open,2021-06-27T08:31:00Z,225,201,0,426,426,18497[Hauptwache],2021-06-27T08:32:00.509Z
0.22058824,open,2021-06-27T08:31:00Z,150,530,0,680,680,18495[Am Gericht],2021-06-27T08:32:00.509Z
0.21215881,open,2021-06-27T08:31:00Z,171,635,60,866,806,109240[MyZeil],2021-06-27T08:32:00.509Z
0.014778325,open,2021-06-27T08:31:00Z,9,600,0,609,609,18494[Konrad-Adenauer-Straße],2021-06-27T08:32:00.509Z
0,closed,2021-06-27T08:31:00Z,,,0,0,0,24278[Karstadt],2021-06-27T08:32:00.509Z
0.94400895,open,2021-06-27T08:46:00Z,843,50,0,893,893,24277[Börse],2021-06-27T08:47:02.803Z
0.01,open,2021-06-27T08:46:00Z,2,198,150,350,200,24276[Turmcenter],2021-06-27T08:47:02.803Z
0.29353234,open,2021-06-27T08:46:00Z,118,284,0,402,402,18944[Alte Oper],2021-06-27T08:47:02.803Z
0.052197803,open,2021-06-27T08:46:00Z,19,345,0,364,364,24281[Hauptbahnhof Süd],2021-06-27T08:47:02.803Z
0.47395834,open,2021-06-27T08:46:00Z,182,202,0,384,384,105479[Baseler Platz],2021-06-27T08:47:02.803Z
0.25834364,open,2021-06-27T08:46:00Z,209,600,0,809,809,24279[Konstabler],2021-06-27T08:47:02.803Z
0.5375587,open,2021-06-27T08:46:00Z,229,197,0,426,426,18497[Hauptwache],2021-06-27T08:47:02.803Z
0.22058824,open,2021-06-27T08:46:00Z,150,530,0,680,680,18495[Am Gericht],2021-06-27T08:47:02.803Z
0.2146402,open,2021-06-27T08:46:00Z,173,633,60,866,806,109240[MyZeil],2021-06-27T08:47:02.803Z
0.011494253,open,2021-06-27T08:46:00Z,7,602,0,609,609,18494[Konrad-Adenauer-Straße],2021-06-27T08:47:02.803Z
0,closed,2021-06-27T08:46:00Z,,,0,0,0,24278[Karstadt],2021-06-27T08:47:02.803Z
0.94400895,open,2021-06-27T08:56:00Z,843,50,0,893,893,24277[Börse],2021-06-27T08:57:00.125Z
0.01,open,2021-06-27T08:56:00Z,2,198,150,350,200,24276[Turmcenter],2021-06-27T08:57:00.125Z
0.2960199,open,2021-06-27T08:56:00Z,119,283,0,402,402,18944[Alte Oper],2021-06-27T08:57:00.125Z
0.052197803,open,2021-06-27T08:56:00Z,19,345,0,364,364,24281[Hauptbahnhof Süd],2021-06-27T08:57:00.125Z
0.46614584,open,2021-06-27T08:56:00Z,179,205,0,384,384,105479[Baseler Platz],2021-06-27T08:57:00.125Z
0.25834364,open,2021-06-27T08:56:00Z,209,600,0,809,809,24279[Konstabler],2021-06-27T08:57:00.125Z
0.5422535,open,2021-06-27T08:56:00Z,231,195,0,426,426,18497[Hauptwache],2021-06-27T08:57:00.125Z
0.22058824,open,2021-06-27T08:56:00Z,150,530,0,680,680,18495[Am Gericht],2021-06-27T08:57:00.125Z
0.2133995,open,2021-06-27T08:56:00Z,172,634,60,866,806,109240[MyZeil],2021-06-27T08:57:00.125Z
0.009852217,open,2021-06-27T08:56:00Z,6,603,0,609,609,18494[Konrad-Adenauer-Straße],2021-06-27T08:57:00.125Z
0,closed,2021-06-27T08:56:00Z,,,0,0,0,24278[Karstadt],2021-06-27T08:57:00.125Z
0.94400895,open,2021-06-27T09:06:00Z,843,50,0,893,893,24277[Börse],2021-06-27T09:07:01.808Z
0.005,open,2021-06-27T09:06:00Z,1,199,150,350,200,24276[Turmcenter],2021-06-27T09:07:01.808Z
0.29353234,open,2021-06-27T09:06:00Z,118,284,0,402,402,18944[Alte Oper],2021-06-27T09:07:01.808Z
0.04945055,open,2021-06-27T09:06:00Z,18,346,0,364,364,24281[Hauptbahnhof Süd],2021-06-27T09:07:01.808Z
0.45572916,open,2021-06-27T09:06:00Z,175,209,0,384,384,105479[Baseler Platz],2021-06-27T09:07:01.808Z
0.26081583,open,2021-06-27T09:06:00Z,211,598,0,809,809,24279[Konstabler],2021-06-27T09:07:01.808Z
0.5516432,open,2021-06-27T09:06:00Z,235,191,0,426,426,18497[Hauptwache],2021-06-27T09:07:01.808Z
0.225,open,2021-06-27T09:06:00Z,153,527,0,680,680,18495[Am Gericht],2021-06-27T09:07:01.808Z
0.20967741,open,2021-06-27T09:06:00Z,169,637,60,866,806,109240[MyZeil],2021-06-27T09:07:01.808Z
0.009852217,open,2021-06-27T09:06:00Z,6,603,0,609,609,18494[Konrad-Adenauer-Straße],2021-06-27T09:07:01.808Z
0,closed,2021-06-27T09:06:00Z,,,0,0,0,24278[Karstadt],2021-06-27T09:07:01.808Z
0.94400895,open,2021-06-27T09:26:00Z,843,50,0,893,893,24277[Börse],2021-06-27T09:27:00.671Z
0.015,open,2021-06-27T09:26:00Z,3,197,150,350,200,24276[Turmcenter],2021-06-27T09:27:00.671Z
0.29104477,open,2021-06-27T09:26:00Z,117,285,0,402,402,18944[Alte Oper],2021-06-27T09:27:00.671Z
0.04945055,open,2021-06-27T09:26:00Z,18,346,0,364,364,24281[Hauptbahnhof Süd],2021-06-27T09:27:00.671Z
0.4453125,open,2021-06-27T09:26:00Z,171,213,0,384,384,105479[Baseler Platz],2021-06-27T09:27:00.671Z
0.26081583,open,2021-06-27T09:26:00Z,211,598,0,809,809,24279[Konstabler],2021-06-27T09:27:00.671Z
0.5610329,open,2021-06-27T09:26:00Z,239,187,0,426,426,18497[Hauptwache],2021-06-27T09:27:00.671Z
0.225,open,2021-06-27T09:26:00Z,153,527,0,680,680,18495[Am Gericht],2021-06-27T09:27:00.671Z
0.20843673,open,2021-06-27T09:26:00Z,168,638,60,866,806,109240[MyZeil],2021-06-27T09:27:00.671Z
0.0016420361,open,2021-06-27T09:26:00Z,1,608,0,609,609,18494[Konrad-Adenauer-Straße],2021-06-27T09:27:00.671Z
0,closed,2021-06-27T09:26:00Z,,,0,0,0,24278[Karstadt],2021-06-27T09:27:00.671Z
0.94400895,open,2021-06-27T09:41:00Z,843,50,0,893,893,24277[Börse],2021-06-27T09:42:02.846Z
0.01,open,2021-06-27T09:41:00Z,2,198,150,350,200,24276[Turmcenter],2021-06-27T09:42:02.846Z
0.29353234,open,2021-06-27T09:41:00Z,118,284,0,402,402,18944[Alte Oper],2021-06-27T09:42:02.846Z
0.04945055,open,2021-06-27T09:41:00Z,18,346,0,364,364,24281[Hauptbahnhof Süd],2021-06-27T09:42:02.846Z
0.44010416,open,2021-06-27T09:41:00Z,169,215,0,384,384,105479[Baseler Platz],2021-06-27T09:42:02.846Z
0.2645241,open,2021-06-27T09:41:00Z,214,595,0,809,809,24279[Konstabler],2021-06-27T09:42:02.846Z
0.5657277,open,2021-06-27T09:41:00Z,241,185,0,426,426,18497[Hauptwache],2021-06-27T09:42:02.846Z
0.22647059,open,2021-06-27T09:41:00Z,154,526,0,680,680,18495[Am Gericht],2021-06-27T09:42:02.846Z
0.21091811,open,2021-06-27T09:41:00Z,170,636,60,866,806,109240[MyZeil],2021-06-27T09:42:02.846Z
0.0016420361,open,2021-06-27T09:41:00Z,1,608,0,609,609,18494[Konrad-Adenauer-Straße],2021-06-27T09:42:02.846Z
0,closed,2021-06-27T09:41:00Z,,,0,0,0,24278[Karstadt],2021-06-27T09:42:02.846Z
0.94400895,open,2021-06-27T09:51:00Z,843,50,0,893,893,24277[Börse],2021-06-27T09:52:00.407Z
0.01,open,2021-06-27T09:51:00Z,2,198,150,350,200,24276[Turmcenter],2021-06-27T09:52:00.407Z
0.30597016,open,2021-06-27T09:51:00Z,123,279,0,402,402,18944[Alte Oper],2021-06-27T09:52:00.407Z
0.04945055,open,2021-06-27T09:51:00Z,18,346,0,364,364,24281[Hauptbahnhof Süd],2021-06-27T09:52:00.407Z
0.43489584,open,2021-06-27T09:51:00Z,167,217,0,384,384,105479[Baseler Platz],2021-06-27T09:52:00.407Z
0.2694685,open,2021-06-27T09:51:00Z,218,591,0,809,809,24279[Konstabler],2021-06-27T09:52:00.407Z
0.57042253,open,2021-06-27T09:51:00Z,243,183,0,426,426,18497[Hauptwache],2021-06-27T09:52:00.407Z
0.22352941,open,2021-06-27T09:51:00Z,152,528,0,680,680,18495[Am Gericht],2021-06-27T09:52:00.407Z
0.20967741,open,2021-06-27T09:51:00Z,169,637,60,866,806,109240[MyZeil],2021-06-27T09:52:00.407Z
0,open,2021-06-27T09:51:00Z,0,609,0,609,609,18494[Konrad-Adenauer-Straße],2021-06-27T09:52:00.407Z
0,closed,2021-06-27T09:51:00Z,,,0,0,0,24278[Karstadt],2021-06-27T09:52:00.407Z
0.94400895,open,2021-06-27T10:11:00Z,843,50,0,893,893,24277[Börse],2021-06-27T10:12:02.129Z
0.015,open,2021-06-27T10:11:00Z,3,197,150,350,200,24276[Turmcenter],2021-06-27T10:12:02.129Z
0.31840795,open,2021-06-27T10:11:00Z,128,274,0,402,402,18944[Alte Oper],2021-06-27T10:12:02.129Z
0.043956045,open,2021-06-27T10:11:00Z,16,348,0,364,364,24281[Hauptbahnhof Süd],2021-06-27T10:12:02.129Z
0.42708334,open,2021-06-27T10:11:00Z,164,220,0,384,384,105479[Baseler Platz],2021-06-27T10:12:02.129Z
0.28306553,open,2021-06-27T10:11:00Z,229,580,0,809,809,24279[Konstabler],2021-06-27T10:12:02.129Z
0.57511735,open,2021-06-27T10:11:00Z,245,181,0,426,426,18497[Hauptwache],2021-06-27T10:12:02.129Z
0.22205882,open,2021-06-27T10:11:00Z,151,529,0,680,680,18495[Am Gericht],2021-06-27T10:12:02.129Z
0.20595534,open,2021-06-27T10:11:00Z,166,640,60,866,806,109240[MyZeil],2021-06-27T10:12:02.129Z
0,open,2021-06-27T10:11:00Z,0,609,0,609,609,18494[Konrad-Adenauer-Straße],2021-06-27T10:12:02.129Z
0,closed,2021-06-27T10:11:00Z,,,0,0,0,24278[Karstadt],2021-06-27T10:12:02.129Z
0.94400895,open,2021-06-27T10:26:00Z,843,50,0,893,893,24277[Börse],2021-06-27T10:32:02.067Z
0.015,open,2021-06-27T10:26:00Z,3,197,150,350,200,24276[Turmcenter],2021-06-27T10:32:02.067Z
0.3283582,open,2021-06-27T10:26:00Z,132,270,0,402,402,18944[Alte Oper],2021-06-27T10:32:02.067Z
0.043956045,open,2021-06-27T10:26:00Z,16,348,0,364,364,24281[Hauptbahnhof Süd],2021-06-27T10:32:02.067Z
0.41666666,open,2021-06-27T10:26:00Z,160,224,0,384,384,105479[Baseler Platz],2021-06-27T10:32:02.067Z
0.29666254,open,2021-06-27T10:26:00Z,240,569,0,809,809,24279[Konstabler],2021-06-27T10:32:02.067Z
0.57276994,open,2021-06-27T10:26:00Z,244,182,0,426,426,18497[Hauptwache],2021-06-27T10:32:02.067Z
0.22205882,open,2021-06-27T10:26:00Z,151,529,0,680,680,18495[Am Gericht],2021-06-27T10:32:02.067Z
0.20347394,open,2021-06-27T10:26:00Z,164,642,60,866,806,109240[MyZeil],2021-06-27T10:32:02.067Z
0.0049261083,open,2021-06-27T10:26:00Z,3,606,0,609,609,18494[Konrad-Adenauer-Straße],2021-06-27T10:32:02.067Z
0,closed,2021-06-27T10:26:00Z,,,0,0,0,24278[Karstadt],2021-06-27T10:32:02.067Z
0.94400895,open,2021-06-27T10:42:00Z,843,50,0,893,893,24277[Börse],2021-06-27T10:47:01.711Z
0.025,open,2021-06-27T10:42:00Z,5,195,150,350,200,24276[Turmcenter],2021-06-27T10:47:01.711Z
0.33582088,open,2021-06-27T10:42:00Z,135,267,0,402,402,18944[Alte Oper],2021-06-27T10:47:01.711Z
0.046703298,open,2021-06-27T10:42:00Z,17,347,0,364,364,24281[Hauptbahnhof Süd],2021-06-27T10:47:01.711Z
0.40104166,open,2021-06-27T10:42:00Z,154,230,0,384,384,105479[Baseler Platz],2021-06-27T10:47:01.711Z
0.30160692,open,2021-06-27T10:42:00Z,244,565,0,809,809,24279[Konstabler],2021-06-27T10:47:01.711Z
0.57511735,open,2021-06-27T10:42:00Z,245,181,0,426,426,18497[Hauptwache],2021-06-27T10:47:01.711Z
0.225,open,2021-06-27T10:42:00Z,153,527,0,680,680,18495[Am Gericht],2021-06-27T10:47:01.711Z
0.20223325,open,2021-06-27T10:42:00Z,163,643,60,866,806,109240[MyZeil],2021-06-27T10:47:01.711Z
0.0032840723,open,2021-06-27T10:42:00Z,2,607,0,609,609,18494[Konrad-Adenauer-Straße],2021-06-27T10:47:01.711Z
0,closed,2021-06-27T10:42:00Z,,,0,0,0,24278[Karstadt],2021-06-27T10:47:01.711Z
0.94400895,open,2021-06-27T10:47:00Z,843,50,0,893,893,24277[Börse],2021-06-27T10:52:00.526Z
0.02,open,2021-06-27T10:47:00Z,4,196,150,350,200,24276[Turmcenter],2021-06-27T10:52:00.526Z
0.33582088,open,2021-06-27T10:47:00Z,135,267,0,402,402,18944[Alte Oper],2021-06-27T10:52:00.526Z
0.046703298,open,2021-06-27T10:47:00Z,17,347,0,364,364,24281[Hauptbahnhof Süd],2021-06-27T10:52:00.526Z
0.39583334,open,2021-06-27T10:47:00Z,152,232,0,384,384,105479[Baseler Platz],2021-06-27T10:52:00.526Z
0.3065513,open,2021-06-27T10:47:00Z,248,561,0,809,809,24279[Konstabler],2021-06-27T10:52:00.526Z
0.57511735,open,2021-06-27T10:47:00Z,245,181,0,426,426,18497[Hauptwache],2021-06-27T10:52:00.526Z
0.22352941,open,2021-06-27T10:47:00Z,152,528,0,680,680,18495[Am Gericht],2021-06-27T10:52:00.526Z
0.20223325,open,2021-06-27T10:47:00Z,163,643,60,866,806,109240[MyZeil],2021-06-27T10:52:00.526Z
0.0032840723,open,2021-06-27T10:47:00Z,2,607,0,609,609,18494[Konrad-Adenauer-Straße],2021-06-27T10:52:00.526Z
0,closed,2021-06-27T10:47:00Z,,,0,0,0,24278[Karstadt],2021-06-27T10:52:00.526Z
0.94400895,open,2021-06-27T11:07:00Z,843,50,0,893,893,24277[Börse],2021-06-27T11:12:00.105Z
0.02,open,2021-06-27T11:07:00Z,4,196,150,350,200,24276[Turmcenter],2021-06-27T11:12:00.105Z
0.35820895,open,2021-06-27T11:07:00Z,144,258,0,402,402,18944[Alte Oper],2021-06-27T11:12:00.105Z
0.046703298,open,2021-06-27T11:07:00Z,17,347,0,364,364,24281[Hauptbahnhof Süd],2021-06-27T11:12:00.105Z
0.390625,open,2021-06-27T11:07:00Z,150,234,0,384,384,105479[Baseler Platz],2021-06-27T11:12:00.105Z
0.32014832,open,2021-06-27T11:07:00Z,259,550,0,809,809,24279[Konstabler],2021-06-27T11:12:00.105Z
0.5915493,open,2021-06-27T11:07:00Z,252,174,0,426,426,18497[Hauptwache],2021-06-27T11:12:00.105Z
0.24705882,open,2021-06-27T11:07:00Z,168,512,0,680,680,18495[Am Gericht],2021-06-27T11:12:00.105Z
0.20595534,open,2021-06-27T11:07:00Z,166,640,60,866,806,109240[MyZeil],2021-06-27T11:12:00.105Z
0.0016420361,open,2021-06-27T11:07:00Z,1,608,0,609,609,18494[Konrad-Adenauer-Straße],2021-06-27T11:12:00.105Z
0,closed,2021-06-27T11:07:00Z,,,0,0,0,24278[Karstadt],2021-06-27T11:12:00.105Z
0.94400895,open,2021-06-27T11:22:00Z,843,50,0,893,893,24277[Börse],2021-06-27T11:27:00.354Z
0.03,open,2021-06-27T11:22:00Z,6,194,150,350,200,24276[Turmcenter],2021-06-27T11:27:00.354Z
0.35820895,open,2021-06-27T11:22:00Z,144,258,0,402,402,18944[Alte Oper],2021-06-27T11:27:00.354Z
0.043956045,open,2021-06-27T11:22:00Z,16,348,0,364,364,24281[Hauptbahnhof Süd],2021-06-27T11:27:00.354Z
0.38541666,open,2021-06-27T11:22:00Z,148,236,0,384,384,105479[Baseler Platz],2021-06-27T11:27:00.354Z
0.3226205,open,2021-06-27T11:22:00Z,261,548,0,809,809,24279[Konstabler],2021-06-27T11:27:00.354Z
0.58450705,open,2021-06-27T11:22:00Z,249,177,0,426,426,18497[Hauptwache],2021-06-27T11:27:00.354Z
0.25441176,open,2021-06-27T11:22:00Z,173,507,0,680,680,18495[Am Gericht],2021-06-27T11:27:00.354Z
0.20223325,open,2021-06-27T11:22:00Z,163,643,60,866,806,109240[MyZeil],2021-06-27T11:27:00.354Z
0.0049261083,open,2021-06-27T11:22:00Z,3,606,0,609,609,18494[Konrad-Adenauer-Straße],2021-06-27T11:27:00.354Z
0,closed,2021-06-27T11:22:00Z,,,0,0,0,24278[Karstadt],2021-06-27T11:27:00.354Z
0.94400895,open,2021-06-27T11:27:00Z,843,50,0,893,893,24277[Börse],2021-06-27T11:32:02.571Z
0.03,open,2021-06-27T11:27:00Z,6,194,150,350,200,24276[Turmcenter],2021-06-27T11:32:02.571Z
0.36069652,open,2021-06-27T11:27:00Z,145,257,0,402,402,18944[Alte Oper],2021-06-27T11:32:02.571Z
0.043956045,open,2021-06-27T11:27:00Z,16,348,0,364,364,24281[Hauptbahnhof Süd],2021-06-27T11:32:02.571Z
0.38541666,open,2021-06-27T11:27:00Z,148,236,0,384,384,105479[Baseler Platz],2021-06-27T11:32:02.571Z
0.3300371,open,2021-06-27T11:27:00Z,267,542,0,809,809,24279[Konstabler],2021-06-27T11:32:02.571Z
0.58685446,open,2021-06-27T11:27:00Z,250,176,0,426,426,18497[Hauptwache],2021-06-27T11:32:02.571Z
0.25,open,2021-06-27T11:27:00Z,170,510,0,680,680,18495[Am Gericht],2021-06-27T11:32:02.571Z
0.20223325,open,2021-06-27T11:27:00Z,163,643,60,866,806,109240[MyZeil],2021-06-27T11:32:02.571Z
0.0065681445,open,2021-06-27T11:27:00Z,4,605,0,609,609,18494[Konrad-Adenauer-Straße],2021-06-27T11:32:02.571Z
0,closed,2021-06-27T11:27:00Z,,,0,0,0,24278[Karstadt],2021-06-27T11:32:02.571Z
0.94400895,open,2021-06-27T11:37:00Z,843,50,0,893,893,24277[Börse],2021-06-27T11:42:00.545Z
0.025,open,2021-06-27T11:37:00Z,5,195,150,350,200,24276[Turmcenter],2021-06-27T11:42:00.545Z
0.35820895,open,2021-06-27T11:37:00Z,144,258,0,402,402,18944[Alte Oper],2021-06-27T11:42:00.545Z
0.046703298,open,2021-06-27T11:37:00Z,17,347,0,364,364,24281[Hauptbahnhof Süd],2021-06-27T11:42:00.545Z
0.38541666,open,2021-06-27T11:37:00Z,148,236,0,384,384,105479[Baseler Platz],2021-06-27T11:42:00.545Z
0.33374536,open,2021-06-27T11:37:00Z,270,539,0,809,809,24279[Konstabler],2021-06-27T11:42:00.545Z
0.6056338,open,2021-06-27T11:37:00Z,258,168,0,426,426,18497[Hauptwache],2021-06-27T11:42:00.545Z
0.25441176,open,2021-06-27T11:37:00Z,173,507,0,680,680,18495[Am Gericht],2021-06-27T11:42:00.545Z
0.20099255,open,2021-06-27T11:37:00Z,162,644,60,866,806,109240[MyZeil],2021-06-27T11:42:00.545Z
0.0032840723,open,2021-06-27T11:37:00Z,2,607,0,609,609,18494[Konrad-Adenauer-Straße],2021-06-27T11:42:00.545Z
0,closed,2021-06-27T11:37:00Z,,,0,0,0,24278[Karstadt],2021-06-27T11:42:00.545Z
0.94400895,open,2021-06-27T11:47:00Z,843,50,0,893,893,24277[Börse],2021-06-27T11:52:02.711Z
0.04,open,2021-06-27T11:47:00Z,8,192,150,350,200,24276[Turmcenter],2021-06-27T11:52:02.711Z
0.35820895,open,2021-06-27T11:47:00Z,144,258,0,402,402,18944[Alte Oper],2021-06-27T11:52:02.711Z
0.046703298,open,2021-06-27T11:47:00Z,17,347,0,364,364,24281[Hauptbahnhof Süd],2021-06-27T11:52:02.711Z
0.3828125,open,2021-06-27T11:47:00Z,147,237,0,384,384,105479[Baseler Platz],2021-06-27T11:52:02.711Z
0.33868974,open,2021-06-27T11:47:00Z,274,535,0,809,809,24279[Konstabler],2021-06-27T11:52:02.711Z
0.6056338,open,2021-06-27T11:47:00Z,258,168,0,426,426,18497[Hauptwache],2021-06-27T11:52:02.711Z
0.25735295,open,2021-06-27T11:47:00Z,175,505,0,680,680,18495[Am Gericht],2021-06-27T11:52:02.711Z
0.19975185,open,2021-06-27T11:47:00Z,161,645,60,866,806,109240[MyZeil],2021-06-27T11:52:02.711Z
0.0049261083,open,2021-06-27T11:47:00Z,3,606,0,609,609,18494[Konrad-Adenauer-Straße],2021-06-27T11:52:02.711Z
0,closed,2021-06-27T11:47:00Z,,,0,0,0,24278[Karstadt],2021-06-27T11:52:02.711Z
0.94400895,open,2021-06-27T12:12:00Z,843,50,0,893,893,24277[Börse],2021-06-27T12:17:02.234Z
0.045,open,2021-06-27T12:12:00Z,9,191,150,350,200,24276[Turmcenter],2021-06-27T12:17:02.234Z
0.3681592,open,2021-06-27T12:12:00Z,148,254,0,402,402,18944[Alte Oper],2021-06-27T12:17:02.234Z
0.041208792,open,2021-06-27T12:12:00Z,15,349,0,364,364,24281[Hauptbahnhof Süd],2021-06-27T12:17:02.234Z
0.37239584,open,2021-06-27T12:12:00Z,143,241,0,384,384,105479[Baseler Platz],2021-06-27T12:17:02.234Z
0.35723114,open,2021-06-27T12:12:00Z,289,520,0,809,809,24279[Konstabler],2021-06-27T12:17:02.234Z
0.62441313,open,2021-06-27T12:12:00Z,266,160,0,426,426,18497[Hauptwache],2021-06-27T12:17:02.234Z
0.25882354,open,2021-06-27T12:12:00Z,176,504,0,680,680,18495[Am Gericht],2021-06-27T12:17:02.234Z
0.20099255,open,2021-06-27T12:12:00Z,162,644,60,866,806,109240[MyZeil],2021-06-27T12:17:02.234Z
0.009852217,open,2021-06-27T12:12:00Z,6,603,0,609,609,18494[Konrad-Adenauer-Straße],2021-06-27T12:17:02.234Z
0,closed,2021-06-27T12:12:00Z,,,0,0,0,24278[Karstadt],2021-06-27T12:17:02.234Z
0.94400895,open,2021-06-27T12:48:00Z,843,50,0,893,893,24277[Börse],2021-06-27T12:52:00.638Z
0.055,open,2021-06-27T12:48:00Z,11,189,150,350,200,24276[Turmcenter],2021-06-27T12:52:00.638Z
0.36567163,open,2021-06-27T12:48:00Z,147,255,0,402,402,18944[Alte Oper],2021-06-27T12:52:00.638Z
0.046703298,open,2021-06-27T12:48:00Z,17,347,0,364,364,24281[Hauptbahnhof Süd],2021-06-27T12:52:00.638Z
0.36979166,open,2021-06-27T12:48:00Z,142,242,0,384,384,105479[Baseler Platz],2021-06-27T12:52:00.638Z
0.3634116,open,2021-06-27T12:48:00Z,294,515,0,809,809,24279[Konstabler],2021-06-27T12:52:00.638Z
0.62910795,open,2021-06-27T12:48:00Z,268,158,0,426,426,18497[Hauptwache],2021-06-27T12:52:00.638Z
0.2632353,open,2021-06-27T12:48:00Z,179,501,0,680,680,18495[Am Gericht],2021-06-27T12:52:00.638Z
0.20471464,open,2021-06-27T12:48:00Z,165,641,60,866,806,109240[MyZeil],2021-06-27T12:52:00.638Z
0.01642036,open,2021-06-27T12:48:00Z,10,599,0,609,609,18494[Konrad-Adenauer-Straße],2021-06-27T12:52:00.638Z
0,closed,2021-06-27T12:48:00Z,,,0,0,0,24278[Karstadt],2021-06-27T12:52:00.638Z
0.94400895,open,2021-06-27T13:08:00Z,843,50,0,893,893,24277[Börse],2021-06-27T13:12:02.317Z
0.045,open,2021-06-27T13:08:00Z,9,191,150,350,200,24276[Turmcenter],2021-06-27T13:12:02.317Z
0.3631841,open,2021-06-27T13:08:00Z,146,256,0,402,402,18944[Alte Oper],2021-06-27T13:12:02.317Z
0.054945055,open,2021-06-27T13:08:00Z,20,344,0,364,364,24281[Hauptbahnhof Süd],2021-06-27T13:12:02.317Z
0.36979166,open,2021-06-27T13:08:00Z,142,242,0,384,384,105479[Baseler Platz],2021-06-27T13:12:02.317Z
0.37577257,open,2021-06-27T13:08:00Z,304,505,0,809,809,24279[Konstabler],2021-06-27T13:12:02.317Z
0.6455399,open,2021-06-27T13:08:00Z,275,151,0,426,426,18497[Hauptwache],2021-06-27T13:12:02.317Z
0.2632353,open,2021-06-27T13:08:00Z,179,501,0,680,680,18495[Am Gericht],2021-06-27T13:12:02.317Z
0.20719603,open,2021-06-27T13:08:00Z,167,639,60,866,806,109240[MyZeil],2021-06-27T13:12:02.317Z
0.026272578,open,2021-06-27T13:08:00Z,16,593,0,609,609,18494[Konrad-Adenauer-Straße],2021-06-27T13:12:02.317Z
0,closed,2021-06-27T13:08:00Z,,,0,0,0,24278[Karstadt],2021-06-27T13:12:02.317Z
0.94400895,open,2021-06-27T13:28:00Z,843,50,0,893,893,24277[Börse],2021-06-27T13:32:00.637Z
0.045,open,2021-06-27T13:28:00Z,9,191,150,350,200,24276[Turmcenter],2021-06-27T13:32:00.637Z
0.35323384,open,2021-06-27T13:28:00Z,142,260,0,402,402,18944[Alte Oper],2021-06-27T13:32:00.637Z
0.054945055,open,2021-06-27T13:28:00Z,20,344,0,364,364,24281[Hauptbahnhof Süd],2021-06-27T13:32:00.637Z
0.36458334,open,2021-06-27T13:28:00Z,140,244,0,384,384,105479[Baseler Platz],2021-06-27T13:32:00.637Z
0.3893696,open,2021-06-27T13:28:00Z,315,494,0,809,809,24279[Konstabler],2021-06-27T13:32:00.637Z
0.67840374,open,2021-06-27T13:28:00Z,289,137,0,426,426,18497[Hauptwache],2021-06-27T13:32:00.637Z
0.26911765,open,2021-06-27T13:28:00Z,183,497,0,680,680,18495[Am Gericht],2021-06-27T13:32:00.637Z
0.20347394,open,2021-06-27T13:28:00Z,164,642,60,866,806,109240[MyZeil],2021-06-27T13:32:00.637Z
0.031198686,open,2021-06-27T13:28:00Z,19,590,0,609,609,18494[Konrad-Adenauer-Straße],2021-06-27T13:32:00.637Z
0,closed,2021-06-27T13:28:00Z,,,0,0,0,24278[Karstadt],2021-06-27T13:32:00.637Z
0.94400895,open,2021-06-27T13:38:00Z,843,50,0,893,893,24277[Börse],2021-06-27T13:42:02.217Z
0.04,open,2021-06-27T13:38:00Z,8,192,150,350,200,24276[Turmcenter],2021-06-27T13:42:02.217Z
0.35820895,open,2021-06-27T13:38:00Z,144,258,0,402,402,18944[Alte Oper],2021-06-27T13:42:02.217Z
0.057692308,open,2021-06-27T13:38:00Z,21,343,0,364,364,24281[Hauptbahnhof Süd],2021-06-27T13:42:02.217Z
0.36458334,open,2021-06-27T13:38:00Z,140,244,0,384,384,105479[Baseler Platz],2021-06-27T13:42:02.217Z
0.40173054,open,2021-06-27T13:38:00Z,325,484,0,809,809,24279[Konstabler],2021-06-27T13:42:02.217Z
0.6830986,open,2021-06-27T13:38:00Z,291,135,0,426,426,18497[Hauptwache],2021-06-27T13:42:02.217Z
0.2720588,open,2021-06-27T13:38:00Z,185,495,0,680,680,18495[Am Gericht],2021-06-27T13:42:02.217Z
0.20967741,open,2021-06-27T13:38:00Z,169,637,60,866,806,109240[MyZeil],2021-06-27T13:42:02.217Z
0.027914613,open,2021-06-27T13:38:00Z,17,592,0,609,609,18494[Konrad-Adenauer-Straße],2021-06-27T13:42:02.217Z
0,closed,2021-06-27T13:38:00Z,,,0,0,0,24278[Karstadt],2021-06-27T13:42:02.217Z
0.94400895,open,2021-06-27T13:48:00Z,843,50,0,893,893,24277[Börse],2021-06-27T13:52:00.316Z
0.035,open,2021-06-27T13:48:00Z,7,193,150,350,200,24276[Turmcenter],2021-06-27T13:52:00.316Z
0.35820895,open,2021-06-27T13:48:00Z,144,258,0,402,402,18944[Alte Oper],2021-06-27T13:52:00.316Z
0.054945055,open,2021-06-27T13:48:00Z,20,344,0,364,364,24281[Hauptbahnhof Süd],2021-06-27T13:52:00.316Z
0.359375,open,2021-06-27T13:48:00Z,138,246,0,384,384,105479[Baseler Platz],2021-06-27T13:52:00.316Z
0.40914708,open,2021-06-27T13:48:00Z,331,478,0,809,809,24279[Konstabler],2021-06-27T13:52:00.316Z
0.68779343,open,2021-06-27T13:48:00Z,293,133,0,426,426,18497[Hauptwache],2021-06-27T13:52:00.316Z
0.28382352,open,2021-06-27T13:48:00Z,193,487,0,680,680,18495[Am Gericht],2021-06-27T13:52:00.316Z
0.20471464,open,2021-06-27T13:48:00Z,165,641,60,866,806,109240[MyZeil],2021-06-27T13:52:00.316Z
0.031198686,open,2021-06-27T13:48:00Z,19,590,0,609,609,18494[Konrad-Adenauer-Straße],2021-06-27T13:52:00.316Z
0,closed,2021-06-27T13:48:00Z,,,0,0,0,24278[Karstadt],2021-06-27T13:52:00.316Z
0.94400895,open,2021-06-27T13:59:00Z,843,50,0,893,893,24277[Börse],2021-06-27T14:02:01.454Z
0.025,open,2021-06-27T13:59:00Z,5,195,150,350,200,24276[Turmcenter],2021-06-27T14:02:01.454Z
0.3631841,open,2021-06-27T13:59:00Z,146,256,0,402,402,18944[Alte Oper],2021-06-27T14:02:01.454Z
0.04945055,open,2021-06-27T13:59:00Z,18,346,0,364,364,24281[Hauptbahnhof Süd],2021-06-27T14:02:01.454Z
0.359375,open,2021-06-27T13:59:00Z,138,246,0,384,384,105479[Baseler Platz],2021-06-27T14:02:01.454Z
0.41161928,open,2021-06-27T13:59:00Z,333,476,0,809,809,24279[Konstabler],2021-06-27T14:02:01.454Z
0.69014084,open,2021-06-27T13:59:00Z,294,132,0,426,426,18497[Hauptwache],2021-06-27T14:02:01.454Z
0.28529412,open,2021-06-27T13:59:00Z,194,486,0,680,680,18495[Am Gericht],2021-06-27T14:02:01.454Z
0.20843673,open,2021-06-27T13:59:00Z,168,638,60,866,806,109240[MyZeil],2021-06-27T14:02:01.454Z
0.039408866,open,2021-06-27T13:59:00Z,24,585,0,609,609,18494[Konrad-Adenauer-Straße],2021-06-27T14:02:01.454Z
0,closed,2021-06-27T13:59:00Z,,,0,0,0,24278[Karstadt],2021-06-27T14:02:01.454Z
0.94400895,open,2021-06-27T14:14:00Z,843,50,0,893,893,24277[Börse],2021-06-27T14:17:02.806Z
0.025,open,2021-06-27T14:14:00Z,5,195,150,350,200,24276[Turmcenter],2021-06-27T14:17:02.806Z
0.35572138,open,2021-06-27T14:14:00Z,143,259,0,402,402,18944[Alte Oper],2021-06-27T14:17:02.806Z
0.054945055,open,2021-06-27T14:14:00Z,20,344,0,364,364,24281[Hauptbahnhof Süd],2021-06-27T14:17:02.806Z
0.36197916,open,2021-06-27T14:14:00Z,139,245,0,384,384,105479[Baseler Platz],2021-06-27T14:17:02.806Z
0.41779974,open,2021-06-27T14:14:00Z,338,471,0,809,809,24279[Konstabler],2021-06-27T14:17:02.806Z
0.7112676,open,2021-06-27T14:14:00Z,303,123,0,426,426,18497[Hauptwache],2021-06-27T14:17:02.806Z
0.27941176,open,2021-06-27T14:14:00Z,190,490,0,680,680,18495[Am Gericht],2021-06-27T14:17:02.806Z
0.20843673,open,2021-06-27T14:14:00Z,168,638,60,866,806,109240[MyZeil],2021-06-27T14:17:02.806Z
0.041050903,open,2021-06-27T14:14:00Z,25,584,0,609,609,18494[Konrad-Adenauer-Straße],2021-06-27T14:17:02.806Z
0,closed,2021-06-27T14:14:00Z,,,0,0,0,24278[Karstadt],2021-06-27T14:17:02.806Z
0.94400895,open,2021-06-27T14:24:00Z,843,50,0,893,893,24277[Börse],2021-06-27T14:27:00.596Z
0.025,open,2021-06-27T14:24:00Z,5,195,150,350,200,24276[Turmcenter],2021-06-27T14:27:00.596Z
0.3482587,open,2021-06-27T14:24:00Z,140,262,0,402,402,18944[Alte Oper],2021-06-27T14:27:00.596Z
0.054945055,open,2021-06-27T14:24:00Z,20,344,0,364,364,24281[Hauptbahnhof Süd],2021-06-27T14:27:00.596Z
0.36458334,open,2021-06-27T14:24:00Z,140,244,0,384,384,105479[Baseler Platz],2021-06-27T14:27:00.596Z
0.4326329,open,2021-06-27T14:24:00Z,350,459,0,809,809,24279[Konstabler],2021-06-27T14:27:00.596Z
0.713615,open,2021-06-27T14:24:00Z,304,122,0,426,426,18497[Hauptwache],2021-06-27T14:27:00.596Z
0.29117647,open,2021-06-27T14:24:00Z,198,482,0,680,680,18495[Am Gericht],2021-06-27T14:27:00.596Z
0.20843673,open,2021-06-27T14:24:00Z,168,638,60,866,806,109240[MyZeil],2021-06-27T14:27:00.596Z
0.044334974,open,2021-06-27T14:24:00Z,27,582,0,609,609,18494[Konrad-Adenauer-Straße],2021-06-27T14:27:00.596Z
0,closed,2021-06-27T14:24:00Z,,,0,0,0,24278[Karstadt],2021-06-27T14:27:00.596Z
0.94400895,open,2021-06-27T14:39:00Z,843,50,0,893,893,24277[Börse],2021-06-27T14:42:00.429Z
0.015,open,2021-06-27T14:39:00Z,3,197,150,350,200,24276[Turmcenter],2021-06-27T14:42:00.429Z
0.35074627,open,2021-06-27T14:39:00Z,141,261,0,402,402,18944[Alte Oper],2021-06-27T14:42:00.429Z
0.054945055,open,2021-06-27T14:39:00Z,20,344,0,364,364,24281[Hauptbahnhof Süd],2021-06-27T14:42:00.429Z
0.36197916,open,2021-06-27T14:39:00Z,139,245,0,384,384,105479[Baseler Platz],2021-06-27T14:42:00.429Z
0.43757725,open,2021-06-27T14:39:00Z,354,455,0,809,809,24279[Konstabler],2021-06-27T14:42:00.429Z
0.7183099,open,2021-06-27T14:39:00Z,306,120,0,426,426,18497[Hauptwache],2021-06-27T14:42:00.429Z
0.30294117,open,2021-06-27T14:39:00Z,206,474,0,680,680,18495[Am Gericht],2021-06-27T14:42:00.429Z
0.20595534,open,2021-06-27T14:39:00Z,166,640,60,866,806,109240[MyZeil],2021-06-27T14:42:00.429Z
0.04269294,open,2021-06-27T14:39:00Z,26,583,0,609,609,18494[Konrad-Adenauer-Straße],2021-06-27T14:42:00.429Z
0,closed,2021-06-27T14:39:00Z,,,0,0,0,24278[Karstadt],2021-06-27T14:42:00.429Z
0.94400895,open,2021-06-27T14:44:00Z,843,50,0,893,893,24277[Börse],2021-06-27T14:47:02.219Z
0.005,open,2021-06-27T14:44:00Z,1,199,150,350,200,24276[Turmcenter],2021-06-27T14:47:02.219Z
0.35323384,open,2021-06-27T14:44:00Z,142,260,0,402,402,18944[Alte Oper],2021-06-27T14:47:02.219Z
0.052197803,open,2021-06-27T14:44:00Z,19,345,0,364,364,24281[Hauptbahnhof Süd],2021-06-27T14:47:02.219Z
0.36197916,open,2021-06-27T14:44:00Z,139,245,0,384,384,105479[Baseler Platz],2021-06-27T14:47:02.219Z
0.4326329,open,2021-06-27T14:44:00Z,350,459,0,809,809,24279[Konstabler],2021-06-27T14:47:02.219Z
0.7089202,open,2021-06-27T14:44:00Z,302,124,0,426,426,18497[Hauptwache],2021-06-27T14:47:02.219Z
0.31029412,open,2021-06-27T14:44:00Z,211,469,0,680,680,18495[Am Gericht],2021-06-27T14:47:02.219Z
0.20471464,open,2021-06-27T14:44:00Z,165,641,60,866,806,109240[MyZeil],2021-06-27T14:47:02.219Z
0.049261082,open,2021-06-27T14:44:00Z,30,579,0,609,609,18494[Konrad-Adenauer-Straße],2021-06-27T14:47:02.219Z
0,closed,2021-06-27T14:44:00Z,,,0,0,0,24278[Karstadt],2021-06-27T14:47:02.219Z
0.94400895,open,2021-06-27T14:54:00Z,843,50,0,893,893,24277[Börse],2021-06-27T14:57:02.593Z
0.005,open,2021-06-27T14:54:00Z,1,199,150,350,200,24276[Turmcenter],2021-06-27T14:57:02.593Z
0.35323384,open,2021-06-27T14:54:00Z,142,260,0,402,402,18944[Alte Oper],2021-06-27T14:57:02.593Z
0.06318682,open,2021-06-27T14:54:00Z,23,341,0,364,364,24281[Hauptbahnhof Süd],2021-06-27T14:57:02.593Z
0.36197916,open,2021-06-27T14:54:00Z,139,245,0,384,384,105479[Baseler Platz],2021-06-27T14:57:02.593Z
0.4276885,open,2021-06-27T14:54:00Z,346,463,0,809,809,24279[Konstabler],2021-06-27T14:57:02.593Z
0.69248825,open,2021-06-27T14:54:00Z,295,131,0,426,426,18497[Hauptwache],2021-06-27T14:57:02.593Z
0.31911764,open,2021-06-27T14:54:00Z,217,463,0,680,680,18495[Am Gericht],2021-06-27T14:57:02.593Z
0.20719603,open,2021-06-27T14:54:00Z,167,639,60,866,806,109240[MyZeil],2021-06-27T14:57:02.593Z
0.054187194,open,2021-06-27T14:54:00Z,33,576,0,609,609,18494[Konrad-Adenauer-Straße],2021-06-27T14:57:02.593Z
0,closed,2021-06-27T14:54:00Z,,,0,0,0,24278[Karstadt],2021-06-27T14:57:02.593Z
0.94400895,open,2021-06-27T15:25:00Z,843,50,0,893,893,24277[Börse],2021-06-27T15:27:00.736Z
0.01,open,2021-06-27T15:25:00Z,2,198,150,350,200,24276[Turmcenter],2021-06-27T15:27:00.736Z
0.36567163,open,2021-06-27T15:25:00Z,147,255,0,402,402,18944[Alte Oper],2021-06-27T15:27:00.736Z
0.06593407,open,2021-06-27T15:25:00Z,24,340,0,364,364,24281[Hauptbahnhof Süd],2021-06-27T15:27:00.736Z
0.359375,open,2021-06-27T15:25:00Z,138,246,0,384,384,105479[Baseler Platz],2021-06-27T15:27:00.736Z
0.4301607,open,2021-06-27T15:25:00Z,348,461,0,809,809,24279[Konstabler],2021-06-27T15:27:00.736Z
0.6666667,open,2021-06-27T15:25:00Z,284,142,0,426,426,18497[Hauptwache],2021-06-27T15:27:00.736Z
0.33235294,open,2021-06-27T15:25:00Z,226,454,0,680,680,18495[Am Gericht],2021-06-27T15:27:00.736Z
0.20347394,open,2021-06-27T15:25:00Z,164,642,60,866,806,109240[MyZeil],2021-06-27T15:27:00.736Z
0.04269294,open,2021-06-27T15:25:00Z,26,583,0,609,609,18494[Konrad-Adenauer-Straße],2021-06-27T15:27:00.736Z
0,closed,2021-06-27T15:25:00Z,,,0,0,0,24278[Karstadt],2021-06-27T15:27:00.736Z
0.94400895,open,2021-06-27T15:40:00Z,843,50,0,893,893,24277[Börse],2021-06-27T15:42:00.746Z
0.01,open,2021-06-27T15:40:00Z,2,198,150,350,200,24276[Turmcenter],2021-06-27T15:42:00.746Z
0.3681592,open,2021-06-27T15:40:00Z,148,254,0,402,402,18944[Alte Oper],2021-06-27T15:42:00.746Z
0.06593407,open,2021-06-27T15:40:00Z,24,340,0,364,364,24281[Hauptbahnhof Süd],2021-06-27T15:42:00.746Z
0.36979166,open,2021-06-27T15:40:00Z,142,242,0,384,384,105479[Baseler Platz],2021-06-27T15:42:00.746Z
0.41903585,open,2021-06-27T15:40:00Z,339,470,0,809,809,24279[Konstabler],2021-06-27T15:42:00.746Z
0.6549296,open,2021-06-27T15:40:00Z,279,147,0,426,426,18497[Hauptwache],2021-06-27T15:42:00.746Z
0.3367647,open,2021-06-27T15:40:00Z,229,451,0,680,680,18495[Am Gericht],2021-06-27T15:42:00.746Z
0.20471464,open,2021-06-27T15:40:00Z,165,641,60,866,806,109240[MyZeil],2021-06-27T15:42:00.746Z
0.049261082,open,2021-06-27T15:40:00Z,30,579,0,609,609,18494[Konrad-Adenauer-Straße],2021-06-27T15:42:00.746Z
0,closed,2021-06-27T15:40:00Z,,,0,0,0,24278[Karstadt],2021-06-27T15:42:00.746Z
0.94400895,open,2021-06-27T15:55:00Z,843,50,0,893,893,24277[Börse],2021-06-27T15:57:02.882Z
0.02,open,2021-06-27T15:55:00Z,4,196,150,350,200,24276[Turmcenter],2021-06-27T15:57:02.882Z
0.3631841,open,2021-06-27T15:55:00Z,146,256,0,402,402,18944[Alte Oper],2021-06-27T15:57:02.882Z
0.06593407,open,2021-06-27T15:55:00Z,24,340,0,364,364,24281[Hauptbahnhof Süd],2021-06-27T15:57:02.882Z
0.37239584,open,2021-06-27T15:55:00Z,143,241,0,384,384,105479[Baseler Platz],2021-06-27T15:57:02.882Z
0.4128554,open,2021-06-27T15:55:00Z,334,475,0,809,809,24279[Konstabler],2021-06-27T15:57:02.882Z
0.65258217,open,2021-06-27T15:55:00Z,278,148,0,426,426,18497[Hauptwache],2021-06-27T15:57:02.882Z
0.3367647,open,2021-06-27T15:55:00Z,229,451,0,680,680,18495[Am Gericht],2021-06-27T15:57:02.882Z
0.20223325,open,2021-06-27T15:55:00Z,163,643,60,866,806,109240[MyZeil],2021-06-27T15:57:02.882Z
0.044334974,open,2021-06-27T15:55:00Z,27,582,0,609,609,18494[Konrad-Adenauer-Straße],2021-06-27T15:57:02.882Z
0,closed,2021-06-27T15:55:00Z,,,0,0,0,24278[Karstadt],2021-06-27T15:57:02.882Z
0.94400895,open,2021-06-27T16:20:00Z,843,50,0,893,893,24277[Börse],2021-06-27T16:22:01.374Z
0.045,open,2021-06-27T16:20:00Z,9,191,150,350,200,24276[Turmcenter],2021-06-27T16:22:01.374Z
0.38557214,open,2021-06-27T16:20:00Z,155,247,0,402,402,18944[Alte Oper],2021-06-27T16:22:01.374Z
0.06318682,open,2021-06-27T16:20:00Z,23,341,0,364,364,24281[Hauptbahnhof Süd],2021-06-27T16:22:01.374Z
0.375,open,2021-06-27T16:20:00Z,144,240,0,384,384,105479[Baseler Platz],2021-06-27T16:22:01.374Z
0.42027193,open,2021-06-27T16:20:00Z,340,469,0,809,809,24279[Konstabler],2021-06-27T16:22:01.374Z
0.64319247,open,2021-06-27T16:20:00Z,274,152,0,426,426,18497[Hauptwache],2021-06-27T16:22:01.374Z
0.33382353,open,2021-06-27T16:20:00Z,227,453,0,680,680,18495[Am Gericht],2021-06-27T16:22:01.374Z
0.19602978,open,2021-06-27T16:20:00Z,158,648,60,866,806,109240[MyZeil],2021-06-27T16:22:01.374Z
0.055829227,open,2021-06-27T16:20:00Z,34,575,0,609,609,18494[Konrad-Adenauer-Straße],2021-06-27T16:22:01.374Z
0,closed,2021-06-27T16:20:00Z,,,0,0,0,24278[Karstadt],2021-06-27T16:22:01.374Z
0.94400895,open,2021-06-27T16:56:00Z,843,50,0,893,893,24277[Börse],2021-06-27T16:57:00.901Z
0.07,open,2021-06-27T16:56:00Z,14,186,150,350,200,24276[Turmcenter],2021-06-27T16:57:00.901Z
0.40298507,open,2021-06-27T16:56:00Z,162,240,0,402,402,18944[Alte Oper],2021-06-27T16:57:00.901Z
0.057692308,open,2021-06-27T16:56:00Z,21,343,0,364,364,24281[Hauptbahnhof Süd],2021-06-27T16:57:00.901Z
0.36979166,open,2021-06-27T16:56:00Z,142,242,0,384,384,105479[Baseler Platz],2021-06-27T16:57:00.901Z
0.4276885,open,2021-06-27T16:56:00Z,346,463,0,809,809,24279[Konstabler],2021-06-27T16:57:00.901Z
0.63380283,open,2021-06-27T16:56:00Z,270,156,0,426,426,18497[Hauptwache],2021-06-27T16:57:00.901Z
0.3382353,open,2021-06-27T16:56:00Z,230,450,0,680,680,18495[Am Gericht],2021-06-27T16:57:00.901Z
0.18858561,open,2021-06-27T16:56:00Z,152,654,60,866,806,109240[MyZeil],2021-06-27T16:57:00.901Z
0.05090312,open,2021-06-27T16:56:00Z,31,578,0,609,609,18494[Konrad-Adenauer-Straße],2021-06-27T16:57:00.901Z
0,closed,2021-06-27T16:56:00Z,,,0,0,0,24278[Karstadt],2021-06-27T16:57:00.901Z
0.94400895,open,2021-06-27T17:21:00Z,843,50,0,893,893,24277[Börse],2021-06-27T17:22:01.006Z
0.065,open,2021-06-27T17:21:00Z,13,187,150,350,200,24276[Turmcenter],2021-06-27T17:22:01.006Z
0.41791046,open,2021-06-27T17:21:00Z,168,234,0,402,402,18944[Alte Oper],2021-06-27T17:22:01.006Z
0.04945055,open,2021-06-27T17:21:00Z,18,346,0,364,364,24281[Hauptbahnhof Süd],2021-06-27T17:22:01.006Z
0.3671875,open,2021-06-27T17:21:00Z,141,243,0,384,384,105479[Baseler Platz],2021-06-27T17:22:01.006Z
0.4276885,open,2021-06-27T17:21:00Z,346,463,0,809,809,24279[Konstabler],2021-06-27T17:22:01.006Z
0.6220657,open,2021-06-27T17:21:00Z,265,161,0,426,426,18497[Hauptwache],2021-06-27T17:22:01.006Z
0.31911764,open,2021-06-27T17:21:00Z,217,463,0,680,680,18495[Am Gericht],2021-06-27T17:22:01.006Z
0.19354838,open,2021-06-27T17:21:00Z,156,650,60,866,806,109240[MyZeil],2021-06-27T17:22:01.006Z
0.06732348,open,2021-06-27T17:21:00Z,41,568,0,609,609,18494[Konrad-Adenauer-Straße],2021-06-27T17:22:01.006Z
0,closed,2021-06-27T17:21:00Z,,,0,0,0,24278[Karstadt],2021-06-27T17:22:01.006Z
0.94400895,open,2021-06-27T17:46:00Z,843,50,0,893,893,24277[Börse],2021-06-27T17:52:00.535Z
0.05,open,2021-06-27T17:46:00Z,10,190,150,350,200,24276[Turmcenter],2021-06-27T17:52:00.535Z
0.38557214,open,2021-06-27T17:46:00Z,155,247,0,402,402,18944[Alte Oper],2021-06-27T17:52:00.535Z
0.052197803,open,2021-06-27T17:46:00Z,19,345,0,364,364,24281[Hauptbahnhof Süd],2021-06-27T17:52:00.535Z
0.36979166,open,2021-06-27T17:46:00Z,142,242,0,384,384,105479[Baseler Platz],2021-06-27T17:52:00.535Z
0.37330037,open,2021-06-27T17:46:00Z,302,507,0,809,809,24279[Konstabler],2021-06-27T17:52:00.535Z
0.57042253,open,2021-06-27T17:46:00Z,243,183,0,426,426,18497[Hauptwache],2021-06-27T17:52:00.535Z
0.31911764,open,2021-06-27T17:46:00Z,217,463,0,680,680,18495[Am Gericht],2021-06-27T17:52:00.535Z
0.19602978,open,2021-06-27T17:46:00Z,158,648,60,866,806,109240[MyZeil],2021-06-27T17:52:00.535Z
0.052545156,open,2021-06-27T17:46:00Z,32,577,0,609,609,18494[Konrad-Adenauer-Straße],2021-06-27T17:52:00.535Z
0,closed,2021-06-27T17:46:00Z,,,0,0,0,24278[Karstadt],2021-06-27T17:52:00.535Z
0.94400895,open,2021-06-27T17:57:00Z,843,50,0,893,893,24277[Börse],2021-06-27T18:02:00.973Z
0.04,open,2021-06-27T17:57:00Z,8,192,150,350,200,24276[Turmcenter],2021-06-27T18:02:00.973Z
0.38557214,open,2021-06-27T17:57:00Z,155,247,0,402,402,18944[Alte Oper],2021-06-27T18:02:00.973Z
0.04945055,open,2021-06-27T17:57:00Z,18,346,0,364,364,24281[Hauptbahnhof Süd],2021-06-27T18:02:00.973Z
0.3671875,open,2021-06-27T17:57:00Z,141,243,0,384,384,105479[Baseler Platz],2021-06-27T18:02:00.973Z
0.35475895,open,2021-06-27T17:57:00Z,287,522,0,809,809,24279[Konstabler],2021-06-27T18:02:00.973Z
0.5680751,open,2021-06-27T17:57:00Z,242,184,0,426,426,18497[Hauptwache],2021-06-27T18:02:00.973Z
0.32205883,open,2021-06-27T17:57:00Z,219,461,0,680,680,18495[Am Gericht],2021-06-27T18:02:00.973Z
0.19851117,open,2021-06-27T17:57:00Z,160,646,60,866,806,109240[MyZeil],2021-06-27T18:02:00.973Z
0.04761905,open,2021-06-27T17:57:00Z,29,580,0,609,609,18494[Konrad-Adenauer-Straße],2021-06-27T18:02:00.973Z
0,closed,2021-06-27T17:57:00Z,,,0,0,0,24278[Karstadt],2021-06-27T18:02:00.973Z
0.94400895,open,2021-06-27T18:27:00Z,843,50,0,893,893,24277[Börse],2021-06-27T18:32:02.466Z
0.02,open,2021-06-27T18:27:00Z,4,196,150,350,200,24276[Turmcenter],2021-06-27T18:32:02.466Z
0.36567163,open,2021-06-27T18:27:00Z,147,255,0,402,402,18944[Alte Oper],2021-06-27T18:32:02.466Z
0.041208792,open,2021-06-27T18:27:00Z,15,349,0,364,364,24281[Hauptbahnhof Süd],2021-06-27T18:32:02.466Z
0.37239584,open,2021-06-27T18:27:00Z,143,241,0,384,384,105479[Baseler Platz],2021-06-27T18:32:02.466Z
0.35475895,open,2021-06-27T18:27:00Z,287,522,0,809,809,24279[Konstabler],2021-06-27T18:32:02.466Z
0.5586854,open,2021-06-27T18:27:00Z,238,188,0,426,426,18497[Hauptwache],2021-06-27T18:32:02.466Z
0.31176472,open,2021-06-27T18:27:00Z,212,468,0,680,680,18495[Am Gericht],2021-06-27T18:32:02.466Z
0.19727047,open,2021-06-27T18:27:00Z,159,647,60,866,806,109240[MyZeil],2021-06-27T18:32:02.466Z
0.05090312,open,2021-06-27T18:27:00Z,31,578,0,609,609,18494[Konrad-Adenauer-Straße],2021-06-27T18:32:02.466Z
0,closed,2021-06-27T18:27:00Z,,,0,0,0,24278[Karstadt],2021-06-27T18:32:02.466Z
0.94400895,open,2021-06-27T18:47:00Z,843,50,0,893,893,24277[Börse],2021-06-27T18:52:00.461Z
0.01,open,2021-06-27T18:47:00Z,2,198,150,350,200,24276[Turmcenter],2021-06-27T18:52:00.461Z
0.36069652,open,2021-06-27T18:47:00Z,145,257,0,402,402,18944[Alte Oper],2021-06-27T18:52:00.461Z
0.043956045,open,2021-06-27T18:47:00Z,16,348,0,364,364,24281[Hauptbahnhof Süd],2021-06-27T18:52:00.461Z
0.375,open,2021-06-27T18:47:00Z,144,240,0,384,384,105479[Baseler Platz],2021-06-27T18:52:00.461Z
0.35599506,open,2021-06-27T18:47:00Z,288,521,0,809,809,24279[Konstabler],2021-06-27T18:52:00.461Z
0.5586854,open,2021-06-27T18:47:00Z,238,188,0,426,426,18497[Hauptwache],2021-06-27T18:52:00.461Z
0.30588236,open,2021-06-27T18:47:00Z,208,472,0,680,680,18495[Am Gericht],2021-06-27T18:52:00.461Z
0.19975185,open,2021-06-27T18:47:00Z,161,645,60,866,806,109240[MyZeil],2021-06-27T18:52:00.461Z
0.049261082,open,2021-06-27T18:47:00Z,30,579,0,609,609,18494[Konrad-Adenauer-Straße],2021-06-27T18:52:00.461Z
0,closed,2021-06-27T18:47:00Z,,,0,0,0,24278[Karstadt],2021-06-27T18:52:00.461Z
0.94400895,open,2021-06-27T18:58:00Z,843,50,0,893,893,24277[Börse],2021-06-27T19:02:01.138Z
0.01,open,2021-06-27T18:58:00Z,2,198,150,350,200,24276[Turmcenter],2021-06-27T19:02:01.138Z
0.3631841,open,2021-06-27T18:58:00Z,146,256,0,402,402,18944[Alte Oper],2021-06-27T19:02:01.138Z
0.043956045,open,2021-06-27T18:58:00Z,16,348,0,364,364,24281[Hauptbahnhof Süd],2021-06-27T19:02:01.138Z
0.375,open,2021-06-27T18:58:00Z,144,240,0,384,384,105479[Baseler Platz],2021-06-27T19:02:01.138Z
0.35599506,open,2021-06-27T18:58:00Z,288,521,0,809,809,24279[Konstabler],2021-06-27T19:02:01.138Z
0.556338,open,2021-06-27T18:58:00Z,237,189,0,426,426,18497[Hauptwache],2021-06-27T19:02:01.138Z
0.30441177,open,2021-06-27T18:58:00Z,207,473,0,680,680,18495[Am Gericht],2021-06-27T19:02:01.138Z
0.19851117,open,2021-06-27T18:58:00Z,160,646,60,866,806,109240[MyZeil],2021-06-27T19:02:01.138Z
0.049261082,open,2021-06-27T18:58:00Z,30,579,0,609,609,18494[Konrad-Adenauer-Straße],2021-06-27T19:02:01.138Z
0,closed,2021-06-27T18:58:00Z,,,0,0,0,24278[Karstadt],2021-06-27T19:02:01.138Z
0.94400895,open,2021-06-27T19:13:00Z,843,50,0,893,893,24277[Börse],2021-06-27T19:17:00.554Z
0.005,open,2021-06-27T19:13:00Z,1,199,150,350,200,24276[Turmcenter],2021-06-27T19:17:00.554Z
0.34577113,open,2021-06-27T19:13:00Z,139,263,0,402,402,18944[Alte Oper],2021-06-27T19:17:00.554Z
0.041208792,open,2021-06-27T19:13:00Z,15,349,0,364,364,24281[Hauptbahnhof Süd],2021-06-27T19:17:00.554Z
0.37239584,open,2021-06-27T19:13:00Z,143,241,0,384,384,105479[Baseler Platz],2021-06-27T19:17:00.554Z
0.34363413,open,2021-06-27T19:13:00Z,278,531,0,809,809,24279[Konstabler],2021-06-27T19:17:00.554Z
0.5492958,open,2021-06-27T19:13:00Z,234,192,0,426,426,18497[Hauptwache],2021-06-27T19:17:00.554Z
0.29264706,open,2021-06-27T19:13:00Z,199,481,0,680,680,18495[Am Gericht],2021-06-27T19:17:00.554Z
0.19478908,open,2021-06-27T19:13:00Z,157,649,60,866,806,109240[MyZeil],2021-06-27T19:17:00.554Z
0.05090312,open,2021-06-27T19:13:00Z,31,578,0,609,609,18494[Konrad-Adenauer-Straße],2021-06-27T19:17:00.554Z
0,closed,2021-06-27T19:13:00Z,,,0,0,0,24278[Karstadt],2021-06-27T19:17:00.554Z
0.94400895,open,2021-06-27T19:23:00Z,843,50,0,893,893,24277[Börse],2021-06-27T19:27:01.259Z
0,open,2021-06-27T19:23:00Z,0,200,150,350,200,24276[Turmcenter],2021-06-27T19:27:01.259Z
0.34577113,open,2021-06-27T19:23:00Z,139,263,0,402,402,18944[Alte Oper],2021-06-27T19:27:01.259Z
0.041208792,open,2021-06-27T19:23:00Z,15,349,0,364,364,24281[Hauptbahnhof Süd],2021-06-27T19:27:01.259Z
0.38020834,open,2021-06-27T19:23:00Z,146,238,0,384,384,105479[Baseler Platz],2021-06-27T19:27:01.259Z
0.34239802,open,2021-06-27T19:23:00Z,277,532,0,809,809,24279[Konstabler],2021-06-27T19:27:01.259Z
0.5492958,open,2021-06-27T19:23:00Z,234,192,0,426,426,18497[Hauptwache],2021-06-27T19:27:01.259Z
0.29411766,open,2021-06-27T19:23:00Z,200,480,0,680,680,18495[Am Gericht],2021-06-27T19:27:01.259Z
0.1923077,open,2021-06-27T19:23:00Z,155,651,60,866,806,109240[MyZeil],2021-06-27T19:27:01.259Z
0.049261082,open,2021-06-27T19:23:00Z,30,579,0,609,609,18494[Konrad-Adenauer-Straße],2021-06-27T19:27:01.259Z
0,closed,2021-06-27T19:23:00Z,,,0,0,0,24278[Karstadt],2021-06-27T19:27:01.259Z
0.94400895,open,2021-06-27T19:29:00Z,843,50,0,893,893,24277[Börse],2021-06-27T19:32:00.176Z
0,open,2021-06-27T19:29:00Z,0,200,150,350,200,24276[Turmcenter],2021-06-27T19:32:00.176Z
0.3432836,open,2021-06-27T19:29:00Z,138,264,0,402,402,18944[Alte Oper],2021-06-27T19:32:00.176Z
0.041208792,open,2021-06-27T19:29:00Z,15,349,0,364,364,24281[Hauptbahnhof Süd],2021-06-27T19:32:00.176Z
0.3828125,open,2021-06-27T19:29:00Z,147,237,0,384,384,105479[Baseler Platz],2021-06-27T19:32:00.176Z
0.34116194,open,2021-06-27T19:29:00Z,276,533,0,809,809,24279[Konstabler],2021-06-27T19:32:00.176Z
0.5469484,open,2021-06-27T19:29:00Z,233,193,0,426,426,18497[Hauptwache],2021-06-27T19:32:00.176Z
0.29117647,open,2021-06-27T19:29:00Z,198,482,0,680,680,18495[Am Gericht],2021-06-27T19:32:00.176Z
0.1923077,open,2021-06-27T19:29:00Z,155,651,60,866,806,109240[MyZeil],2021-06-27T19:32:00.176Z
0.049261082,open,2021-06-27T19:29:00Z,30,579,0,609,609,18494[Konrad-Adenauer-Straße],2021-06-27T19:32:00.176Z
0,closed,2021-06-27T19:29:00Z,,,0,0,0,24278[Karstadt],2021-06-27T19:32:00.176Z
0.94400895,open,2021-06-27T19:44:00Z,843,50,0,893,893,24277[Börse],2021-06-27T19:47:00.054Z
0,open,2021-06-27T19:44:00Z,0,200,150,350,200,24276[Turmcenter],2021-06-27T19:47:00.054Z
0.33582088,open,2021-06-27T19:44:00Z,135,267,0,402,402,18944[Alte Oper],2021-06-27T19:47:00.054Z
0.041208792,open,2021-06-27T19:44:00Z,15,349,0,364,364,24281[Hauptbahnhof Süd],2021-06-27T19:47:00.054Z
0.3828125,open,2021-06-27T19:44:00Z,147,237,0,384,384,105479[Baseler Platz],2021-06-27T19:47:00.054Z
0.33745363,open,2021-06-27T19:44:00Z,273,536,0,809,809,24279[Konstabler],2021-06-27T19:47:00.054Z
0.5469484,open,2021-06-27T19:44:00Z,233,193,0,426,426,18497[Hauptwache],2021-06-27T19:47:00.054Z
0.28970587,open,2021-06-27T19:44:00Z,197,483,0,680,680,18495[Am Gericht],2021-06-27T19:47:00.054Z
0.18858561,open,2021-06-27T19:44:00Z,152,654,60,866,806,109240[MyZeil],2021-06-27T19:47:00.054Z
0.04761905,open,2021-06-27T19:44:00Z,29,580,0,609,609,18494[Konrad-Adenauer-Straße],2021-06-27T19:47:00.054Z
0,closed,2021-06-27T19:44:00Z,,,0,0,0,24278[Karstadt],2021-06-27T19:47:00.054Z
0.94400895,open,2021-06-27T19:49:00Z,843,50,0,893,893,24277[Börse],2021-06-27T19:52:00.188Z
0.005,open,2021-06-27T19:49:00Z,1,199,150,350,200,24276[Turmcenter],2021-06-27T19:52:00.188Z
0.33084577,open,2021-06-27T19:49:00Z,133,269,0,402,402,18944[Alte Oper],2021-06-27T19:52:00.188Z
0.043956045,open,2021-06-27T19:49:00Z,16,348,0,364,364,24281[Hauptbahnhof Süd],2021-06-27T19:52:00.188Z
0.3828125,open,2021-06-27T19:49:00Z,147,237,0,384,384,105479[Baseler Platz],2021-06-27T19:52:00.188Z
0.33374536,open,2021-06-27T19:49:00Z,270,539,0,809,809,24279[Konstabler],2021-06-27T19:52:00.188Z
0.5469484,open,2021-06-27T19:49:00Z,233,193,0,426,426,18497[Hauptwache],2021-06-27T19:52:00.188Z
0.2882353,open,2021-06-27T19:49:00Z,196,484,0,680,680,18495[Am Gericht],2021-06-27T19:52:00.188Z
0.18734491,open,2021-06-27T19:49:00Z,151,655,60,866,806,109240[MyZeil],2021-06-27T19:52:00.188Z
0.05090312,open,2021-06-27T19:49:00Z,31,578,0,609,609,18494[Konrad-Adenauer-Straße],2021-06-27T19:52:00.188Z
0,closed,2021-06-27T19:49:00Z,,,0,0,0,24278[Karstadt],2021-06-27T19:52:00.188Z
0.94400895,open,2021-06-27T20:10:00Z,843,50,0,893,893,24277[Börse],2021-06-27T20:12:01.602Z
0.01,open,2021-06-27T20:10:00Z,2,198,150,350,200,24276[Turmcenter],2021-06-27T20:12:01.602Z
0.3283582,open,2021-06-27T20:10:00Z,132,270,0,402,402,18944[Alte Oper],2021-06-27T20:12:01.602Z
0.043956045,open,2021-06-27T20:10:00Z,16,348,0,364,364,24281[Hauptbahnhof Süd],2021-06-27T20:12:01.602Z
0.38802084,open,2021-06-27T20:10:00Z,149,235,0,384,384,105479[Baseler Platz],2021-06-27T20:12:01.602Z
0.31891224,open,2021-06-27T20:10:00Z,258,551,0,809,809,24279[Konstabler],2021-06-27T20:12:01.602Z
0.5375587,open,2021-06-27T20:10:00Z,229,197,0,426,426,18497[Hauptwache],2021-06-27T20:12:01.602Z
0.2882353,open,2021-06-27T20:10:00Z,196,484,0,680,680,18495[Am Gericht],2021-06-27T20:12:01.602Z
0.18486352,open,2021-06-27T20:10:00Z,149,657,60,866,806,109240[MyZeil],2021-06-27T20:12:01.602Z
0.04597701,open,2021-06-27T20:10:00Z,28,581,0,609,609,18494[Konrad-Adenauer-Straße],2021-06-27T20:12:01.602Z
0,closed,2021-06-27T20:10:00Z,,,0,0,0,24278[Karstadt],2021-06-27T20:12:01.602Z
0.94400895,open,2021-06-27T20:31:00Z,843,50,0,893,893,24277[Börse],2021-06-27T20:32:02.983Z
0.01,open,2021-06-27T20:31:00Z,2,198,150,350,200,24276[Turmcenter],2021-06-27T20:32:02.983Z
0.31840795,open,2021-06-27T20:31:00Z,128,274,0,402,402,18944[Alte Oper],2021-06-27T20:32:02.983Z
0.043956045,open,2021-06-27T20:31:00Z,16,348,0,364,364,24281[Hauptbahnhof Süd],2021-06-27T20:32:02.983Z
0.38802084,open,2021-06-27T20:31:00Z,149,235,0,384,384,105479[Baseler Platz],2021-06-27T20:32:02.983Z
0.3077874,open,2021-06-27T20:31:00Z,249,560,0,809,809,24279[Konstabler],2021-06-27T20:32:02.983Z
0.53286386,open,2021-06-27T20:31:00Z,227,199,0,426,426,18497[Hauptwache],2021-06-27T20:32:02.983Z
0.28088236,open,2021-06-27T20:31:00Z,191,489,0,680,680,18495[Am Gericht],2021-06-27T20:32:02.983Z
0.18362282,open,2021-06-27T20:31:00Z,148,658,60,866,806,109240[MyZeil],2021-06-27T20:32:02.983Z
0.04597701,open,2021-06-27T20:31:00Z,28,581,0,609,609,18494[Konrad-Adenauer-Straße],2021-06-27T20:32:02.983Z
0,closed,2021-06-27T20:31:00Z,,,0,0,0,24278[Karstadt],2021-06-27T20:32:02.983Z
0.94400895,open,2021-06-27T20:41:00Z,843,50,0,893,893,24277[Börse],2021-06-27T20:42:00.566Z
0.01,open,2021-06-27T20:41:00Z,2,198,150,350,200,24276[Turmcenter],2021-06-27T20:42:00.566Z
0.3159204,open,2021-06-27T20:41:00Z,127,275,0,402,402,18944[Alte Oper],2021-06-27T20:42:00.566Z
0.043956045,open,2021-06-27T20:41:00Z,16,348,0,364,364,24281[Hauptbahnhof Süd],2021-06-27T20:42:00.566Z
0.390625,open,2021-06-27T20:41:00Z,150,234,0,384,384,105479[Baseler Platz],2021-06-27T20:42:00.566Z
0.30160692,open,2021-06-27T20:41:00Z,244,565,0,809,809,24279[Konstabler],2021-06-27T20:42:00.566Z
0.53521127,open,2021-06-27T20:41:00Z,228,198,0,426,426,18497[Hauptwache],2021-06-27T20:42:00.566Z
0.27794117,open,2021-06-27T20:41:00Z,189,491,0,680,680,18495[Am Gericht],2021-06-27T20:42:00.566Z
0.18486352,open,2021-06-27T20:41:00Z,149,657,60,866,806,109240[MyZeil],2021-06-27T20:42:00.566Z
0.041050903,open,2021-06-27T20:41:00Z,25,584,0,609,609,18494[Konrad-Adenauer-Straße],2021-06-27T20:42:00.566Z
0,closed,2021-06-27T20:41:00Z,,,0,0,0,24278[Karstadt],2021-06-27T20:42:00.566Z
0.94400895,open,2021-06-27T20:46:00Z,843,50,0,893,893,24277[Börse],2021-06-27T20:47:02.189Z
0.015,open,2021-06-27T20:46:00Z,3,197,150,350,200,24276[Turmcenter],2021-06-27T20:47:02.189Z
0.31840795,open,2021-06-27T20:46:00Z,128,274,0,402,402,18944[Alte Oper],2021-06-27T20:47:02.189Z
0.043956045,open,2021-06-27T20:46:00Z,16,348,0,364,364,24281[Hauptbahnhof Süd],2021-06-27T20:47:02.189Z
0.390625,open,2021-06-27T20:46:00Z,150,234,0,384,384,105479[Baseler Platz],2021-06-27T20:47:02.189Z
0.29666254,open,2021-06-27T20:46:00Z,240,569,0,809,809,24279[Konstabler],2021-06-27T20:47:02.189Z
0.53286386,open,2021-06-27T20:46:00Z,227,199,0,426,426,18497[Hauptwache],2021-06-27T20:47:02.189Z
0.2764706,open,2021-06-27T20:46:00Z,188,492,0,680,680,18495[Am Gericht],2021-06-27T20:47:02.189Z
0.18486352,open,2021-06-27T20:46:00Z,149,657,60,866,806,109240[MyZeil],2021-06-27T20:47:02.189Z
0.04269294,open,2021-06-27T20:46:00Z,26,583,0,609,609,18494[Konrad-Adenauer-Straße],2021-06-27T20:47:02.189Z
0,closed,2021-06-27T20:46:00Z,,,0,0,0,24278[Karstadt],2021-06-27T20:47:02.189Z
0.94400895,open,2021-06-27T21:18:00Z,843,50,0,893,893,24277[Börse],2021-06-27T21:22:02.553Z
0.01,open,2021-06-27T21:18:00Z,2,198,150,350,200,24276[Turmcenter],2021-06-27T21:22:02.553Z
0.3034826,open,2021-06-27T21:18:00Z,122,280,0,402,402,18944[Alte Oper],2021-06-27T21:22:02.553Z
0.043956045,open,2021-06-27T21:18:00Z,16,348,0,364,364,24281[Hauptbahnhof Süd],2021-06-27T21:22:02.553Z
0.390625,open,2021-06-27T21:18:00Z,150,234,0,384,384,105479[Baseler Platz],2021-06-27T21:22:02.553Z
0.27812114,open,2021-06-27T21:18:00Z,225,584,0,809,809,24279[Konstabler],2021-06-27T21:22:02.553Z
0.5046948,open,2021-06-27T21:18:00Z,215,211,0,426,426,18497[Hauptwache],2021-06-27T21:22:02.553Z
0.275,open,2021-06-27T21:18:00Z,187,493,0,680,680,18495[Am Gericht],2021-06-27T21:22:02.553Z
0.04597701,open,2021-06-27T21:18:00Z,28,581,0,609,609,18494[Konrad-Adenauer-Straße],2021-06-27T21:22:02.553Z
0,closed,2021-06-27T21:18:00Z,,,0,0,0,24278[Karstadt],2021-06-27T21:22:02.553Z
0.94400895,open,2021-06-27T21:38:00Z,843,50,0,893,893,24277[Börse],2021-06-27T21:42:00.626Z
0.01,open,2021-06-27T21:38:00Z,2,198,150,350,200,24276[Turmcenter],2021-06-27T21:42:00.626Z
0.2885572,open,2021-06-27T21:38:00Z,116,286,0,402,402,18944[Alte Oper],2021-06-27T21:42:00.626Z
0.03846154,open,2021-06-27T21:38:00Z,14,350,0,364,364,24281[Hauptbahnhof Süd],2021-06-27T21:42:00.626Z
0.39322916,open,2021-06-27T21:38:00Z,151,233,0,384,384,105479[Baseler Platz],2021-06-27T21:42:00.626Z
0.26823238,open,2021-06-27T21:38:00Z,217,592,0,809,809,24279[Konstabler],2021-06-27T21:42:00.626Z
0.49530515,open,2021-06-27T21:38:00Z,211,215,0,426,426,18497[Hauptwache],2021-06-27T21:42:00.626Z
0.2735294,open,2021-06-27T21:38:00Z,186,494,0,680,680,18495[Am Gericht],2021-06-27T21:42:00.626Z
0.18362282,open,2021-06-27T21:38:00Z,148,658,60,866,806,109240[MyZeil],2021-06-27T21:42:00.626Z
0.039408866,open,2021-06-27T21:38:00Z,24,585,0,609,609,18494[Konrad-Adenauer-Straße],2021-06-27T21:42:00.626Z
0,closed,2021-06-27T21:38:00Z,,,0,0,0,24278[Karstadt],2021-06-27T21:42:00.626Z
0.94400895,open,2021-06-27T21:38:00Z,843,50,0,893,893,24277[Börse],2021-06-27T21:42:00.626Z
0.01,open,2021-06-27T21:38:00Z,2,198,150,350,200,24276[Turmcenter],2021-06-27T21:42:00.626Z
0.2885572,open,2021-06-27T21:38:00Z,116,286,0,402,402,18944[Alte Oper],2021-06-27T21:42:00.626Z
0.03846154,open,2021-06-27T21:38:00Z,14,350,0,364,364,24281[Hauptbahnhof Süd],2021-06-27T21:42:00.626Z
0.39322916,open,2021-06-27T21:38:00Z,151,233,0,384,384,105479[Baseler Platz],2021-06-27T21:42:00.626Z
0.26823238,open,2021-06-27T21:38:00Z,217,592,0,809,809,24279[Konstabler],2021-06-27T21:42:00.626Z
0.49530515,open,2021-06-27T21:38:00Z,211,215,0,426,426,18497[Hauptwache],2021-06-27T21:42:00.626Z
0.2735294,open,2021-06-27T21:38:00Z,186,494,0,680,680,18495[Am Gericht],2021-06-27T21:42:00.626Z
0.18362282,open,2021-06-27T21:38:00Z,148,658,60,866,806,109240[MyZeil],2021-06-27T21:42:00.626Z
0.039408866,open,2021-06-27T21:38:00Z,24,585,0,609,609,18494[Konrad-Adenauer-Straße],2021-06-27T21:42:00.626Z
0,closed,2021-06-27T21:38:00Z,,,0,0,0,24278[Karstadt],2021-06-27T21:42:00.626Z
0.94400895,open,2021-06-27T21:53:00Z,843,50,0,893,893,24277[Börse],2021-06-27T21:57:00.637Z
0.01,open,2021-06-27T21:53:00Z,2,198,150,350,200,24276[Turmcenter],2021-06-27T21:57:00.637Z
0.28109452,open,2021-06-27T21:53:00Z,113,289,0,402,402,18944[Alte Oper],2021-06-27T21:57:00.637Z
0.03846154,open,2021-06-27T21:53:00Z,14,350,0,364,364,24281[Hauptbahnhof Süd],2021-06-27T21:57:00.637Z
0.39322916,open,2021-06-27T21:53:00Z,151,233,0,384,384,105479[Baseler Platz],2021-06-27T21:57:00.637Z
0.2669963,open,2021-06-27T21:53:00Z,216,593,0,809,809,24279[Konstabler],2021-06-27T21:57:00.637Z
0.48826292,open,2021-06-27T21:53:00Z,208,218,0,426,426,18497[Hauptwache],2021-06-27T21:57:00.637Z
0.2720588,open,2021-06-27T21:53:00Z,185,495,0,680,680,18495[Am Gericht],2021-06-27T21:57:00.637Z
0.18362282,open,2021-06-27T21:53:00Z,148,658,60,866,806,109240[MyZeil],2021-06-27T21:57:00.637Z
0.03776683,open,2021-06-27T21:53:00Z,23,586,0,609,609,18494[Konrad-Adenauer-Straße],2021-06-27T21:57:00.637Z
0,closed,2021-06-27T21:53:00Z,,,0,0,0,24278[Karstadt],2021-06-27T21:57:00.637Z
0.94400895,open,2021-06-27T22:09:00Z,843,50,0,893,893,24277[Börse],2021-06-27T22:12:01.950Z
0.01,open,2021-06-27T22:09:00Z,2,198,150,350,200,24276[Turmcenter],2021-06-27T22:12:01.950Z
0.2761194,open,2021-06-27T22:09:00Z,111,291,0,402,402,18944[Alte Oper],2021-06-27T22:12:01.950Z
0.03846154,open,2021-06-27T22:09:00Z,14,350,0,364,364,24281[Hauptbahnhof Süd],2021-06-27T22:12:01.950Z
0.39322916,open,2021-06-27T22:09:00Z,151,233,0,384,384,105479[Baseler Platz],2021-06-27T22:12:01.950Z
0.26576018,open,2021-06-27T22:09:00Z,215,594,0,809,809,24279[Konstabler],2021-06-27T22:12:01.950Z
0.48356807,open,2021-06-27T22:09:00Z,206,220,0,426,426,18497[Hauptwache],2021-06-27T22:12:01.950Z
0,closed,2021-06-27T22:09:00Z,,495,0,0,0,18495[Am Gericht],2021-06-27T22:12:01.950Z
0.18486352,open,2021-06-27T22:09:00Z,149,657,60,866,806,109240[MyZeil],2021-06-27T22:12:01.950Z
0.036124796,open,2021-06-27T22:09:00Z,22,587,0,609,609,18494[Konrad-Adenauer-Straße],2021-06-27T22:12:01.950Z
0,closed,2021-06-27T22:09:00Z,,,0,0,0,24278[Karstadt],2021-06-27T22:12:01.950Z
0.94400895,open,2021-06-27T22:29:00Z,843,50,0,893,893,24277[Börse],2021-06-27T22:32:00.072Z
0.01,open,2021-06-27T22:29:00Z,2,198,150,350,200,24276[Turmcenter],2021-06-27T22:32:00.072Z
0.27114427,open,2021-06-27T22:29:00Z,109,293,0,402,402,18944[Alte Oper],2021-06-27T22:32:00.072Z
0.03846154,open,2021-06-27T22:29:00Z,14,350,0,364,364,24281[Hauptbahnhof Süd],2021-06-27T22:32:00.072Z
0.39322916,open,2021-06-27T22:29:00Z,151,233,0,384,384,105479[Baseler Platz],2021-06-27T22:32:00.072Z
0.26576018,open,2021-06-27T22:29:00Z,215,594,0,809,809,24279[Konstabler],2021-06-27T22:32:00.072Z
0.47887325,open,2021-06-27T22:29:00Z,204,222,0,426,426,18497[Hauptwache],2021-06-27T22:32:00.072Z
0,closed,2021-06-27T22:29:00Z,,495,0,0,0,18495[Am Gericht],2021-06-27T22:32:00.072Z
0.18362282,open,2021-06-27T22:29:00Z,148,658,60,866,806,109240[MyZeil],2021-06-27T22:32:00.072Z
0.03448276,open,2021-06-27T22:29:00Z,21,588,0,609,609,18494[Konrad-Adenauer-Straße],2021-06-27T22:32:00.072Z
0,closed,2021-06-27T22:29:00Z,,,0,0,0,24278[Karstadt],2021-06-27T22:32:00.072Z
0.94400895,open,2021-06-27T22:39:00Z,843,50,0,893,893,24277[Börse],2021-06-27T22:42:00.767Z
0.005,open,2021-06-27T22:39:00Z,1,199,150,350,200,24276[Turmcenter],2021-06-27T22:42:00.767Z
0.26616916,open,2021-06-27T22:39:00Z,107,295,0,402,402,18944[Alte Oper],2021-06-27T22:42:00.767Z
0.03846154,open,2021-06-27T22:39:00Z,14,350,0,364,364,24281[Hauptbahnhof Süd],2021-06-27T22:42:00.767Z
0.39322916,open,2021-06-27T22:39:00Z,151,233,0,384,384,105479[Baseler Platz],2021-06-27T22:42:00.767Z
0.26576018,open,2021-06-27T22:39:00Z,215,594,0,809,809,24279[Konstabler],2021-06-27T22:42:00.767Z
0.47887325,open,2021-06-27T22:39:00Z,204,222,0,426,426,18497[Hauptwache],2021-06-27T22:42:00.767Z
0,closed,2021-06-27T22:39:00Z,,495,0,0,0,18495[Am Gericht],2021-06-27T22:42:00.767Z
0.18362282,open,2021-06-27T22:39:00Z,148,658,60,866,806,109240[MyZeil],2021-06-27T22:42:00.767Z
0.03448276,open,2021-06-27T22:39:00Z,21,588,0,609,609,18494[Konrad-Adenauer-Straße],2021-06-27T22:42:00.767Z
0,closed,2021-06-27T22:39:00Z,,,0,0,0,24278[Karstadt],2021-06-27T22:42:00.767Z
0.94400895,open,2021-06-27T22:49:00Z,843,50,0,893,893,24277[Börse],2021-06-27T22:52:00.403Z
0.005,open,2021-06-27T22:49:00Z,1,199,150,350,200,24276[Turmcenter],2021-06-27T22:52:00.403Z
0.26616916,open,2021-06-27T22:49:00Z,107,295,0,402,402,18944[Alte Oper],2021-06-27T22:52:00.403Z
0.03846154,open,2021-06-27T22:49:00Z,14,350,0,364,364,24281[Hauptbahnhof Süd],2021-06-27T22:52:00.403Z
0.39322916,open,2021-06-27T22:49:00Z,151,233,0,384,384,105479[Baseler Platz],2021-06-27T22:52:00.403Z
0.2645241,open,2021-06-27T22:49:00Z,214,595,0,809,809,24279[Konstabler],2021-06-27T22:52:00.403Z
0.47887325,open,2021-06-27T22:49:00Z,204,222,0,426,426,18497[Hauptwache],2021-06-27T22:52:00.403Z
0,closed,2021-06-27T22:49:00Z,,495,0,0,0,18495[Am Gericht],2021-06-27T22:52:00.403Z
0.18362282,open,2021-06-27T22:49:00Z,148,658,60,866,806,109240[MyZeil],2021-06-27T22:52:00.403Z
0.03448276,open,2021-06-27T22:49:00Z,21,588,0,609,609,18494[Konrad-Adenauer-Straße],2021-06-27T22:52:00.403Z
0,closed,2021-06-27T22:49:00Z,,,0,0,0,24278[Karstadt],2021-06-27T22:52:00.403Z
0.94400895,open,2021-06-27T23:05:00Z,843,50,0,893,893,24277[Börse],2021-06-27T23:07:00.098Z
0.005,open,2021-06-27T23:05:00Z,1,199,150,350,200,24276[Turmcenter],2021-06-27T23:07:00.098Z
0.26119402,open,2021-06-27T23:05:00Z,105,297,0,402,402,18944[Alte Oper],2021-06-27T23:07:00.098Z
0.03846154,open,2021-06-27T23:05:00Z,14,350,0,364,364,24281[Hauptbahnhof Süd],2021-06-27T23:07:00.098Z
0.39322916,open,2021-06-27T23:05:00Z,151,233,0,384,384,105479[Baseler Platz],2021-06-27T23:07:00.098Z
0.2645241,open,2021-06-27T23:05:00Z,214,595,0,809,809,24279[Konstabler],2021-06-27T23:07:00.098Z
0.4765258,open,2021-06-27T23:05:00Z,203,223,0,426,426,18497[Hauptwache],2021-06-27T23:07:00.098Z
0,closed,2021-06-27T23:05:00Z,,495,0,0,0,18495[Am Gericht],2021-06-27T23:07:00.098Z
0.18362282,open,2021-06-27T23:05:00Z,148,658,60,866,806,109240[MyZeil],2021-06-27T23:07:00.098Z
0.02955665,open,2021-06-27T23:05:00Z,18,591,0,609,609,18494[Konrad-Adenauer-Straße],2021-06-27T23:07:00.098Z
0,closed,2021-06-27T23:05:00Z,,,0,0,0,24278[Karstadt],2021-06-27T23:07:00.098Z
0.94400895,open,2021-06-27T23:20:00Z,843,50,0,893,893,24277[Börse],2021-06-27T23:22:02.089Z
0.005,open,2021-06-27T23:20:00Z,1,199,150,350,200,24276[Turmcenter],2021-06-27T23:22:02.089Z
0.26119402,open,2021-06-27T23:20:00Z,105,297,0,402,402,18944[Alte Oper],2021-06-27T23:22:02.089Z
0.03846154,open,2021-06-27T23:20:00Z,14,350,0,364,364,24281[Hauptbahnhof Süd],2021-06-27T23:22:02.089Z
0.39322916,open,2021-06-27T23:20:00Z,151,233,0,384,384,105479[Baseler Platz],2021-06-27T23:22:02.089Z
0.26328802,open,2021-06-27T23:20:00Z,213,596,0,809,809,24279[Konstabler],2021-06-27T23:22:02.089Z
0.4741784,open,2021-06-27T23:20:00Z,202,224,0,426,426,18497[Hauptwache],2021-06-27T23:22:02.089Z
0,closed,2021-06-27T23:20:00Z,,495,0,0,0,18495[Am Gericht],2021-06-27T23:22:02.089Z
0.18362282,open,2021-06-27T23:20:00Z,148,658,60,866,806,109240[MyZeil],2021-06-27T23:22:02.089Z
0.02955665,open,2021-06-27T23:20:00Z,18,591,0,609,609,18494[Konrad-Adenauer-Straße],2021-06-27T23:22:02.089Z
0,closed,2021-06-27T23:20:00Z,,,0,0,0,24278[Karstadt],2021-06-27T23:22:02.089Z
0.94400895,open,2021-06-27T23:35:00Z,843,50,0,893,893,24277[Börse],2021-06-27T23:37:01.842Z
0.005,open,2021-06-27T23:35:00Z,1,199,150,350,200,24276[Turmcenter],2021-06-27T23:37:01.842Z
0.26119402,open,2021-06-27T23:35:00Z,105,297,0,402,402,18944[Alte Oper],2021-06-27T23:37:01.842Z
0.03846154,open,2021-06-27T23:35:00Z,14,350,0,364,364,24281[Hauptbahnhof Süd],2021-06-27T23:37:01.842Z
0.39322916,open,2021-06-27T23:35:00Z,151,233,0,384,384,105479[Baseler Platz],2021-06-27T23:37:01.842Z
0.26328802,open,2021-06-27T23:35:00Z,213,596,0,809,809,24279[Konstabler],2021-06-27T23:37:01.842Z
0.4741784,open,2021-06-27T23:35:00Z,202,224,0,426,426,18497[Hauptwache],2021-06-27T23:37:01.842Z
0,closed,2021-06-27T23:35:00Z,,495,0,0,0,18495[Am Gericht],2021-06-27T23:37:01.842Z
0.18362282,open,2021-06-27T23:35:00Z,148,658,60,866,806,109240[MyZeil],2021-06-27T23:37:01.842Z
0.02955665,open,2021-06-27T23:35:00Z,18,591,0,609,609,18494[Konrad-Adenauer-Straße],2021-06-27T23:37:01.842Z
0,closed,2021-06-27T23:35:00Z,,,0,0,0,24278[Karstadt],2021-06-27T23:37:01.842Z
0.94400895,open,2021-06-27T23:45:00Z,843,50,0,893,893,24277[Börse],2021-06-27T23:47:01.433Z
0.005,open,2021-06-27T23:45:00Z,1,199,150,350,200,24276[Turmcenter],2021-06-27T23:47:01.433Z
0.26119402,open,2021-06-27T23:45:00Z,105,297,0,402,402,18944[Alte Oper],2021-06-27T23:47:01.433Z
0.03846154,open,2021-06-27T23:45:00Z,14,350,0,364,364,24281[Hauptbahnhof Süd],2021-06-27T23:47:01.433Z
0.39322916,open,2021-06-27T23:45:00Z,151,233,0,384,384,105479[Baseler Platz],2021-06-27T23:47:01.433Z
0.26328802,open,2021-06-27T23:45:00Z,213,596,0,809,809,24279[Konstabler],2021-06-27T23:47:01.433Z
0.4741784,open,2021-06-27T23:45:00Z,202,224,0,426,426,18497[Hauptwache],2021-06-27T23:47:01.433Z
0,closed,2021-06-27T23:45:00Z,,495,0,0,0,18495[Am Gericht],2021-06-27T23:47:01.433Z
0.18362282,open,2021-06-27T23:45:00Z,148,658,60,866,806,109240[MyZeil],2021-06-27T23:47:01.433Z
0.02955665,open,2021-06-27T23:45:00Z,18,591,0,609,609,18494[Konrad-Adenauer-Straße],2021-06-27T23:47:01.433Z
0,closed,2021-06-27T23:45:00Z,,,0,0,0,24278[Karstadt],2021-06-27T23:47:01.433Z
0.94400895,open,2021-06-27T23:55:00Z,843,50,0,893,893,24277[Börse],2021-06-27T23:57:00.714Z
0.005,open,2021-06-27T23:55:00Z,1,199,150,350,200,24276[Turmcenter],2021-06-27T23:57:00.714Z
0.26119402,open,2021-06-27T23:55:00Z,105,297,0,402,402,18944[Alte Oper],2021-06-27T23:57:00.714Z
0.03846154,open,2021-06-27T23:55:00Z,14,350,0,364,364,24281[Hauptbahnhof Süd],2021-06-27T23:57:00.714Z
0.39322916,open,2021-06-27T23:55:00Z,151,233,0,384,384,105479[Baseler Platz],2021-06-27T23:57:00.714Z
0.2620519,open,2021-06-27T23:55:00Z,212,597,0,809,809,24279[Konstabler],2021-06-27T23:57:00.714Z
0.4741784,open,2021-06-27T23:55:00Z,202,224,0,426,426,18497[Hauptwache],2021-06-27T23:57:00.714Z
0,closed,2021-06-27T23:55:00Z,,495,0,0,0,18495[Am Gericht],2021-06-27T23:57:00.714Z
0.18362282,open,2021-06-27T23:55:00Z,148,658,60,866,806,109240[MyZeil],2021-06-27T23:57:00.714Z
0.02955665,open,2021-06-27T23:55:00Z,18,591,0,609,609,18494[Konrad-Adenauer-Straße],2021-06-27T23:57:00.714Z
0,closed,2021-06-27T23:55:00Z,,,0,0,0,24278[Karstadt],2021-06-27T23:57:00.714Z
0.94400895,open,2021-06-28T01:05:00Z,843,50,0,893,893,24277[Börse],2021-06-28T01:07:00.385Z
0.005,open,2021-06-28T01:05:00Z,1,199,150,350,200,24276[Turmcenter],2021-06-28T01:07:00.385Z
0.26119402,open,2021-06-28T01:05:00Z,105,297,0,402,402,18944[Alte Oper],2021-06-28T01:07:00.385Z
0.03846154,open,2021-06-28T01:05:00Z,14,350,0,364,364,24281[Hauptbahnhof Süd],2021-06-28T01:07:00.385Z
0.39322916,open,2021-06-28T01:05:00Z,151,233,0,384,384,105479[Baseler Platz],2021-06-28T01:07:00.385Z
0.26081583,open,2021-06-28T01:05:00Z,211,598,0,809,809,24279[Konstabler],2021-06-28T01:07:00.385Z
0.471831,open,2021-06-28T01:05:00Z,201,225,0,426,426,18497[Hauptwache],2021-06-28T01:07:00.385Z
0,closed,2021-06-28T01:05:00Z,,495,0,0,0,18495[Am Gericht],2021-06-28T01:07:00.385Z
0.18362282,open,2021-06-28T01:05:00Z,148,658,60,866,806,109240[MyZeil],2021-06-28T01:07:00.385Z
0.02955665,open,2021-06-28T01:05:00Z,18,591,0,609,609,18494[Konrad-Adenauer-Straße],2021-06-28T01:07:00.385Z
0,closed,2021-06-28T01:05:00Z,,,0,0,0,24278[Karstadt],2021-06-28T01:07:00.385Z
0.94400895,open,2021-06-28T02:06:00Z,843,50,0,893,893,24277[Börse],2021-06-28T02:07:00.921Z
0.005,open,2021-06-28T02:06:00Z,1,199,150,350,200,24276[Turmcenter],2021-06-28T02:07:00.921Z
0.26119402,open,2021-06-28T02:06:00Z,105,297,0,402,402,18944[Alte Oper],2021-06-28T02:07:00.921Z
0.03846154,open,2021-06-28T02:06:00Z,14,350,0,364,364,24281[Hauptbahnhof Süd],2021-06-28T02:07:00.921Z
0.39322916,open,2021-06-28T02:06:00Z,151,233,0,384,384,105479[Baseler Platz],2021-06-28T02:07:00.921Z
0.26081583,open,2021-06-28T02:06:00Z,211,598,0,809,809,24279[Konstabler],2021-06-28T02:07:00.921Z
0.471831,open,2021-06-28T02:06:00Z,201,225,0,426,426,18497[Hauptwache],2021-06-28T02:07:00.921Z
0,closed,2021-06-28T02:06:00Z,,,0,0,0,18495[Am Gericht],2021-06-28T02:07:00.921Z
0.18238214,open,2021-06-28T02:06:00Z,147,659,60,866,806,109240[MyZeil],2021-06-28T02:07:00.921Z
0.027914613,open,2021-06-28T02:06:00Z,17,592,0,609,609,18494[Konrad-Adenauer-Straße],2021-06-28T02:07:00.921Z
0,closed,2021-06-28T02:06:00Z,,,0,0,0,24278[Karstadt],2021-06-28T02:07:00.921Z
0.94400895,open,2021-06-28T02:41:00Z,843,50,0,893,893,24277[Börse],2021-06-28T02:42:01.923Z
0.005,open,2021-06-28T02:41:00Z,1,199,150,350,200,24276[Turmcenter],2021-06-28T02:42:01.923Z
0.26119402,open,2021-06-28T02:41:00Z,105,297,0,402,402,18944[Alte Oper],2021-06-28T02:42:01.923Z
0.03846154,open,2021-06-28T02:41:00Z,14,350,0,364,364,24281[Hauptbahnhof Süd],2021-06-28T02:42:01.923Z
0.39322916,open,2021-06-28T02:41:00Z,151,233,0,384,384,105479[Baseler Platz],2021-06-28T02:42:01.923Z
0.26081583,open,2021-06-28T02:41:00Z,211,598,0,809,809,24279[Konstabler],2021-06-28T02:42:01.923Z
0.471831,open,2021-06-28T02:41:00Z,201,225,0,426,426,18497[Hauptwache],2021-06-28T02:42:01.923Z
0,closed,2021-06-28T02:41:00Z,,,0,0,0,18495[Am Gericht],2021-06-28T02:42:01.923Z
0.18238214,open,2021-06-28T02:41:00Z,147,659,60,866,806,109240[MyZeil],2021-06-28T02:42:01.923Z
0.027914613,open,2021-06-28T02:41:00Z,17,592,0,609,609,18494[Konrad-Adenauer-Straße],2021-06-28T02:42:01.923Z
0,closed,2021-06-28T02:41:00Z,,,0,0,0,24278[Karstadt],2021-06-28T02:42:01.923Z
0.94400895,open,2021-06-28T02:56:00Z,843,50,0,893,893,24277[Börse],2021-06-28T02:57:01.180Z
0.005,open,2021-06-28T02:56:00Z,1,199,150,350,200,24276[Turmcenter],2021-06-28T02:57:01.180Z
0.26119402,open,2021-06-28T02:56:00Z,105,297,0,402,402,18944[Alte Oper],2021-06-28T02:57:01.180Z
0.041208792,open,2021-06-28T02:56:00Z,15,349,0,364,364,24281[Hauptbahnhof Süd],2021-06-28T02:57:01.180Z
0.39322916,open,2021-06-28T02:56:00Z,151,233,0,384,384,105479[Baseler Platz],2021-06-28T02:57:01.180Z
0.26081583,open,2021-06-28T02:56:00Z,211,598,0,809,809,24279[Konstabler],2021-06-28T02:57:01.180Z
0.471831,open,2021-06-28T02:56:00Z,201,225,0,426,426,18497[Hauptwache],2021-06-28T02:57:01.180Z
0,closed,2021-06-28T02:56:00Z,,,0,0,0,18495[Am Gericht],2021-06-28T02:57:01.180Z
0.18238214,open,2021-06-28T02:56:00Z,147,659,60,866,806,109240[MyZeil],2021-06-28T02:57:01.180Z
0.027914613,open,2021-06-28T02:56:00Z,17,592,0,609,609,18494[Konrad-Adenauer-Straße],2021-06-28T02:57:01.180Z
0,closed,2021-06-28T02:56:00Z,,,0,0,0,24278[Karstadt],2021-06-28T02:57:01.180Z
0.94400895,open,2021-06-28T03:11:00Z,843,50,0,893,893,24277[Börse],2021-06-28T03:12:00.378Z
0.005,open,2021-06-28T03:11:00Z,1,199,150,350,200,24276[Turmcenter],2021-06-28T03:12:00.378Z
0.26119402,open,2021-06-28T03:11:00Z,105,297,0,402,402,18944[Alte Oper],2021-06-28T03:12:00.378Z
0.041208792,open,2021-06-28T03:11:00Z,15,349,0,364,364,24281[Hauptbahnhof Süd],2021-06-28T03:12:00.378Z
0.39322916,open,2021-06-28T03:11:00Z,151,233,0,384,384,105479[Baseler Platz],2021-06-28T03:12:00.378Z
0.2620519,open,2021-06-28T03:11:00Z,212,597,0,809,809,24279[Konstabler],2021-06-28T03:12:00.378Z
0.471831,open,2021-06-28T03:11:00Z,201,225,0,426,426,18497[Hauptwache],2021-06-28T03:12:00.378Z
0,closed,2021-06-28T03:11:00Z,,,0,0,0,18495[Am Gericht],2021-06-28T03:12:00.378Z
0.18584071,open,2021-06-28T03:11:00Z,147,644,75,866,791,109240[MyZeil],2021-06-28T03:12:00.378Z
0.027914613,open,2021-06-28T03:11:00Z,17,592,0,609,609,18494[Konrad-Adenauer-Straße],2021-06-28T03:12:00.378Z
0,closed,2021-06-28T03:11:00Z,,,0,0,0,24278[Karstadt],2021-06-28T03:12:00.378Z
0.94400895,open,2021-06-28T03:31:00Z,843,50,0,893,893,24277[Börse],2021-06-28T03:32:01.084Z
0.005,open,2021-06-28T03:31:00Z,1,199,150,350,200,24276[Turmcenter],2021-06-28T03:32:01.084Z
0.26119402,open,2021-06-28T03:31:00Z,105,297,0,402,402,18944[Alte Oper],2021-06-28T03:32:01.084Z
0.043956045,open,2021-06-28T03:31:00Z,16,348,0,364,364,24281[Hauptbahnhof Süd],2021-06-28T03:32:01.084Z
0.39583334,open,2021-06-28T03:31:00Z,152,232,0,384,384,105479[Baseler Platz],2021-06-28T03:32:01.084Z
0.26328802,open,2021-06-28T03:31:00Z,213,596,0,809,809,24279[Konstabler],2021-06-28T03:32:01.084Z
0.471831,open,2021-06-28T03:31:00Z,201,225,0,426,426,18497[Hauptwache],2021-06-28T03:32:01.084Z
0,closed,2021-06-28T03:31:00Z,,,0,0,0,18495[Am Gericht],2021-06-28T03:32:01.084Z
0.18584071,open,2021-06-28T03:31:00Z,147,644,75,866,791,109240[MyZeil],2021-06-28T03:32:01.084Z
0.027914613,open,2021-06-28T03:31:00Z,17,592,0,609,609,18494[Konrad-Adenauer-Straße],2021-06-28T03:32:01.084Z
0,closed,2021-06-28T03:31:00Z,,,0,0,0,24278[Karstadt],2021-06-28T03:32:01.084Z
0.94400895,open,2021-06-28T03:46:00Z,843,50,0,893,893,24277[Börse],2021-06-28T03:47:00.222Z
0.005,open,2021-06-28T03:46:00Z,1,199,150,350,200,24276[Turmcenter],2021-06-28T03:47:00.222Z
0.25870648,open,2021-06-28T03:46:00Z,104,298,0,402,402,18944[Alte Oper],2021-06-28T03:47:00.222Z
0.054945055,open,2021-06-28T03:46:00Z,20,344,0,364,364,24281[Hauptbahnhof Süd],2021-06-28T03:47:00.222Z
0.3984375,open,2021-06-28T03:46:00Z,153,231,0,384,384,105479[Baseler Platz],2021-06-28T03:47:00.222Z
0.2645241,open,2021-06-28T03:46:00Z,214,595,0,809,809,24279[Konstabler],2021-06-28T03:47:00.222Z
0.471831,open,2021-06-28T03:46:00Z,201,225,0,426,426,18497[Hauptwache],2021-06-28T03:47:00.222Z
0,closed,2021-06-28T03:46:00Z,,,0,0,0,18495[Am Gericht],2021-06-28T03:47:00.222Z
0.117572695,open,2021-06-28T03:46:00Z,93,698,75,866,791,109240[MyZeil],2021-06-28T03:47:00.222Z
0.03284072,open,2021-06-28T03:46:00Z,20,589,0,609,609,18494[Konrad-Adenauer-Straße],2021-06-28T03:47:00.222Z
0,closed,2021-06-28T03:46:00Z,,,0,0,0,24278[Karstadt],2021-06-28T03:47:00.222Z
0.94400895,open,2021-06-28T03:56:00Z,843,50,0,893,893,24277[Börse],2021-06-28T03:57:01.177Z
0.006666667,open,2021-06-28T03:56:00Z,1,149,200,350,150,24276[Turmcenter],2021-06-28T03:57:01.177Z
0.25870648,open,2021-06-28T03:56:00Z,104,298,0,402,402,18944[Alte Oper],2021-06-28T03:57:01.177Z
0.06868132,open,2021-06-28T03:56:00Z,25,339,0,364,364,24281[Hauptbahnhof Süd],2021-06-28T03:57:01.177Z
0.3984375,open,2021-06-28T03:56:00Z,153,231,0,384,384,105479[Baseler Platz],2021-06-28T03:57:01.177Z
0.26576018,open,2021-06-28T03:56:00Z,215,594,0,809,809,24279[Konstabler],2021-06-28T03:57:01.177Z
0.471831,open,2021-06-28T03:56:00Z,201,225,0,426,426,18497[Hauptwache],2021-06-28T03:57:01.177Z
0,closed,2021-06-28T03:56:00Z,,,0,0,0,18495[Am Gericht],2021-06-28T03:57:01.177Z
0.12010114,open,2021-06-28T03:56:00Z,95,696,75,866,791,109240[MyZeil],2021-06-28T03:57:01.177Z
0.03448276,open,2021-06-28T03:56:00Z,21,588,0,609,609,18494[Konrad-Adenauer-Straße],2021-06-28T03:57:01.177Z
0,closed,2021-06-28T03:56:00Z,,,0,0,0,24278[Karstadt],2021-06-28T03:57:01.177Z
0.94400895,open,2021-06-28T04:26:00Z,843,50,0,893,893,24277[Börse],2021-06-28T04:27:03.009Z
0,open,2021-06-28T04:26:00Z,0,150,200,350,150,24276[Turmcenter],2021-06-28T04:27:03.009Z
0.2636816,open,2021-06-28T04:26:00Z,106,296,0,402,402,18944[Alte Oper],2021-06-28T04:27:03.009Z
0.11813187,open,2021-06-28T04:26:00Z,43,321,0,364,364,24281[Hauptbahnhof Süd],2021-06-28T04:27:03.009Z
0.40104166,open,2021-06-28T04:26:00Z,154,230,0,384,384,105479[Baseler Platz],2021-06-28T04:27:03.009Z
0.2694685,open,2021-06-28T04:26:00Z,218,591,0,809,809,24279[Konstabler],2021-06-28T04:27:03.009Z
0.471831,open,2021-06-28T04:26:00Z,201,225,0,426,426,18497[Hauptwache],2021-06-28T04:27:03.009Z
0.28970587,open,2021-06-28T04:26:00Z,197,483,0,680,680,18495[Am Gericht],2021-06-28T04:27:03.009Z
0.12768647,open,2021-06-28T04:26:00Z,101,690,75,866,791,109240[MyZeil],2021-06-28T04:27:03.009Z
0.039408866,open,2021-06-28T04:26:00Z,24,585,0,609,609,18494[Konrad-Adenauer-Straße],2021-06-28T04:27:03.009Z
0,closed,2021-06-28T04:26:00Z,,,0,0,0,24278[Karstadt],2021-06-28T04:27:03.009Z
0.94400895,open,2021-06-28T04:51:00Z,843,50,0,893,893,24277[Börse],2021-06-28T04:52:00.399Z
0,open,2021-06-28T04:51:00Z,0,150,200,350,150,24276[Turmcenter],2021-06-28T04:52:00.399Z
0.26865673,open,2021-06-28T04:51:00Z,108,294,0,402,402,18944[Alte Oper],2021-06-28T04:52:00.399Z
0.1401099,open,2021-06-28T04:51:00Z,51,313,0,364,364,24281[Hauptbahnhof Süd],2021-06-28T04:52:00.399Z
0.40104166,open,2021-06-28T04:51:00Z,154,230,0,384,384,105479[Baseler Platz],2021-06-28T04:52:00.399Z
0.27688503,open,2021-06-28T04:51:00Z,224,585,0,809,809,24279[Konstabler],2021-06-28T04:52:00.399Z
0.4741784,open,2021-06-28T04:51:00Z,202,224,0,426,426,18497[Hauptwache],2021-06-28T04:52:00.399Z
0.29852942,open,2021-06-28T04:51:00Z,203,477,0,680,680,18495[Am Gericht],2021-06-28T04:52:00.399Z
0.13400759,open,2021-06-28T04:51:00Z,106,685,75,866,791,109240[MyZeil],2021-06-28T04:52:00.399Z
0.041050903,open,2021-06-28T04:51:00Z,25,584,0,609,609,18494[Konrad-Adenauer-Straße],2021-06-28T04:52:00.399Z
0,open,2021-06-28T04:51:00Z,0,693,0,693,693,24278[Karstadt],2021-06-28T04:52:00.399Z
0.94400895,open,2021-06-28T05:01:00Z,843,50,0,893,893,24277[Börse],2021-06-28T05:02:00.849Z
0.013333334,open,2021-06-28T05:01:00Z,2,148,200,350,150,24276[Turmcenter],2021-06-28T05:02:00.849Z
0.27114427,open,2021-06-28T05:01:00Z,109,293,0,402,402,18944[Alte Oper],2021-06-28T05:02:00.849Z
0.13736264,open,2021-06-28T05:01:00Z,50,314,0,364,364,24281[Hauptbahnhof Süd],2021-06-28T05:02:00.849Z
0.40625,open,2021-06-28T05:01:00Z,156,228,0,384,384,105479[Baseler Platz],2021-06-28T05:02:00.849Z
0.27812114,open,2021-06-28T05:01:00Z,225,584,0,809,809,24279[Konstabler],2021-06-28T05:02:00.849Z
0.4765258,open,2021-06-28T05:01:00Z,203,223,0,426,426,18497[Hauptwache],2021-06-28T05:02:00.849Z
0.30588236,open,2021-06-28T05:01:00Z,208,472,0,680,680,18495[Am Gericht],2021-06-28T05:02:00.849Z
0.13274336,open,2021-06-28T05:01:00Z,105,686,75,866,791,109240[MyZeil],2021-06-28T05:02:00.849Z
0.044334974,open,2021-06-28T05:01:00Z,27,582,0,609,609,18494[Konrad-Adenauer-Straße],2021-06-28T05:02:00.849Z
0,open,2021-06-28T05:01:00Z,0,693,0,693,693,24278[Karstadt],2021-06-28T05:02:00.849Z
0.94400895,open,2021-06-28T05:16:00Z,843,50,0,893,893,24277[Börse],2021-06-28T05:22:02.064Z
0.033333335,open,2021-06-28T05:16:00Z,5,145,200,350,150,24276[Turmcenter],2021-06-28T05:22:02.064Z
0.2761194,open,2021-06-28T05:16:00Z,111,291,0,402,402,18944[Alte Oper],2021-06-28T05:22:02.064Z
0.1510989,open,2021-06-28T05:16:00Z,55,309,0,364,364,24281[Hauptbahnhof Süd],2021-06-28T05:22:02.064Z
0.40885416,open,2021-06-28T05:16:00Z,157,227,0,384,384,105479[Baseler Platz],2021-06-28T05:22:02.064Z
0.27688503,open,2021-06-28T05:16:00Z,224,585,0,809,809,24279[Konstabler],2021-06-28T05:22:02.064Z
0.47887325,open,2021-06-28T05:16:00Z,204,222,0,426,426,18497[Hauptwache],2021-06-28T05:22:02.064Z
0.31764707,open,2021-06-28T05:16:00Z,216,464,0,680,680,18495[Am Gericht],2021-06-28T05:22:02.064Z
0.1352718,open,2021-06-28T05:16:00Z,107,684,75,866,791,109240[MyZeil],2021-06-28T05:22:02.064Z
0.05090312,open,2021-06-28T05:16:00Z,31,578,0,609,609,18494[Konrad-Adenauer-Straße],2021-06-28T05:22:02.064Z
0.0014430014,open,2021-06-28T05:16:00Z,1,692,0,693,693,24278[Karstadt],2021-06-28T05:22:02.064Z
0.94400895,open,2021-06-28T05:26:00Z,843,50,0,893,893,24277[Börse],2021-06-28T05:32:02.409Z
0.06,open,2021-06-28T05:26:00Z,9,141,200,350,150,24276[Turmcenter],2021-06-28T05:32:02.409Z
0.28606966,open,2021-06-28T05:26:00Z,115,287,0,402,402,18944[Alte Oper],2021-06-28T05:32:02.409Z
0.15934066,open,2021-06-28T05:26:00Z,58,306,0,364,364,24281[Hauptbahnhof Süd],2021-06-28T05:32:02.409Z
0.41145834,open,2021-06-28T05:26:00Z,158,226,0,384,384,105479[Baseler Platz],2021-06-28T05:32:02.409Z
0.27812114,open,2021-06-28T05:26:00Z,225,584,0,809,809,24279[Konstabler],2021-06-28T05:32:02.409Z
0.48591548,open,2021-06-28T05:26:00Z,207,219,0,426,426,18497[Hauptwache],2021-06-28T05:32:02.409Z
0.32205883,open,2021-06-28T05:26:00Z,219,461,0,680,680,18495[Am Gericht],2021-06-28T05:32:02.409Z
0.1352718,open,2021-06-28T05:26:00Z,107,684,75,866,791,109240[MyZeil],2021-06-28T05:32:02.409Z
0.049261082,open,2021-06-28T05:26:00Z,30,579,0,609,609,18494[Konrad-Adenauer-Straße],2021-06-28T05:32:02.409Z
0.0014430014,open,2021-06-28T05:26:00Z,1,692,0,693,693,24278[Karstadt],2021-06-28T05:32:02.409Z
0.94400895,open,2021-06-28T05:37:00Z,843,50,0,893,893,24277[Börse],2021-06-28T05:42:02.766Z
0.08,open,2021-06-28T05:37:00Z,12,138,200,350,150,24276[Turmcenter],2021-06-28T05:42:02.766Z
0.28606966,open,2021-06-28T05:37:00Z,115,287,0,402,402,18944[Alte Oper],2021-06-28T05:42:02.766Z
0.17582418,open,2021-06-28T05:37:00Z,64,300,0,364,364,24281[Hauptbahnhof Süd],2021-06-28T05:42:02.766Z
0.42708334,open,2021-06-28T05:37:00Z,164,220,0,384,384,105479[Baseler Platz],2021-06-28T05:42:02.766Z
0.2855377,open,2021-06-28T05:37:00Z,231,578,0,809,809,24279[Konstabler],2021-06-28T05:42:02.766Z
0.49530515,open,2021-06-28T05:37:00Z,211,215,0,426,426,18497[Hauptwache],2021-06-28T05:42:02.766Z
0.33235294,open,2021-06-28T05:37:00Z,226,454,0,680,680,18495[Am Gericht],2021-06-28T05:42:02.766Z
0.13906448,open,2021-06-28T05:37:00Z,110,681,75,866,791,109240[MyZeil],2021-06-28T05:42:02.766Z
0.055829227,open,2021-06-28T05:37:00Z,34,575,0,609,609,18494[Konrad-Adenauer-Straße],2021-06-28T05:42:02.766Z
0.0028860029,open,2021-06-28T05:37:00Z,2,691,0,693,693,24278[Karstadt],2021-06-28T05:42:02.766Z
0.94400895,open,2021-06-28T05:47:00Z,843,50,0,893,893,24277[Börse],2021-06-28T05:52:01.065Z
0.086666666,open,2021-06-28T05:47:00Z,13,137,200,350,150,24276[Turmcenter],2021-06-28T05:52:01.065Z
0.29104477,open,2021-06-28T05:47:00Z,117,285,0,402,402,18944[Alte Oper],2021-06-28T05:52:01.065Z
0.18956044,open,2021-06-28T05:47:00Z,69,295,0,364,364,24281[Hauptbahnhof Süd],2021-06-28T05:52:01.065Z
0.42447916,open,2021-06-28T05:47:00Z,163,221,0,384,384,105479[Baseler Platz],2021-06-28T05:52:01.065Z
0.2855377,open,2021-06-28T05:47:00Z,231,578,0,809,809,24279[Konstabler],2021-06-28T05:52:01.065Z
0.5046948,open,2021-06-28T05:47:00Z,215,211,0,426,426,18497[Hauptwache],2021-06-28T05:52:01.065Z
0.3529412,open,2021-06-28T05:47:00Z,240,440,0,680,680,18495[Am Gericht],2021-06-28T05:52:01.065Z
0.14032869,open,2021-06-28T05:47:00Z,111,680,75,866,791,109240[MyZeil],2021-06-28T05:52:01.065Z
0.0591133,open,2021-06-28T05:47:00Z,36,573,0,609,609,18494[Konrad-Adenauer-Straße],2021-06-28T05:52:01.065Z
0.007215007,open,2021-06-28T05:47:00Z,5,688,0,693,693,24278[Karstadt],2021-06-28T05:52:01.065Z
0.94400895,open,2021-06-28T06:02:00Z,843,50,0,893,893,24277[Börse],2021-06-28T06:07:00.307Z
0.16,open,2021-06-28T06:02:00Z,24,126,200,350,150,24276[Turmcenter],2021-06-28T06:07:00.307Z
0.30099502,open,2021-06-28T06:02:00Z,121,281,0,402,402,18944[Alte Oper],2021-06-28T06:07:00.307Z
0.21428572,open,2021-06-28T06:02:00Z,78,286,0,364,364,24281[Hauptbahnhof Süd],2021-06-28T06:07:00.307Z
0.44010416,open,2021-06-28T06:02:00Z,169,215,0,384,384,105479[Baseler Platz],2021-06-28T06:07:00.307Z
0.289246,open,2021-06-28T06:02:00Z,234,575,0,809,809,24279[Konstabler],2021-06-28T06:07:00.307Z
0.5093897,open,2021-06-28T06:02:00Z,217,209,0,426,426,18497[Hauptwache],2021-06-28T06:07:00.307Z
0.375,open,2021-06-28T06:02:00Z,255,425,0,680,680,18495[Am Gericht],2021-06-28T06:07:00.307Z
0.14159292,open,2021-06-28T06:02:00Z,112,679,75,866,791,109240[MyZeil],2021-06-28T06:07:00.307Z
0.08045977,open,2021-06-28T06:02:00Z,49,560,0,609,609,18494[Konrad-Adenauer-Straße],2021-06-28T06:07:00.307Z
0.012987013,open,2021-06-28T06:02:00Z,9,684,0,693,693,24278[Karstadt],2021-06-28T06:07:00.307Z
0.94400895,open,2021-06-28T06:32:00Z,843,50,0,893,893,24277[Börse],2021-06-28T06:37:02.235Z
0.26,open,2021-06-28T06:32:00Z,39,111,200,350,150,24276[Turmcenter],2021-06-28T06:37:02.235Z
0.3233831,open,2021-06-28T06:32:00Z,130,272,0,402,402,18944[Alte Oper],2021-06-28T06:37:02.235Z
0.2857143,open,2021-06-28T06:32:00Z,104,260,0,364,364,24281[Hauptbahnhof Süd],2021-06-28T06:37:02.235Z
0.48958334,open,2021-06-28T06:32:00Z,188,196,0,384,384,105479[Baseler Platz],2021-06-28T06:37:02.235Z
0.31767616,open,2021-06-28T06:32:00Z,257,552,0,809,809,24279[Konstabler],2021-06-28T06:37:02.235Z
0.5516432,open,2021-06-28T06:32:00Z,235,191,0,426,426,18497[Hauptwache],2021-06-28T06:37:02.235Z
0.42352942,open,2021-06-28T06:32:00Z,288,392,0,680,680,18495[Am Gericht],2021-06-28T06:37:02.235Z
0.15802781,open,2021-06-28T06:32:00Z,125,666,75,866,791,109240[MyZeil],2021-06-28T06:37:02.235Z
0.1182266,open,2021-06-28T06:32:00Z,72,537,0,609,609,18494[Konrad-Adenauer-Straße],2021-06-28T06:37:02.235Z
0.023088023,open,2021-06-28T06:32:00Z,16,677,0,693,693,24278[Karstadt],2021-06-28T06:37:02.235Z
0.94400895,open,2021-06-28T06:52:00Z,843,50,0,893,893,24277[Börse],2021-06-28T06:57:02.741Z
0.35333332,open,2021-06-28T06:52:00Z,53,97,200,350,150,24276[Turmcenter],2021-06-28T06:57:02.741Z
0.35572138,open,2021-06-28T06:52:00Z,143,259,0,402,402,18944[Alte Oper],2021-06-28T06:57:02.741Z
0.32967034,open,2021-06-28T06:52:00Z,120,244,0,364,364,24281[Hauptbahnhof Süd],2021-06-28T06:57:02.741Z
0.5182292,open,2021-06-28T06:52:00Z,199,185,0,384,384,105479[Baseler Platz],2021-06-28T06:57:02.741Z
0.33745363,open,2021-06-28T06:52:00Z,273,536,0,809,809,24279[Konstabler],2021-06-28T06:57:02.741Z
0.5915493,open,2021-06-28T06:52:00Z,252,174,0,426,426,18497[Hauptwache],2021-06-28T06:57:02.741Z
0.47941175,open,2021-06-28T06:52:00Z,326,354,0,680,680,18495[Am Gericht],2021-06-28T06:57:02.741Z
0.17067003,open,2021-06-28T06:52:00Z,135,656,75,866,791,109240[MyZeil],2021-06-28T06:57:02.741Z
0.11658456,open,2021-06-28T06:52:00Z,71,538,0,609,609,18494[Konrad-Adenauer-Straße],2021-06-28T06:57:02.741Z
0.02020202,open,2021-06-28T06:52:00Z,14,679,0,693,693,24278[Karstadt],2021-06-28T06:57:02.741Z
0.94400895,open,2021-06-28T07:12:00Z,843,50,0,893,893,24277[Börse],2021-06-28T07:17:00.190Z
0.44666666,open,2021-06-28T07:12:00Z,67,83,200,350,150,24276[Turmcenter],2021-06-28T07:17:00.190Z
0.38557214,open,2021-06-28T07:12:00Z,155,247,0,402,402,18944[Alte Oper],2021-06-28T07:17:00.190Z
0.34615386,open,2021-06-28T07:12:00Z,126,238,0,364,364,24281[Hauptbahnhof Süd],2021-06-28T07:17:00.190Z
0.546875,open,2021-06-28T07:12:00Z,210,174,0,384,384,105479[Baseler Platz],2021-06-28T07:17:00.190Z
0.35475895,open,2021-06-28T07:12:00Z,287,522,0,809,809,24279[Konstabler],2021-06-28T07:17:00.190Z
0.6126761,open,2021-06-28T07:12:00Z,261,165,0,426,426,18497[Hauptwache],2021-06-28T07:17:00.190Z
0.5323529,open,2021-06-28T07:12:00Z,362,318,0,680,680,18495[Am Gericht],2021-06-28T07:17:00.190Z
0.18836915,open,2021-06-28T07:12:00Z,149,642,75,866,791,109240[MyZeil],2021-06-28T07:17:00.190Z
0.136289,open,2021-06-28T07:12:00Z,83,526,0,609,609,18494[Konrad-Adenauer-Straße],2021-06-28T07:17:00.190Z
0.024531025,open,2021-06-28T07:12:00Z,17,676,0,693,693,24278[Karstadt],2021-06-28T07:17:00.190Z
0.94400895,open,2021-06-28T07:27:00Z,843,50,0,893,893,24277[Börse],2021-06-28T07:32:02.301Z
0.48666668,open,2021-06-28T07:27:00Z,73,77,200,350,150,24276[Turmcenter],2021-06-28T07:32:02.301Z
0.42537314,open,2021-06-28T07:27:00Z,171,231,0,402,402,18944[Alte Oper],2021-06-28T07:32:02.301Z
0.3791209,open,2021-06-28T07:27:00Z,138,226,0,364,364,24281[Hauptbahnhof Süd],2021-06-28T07:32:02.301Z
0.5677083,open,2021-06-28T07:27:00Z,218,166,0,384,384,105479[Baseler Platz],2021-06-28T07:32:02.301Z
0.38442522,open,2021-06-28T07:27:00Z,311,498,0,809,809,24279[Konstabler],2021-06-28T07:32:02.301Z
0.63849765,open,2021-06-28T07:27:00Z,272,154,0,426,426,18497[Hauptwache],2021-06-28T07:32:02.301Z
0.56764704,open,2021-06-28T07:27:00Z,386,294,0,680,680,18495[Am Gericht],2021-06-28T07:32:02.301Z
0.19342604,open,2021-06-28T07:27:00Z,153,638,75,866,791,109240[MyZeil],2021-06-28T07:32:02.301Z
0.13957307,open,2021-06-28T07:27:00Z,85,524,0,609,609,18494[Konrad-Adenauer-Straße],2021-06-28T07:32:02.301Z
0.030303031,open,2021-06-28T07:27:00Z,21,672,0,693,693,24278[Karstadt],2021-06-28T07:32:02.301Z
0.94400895,open,2021-06-28T07:32:00Z,843,50,0,893,893,24277[Börse],2021-06-28T07:37:00.766Z
0.5,open,2021-06-28T07:32:00Z,75,75,200,350,150,24276[Turmcenter],2021-06-28T07:37:00.766Z
0.43781096,open,2021-06-28T07:32:00Z,176,226,0,402,402,18944[Alte Oper],2021-06-28T07:37:00.766Z
0.38736263,open,2021-06-28T07:32:00Z,141,223,0,364,364,24281[Hauptbahnhof Süd],2021-06-28T07:37:00.766Z
0.5755208,open,2021-06-28T07:32:00Z,221,163,0,384,384,105479[Baseler Platz],2021-06-28T07:37:00.766Z
0.3856613,open,2021-06-28T07:32:00Z,312,497,0,809,809,24279[Konstabler],2021-06-28T07:37:00.766Z
0.63615024,open,2021-06-28T07:32:00Z,271,155,0,426,426,18497[Hauptwache],2021-06-28T07:37:00.766Z
0.58235294,open,2021-06-28T07:32:00Z,396,284,0,680,680,18495[Am Gericht],2021-06-28T07:37:00.766Z
0.19721872,open,2021-06-28T07:32:00Z,156,635,75,866,791,109240[MyZeil],2021-06-28T07:37:00.766Z
0.14614122,open,2021-06-28T07:32:00Z,89,520,0,609,609,18494[Konrad-Adenauer-Straße],2021-06-28T07:37:00.766Z
0.034632035,open,2021-06-28T07:32:00Z,24,669,0,693,693,24278[Karstadt],2021-06-28T07:37:00.766Z
0.94400895,open,2021-06-28T07:47:00Z,843,50,0,893,893,24277[Börse],2021-06-28T07:52:00.495Z
0.6,open,2021-06-28T07:47:00Z,90,60,200,350,150,24276[Turmcenter],2021-06-28T07:52:00.495Z
0.4800995,open,2021-06-28T07:47:00Z,193,209,0,402,402,18944[Alte Oper],2021-06-28T07:52:00.495Z
0.38736263,open,2021-06-28T07:47:00Z,141,223,0,364,364,24281[Hauptbahnhof Süd],2021-06-28T07:52:00.495Z
0.578125,open,2021-06-28T07:47:00Z,222,162,0,384,384,105479[Baseler Platz],2021-06-28T07:52:00.495Z
0.40420273,open,2021-06-28T07:47:00Z,327,482,0,809,809,24279[Konstabler],2021-06-28T07:52:00.495Z
0.67840374,open,2021-06-28T07:47:00Z,289,137,0,426,426,18497[Hauptwache],2021-06-28T07:52:00.495Z
0.6161765,open,2021-06-28T07:47:00Z,419,261,0,680,680,18495[Am Gericht],2021-06-28T07:52:00.495Z
0.21618205,open,2021-06-28T07:47:00Z,171,620,75,866,791,109240[MyZeil],2021-06-28T07:52:00.495Z
0.15270936,open,2021-06-28T07:47:00Z,93,516,0,609,609,18494[Konrad-Adenauer-Straße],2021-06-28T07:52:00.495Z
0.044733044,open,2021-06-28T07:47:00Z,31,662,0,693,693,24278[Karstadt],2021-06-28T07:52:00.495Z
0.94400895,open,2021-06-28T07:52:00Z,843,50,0,893,893,24277[Börse],2021-06-28T07:57:02.256Z
0.5933333,open,2021-06-28T07:52:00Z,89,61,200,350,150,24276[Turmcenter],2021-06-28T07:57:02.256Z
0.4950249,open,2021-06-28T07:52:00Z,199,203,0,402,402,18944[Alte Oper],2021-06-28T07:57:02.256Z
0.38736263,open,2021-06-28T07:52:00Z,141,223,0,364,364,24281[Hauptbahnhof Süd],2021-06-28T07:57:02.256Z
0.5807292,open,2021-06-28T07:52:00Z,223,161,0,384,384,105479[Baseler Platz],2021-06-28T07:57:02.256Z
0.40420273,open,2021-06-28T07:52:00Z,327,482,0,809,809,24279[Konstabler],2021-06-28T07:57:02.256Z
0.70187795,open,2021-06-28T07:52:00Z,299,127,0,426,426,18497[Hauptwache],2021-06-28T07:57:02.256Z
0.6279412,open,2021-06-28T07:52:00Z,427,253,0,680,680,18495[Am Gericht],2021-06-28T07:57:02.256Z
0.22250316,open,2021-06-28T07:52:00Z,176,615,75,866,791,109240[MyZeil],2021-06-28T07:57:02.256Z
0.16584565,open,2021-06-28T07:52:00Z,101,508,0,609,609,18494[Konrad-Adenauer-Straße],2021-06-28T07:57:02.256Z
0.041847043,open,2021-06-28T07:52:00Z,29,664,0,693,693,24278[Karstadt],2021-06-28T07:57:02.256Z
0.94400895,open,2021-06-28T08:18:00Z,843,50,0,893,893,24277[Börse],2021-06-28T08:22:02.690Z
0.6533333,open,2021-06-28T08:18:00Z,98,52,200,350,150,24276[Turmcenter],2021-06-28T08:22:02.690Z
0.54477614,open,2021-06-28T08:18:00Z,219,183,0,402,402,18944[Alte Oper],2021-06-28T08:22:02.690Z
0.42032966,open,2021-06-28T08:18:00Z,153,211,0,364,364,24281[Hauptbahnhof Süd],2021-06-28T08:22:02.690Z
0.45488256,open,2021-06-28T08:18:00Z,368,441,0,809,809,24279[Konstabler],2021-06-28T08:22:02.690Z
0.7746479,open,2021-06-28T08:18:00Z,330,96,0,426,426,18497[Hauptwache],2021-06-28T08:22:02.690Z
0.6661765,open,2021-06-28T08:18:00Z,453,227,0,680,680,18495[Am Gericht],2021-06-28T08:22:02.690Z
0.24905184,open,2021-06-28T08:18:00Z,197,594,75,866,791,109240[MyZeil],2021-06-28T08:22:02.690Z
0.1773399,open,2021-06-28T08:18:00Z,108,501,0,609,609,18494[Konrad-Adenauer-Straße],2021-06-28T08:22:02.690Z
0.05050505,open,2021-06-28T08:18:00Z,35,658,0,693,693,24278[Karstadt],2021-06-28T08:22:02.690Z
0.94400895,open,2021-06-28T08:33:00Z,843,50,0,893,893,24277[Börse],2021-06-28T08:37:00.089Z
0.62,open,2021-06-28T08:33:00Z,93,57,200,350,150,24276[Turmcenter],2021-06-28T08:37:00.089Z
0.5721393,open,2021-06-28T08:33:00Z,230,172,0,402,402,18944[Alte Oper],2021-06-28T08:37:00.089Z
0.41483516,open,2021-06-28T08:33:00Z,151,213,0,364,364,24281[Hauptbahnhof Süd],2021-06-28T08:37:00.089Z
0.47218788,open,2021-06-28T08:33:00Z,382,427,0,809,809,24279[Konstabler],2021-06-28T08:37:00.089Z
0.81220657,open,2021-06-28T08:33:00Z,346,80,0,426,426,18497[Hauptwache],2021-06-28T08:37:00.089Z
0.6720588,open,2021-06-28T08:33:00Z,457,223,0,680,680,18495[Am Gericht],2021-06-28T08:37:00.089Z
0.24778761,open,2021-06-28T08:33:00Z,196,595,75,866,791,109240[MyZeil],2021-06-28T08:37:00.089Z
0.20689656,open,2021-06-28T08:33:00Z,126,483,0,609,609,18494[Konrad-Adenauer-Straße],2021-06-28T08:37:00.089Z
0.04040404,open,2021-06-28T08:33:00Z,28,665,0,693,693,24278[Karstadt],2021-06-28T08:37:00.089Z
0.94400895,open,2021-06-28T08:43:00Z,843,50,0,893,893,24277[Börse],2021-06-28T08:47:02.682Z
0.6066667,open,2021-06-28T08:43:00Z,91,59,200,350,150,24276[Turmcenter],2021-06-28T08:47:02.682Z
0.58208954,open,2021-06-28T08:43:00Z,234,168,0,402,402,18944[Alte Oper],2021-06-28T08:47:02.682Z
0.40384614,open,2021-06-28T08:43:00Z,147,217,0,364,364,24281[Hauptbahnhof Süd],2021-06-28T08:47:02.682Z
0.5092707,open,2021-06-28T08:43:00Z,412,397,0,809,809,24279[Konstabler],2021-06-28T08:47:02.682Z
0.8403756,open,2021-06-28T08:43:00Z,358,68,0,426,426,18497[Hauptwache],2021-06-28T08:47:02.682Z
0.6617647,open,2021-06-28T08:43:00Z,450,230,0,680,680,18495[Am Gericht],2021-06-28T08:47:02.682Z
0.2591656,open,2021-06-28T08:43:00Z,205,586,75,866,791,109240[MyZeil],2021-06-28T08:47:02.682Z
0.20853859,open,2021-06-28T08:43:00Z,127,482,0,609,609,18494[Konrad-Adenauer-Straße],2021-06-28T08:47:02.682Z
0.034632035,open,2021-06-28T08:43:00Z,24,669,0,693,693,24278[Karstadt],2021-06-28T08:47:02.682Z
0.94400895,open,2021-06-28T08:53:00Z,843,50,0,893,893,24277[Börse],2021-06-28T08:57:00.301Z
0.62,open,2021-06-28T08:53:00Z,93,57,200,350,150,24276[Turmcenter],2021-06-28T08:57:00.301Z
0.6169154,open,2021-06-28T08:53:00Z,248,154,0,402,402,18944[Alte Oper],2021-06-28T08:57:00.301Z
0.4065934,open,2021-06-28T08:53:00Z,148,216,0,364,364,24281[Hauptbahnhof Süd],2021-06-28T08:57:00.301Z
0.52657604,open,2021-06-28T08:53:00Z,426,383,0,809,809,24279[Konstabler],2021-06-28T08:57:00.301Z
0.85211265,open,2021-06-28T08:53:00Z,363,63,0,426,426,18497[Hauptwache],2021-06-28T08:57:00.301Z
0.6720588,open,2021-06-28T08:53:00Z,457,223,0,680,680,18495[Am Gericht],2021-06-28T08:57:00.301Z
0.26675096,open,2021-06-28T08:53:00Z,211,580,75,866,791,109240[MyZeil],2021-06-28T08:57:00.301Z
0.23481117,open,2021-06-28T08:53:00Z,143,466,0,609,609,18494[Konrad-Adenauer-Straße],2021-06-28T08:57:00.301Z
0.033189032,open,2021-06-28T08:53:00Z,23,670,0,693,693,24278[Karstadt],2021-06-28T08:57:00.301Z
0.94400895,open,2021-06-28T09:18:00Z,843,50,0,893,893,24277[Börse],2021-06-28T09:22:00.669Z
0.5933333,open,2021-06-28T09:18:00Z,89,61,200,350,150,24276[Turmcenter],2021-06-28T09:22:00.669Z
0.6442786,open,2021-06-28T09:18:00Z,259,143,0,402,402,18944[Alte Oper],2021-06-28T09:22:00.669Z
0.41208792,open,2021-06-28T09:18:00Z,150,214,0,364,364,24281[Hauptbahnhof Süd],2021-06-28T09:22:00.669Z
0.5611867,open,2021-06-28T09:18:00Z,454,355,0,809,809,24279[Konstabler],2021-06-28T09:22:00.669Z
0.90375584,open,2021-06-28T09:18:00Z,385,41,0,426,426,18497[Hauptwache],2021-06-28T09:22:00.669Z
0.6764706,open,2021-06-28T09:18:00Z,460,220,0,680,680,18495[Am Gericht],2021-06-28T09:22:00.669Z
0.2907712,open,2021-06-28T09:18:00Z,230,561,75,866,791,109240[MyZeil],2021-06-28T09:22:00.669Z
0.23809524,open,2021-06-28T09:18:00Z,145,464,0,609,609,18494[Konrad-Adenauer-Straße],2021-06-28T09:22:00.669Z
0.02020202,open,2021-06-28T09:18:00Z,14,679,0,693,693,24278[Karstadt],2021-06-28T09:22:00.669Z
0.94400895,open,2021-06-28T09:33:00Z,843,50,0,893,893,24277[Börse],2021-06-28T09:37:00.365Z
0.56666666,open,2021-06-28T09:33:00Z,85,65,200,350,150,24276[Turmcenter],2021-06-28T09:37:00.365Z
0.6691542,open,2021-06-28T09:33:00Z,269,133,0,402,402,18944[Alte Oper],2021-06-28T09:37:00.365Z
0.42857143,open,2021-06-28T09:33:00Z,156,208,0,364,364,24281[Hauptbahnhof Süd],2021-06-28T09:37:00.365Z
0.58343637,open,2021-06-28T09:33:00Z,472,337,0,809,809,24279[Konstabler],2021-06-28T09:37:00.365Z
0.9201878,open,2021-06-28T09:33:00Z,392,34,0,426,426,18497[Hauptwache],2021-06-28T09:37:00.365Z
0.6867647,open,2021-06-28T09:33:00Z,467,213,0,680,680,18495[Am Gericht],2021-06-28T09:37:00.365Z
0.29329962,open,2021-06-28T09:33:00Z,232,559,75,866,791,109240[MyZeil],2021-06-28T09:37:00.365Z
0.24302134,open,2021-06-28T09:33:00Z,148,461,0,609,609,18494[Konrad-Adenauer-Straße],2021-06-28T09:37:00.365Z
0.008658009,open,2021-06-28T09:33:00Z,6,687,0,693,693,24278[Karstadt],2021-06-28T09:37:00.365Z
0.94400895,open,2021-06-28T09:43:00Z,843,50,0,893,893,24277[Börse],2021-06-28T09:47:00.045Z
0.58,open,2021-06-28T09:43:00Z,87,63,200,350,150,24276[Turmcenter],2021-06-28T09:47:00.045Z
0.659204,open,2021-06-28T09:43:00Z,265,137,0,402,402,18944[Alte Oper],2021-06-28T09:47:00.045Z
0.43681318,open,2021-06-28T09:43:00Z,159,205,0,364,364,24281[Hauptbahnhof Süd],2021-06-28T09:47:00.045Z
0.5908529,open,2021-06-28T09:43:00Z,478,331,0,809,809,24279[Konstabler],2021-06-28T09:47:00.045Z
0.899061,open,2021-06-28T09:43:00Z,383,43,0,426,426,18497[Hauptwache],2021-06-28T09:47:00.045Z
0.68235296,open,2021-06-28T09:43:00Z,464,216,0,680,680,18495[Am Gericht],2021-06-28T09:47:00.045Z
0.3034134,open,2021-06-28T09:43:00Z,240,551,75,866,791,109240[MyZeil],2021-06-28T09:47:00.045Z
0.2364532,open,2021-06-28T09:43:00Z,144,465,0,609,609,18494[Konrad-Adenauer-Straße],2021-06-28T09:47:00.045Z
0,open,2021-06-28T09:43:00Z,0,693,0,693,693,24278[Karstadt],2021-06-28T09:47:00.045Z
0.94400895,open,2021-06-28T09:58:00Z,843,50,0,893,893,24277[Börse],2021-06-28T10:02:00.991Z
0.6066667,open,2021-06-28T09:58:00Z,91,59,200,350,150,24276[Turmcenter],2021-06-28T10:02:00.991Z
0.68159205,open,2021-06-28T09:58:00Z,274,128,0,402,402,18944[Alte Oper],2021-06-28T10:02:00.991Z
0.45054945,open,2021-06-28T09:58:00Z,164,200,0,364,364,24281[Hauptbahnhof Süd],2021-06-28T10:02:00.991Z
0.605686,open,2021-06-28T09:58:00Z,490,319,0,809,809,24279[Konstabler],2021-06-28T10:02:00.991Z
0.9507042,open,2021-06-28T09:58:00Z,405,21,0,426,426,18497[Hauptwache],2021-06-28T10:02:00.991Z
0.6544118,open,2021-06-28T09:58:00Z,445,235,0,680,680,18495[Am Gericht],2021-06-28T10:02:00.991Z
0.30594185,open,2021-06-28T09:58:00Z,242,549,75,866,791,109240[MyZeil],2021-06-28T10:02:00.991Z
0.24630542,open,2021-06-28T09:58:00Z,150,459,0,609,609,18494[Konrad-Adenauer-Straße],2021-06-28T10:02:00.991Z
0,open,2021-06-28T09:58:00Z,0,693,0,693,693,24278[Karstadt],2021-06-28T10:02:00.991Z
0.94400895,open,2021-06-28T10:24:00Z,843,50,0,893,893,24277[Börse],2021-06-28T10:27:00.696Z
0.58,open,2021-06-28T10:24:00Z,87,63,200,350,150,24276[Turmcenter],2021-06-28T10:27:00.696Z
0.6791045,open,2021-06-28T10:24:00Z,273,129,0,402,402,18944[Alte Oper],2021-06-28T10:27:00.696Z
0.4587912,open,2021-06-28T10:24:00Z,167,197,0,364,364,24281[Hauptbahnhof Süd],2021-06-28T10:27:00.696Z
0.6266996,open,2021-06-28T10:24:00Z,507,302,0,809,809,24279[Konstabler],2021-06-28T10:27:00.696Z
0.9600939,open,2021-06-28T10:24:00Z,409,17,0,426,426,18497[Hauptwache],2021-06-28T10:27:00.696Z
0.64705884,open,2021-06-28T10:24:00Z,440,240,0,680,680,18495[Am Gericht],2021-06-28T10:27:00.696Z
0.30720606,open,2021-06-28T10:24:00Z,243,548,75,866,791,109240[MyZeil],2021-06-28T10:27:00.696Z
0.2413793,open,2021-06-28T10:24:00Z,147,462,0,609,609,18494[Konrad-Adenauer-Straße],2021-06-28T10:27:00.696Z
0,open,2021-06-28T10:24:00Z,0,693,0,693,693,24278[Karstadt],2021-06-28T10:27:00.696Z
0.94400895,open,2021-06-28T10:39:00Z,843,50,0,893,893,24277[Börse],2021-06-28T10:42:02.481Z
0.54,open,2021-06-28T10:39:00Z,81,69,200,350,150,24276[Turmcenter],2021-06-28T10:42:02.481Z
0.69900495,open,2021-06-28T10:39:00Z,281,121,0,402,402,18944[Alte Oper],2021-06-28T10:42:02.481Z
0.45054945,open,2021-06-28T10:39:00Z,164,200,0,364,364,24281[Hauptbahnhof Süd],2021-06-28T10:42:02.481Z
0.6266996,open,2021-06-28T10:39:00Z,507,302,0,809,809,24279[Konstabler],2021-06-28T10:42:02.481Z
0.9906103,open,2021-06-28T10:39:00Z,422,4,0,426,426,18497[Hauptwache],2021-06-28T10:42:02.481Z
0.64411765,open,2021-06-28T10:39:00Z,438,242,0,680,680,18495[Am Gericht],2021-06-28T10:42:02.481Z
0.3147914,open,2021-06-28T10:39:00Z,249,542,75,866,791,109240[MyZeil],2021-06-28T10:42:02.481Z
0.23316912,open,2021-06-28T10:39:00Z,142,467,0,609,609,18494[Konrad-Adenauer-Straße],2021-06-28T10:42:02.481Z
0,open,2021-06-28T10:39:00Z,0,693,0,693,693,24278[Karstadt],2021-06-28T10:42:02.481Z
0.94400895,open,2021-06-28T10:44:00Z,843,50,0,893,893,24277[Börse],2021-06-28T10:47:01.172Z
0.50666666,open,2021-06-28T10:44:00Z,76,74,200,350,150,24276[Turmcenter],2021-06-28T10:47:01.172Z
0.69402987,open,2021-06-28T10:44:00Z,279,123,0,402,402,18944[Alte Oper],2021-06-28T10:47:01.172Z
0.45054945,open,2021-06-28T10:44:00Z,164,200,0,364,364,24281[Hauptbahnhof Süd],2021-06-28T10:47:01.172Z
0.6266996,open,2021-06-28T10:44:00Z,507,302,0,809,809,24279[Konstabler],2021-06-28T10:47:01.172Z
0.9953052,open,2021-06-28T10:44:00Z,424,2,0,426,426,18497[Hauptwache],2021-06-28T10:47:01.172Z
0.6426471,open,2021-06-28T10:44:00Z,437,243,0,680,680,18495[Am Gericht],2021-06-28T10:47:01.172Z
0.31605563,open,2021-06-28T10:44:00Z,250,541,75,866,791,109240[MyZeil],2021-06-28T10:47:01.172Z
0.23152709,open,2021-06-28T10:44:00Z,141,468,0,609,609,18494[Konrad-Adenauer-Straße],2021-06-28T10:47:01.172Z
0,open,2021-06-28T10:44:00Z,0,693,0,693,693,24278[Karstadt],2021-06-28T10:47:01.172Z
0.94400895,open,2021-06-28T10:54:00Z,843,50,0,893,893,24277[Börse],2021-06-28T10:57:02.119Z
0.52666664,open,2021-06-28T10:54:00Z,79,71,200,350,150,24276[Turmcenter],2021-06-28T10:57:02.119Z
0.71890545,open,2021-06-28T10:54:00Z,289,113,0,402,402,18944[Alte Oper],2021-06-28T10:57:02.119Z
0.44230768,open,2021-06-28T10:54:00Z,161,203,0,364,364,24281[Hauptbahnhof Süd],2021-06-28T10:57:02.119Z
0.62546355,open,2021-06-28T10:54:00Z,506,303,0,809,809,24279[Konstabler],2021-06-28T10:57:02.119Z
0.9906103,open,2021-06-28T10:54:00Z,422,4,0,426,426,18497[Hauptwache],2021-06-28T10:57:02.119Z
0.61764705,open,2021-06-28T10:54:00Z,420,260,0,680,680,18495[Am Gericht],2021-06-28T10:57:02.119Z
0.3198483,open,2021-06-28T10:54:00Z,253,538,75,866,791,109240[MyZeil],2021-06-28T10:57:02.119Z
0.23481117,open,2021-06-28T10:54:00Z,143,466,0,609,609,18494[Konrad-Adenauer-Straße],2021-06-28T10:57:02.119Z
0,open,2021-06-28T10:54:00Z,0,693,0,693,693,24278[Karstadt],2021-06-28T10:57:02.119Z
0.94400895,open,2021-06-28T11:24:00Z,843,50,0,893,893,24277[Börse],2021-06-28T11:27:02.406Z
0.52,open,2021-06-28T11:24:00Z,78,72,200,350,150,24276[Turmcenter],2021-06-28T11:27:02.406Z
0.73134327,open,2021-06-28T11:24:00Z,294,108,0,402,402,18944[Alte Oper],2021-06-28T11:27:02.406Z
0.42032966,open,2021-06-28T11:24:00Z,153,211,0,364,364,24281[Hauptbahnhof Süd],2021-06-28T11:27:02.406Z
0.66254634,open,2021-06-28T11:24:00Z,536,273,0,809,809,24279[Konstabler],2021-06-28T11:27:02.406Z
0.96948355,open,2021-06-28T11:24:00Z,413,13,0,426,426,18497[Hauptwache],2021-06-28T11:27:02.406Z
0.60294116,open,2021-06-28T11:24:00Z,410,270,0,680,680,18495[Am Gericht],2021-06-28T11:27:02.406Z
0.30847028,open,2021-06-28T11:24:00Z,244,547,75,866,791,109240[MyZeil],2021-06-28T11:27:02.406Z
0.24794745,open,2021-06-28T11:24:00Z,151,458,0,609,609,18494[Konrad-Adenauer-Straße],2021-06-28T11:27:02.406Z
0.0014430014,open,2021-06-28T11:24:00Z,1,692,0,693,693,24278[Karstadt],2021-06-28T11:27:02.406Z
0.94400895,open,2021-06-28T11:34:00Z,843,50,0,893,893,24277[Börse],2021-06-28T11:37:00.135Z
0.50666666,open,2021-06-28T11:34:00Z,76,74,200,350,150,24276[Turmcenter],2021-06-28T11:37:00.135Z
0.7238806,open,2021-06-28T11:34:00Z,291,111,0,402,402,18944[Alte Oper],2021-06-28T11:37:00.135Z
0.40934065,open,2021-06-28T11:34:00Z,149,215,0,364,364,24281[Hauptbahnhof Süd],2021-06-28T11:37:00.135Z
0.6724351,open,2021-06-28T11:34:00Z,544,265,0,809,809,24279[Konstabler],2021-06-28T11:37:00.135Z
0.943662,open,2021-06-28T11:34:00Z,402,24,0,426,426,18497[Hauptwache],2021-06-28T11:37:00.135Z
0.6073529,open,2021-06-28T11:34:00Z,413,267,0,680,680,18495[Am Gericht],2021-06-28T11:37:00.135Z
0.2983565,open,2021-06-28T11:34:00Z,236,555,75,866,791,109240[MyZeil],2021-06-28T11:37:00.135Z
0.23481117,open,2021-06-28T11:34:00Z,143,466,0,609,609,18494[Konrad-Adenauer-Straße],2021-06-28T11:37:00.135Z
0.0014430014,open,2021-06-28T11:34:00Z,1,692,0,693,693,24278[Karstadt],2021-06-28T11:37:00.135Z
0.94400895,open,2021-06-28T11:44:00Z,843,50,0,893,893,24277[Börse],2021-06-28T11:47:00.542Z
0.49333334,open,2021-06-28T11:44:00Z,74,76,200,350,150,24276[Turmcenter],2021-06-28T11:47:00.542Z
0.72139305,open,2021-06-28T11:44:00Z,290,112,0,402,402,18944[Alte Oper],2021-06-28T11:47:00.542Z
0.4065934,open,2021-06-28T11:44:00Z,148,216,0,364,364,24281[Hauptbahnhof Süd],2021-06-28T11:47:00.542Z
0.6724351,open,2021-06-28T11:44:00Z,544,265,0,809,809,24279[Konstabler],2021-06-28T11:47:00.542Z
0.92723006,open,2021-06-28T11:44:00Z,395,31,0,426,426,18497[Hauptwache],2021-06-28T11:47:00.542Z
0.6073529,open,2021-06-28T11:44:00Z,413,267,0,680,680,18495[Am Gericht],2021-06-28T11:47:00.542Z
0.29456383,open,2021-06-28T11:44:00Z,233,558,75,866,791,109240[MyZeil],2021-06-28T11:47:00.542Z
0.22495896,open,2021-06-28T11:44:00Z,137,472,0,609,609,18494[Konrad-Adenauer-Straße],2021-06-28T11:47:00.542Z
0,open,2021-06-28T11:44:00Z,0,693,0,693,693,24278[Karstadt],2021-06-28T11:47:00.542Z
0.94400895,open,2021-06-28T11:54:00Z,843,50,0,893,893,24277[Börse],2021-06-28T11:57:00.326Z
0.5133333,open,2021-06-28T11:54:00Z,77,73,200,350,150,24276[Turmcenter],2021-06-28T11:57:00.326Z
0.7064677,open,2021-06-28T11:54:00Z,284,118,0,402,402,18944[Alte Oper],2021-06-28T11:57:00.326Z
0.40384614,open,2021-06-28T11:54:00Z,147,217,0,364,364,24281[Hauptbahnhof Süd],2021-06-28T11:57:00.326Z
0.67861557,open,2021-06-28T11:54:00Z,549,260,0,809,809,24279[Konstabler],2021-06-28T11:57:00.326Z
0.9319249,open,2021-06-28T11:54:00Z,397,29,0,426,426,18497[Hauptwache],2021-06-28T11:57:00.326Z
0.6102941,open,2021-06-28T11:54:00Z,415,265,0,680,680,18495[Am Gericht],2021-06-28T11:57:00.326Z
0.2920354,open,2021-06-28T11:54:00Z,231,560,75,866,791,109240[MyZeil],2021-06-28T11:57:00.326Z
0.22988506,open,2021-06-28T11:54:00Z,140,469,0,609,609,18494[Konrad-Adenauer-Straße],2021-06-28T11:57:00.326Z
0,open,2021-06-28T11:54:00Z,0,693,0,693,693,24278[Karstadt],2021-06-28T11:57:00.326Z
0.94400895,open,2021-06-28T12:30:00Z,843,50,0,893,893,24277[Börse],2021-06-28T12:32:01.363Z
0.50666666,open,2021-06-28T12:30:00Z,76,74,200,350,150,24276[Turmcenter],2021-06-28T12:32:01.363Z
0.6641791,open,2021-06-28T12:30:00Z,267,135,0,402,402,18944[Alte Oper],2021-06-28T12:32:01.363Z
0.36813188,open,2021-06-28T12:30:00Z,134,230,0,364,364,24281[Hauptbahnhof Süd],2021-06-28T12:32:01.363Z
0.68355995,open,2021-06-28T12:30:00Z,553,256,0,809,809,24279[Konstabler],2021-06-28T12:32:01.363Z
0.92488265,open,2021-06-28T12:30:00Z,394,32,0,426,426,18497[Hauptwache],2021-06-28T12:32:01.363Z
0.60588235,open,2021-06-28T12:30:00Z,412,268,0,680,680,18495[Am Gericht],2021-06-28T12:32:01.363Z
0.2756005,open,2021-06-28T12:30:00Z,218,573,75,866,791,109240[MyZeil],2021-06-28T12:32:01.363Z
0.24958949,open,2021-06-28T12:30:00Z,152,457,0,609,609,18494[Konrad-Adenauer-Straße],2021-06-28T12:32:01.363Z
0.0014430014,open,2021-06-28T12:30:00Z,1,692,0,693,693,24278[Karstadt],2021-06-28T12:32:01.363Z
0.94400895,open,2021-06-28T13:00:00Z,843,50,0,893,893,24277[Börse],2021-06-28T13:02:01.824Z
0.50666666,open,2021-06-28T13:00:00Z,76,74,200,350,150,24276[Turmcenter],2021-06-28T13:02:01.824Z
0.6268657,open,2021-06-28T13:00:00Z,252,150,0,402,402,18944[Alte Oper],2021-06-28T13:02:01.824Z
0.33516484,open,2021-06-28T13:00:00Z,122,242,0,364,364,24281[Hauptbahnhof Süd],2021-06-28T13:02:01.824Z
0.67861557,open,2021-06-28T13:00:00Z,549,260,0,809,809,24279[Konstabler],2021-06-28T13:02:01.824Z
0.96478873,open,2021-06-28T13:00:00Z,411,15,0,426,426,18497[Hauptwache],2021-06-28T13:02:01.824Z
0.5852941,open,2021-06-28T13:00:00Z,398,282,0,680,680,18495[Am Gericht],2021-06-28T13:02:01.824Z
0.29456383,open,2021-06-28T13:00:00Z,233,558,75,866,791,109240[MyZeil],2021-06-28T13:02:01.824Z
0.23481117,open,2021-06-28T13:00:00Z,143,466,0,609,609,18494[Konrad-Adenauer-Straße],2021-06-28T13:02:01.824Z
0,open,2021-06-28T13:00:00Z,0,693,0,693,693,24278[Karstadt],2021-06-28T13:02:01.824Z
0.94400895,open,2021-06-28T13:25:00Z,843,50,0,893,893,24277[Börse],2021-06-28T13:27:01.436Z
0.46,open,2021-06-28T13:25:00Z,69,81,200,350,150,24276[Turmcenter],2021-06-28T13:27:01.436Z
0.5920398,open,2021-06-28T13:25:00Z,238,164,0,402,402,18944[Alte Oper],2021-06-28T13:27:01.436Z
0.3021978,open,2021-06-28T13:25:00Z,110,254,0,364,364,24281[Hauptbahnhof Süd],2021-06-28T13:27:01.436Z
0.6588381,open,2021-06-28T13:25:00Z,533,276,0,809,809,24279[Konstabler],2021-06-28T13:27:01.436Z
0.9342723,open,2021-06-28T13:25:00Z,398,28,0,426,426,18497[Hauptwache],2021-06-28T13:27:01.436Z
0.5602941,open,2021-06-28T13:25:00Z,381,299,0,680,680,18495[Am Gericht],2021-06-28T13:27:01.436Z
0.29329962,open,2021-06-28T13:25:00Z,232,559,75,866,791,109240[MyZeil],2021-06-28T13:27:01.436Z
0.22331691,open,2021-06-28T13:25:00Z,136,473,0,609,609,18494[Konrad-Adenauer-Straße],2021-06-28T13:27:01.436Z
0,open,2021-06-28T13:25:00Z,0,693,0,693,693,24278[Karstadt],2021-06-28T13:27:01.436Z
0.94400895,open,2021-06-28T13:40:00Z,843,50,0,893,893,24277[Börse],2021-06-28T13:42:01.046Z
0.42666668,open,2021-06-28T13:40:00Z,64,86,200,350,150,24276[Turmcenter],2021-06-28T13:42:01.046Z
0.579602,open,2021-06-28T13:40:00Z,233,169,0,402,402,18944[Alte Oper],2021-06-28T13:42:01.046Z
0.28296703,open,2021-06-28T13:40:00Z,103,261,0,364,364,24281[Hauptbahnhof Süd],2021-06-28T13:42:01.046Z
0.6514215,open,2021-06-28T13:40:00Z,527,282,0,809,809,24279[Konstabler],2021-06-28T13:42:01.046Z
0.943662,open,2021-06-28T13:40:00Z,402,24,0,426,426,18497[Hauptwache],2021-06-28T13:42:01.046Z
0.5470588,open,2021-06-28T13:40:00Z,372,308,0,680,680,18495[Am Gericht],2021-06-28T13:42:01.046Z
0.2920354,open,2021-06-28T13:40:00Z,231,560,75,866,791,109240[MyZeil],2021-06-28T13:42:01.046Z
0.22003284,open,2021-06-28T13:40:00Z,134,475,0,609,609,18494[Konrad-Adenauer-Straße],2021-06-28T13:42:01.046Z
0,open,2021-06-28T13:40:00Z,0,693,0,693,693,24278[Karstadt],2021-06-28T13:42:01.046Z
0.94400895,open,2021-06-28T13:50:00Z,843,50,0,893,893,24277[Börse],2021-06-28T13:52:02.777Z
0.42,open,2021-06-28T13:50:00Z,63,87,200,350,150,24276[Turmcenter],2021-06-28T13:52:02.777Z
0.5671642,open,2021-06-28T13:50:00Z,228,174,0,402,402,18944[Alte Oper],2021-06-28T13:52:02.777Z
0.25824177,open,2021-06-28T13:50:00Z,94,270,0,364,364,24281[Hauptbahnhof Süd],2021-06-28T13:52:02.777Z
0.6365884,open,2021-06-28T13:50:00Z,515,294,0,809,809,24279[Konstabler],2021-06-28T13:52:02.777Z
0.9366197,open,2021-06-28T13:50:00Z,399,27,0,426,426,18497[Hauptwache],2021-06-28T13:52:02.777Z
0.54264706,open,2021-06-28T13:50:00Z,369,311,0,680,680,18495[Am Gericht],2021-06-28T13:52:02.777Z
0.2857143,open,2021-06-28T13:50:00Z,226,565,75,866,791,109240[MyZeil],2021-06-28T13:52:02.777Z
0.21018063,open,2021-06-28T13:50:00Z,128,481,0,609,609,18494[Konrad-Adenauer-Straße],2021-06-28T13:52:02.777Z
0,open,2021-06-28T13:50:00Z,0,693,0,693,693,24278[Karstadt],2021-06-28T13:52:02.777Z
0.94400895,open,2021-06-28T14:11:00Z,843,50,0,893,893,24277[Börse],2021-06-28T14:12:01.748Z
0.40666667,open,2021-06-28T14:11:00Z,61,89,200,350,150,24276[Turmcenter],2021-06-28T14:12:01.748Z
0.5597015,open,2021-06-28T14:11:00Z,225,177,0,402,402,18944[Alte Oper],2021-06-28T14:12:01.748Z
0.22802198,open,2021-06-28T14:11:00Z,83,281,0,364,364,24281[Hauptbahnhof Süd],2021-06-28T14:12:01.748Z
0.645241,open,2021-06-28T14:11:00Z,522,287,0,809,809,24279[Konstabler],2021-06-28T14:12:01.748Z
0.91549295,open,2021-06-28T14:11:00Z,390,36,0,426,426,18497[Hauptwache],2021-06-28T14:12:01.748Z
0.52794117,open,2021-06-28T14:11:00Z,359,321,0,680,680,18495[Am Gericht],2021-06-28T14:12:01.748Z
0.28065738,open,2021-06-28T14:11:00Z,222,569,75,866,791,109240[MyZeil],2021-06-28T14:12:01.748Z
0.20361248,open,2021-06-28T14:11:00Z,124,485,0,609,609,18494[Konrad-Adenauer-Straße],2021-06-28T14:12:01.748Z
0,open,2021-06-28T14:11:00Z,0,693,0,693,693,24278[Karstadt],2021-06-28T14:12:01.748Z
0.94400895,open,2021-06-28T14:26:00Z,843,50,0,893,893,24277[Börse],2021-06-28T14:27:02.312Z
0.39333335,open,2021-06-28T14:26:00Z,59,91,200,350,150,24276[Turmcenter],2021-06-28T14:27:02.312Z
0.5572139,open,2021-06-28T14:26:00Z,224,178,0,402,402,18944[Alte Oper],2021-06-28T14:27:02.312Z
0.21153846,open,2021-06-28T14:26:00Z,77,287,0,364,364,24281[Hauptbahnhof Süd],2021-06-28T14:27:02.312Z
0.63906056,open,2021-06-28T14:26:00Z,517,292,0,809,809,24279[Konstabler],2021-06-28T14:27:02.312Z
0.91549295,open,2021-06-28T14:26:00Z,390,36,0,426,426,18497[Hauptwache],2021-06-28T14:27:02.312Z
0.50147057,open,2021-06-28T14:26:00Z,341,339,0,680,680,18495[Am Gericht],2021-06-28T14:27:02.312Z
0.27180785,open,2021-06-28T14:26:00Z,215,576,75,866,791,109240[MyZeil],2021-06-28T14:27:02.312Z
0.1954023,open,2021-06-28T14:26:00Z,119,490,0,609,609,18494[Konrad-Adenauer-Straße],2021-06-28T14:27:02.312Z
0,open,2021-06-28T14:26:00Z,0,693,0,693,693,24278[Karstadt],2021-06-28T14:27:02.312Z
0.94400895,open,2021-06-28T14:31:00Z,843,50,0,893,893,24277[Börse],2021-06-28T14:32:01.837Z
0.38666666,open,2021-06-28T14:31:00Z,58,92,200,350,150,24276[Turmcenter],2021-06-28T14:32:01.837Z
0.5597015,open,2021-06-28T14:31:00Z,225,177,0,402,402,18944[Alte Oper],2021-06-28T14:32:01.837Z
0.20604396,open,2021-06-28T14:31:00Z,75,289,0,364,364,24281[Hauptbahnhof Süd],2021-06-28T14:32:01.837Z
0.6365884,open,2021-06-28T14:31:00Z,515,294,0,809,809,24279[Konstabler],2021-06-28T14:32:01.837Z
0.90375584,open,2021-06-28T14:31:00Z,385,41,0,426,426,18497[Hauptwache],2021-06-28T14:32:01.837Z
0.48382354,open,2021-06-28T14:31:00Z,329,351,0,680,680,18495[Am Gericht],2021-06-28T14:32:01.837Z
0.27939317,open,2021-06-28T14:31:00Z,221,570,75,866,791,109240[MyZeil],2021-06-28T14:32:01.837Z
0.18719211,open,2021-06-28T14:31:00Z,114,495,0,609,609,18494[Konrad-Adenauer-Straße],2021-06-28T14:32:01.837Z
0,open,2021-06-28T14:31:00Z,0,693,0,693,693,24278[Karstadt],2021-06-28T14:32:01.837Z
0.94400895,open,2021-06-28T14:41:00Z,843,50,0,893,893,24277[Börse],2021-06-28T14:42:02.334Z
0.39333335,open,2021-06-28T14:41:00Z,59,91,200,350,150,24276[Turmcenter],2021-06-28T14:42:02.334Z
0.56218904,open,2021-06-28T14:41:00Z,226,176,0,402,402,18944[Alte Oper],2021-06-28T14:42:02.334Z
0.20054945,open,2021-06-28T14:41:00Z,73,291,0,364,364,24281[Hauptbahnhof Süd],2021-06-28T14:42:02.334Z
0.64400494,open,2021-06-28T14:41:00Z,521,288,0,809,809,24279[Konstabler],2021-06-28T14:42:02.334Z
0.899061,open,2021-06-28T14:41:00Z,383,43,0,426,426,18497[Hauptwache],2021-06-28T14:42:02.334Z
0.4617647,open,2021-06-28T14:41:00Z,314,366,0,680,680,18495[Am Gericht],2021-06-28T14:42:02.334Z
0.27307206,open,2021-06-28T14:41:00Z,216,575,75,866,791,109240[MyZeil],2021-06-28T14:42:02.334Z
0.17569786,open,2021-06-28T14:41:00Z,107,502,0,609,609,18494[Konrad-Adenauer-Straße],2021-06-28T14:42:02.334Z
0,open,2021-06-28T14:41:00Z,0,693,0,693,693,24278[Karstadt],2021-06-28T14:42:02.334Z
0.94400895,open,2021-06-28T14:51:00Z,843,50,0,893,893,24277[Börse],2021-06-28T14:52:00.530Z
0.39333335,open,2021-06-28T14:51:00Z,59,91,200,350,150,24276[Turmcenter],2021-06-28T14:52:00.530Z
0.55472636,open,2021-06-28T14:51:00Z,223,179,0,402,402,18944[Alte Oper],2021-06-28T14:52:00.530Z
0.19505495,open,2021-06-28T14:51:00Z,71,293,0,364,364,24281[Hauptbahnhof Süd],2021-06-28T14:52:00.530Z
0.65760195,open,2021-06-28T14:51:00Z,532,277,0,809,809,24279[Konstabler],2021-06-28T14:52:00.530Z
0.8967136,open,2021-06-28T14:51:00Z,382,44,0,426,426,18497[Hauptwache],2021-06-28T14:52:00.530Z
0.45147058,open,2021-06-28T14:51:00Z,307,373,0,680,680,18495[Am Gericht],2021-06-28T14:52:00.530Z
0.27433628,open,2021-06-28T14:51:00Z,217,574,75,866,791,109240[MyZeil],2021-06-28T14:52:00.530Z
0.16420361,open,2021-06-28T14:51:00Z,100,509,0,609,609,18494[Konrad-Adenauer-Straße],2021-06-28T14:52:00.530Z
0,open,2021-06-28T14:51:00Z,0,693,0,693,693,24278[Karstadt],2021-06-28T14:52:00.530Z
0.94400895,open,2021-06-28T15:11:00Z,843,50,0,893,893,24277[Börse],2021-06-28T15:12:02.268Z
0.36666667,open,2021-06-28T15:11:00Z,55,95,200,350,150,24276[Turmcenter],2021-06-28T15:12:02.268Z
0.52238804,open,2021-06-28T15:11:00Z,210,192,0,402,402,18944[Alte Oper],2021-06-28T15:12:02.268Z
0.18131869,open,2021-06-28T15:11:00Z,66,298,0,364,364,24281[Hauptbahnhof Süd],2021-06-28T15:12:02.268Z
0.6736712,open,2021-06-28T15:11:00Z,545,264,0,809,809,24279[Konstabler],2021-06-28T15:12:02.268Z
0.85680753,open,2021-06-28T15:11:00Z,365,61,0,426,426,18497[Hauptwache],2021-06-28T15:12:02.268Z
0.43088236,open,2021-06-28T15:11:00Z,293,387,0,680,680,18495[Am Gericht],2021-06-28T15:12:02.268Z
0.27939317,open,2021-06-28T15:11:00Z,221,570,75,866,791,109240[MyZeil],2021-06-28T15:12:02.268Z
0.1724138,open,2021-06-28T15:11:00Z,105,504,0,609,609,18494[Konrad-Adenauer-Straße],2021-06-28T15:12:02.268Z
0,open,2021-06-28T15:11:00Z,0,693,0,693,693,24278[Karstadt],2021-06-28T15:12:02.268Z
0.94400895,open,2021-06-28T15:32:00Z,843,50,0,893,893,24277[Börse],2021-06-28T15:37:00.357Z
0.29333332,open,2021-06-28T15:32:00Z,44,106,200,350,150,24276[Turmcenter],2021-06-28T15:37:00.357Z
0.5124378,open,2021-06-28T15:32:00Z,206,196,0,402,402,18944[Alte Oper],2021-06-28T15:37:00.357Z
0.16758242,open,2021-06-28T15:32:00Z,61,303,0,364,364,24281[Hauptbahnhof Süd],2021-06-28T15:37:00.357Z
0.71075404,open,2021-06-28T15:32:00Z,575,234,0,809,809,24279[Konstabler],2021-06-28T15:37:00.357Z
0.86150235,open,2021-06-28T15:32:00Z,367,59,0,426,426,18497[Hauptwache],2021-06-28T15:37:00.357Z
0.4132353,open,2021-06-28T15:32:00Z,281,399,0,680,680,18495[Am Gericht],2021-06-28T15:37:00.357Z
0.26801518,open,2021-06-28T15:32:00Z,212,579,75,866,791,109240[MyZeil],2021-06-28T15:37:00.357Z
0.1773399,open,2021-06-28T15:32:00Z,108,501,0,609,609,18494[Konrad-Adenauer-Straße],2021-06-28T15:37:00.357Z
0,open,2021-06-28T15:32:00Z,0,693,0,693,693,24278[Karstadt],2021-06-28T15:37:00.357Z
0.94400895,open,2021-06-28T15:52:00Z,843,50,0,893,893,24277[Börse],2021-06-28T15:57:01.217Z
0.26,open,2021-06-28T15:52:00Z,39,111,200,350,150,24276[Turmcenter],2021-06-28T15:57:01.217Z
0.46517414,open,2021-06-28T15:52:00Z,187,215,0,402,402,18944[Alte Oper],2021-06-28T15:57:01.217Z
0.14285715,open,2021-06-28T15:52:00Z,52,312,0,364,364,24281[Hauptbahnhof Süd],2021-06-28T15:57:01.217Z
0.70333743,open,2021-06-28T15:52:00Z,569,240,0,809,809,24279[Konstabler],2021-06-28T15:57:01.217Z
0.85211265,open,2021-06-28T15:52:00Z,363,63,0,426,426,18497[Hauptwache],2021-06-28T15:57:01.217Z
0.40294117,open,2021-06-28T15:52:00Z,274,406,0,680,680,18495[Am Gericht],2021-06-28T15:57:01.217Z
0.26169404,open,2021-06-28T15:52:00Z,207,584,75,866,791,109240[MyZeil],2021-06-28T15:57:01.217Z
0.17405583,open,2021-06-28T15:52:00Z,106,503,0,609,609,18494[Konrad-Adenauer-Straße],2021-06-28T15:57:01.217Z
0,open,2021-06-28T15:52:00Z,0,693,0,693,693,24278[Karstadt],2021-06-28T15:57:01.217Z
0.94400895,open,2021-06-28T16:17:00Z,843,50,0,893,893,24277[Börse],2021-06-28T16:22:02.719Z
0.23333333,open,2021-06-28T16:17:00Z,35,115,200,350,150,24276[Turmcenter],2021-06-28T16:22:02.719Z
0.46517414,open,2021-06-28T16:17:00Z,187,215,0,402,402,18944[Alte Oper],2021-06-28T16:22:02.719Z
0.10989011,open,2021-06-28T16:17:00Z,40,324,0,364,364,24281[Hauptbahnhof Süd],2021-06-28T16:22:02.719Z
0.68355995,open,2021-06-28T16:17:00Z,553,256,0,809,809,24279[Konstabler],2021-06-28T16:22:02.719Z
0.842723,open,2021-06-28T16:17:00Z,359,67,0,426,426,18497[Hauptwache],2021-06-28T16:22:02.719Z
0.37941176,open,2021-06-28T16:17:00Z,258,422,0,680,680,18495[Am Gericht],2021-06-28T16:22:02.719Z
0.24146649,open,2021-06-28T16:17:00Z,191,600,75,866,791,109240[MyZeil],2021-06-28T16:22:02.719Z
0.18062398,open,2021-06-28T16:17:00Z,110,499,0,609,609,18494[Konrad-Adenauer-Straße],2021-06-28T16:22:02.719Z
0,open,2021-06-28T16:17:00Z,0,693,0,693,693,24278[Karstadt],2021-06-28T16:22:02.719Z
0.94400895,open,2021-06-28T17:18:00Z,843,50,0,893,893,24277[Börse],2021-06-28T17:22:01.246Z
0.135,open,2021-06-28T17:18:00Z,27,173,150,350,200,24276[Turmcenter],2021-06-28T17:22:01.246Z
0.4278607,open,2021-06-28T17:18:00Z,172,230,0,402,402,18944[Alte Oper],2021-06-28T17:22:01.246Z
0.08516484,open,2021-06-28T17:18:00Z,31,333,0,364,364,24281[Hauptbahnhof Süd],2021-06-28T17:22:01.246Z
0.62422746,open,2021-06-28T17:18:00Z,505,304,0,809,809,24279[Konstabler],2021-06-28T17:22:01.246Z
0.7746479,open,2021-06-28T17:18:00Z,330,96,0,426,426,18497[Hauptwache],2021-06-28T17:22:01.246Z
0.34558824,open,2021-06-28T17:18:00Z,235,445,0,680,680,18495[Am Gericht],2021-06-28T17:22:01.246Z
0.23261695,open,2021-06-28T17:18:00Z,184,607,75,866,791,109240[MyZeil],2021-06-28T17:22:01.246Z
0.17077176,open,2021-06-28T17:18:00Z,104,505,0,609,609,18494[Konrad-Adenauer-Straße],2021-06-28T17:22:01.246Z
0,open,2021-06-28T17:18:00Z,0,693,0,693,693,24278[Karstadt],2021-06-28T17:22:01.246Z
0.94400895,open,2021-06-28T17:53:00Z,843,50,0,893,893,24277[Börse],2021-06-28T17:57:01.149Z
0.105,open,2021-06-28T17:53:00Z,21,179,150,350,200,24276[Turmcenter],2021-06-28T17:57:01.149Z
0.41044775,open,2021-06-28T17:53:00Z,165,237,0,402,402,18944[Alte Oper],2021-06-28T17:57:01.149Z
0.06868132,open,2021-06-28T17:53:00Z,25,339,0,364,364,24281[Hauptbahnhof Süd],2021-06-28T17:57:01.149Z
0.5735476,open,2021-06-28T17:53:00Z,464,345,0,809,809,24279[Konstabler],2021-06-28T17:57:01.149Z
0.7206573,open,2021-06-28T17:53:00Z,307,119,0,426,426,18497[Hauptwache],2021-06-28T17:57:01.149Z
0.31470588,open,2021-06-28T17:53:00Z,214,466,0,680,680,18495[Am Gericht],2021-06-28T17:57:01.149Z
0.2250316,open,2021-06-28T17:53:00Z,178,613,75,866,791,109240[MyZeil],2021-06-28T17:57:01.149Z
0.16420361,open,2021-06-28T17:53:00Z,100,509,0,609,609,18494[Konrad-Adenauer-Straße],2021-06-28T17:57:01.149Z
0,closed,2021-06-28T17:53:00Z,,693,0,0,0,24278[Karstadt],2021-06-28T17:57:01.149Z
0.94400895,open,2021-06-28T18:34:00Z,843,50,0,893,893,24277[Börse],2021-06-28T18:37:02.455Z
0.065,open,2021-06-28T18:34:00Z,13,187,150,350,200,24276[Turmcenter],2021-06-28T18:37:02.455Z
0.40049753,open,2021-06-28T18:34:00Z,161,241,0,402,402,18944[Alte Oper],2021-06-28T18:37:02.455Z
0.06593407,open,2021-06-28T18:34:00Z,24,340,0,364,364,24281[Hauptbahnhof Süd],2021-06-28T18:37:02.455Z
0.49567366,open,2021-06-28T18:34:00Z,401,408,0,809,809,24279[Konstabler],2021-06-28T18:37:02.455Z
0.6643193,open,2021-06-28T18:34:00Z,283,143,0,426,426,18497[Hauptwache],2021-06-28T18:37:02.455Z
0.2867647,open,2021-06-28T18:34:00Z,195,485,0,680,680,18495[Am Gericht],2021-06-28T18:37:02.455Z
0.18836915,open,2021-06-28T18:34:00Z,149,642,75,866,791,109240[MyZeil],2021-06-28T18:37:02.455Z
0.16256158,open,2021-06-28T18:34:00Z,99,510,0,609,609,18494[Konrad-Adenauer-Straße],2021-06-28T18:37:02.455Z
0,closed,2021-06-28T18:34:00Z,,693,0,0,0,24278[Karstadt],2021-06-28T18:37:02.455Z
0.94400895,open,2021-06-28T18:54:00Z,843,50,0,893,893,24277[Börse],2021-06-28T18:57:01.248Z
0.07,open,2021-06-28T18:54:00Z,14,186,150,350,200,24276[Turmcenter],2021-06-28T18:57:01.248Z
0.38308457,open,2021-06-28T18:54:00Z,154,248,0,402,402,18944[Alte Oper],2021-06-28T18:57:01.248Z
0.06318682,open,2021-06-28T18:54:00Z,23,341,0,364,364,24281[Hauptbahnhof Süd],2021-06-28T18:57:01.248Z
0.42398024,open,2021-06-28T18:54:00Z,343,466,0,809,809,24279[Konstabler],2021-06-28T18:57:01.248Z
0.600939,open,2021-06-28T18:54:00Z,256,170,0,426,426,18497[Hauptwache],2021-06-28T18:57:01.248Z
0.275,open,2021-06-28T18:54:00Z,187,493,0,680,680,18495[Am Gericht],2021-06-28T18:57:01.248Z
0.18710493,open,2021-06-28T18:54:00Z,148,643,75,866,791,109240[MyZeil],2021-06-28T18:57:01.248Z
0.13464697,open,2021-06-28T18:54:00Z,82,527,0,609,609,18494[Konrad-Adenauer-Straße],2021-06-28T18:57:01.248Z
0,closed,2021-06-28T18:54:00Z,,693,0,0,0,24278[Karstadt],2021-06-28T18:57:01.248Z
0.94400895,open,2021-06-28T19:20:00Z,843,50,0,893,893,24277[Börse],2021-06-28T19:22:01.210Z
0.07,open,2021-06-28T19:20:00Z,14,186,150,350,200,24276[Turmcenter],2021-06-28T19:22:01.210Z
0.3631841,open,2021-06-28T19:20:00Z,146,256,0,402,402,18944[Alte Oper],2021-06-28T19:22:01.210Z
0.046703298,open,2021-06-28T19:20:00Z,17,347,0,364,364,24281[Hauptbahnhof Süd],2021-06-28T19:22:01.210Z
0.3881335,open,2021-06-28T19:20:00Z,314,495,0,809,809,24279[Konstabler],2021-06-28T19:22:01.210Z
0.57746476,open,2021-06-28T19:20:00Z,246,180,0,426,426,18497[Hauptwache],2021-06-28T19:22:01.210Z
0.26911765,open,2021-06-28T19:20:00Z,183,497,0,680,680,18495[Am Gericht],2021-06-28T19:22:01.210Z
0.18078382,open,2021-06-28T19:20:00Z,143,648,75,866,791,109240[MyZeil],2021-06-28T19:22:01.210Z
0.111658454,open,2021-06-28T19:20:00Z,68,541,0,609,609,18494[Konrad-Adenauer-Straße],2021-06-28T19:22:01.210Z
0,closed,2021-06-28T19:20:00Z,,693,0,0,0,24278[Karstadt],2021-06-28T19:22:01.210Z
0.94400895,open,2021-06-28T19:25:00Z,843,50,0,893,893,24277[Börse],2021-06-28T19:27:02.968Z
0.07,open,2021-06-28T19:25:00Z,14,186,150,350,200,24276[Turmcenter],2021-06-28T19:27:02.968Z
0.36069652,open,2021-06-28T19:25:00Z,145,257,0,402,402,18944[Alte Oper],2021-06-28T19:27:02.968Z
0.046703298,open,2021-06-28T19:25:00Z,17,347,0,364,364,24281[Hauptbahnhof Süd],2021-06-28T19:27:02.968Z
0.37948084,open,2021-06-28T19:25:00Z,307,502,0,809,809,24279[Konstabler],2021-06-28T19:27:02.968Z
0.57746476,open,2021-06-28T19:25:00Z,246,180,0,426,426,18497[Hauptwache],2021-06-28T19:27:02.968Z
0.27058825,open,2021-06-28T19:25:00Z,184,496,0,680,680,18495[Am Gericht],2021-06-28T19:27:02.968Z
0.18078382,open,2021-06-28T19:25:00Z,143,648,75,866,791,109240[MyZeil],2021-06-28T19:27:02.968Z
0.113300495,open,2021-06-28T19:25:00Z,69,540,0,609,609,18494[Konrad-Adenauer-Straße],2021-06-28T19:27:02.968Z
0,closed,2021-06-28T19:25:00Z,,693,0,0,0,24278[Karstadt],2021-06-28T19:27:02.968Z
0.94400895,open,2021-06-28T19:35:00Z,843,50,0,893,893,24277[Börse],2021-06-28T19:37:00.341Z
0.07,open,2021-06-28T19:35:00Z,14,186,150,350,200,24276[Turmcenter],2021-06-28T19:37:00.341Z
0.35572138,open,2021-06-28T19:35:00Z,143,259,0,402,402,18944[Alte Oper],2021-06-28T19:37:00.341Z
0.046703298,open,2021-06-28T19:35:00Z,17,347,0,364,364,24281[Hauptbahnhof Süd],2021-06-28T19:37:00.341Z
0.37206426,open,2021-06-28T19:35:00Z,301,508,0,809,809,24279[Konstabler],2021-06-28T19:37:00.341Z
0.5633803,open,2021-06-28T19:35:00Z,240,186,0,426,426,18497[Hauptwache],2021-06-28T19:37:00.341Z
0.26764706,open,2021-06-28T19:35:00Z,182,498,0,680,680,18495[Am Gericht],2021-06-28T19:37:00.341Z
0.1795196,open,2021-06-28T19:35:00Z,142,649,75,866,791,109240[MyZeil],2021-06-28T19:37:00.341Z
0.10344828,open,2021-06-28T19:35:00Z,63,546,0,609,609,18494[Konrad-Adenauer-Straße],2021-06-28T19:37:00.341Z
0,closed,2021-06-28T19:35:00Z,,693,0,0,0,24278[Karstadt],2021-06-28T19:37:00.341Z
0.94400895,open,2021-06-28T19:45:00Z,843,50,0,893,893,24277[Börse],2021-06-28T19:47:00.473Z
0.065,open,2021-06-28T19:45:00Z,13,187,150,350,200,24276[Turmcenter],2021-06-28T19:47:00.473Z
0.3432836,open,2021-06-28T19:45:00Z,138,264,0,402,402,18944[Alte Oper],2021-06-28T19:47:00.473Z
0.046703298,open,2021-06-28T19:45:00Z,17,347,0,364,364,24281[Hauptbahnhof Süd],2021-06-28T19:47:00.473Z
0.368356,open,2021-06-28T19:45:00Z,298,511,0,809,809,24279[Konstabler],2021-06-28T19:47:00.473Z
0.556338,open,2021-06-28T19:45:00Z,237,189,0,426,426,18497[Hauptwache],2021-06-28T19:47:00.473Z
0.2632353,open,2021-06-28T19:45:00Z,179,501,0,680,680,18495[Am Gericht],2021-06-28T19:47:00.473Z
0.17699115,open,2021-06-28T19:45:00Z,140,651,75,866,791,109240[MyZeil],2021-06-28T19:47:00.473Z
0.093596056,open,2021-06-28T19:45:00Z,57,552,0,609,609,18494[Konrad-Adenauer-Straße],2021-06-28T19:47:00.473Z
0,closed,2021-06-28T19:45:00Z,,693,0,0,0,24278[Karstadt],2021-06-28T19:47:00.473Z
0.94400895,open,2021-06-28T19:50:00Z,843,50,0,893,893,24277[Börse],2021-06-28T19:52:02.221Z
0.06,open,2021-06-28T19:50:00Z,12,188,150,350,200,24276[Turmcenter],2021-06-28T19:52:02.221Z
0.34079602,open,2021-06-28T19:50:00Z,137,265,0,402,402,18944[Alte Oper],2021-06-28T19:52:02.221Z
0.046703298,open,2021-06-28T19:50:00Z,17,347,0,364,364,24281[Hauptbahnhof Süd],2021-06-28T19:52:02.221Z
0.3634116,open,2021-06-28T19:50:00Z,294,515,0,809,809,24279[Konstabler],2021-06-28T19:52:02.221Z
0.5610329,open,2021-06-28T19:50:00Z,239,187,0,426,426,18497[Hauptwache],2021-06-28T19:52:02.221Z
0.2647059,open,2021-06-28T19:50:00Z,180,500,0,680,680,18495[Am Gericht],2021-06-28T19:52:02.221Z
0.17572694,open,2021-06-28T19:50:00Z,139,652,75,866,791,109240[MyZeil],2021-06-28T19:52:02.221Z
0.0952381,open,2021-06-28T19:50:00Z,58,551,0,609,609,18494[Konrad-Adenauer-Straße],2021-06-28T19:52:02.221Z
0,closed,2021-06-28T19:50:00Z,,693,0,0,0,24278[Karstadt],2021-06-28T19:52:02.221Z
0.94400895,open,2021-06-28T20:11:00Z,843,50,0,893,893,24277[Börse],2021-06-28T20:12:00.870Z
0.045,open,2021-06-28T20:11:00Z,9,191,150,350,200,24276[Turmcenter],2021-06-28T20:12:00.870Z
0.3159204,open,2021-06-28T20:11:00Z,127,275,0,402,402,18944[Alte Oper],2021-06-28T20:12:00.870Z
0.054945055,open,2021-06-28T20:11:00Z,20,344,0,364,364,24281[Hauptbahnhof Süd],2021-06-28T20:12:00.870Z
0.3275649,open,2021-06-28T20:11:00Z,265,544,0,809,809,24279[Konstabler],2021-06-28T20:12:00.870Z
0.5492958,open,2021-06-28T20:11:00Z,234,192,0,426,426,18497[Hauptwache],2021-06-28T20:12:00.870Z
0.25882354,open,2021-06-28T20:11:00Z,176,504,0,680,680,18495[Am Gericht],2021-06-28T20:12:00.870Z
0.16561314,open,2021-06-28T20:11:00Z,131,660,75,866,791,109240[MyZeil],2021-06-28T20:12:00.870Z
0.093596056,open,2021-06-28T20:11:00Z,57,552,0,609,609,18494[Konrad-Adenauer-Straße],2021-06-28T20:12:00.870Z
0,closed,2021-06-28T20:11:00Z,,693,0,0,0,24278[Karstadt],2021-06-28T20:12:00.870Z
0.94400895,open,2021-06-28T20:26:00Z,843,50,0,893,893,24277[Börse],2021-06-28T20:32:02.813Z
0.05,open,2021-06-28T20:26:00Z,10,190,150,350,200,24276[Turmcenter],2021-06-28T20:32:02.813Z
0.3084577,open,2021-06-28T20:26:00Z,124,278,0,402,402,18944[Alte Oper],2021-06-28T20:32:02.813Z
0.054945055,open,2021-06-28T20:26:00Z,20,344,0,364,364,24281[Hauptbahnhof Süd],2021-06-28T20:32:02.813Z
0.3053152,open,2021-06-28T20:26:00Z,247,562,0,809,809,24279[Konstabler],2021-06-28T20:32:02.813Z
0.53286386,open,2021-06-28T20:26:00Z,227,199,0,426,426,18497[Hauptwache],2021-06-28T20:32:02.813Z
0.2514706,open,2021-06-28T20:26:00Z,171,509,0,680,680,18495[Am Gericht],2021-06-28T20:32:02.813Z
0.16182049,open,2021-06-28T20:26:00Z,128,663,75,866,791,109240[MyZeil],2021-06-28T20:32:02.813Z
0.09031199,open,2021-06-28T20:26:00Z,55,554,0,609,609,18494[Konrad-Adenauer-Straße],2021-06-28T20:32:02.813Z
0,closed,2021-06-28T20:26:00Z,,693,0,0,0,24278[Karstadt],2021-06-28T20:32:02.813Z
0.94400895,open,2021-06-28T20:37:00Z,843,50,0,893,893,24277[Börse],2021-06-28T20:42:00.072Z
0.04,open,2021-06-28T20:37:00Z,8,192,150,350,200,24276[Turmcenter],2021-06-28T20:42:00.072Z
0.30597016,open,2021-06-28T20:37:00Z,123,279,0,402,402,18944[Alte Oper],2021-06-28T20:42:00.072Z
0.054945055,open,2021-06-28T20:37:00Z,20,344,0,364,364,24281[Hauptbahnhof Süd],2021-06-28T20:42:00.072Z
0.29789865,open,2021-06-28T20:37:00Z,241,568,0,809,809,24279[Konstabler],2021-06-28T20:42:00.072Z
0.53286386,open,2021-06-28T20:37:00Z,227,199,0,426,426,18497[Hauptwache],2021-06-28T20:42:00.072Z
0.2514706,open,2021-06-28T20:37:00Z,171,509,0,680,680,18495[Am Gericht],2021-06-28T20:42:00.072Z
0.15802781,open,2021-06-28T20:37:00Z,125,666,75,866,791,109240[MyZeil],2021-06-28T20:42:00.072Z
0.08374384,open,2021-06-28T20:37:00Z,51,558,0,609,609,18494[Konrad-Adenauer-Straße],2021-06-28T20:42:00.072Z
0,closed,2021-06-28T20:37:00Z,,693,0,0,0,24278[Karstadt],2021-06-28T20:42:00.072Z
0.94400895,open,2021-06-28T20:47:00Z,843,50,0,893,893,24277[Börse],2021-06-28T20:52:00.464Z
0.035,open,2021-06-28T20:47:00Z,7,193,150,350,200,24276[Turmcenter],2021-06-28T20:52:00.464Z
0.29353234,open,2021-06-28T20:47:00Z,118,284,0,402,402,18944[Alte Oper],2021-06-28T20:52:00.464Z
0.054945055,open,2021-06-28T20:47:00Z,20,344,0,364,364,24281[Hauptbahnhof Süd],2021-06-28T20:52:00.464Z
0.29048207,open,2021-06-28T20:47:00Z,235,574,0,809,809,24279[Konstabler],2021-06-28T20:52:00.464Z
0.53286386,open,2021-06-28T20:47:00Z,227,199,0,426,426,18497[Hauptwache],2021-06-28T20:52:00.464Z
0.25,open,2021-06-28T20:47:00Z,170,510,0,680,680,18495[Am Gericht],2021-06-28T20:52:00.464Z
0.15676358,open,2021-06-28T20:47:00Z,124,667,75,866,791,109240[MyZeil],2021-06-28T20:52:00.464Z
0.08210181,open,2021-06-28T20:47:00Z,50,559,0,609,609,18494[Konrad-Adenauer-Straße],2021-06-28T20:52:00.464Z
0,closed,2021-06-28T20:47:00Z,,693,0,0,0,24278[Karstadt],2021-06-28T20:52:00.464Z
0.94400895,open,2021-06-28T20:57:00Z,843,50,0,893,893,24277[Börse],2021-06-28T21:02:01.084Z
0.035,open,2021-06-28T20:57:00Z,7,193,150,350,200,24276[Turmcenter],2021-06-28T21:02:01.084Z
0.29353234,open,2021-06-28T20:57:00Z,118,284,0,402,402,18944[Alte Oper],2021-06-28T21:02:01.084Z
0.054945055,open,2021-06-28T20:57:00Z,20,344,0,364,364,24281[Hauptbahnhof Süd],2021-06-28T21:02:01.084Z
0.29048207,open,2021-06-28T20:57:00Z,235,574,0,809,809,24279[Konstabler],2021-06-28T21:02:01.084Z
0.52582157,open,2021-06-28T20:57:00Z,224,202,0,426,426,18497[Hauptwache],2021-06-28T21:02:01.084Z
0.24705882,open,2021-06-28T20:57:00Z,168,512,0,680,680,18495[Am Gericht],2021-06-28T21:02:01.084Z
0.15549937,open,2021-06-28T20:57:00Z,123,668,75,866,791,109240[MyZeil],2021-06-28T21:02:01.084Z
0.08045977,open,2021-06-28T20:57:00Z,49,560,0,609,609,18494[Konrad-Adenauer-Straße],2021-06-28T21:02:01.084Z
0,closed,2021-06-28T20:57:00Z,,693,0,0,0,24278[Karstadt],2021-06-28T21:02:01.084Z
0.94400895,open,2021-06-28T21:18:00Z,843,50,0,893,893,24277[Börse],2021-06-28T21:22:02.323Z
0.03,open,2021-06-28T21:18:00Z,6,194,150,350,200,24276[Turmcenter],2021-06-28T21:22:02.323Z
0.28606966,open,2021-06-28T21:18:00Z,115,287,0,402,402,18944[Alte Oper],2021-06-28T21:22:02.323Z
0.054945055,open,2021-06-28T21:18:00Z,20,344,0,364,364,24281[Hauptbahnhof Süd],2021-06-28T21:22:02.323Z
0.2855377,open,2021-06-28T21:18:00Z,231,578,0,809,809,24279[Konstabler],2021-06-28T21:22:02.323Z
0.52112675,open,2021-06-28T21:18:00Z,222,204,0,426,426,18497[Hauptwache],2021-06-28T21:22:02.323Z
0.2529412,open,2021-06-28T21:18:00Z,172,508,0,680,680,18495[Am Gericht],2021-06-28T21:22:02.323Z
0.07881773,open,2021-06-28T21:18:00Z,48,561,0,609,609,18494[Konrad-Adenauer-Straße],2021-06-28T21:22:02.323Z
0,closed,2021-06-28T21:18:00Z,,693,0,0,0,24278[Karstadt],2021-06-28T21:22:02.323Z
0.94400895,open,2021-06-28T21:33:00Z,843,50,0,893,893,24277[Börse],2021-06-28T21:37:01.659Z
0.03,open,2021-06-28T21:33:00Z,6,194,150,350,200,24276[Turmcenter],2021-06-28T21:37:01.659Z
0.26865673,open,2021-06-28T21:33:00Z,108,294,0,402,402,18944[Alte Oper],2021-06-28T21:37:01.659Z
0.054945055,open,2021-06-28T21:33:00Z,20,344,0,364,364,24281[Hauptbahnhof Süd],2021-06-28T21:37:01.659Z
0.27812114,open,2021-06-28T21:33:00Z,225,584,0,809,809,24279[Konstabler],2021-06-28T21:37:01.659Z
0.5023474,open,2021-06-28T21:33:00Z,214,212,0,426,426,18497[Hauptwache],2021-06-28T21:37:01.659Z
0.2514706,open,2021-06-28T21:33:00Z,171,509,0,680,680,18495[Am Gericht],2021-06-28T21:37:01.659Z
0.1517067,open,2021-06-28T21:33:00Z,120,671,75,866,791,109240[MyZeil],2021-06-28T21:37:01.659Z
0.073891625,open,2021-06-28T21:33:00Z,45,564,0,609,609,18494[Konrad-Adenauer-Straße],2021-06-28T21:37:01.659Z
0,closed,2021-06-28T21:33:00Z,,693,0,0,0,24278[Karstadt],2021-06-28T21:37:01.659Z
0.94400895,open,2021-06-28T21:43:00Z,843,50,0,893,893,24277[Börse],2021-06-28T21:47:02.082Z
0.03,open,2021-06-28T21:43:00Z,6,194,150,350,200,24276[Turmcenter],2021-06-28T21:47:02.082Z
0.26865673,open,2021-06-28T21:43:00Z,108,294,0,402,402,18944[Alte Oper],2021-06-28T21:47:02.082Z
0.057692308,open,2021-06-28T21:43:00Z,21,343,0,364,364,24281[Hauptbahnhof Süd],2021-06-28T21:47:02.082Z
0.27812114,open,2021-06-28T21:43:00Z,225,584,0,809,809,24279[Konstabler],2021-06-28T21:47:02.082Z
0.5,open,2021-06-28T21:43:00Z,213,213,0,426,426,18497[Hauptwache],2021-06-28T21:47:02.082Z
0.2529412,open,2021-06-28T21:43:00Z,172,508,0,680,680,18495[Am Gericht],2021-06-28T21:47:02.082Z
0.15423514,open,2021-06-28T21:43:00Z,122,669,75,866,791,109240[MyZeil],2021-06-28T21:47:02.082Z
0.073891625,open,2021-06-28T21:43:00Z,45,564,0,609,609,18494[Konrad-Adenauer-Straße],2021-06-28T21:47:02.082Z
0,closed,2021-06-28T21:43:00Z,,693,0,0,0,24278[Karstadt],2021-06-28T21:47:02.082Z
0.94400895,open,2021-06-28T21:54:00Z,843,50,0,893,893,24277[Börse],2021-06-28T21:57:00.025Z
0.03,open,2021-06-28T21:54:00Z,6,194,150,350,200,24276[Turmcenter],2021-06-28T21:57:00.025Z
0.27114427,open,2021-06-28T21:54:00Z,109,293,0,402,402,18944[Alte Oper],2021-06-28T21:57:00.025Z
0.057692308,open,2021-06-28T21:54:00Z,21,343,0,364,364,24281[Hauptbahnhof Süd],2021-06-28T21:57:00.025Z
0.27688503,open,2021-06-28T21:54:00Z,224,585,0,809,809,24279[Konstabler],2021-06-28T21:57:00.025Z
0.4976526,open,2021-06-28T21:54:00Z,212,214,0,426,426,18497[Hauptwache],2021-06-28T21:57:00.025Z
0.2514706,open,2021-06-28T21:54:00Z,171,509,0,680,680,18495[Am Gericht],2021-06-28T21:57:00.025Z
0.15423514,open,2021-06-28T21:54:00Z,122,669,75,866,791,109240[MyZeil],2021-06-28T21:57:00.025Z
0.07881773,open,2021-06-28T21:54:00Z,48,561,0,609,609,18494[Konrad-Adenauer-Straße],2021-06-28T21:57:00.025Z
0,closed,2021-06-28T21:54:00Z,,693,0,0,0,24278[Karstadt],2021-06-28T21:57:00.025Z
0.94400895,open,2021-06-28T22:14:00Z,843,50,0,893,893,24277[Börse],2021-06-28T22:17:00.816Z
0.025,open,2021-06-28T22:14:00Z,5,195,150,350,200,24276[Turmcenter],2021-06-28T22:17:00.816Z
0.26616916,open,2021-06-28T22:14:00Z,107,295,0,402,402,18944[Alte Oper],2021-06-28T22:17:00.816Z
0.054945055,open,2021-06-28T22:14:00Z,20,344,0,364,364,24281[Hauptbahnhof Süd],2021-06-28T22:17:00.816Z
0.26823238,open,2021-06-28T22:14:00Z,217,592,0,809,809,24279[Konstabler],2021-06-28T22:17:00.816Z
0.48122066,open,2021-06-28T22:14:00Z,205,221,0,426,426,18497[Hauptwache],2021-06-28T22:17:00.816Z
0,closed,2021-06-28T22:14:00Z,,510,0,0,0,18495[Am Gericht],2021-06-28T22:17:00.816Z
0.1517067,open,2021-06-28T22:14:00Z,120,671,75,866,791,109240[MyZeil],2021-06-28T22:17:00.816Z
0.07881773,open,2021-06-28T22:14:00Z,48,561,0,609,609,18494[Konrad-Adenauer-Straße],2021-06-28T22:17:00.816Z
0,closed,2021-06-28T22:14:00Z,,693,0,0,0,24278[Karstadt],2021-06-28T22:17:00.816Z
0.94400895,open,2021-06-28T22:29:00Z,843,50,0,893,893,24277[Börse],2021-06-28T22:32:01.864Z
0.025,open,2021-06-28T22:29:00Z,5,195,150,350,200,24276[Turmcenter],2021-06-28T22:32:01.864Z
0.2636816,open,2021-06-28T22:29:00Z,106,296,0,402,402,18944[Alte Oper],2021-06-28T22:32:01.864Z
0.054945055,open,2021-06-28T22:29:00Z,20,344,0,364,364,24281[Hauptbahnhof Süd],2021-06-28T22:32:01.864Z
0.26328802,open,2021-06-28T22:29:00Z,213,596,0,809,809,24279[Konstabler],2021-06-28T22:32:01.864Z
0.48122066,open,2021-06-28T22:29:00Z,205,221,0,426,426,18497[Hauptwache],2021-06-28T22:32:01.864Z
0,closed,2021-06-28T22:29:00Z,,510,0,0,0,18495[Am Gericht],2021-06-28T22:32:01.864Z
0.15297092,open,2021-06-28T22:29:00Z,121,670,75,866,791,109240[MyZeil],2021-06-28T22:32:01.864Z
0.08045977,open,2021-06-28T22:29:00Z,49,560,0,609,609,18494[Konrad-Adenauer-Straße],2021-06-28T22:32:01.864Z
0,closed,2021-06-28T22:29:00Z,,693,0,0,0,24278[Karstadt],2021-06-28T22:32:01.864Z
0.94400895,open,2021-06-28T22:40:00Z,843,50,0,893,893,24277[Börse],2021-06-28T22:42:02.284Z
0.025,open,2021-06-28T22:40:00Z,5,195,150,350,200,24276[Turmcenter],2021-06-28T22:42:02.284Z
0.2636816,open,2021-06-28T22:40:00Z,106,296,0,402,402,18944[Alte Oper],2021-06-28T22:42:02.284Z
0.054945055,open,2021-06-28T22:40:00Z,20,344,0,364,364,24281[Hauptbahnhof Süd],2021-06-28T22:42:02.284Z
0.2620519,open,2021-06-28T22:40:00Z,212,597,0,809,809,24279[Konstabler],2021-06-28T22:42:02.284Z
0.47887325,open,2021-06-28T22:40:00Z,204,222,0,426,426,18497[Hauptwache],2021-06-28T22:42:02.284Z
0,closed,2021-06-28T22:40:00Z,,510,0,0,0,18495[Am Gericht],2021-06-28T22:42:02.284Z
0.15297092,open,2021-06-28T22:40:00Z,121,670,75,866,791,109240[MyZeil],2021-06-28T22:42:02.284Z
0.08045977,open,2021-06-28T22:40:00Z,49,560,0,609,609,18494[Konrad-Adenauer-Straße],2021-06-28T22:42:02.284Z
0,closed,2021-06-28T22:40:00Z,,693,0,0,0,24278[Karstadt],2021-06-28T22:42:02.284Z
0.94400895,open,2021-06-28T22:50:00Z,843,50,0,893,893,24277[Börse],2021-06-28T22:52:00.369Z
0.025,open,2021-06-28T22:50:00Z,5,195,150,350,200,24276[Turmcenter],2021-06-28T22:52:00.369Z
0.2636816,open,2021-06-28T22:50:00Z,106,296,0,402,402,18944[Alte Oper],2021-06-28T22:52:00.369Z
0.054945055,open,2021-06-28T22:50:00Z,20,344,0,364,364,24281[Hauptbahnhof Süd],2021-06-28T22:52:00.369Z
0.26081583,open,2021-06-28T22:50:00Z,211,598,0,809,809,24279[Konstabler],2021-06-28T22:52:00.369Z
0.4741784,open,2021-06-28T22:50:00Z,202,224,0,426,426,18497[Hauptwache],2021-06-28T22:52:00.369Z
0,closed,2021-06-28T22:50:00Z,,510,0,0,0,18495[Am Gericht],2021-06-28T22:52:00.369Z
0.15297092,open,2021-06-28T22:50:00Z,121,670,75,866,791,109240[MyZeil],2021-06-28T22:52:00.369Z
0.07881773,open,2021-06-28T22:50:00Z,48,561,0,609,609,18494[Konrad-Adenauer-Straße],2021-06-28T22:52:00.369Z
0,closed,2021-06-28T22:50:00Z,,693,0,0,0,24278[Karstadt],2021-06-28T22:52:00.369Z
0.94400895,open,2021-06-28T23:05:00Z,843,50,0,893,893,24277[Börse],2021-06-28T23:07:02.768Z
0.02,open,2021-06-28T23:05:00Z,4,196,150,350,200,24276[Turmcenter],2021-06-28T23:07:02.768Z
0.25373134,open,2021-06-28T23:05:00Z,102,300,0,402,402,18944[Alte Oper],2021-06-28T23:07:02.768Z
0.054945055,open,2021-06-28T23:05:00Z,20,344,0,364,364,24281[Hauptbahnhof Süd],2021-06-28T23:07:02.768Z
0.26081583,open,2021-06-28T23:05:00Z,211,598,0,809,809,24279[Konstabler],2021-06-28T23:07:02.768Z
0.4765258,open,2021-06-28T23:05:00Z,203,223,0,426,426,18497[Hauptwache],2021-06-28T23:07:02.768Z
0,closed,2021-06-28T23:05:00Z,,510,0,0,0,18495[Am Gericht],2021-06-28T23:07:02.768Z
0.15297092,open,2021-06-28T23:05:00Z,121,670,75,866,791,109240[MyZeil],2021-06-28T23:07:02.768Z
0.0771757,open,2021-06-28T23:05:00Z,47,562,0,609,609,18494[Konrad-Adenauer-Straße],2021-06-28T23:07:02.768Z
0,closed,2021-06-28T23:05:00Z,,693,0,0,0,24278[Karstadt],2021-06-28T23:07:02.768Z
0.94400895,open,2021-06-28T23:25:00Z,843,50,0,893,893,24277[Börse],2021-06-28T23:27:01.011Z
0.02,open,2021-06-28T23:25:00Z,4,196,150,350,200,24276[Turmcenter],2021-06-28T23:27:01.011Z
0.25373134,open,2021-06-28T23:25:00Z,102,300,0,402,402,18944[Alte Oper],2021-06-28T23:27:01.011Z
0.054945055,open,2021-06-28T23:25:00Z,20,344,0,364,364,24281[Hauptbahnhof Süd],2021-06-28T23:27:01.011Z
0.25834364,open,2021-06-28T23:25:00Z,209,600,0,809,809,24279[Konstabler],2021-06-28T23:27:01.011Z
0.4741784,open,2021-06-28T23:25:00Z,202,224,0,426,426,18497[Hauptwache],2021-06-28T23:27:01.011Z
0,closed,2021-06-28T23:25:00Z,,510,0,0,0,18495[Am Gericht],2021-06-28T23:27:01.011Z
0.15297092,open,2021-06-28T23:25:00Z,121,670,75,866,791,109240[MyZeil],2021-06-28T23:27:01.011Z
0.0771757,open,2021-06-28T23:25:00Z,47,562,0,609,609,18494[Konrad-Adenauer-Straße],2021-06-28T23:27:01.011Z
0,closed,2021-06-28T23:25:00Z,,693,0,0,0,24278[Karstadt],2021-06-28T23:27:01.011Z
0.94400895,open,2021-06-28T23:36:00Z,843,50,0,893,893,24277[Börse],2021-06-28T23:37:00.413Z
0.02,open,2021-06-28T23:36:00Z,4,196,150,350,200,24276[Turmcenter],2021-06-28T23:37:00.413Z
0.2562189,open,2021-06-28T23:36:00Z,103,299,0,402,402,18944[Alte Oper],2021-06-28T23:37:00.413Z
0.054945055,open,2021-06-28T23:36:00Z,20,344,0,364,364,24281[Hauptbahnhof Süd],2021-06-28T23:37:00.413Z
0.25710753,open,2021-06-28T23:36:00Z,208,601,0,809,809,24279[Konstabler],2021-06-28T23:37:00.413Z
0.4741784,open,2021-06-28T23:36:00Z,202,224,0,426,426,18497[Hauptwache],2021-06-28T23:37:00.413Z
0,closed,2021-06-28T23:36:00Z,,510,0,0,0,18495[Am Gericht],2021-06-28T23:37:00.413Z
0.15297092,open,2021-06-28T23:36:00Z,121,670,75,866,791,109240[MyZeil],2021-06-28T23:37:00.413Z
0.0771757,open,2021-06-28T23:36:00Z,47,562,0,609,609,18494[Konrad-Adenauer-Straße],2021-06-28T23:37:00.413Z
0,closed,2021-06-28T23:36:00Z,,693,0,0,0,24278[Karstadt],2021-06-28T23:37:00.413Z
0.94400895,open,2021-06-28T23:51:00Z,843,50,0,893,893,24277[Börse],2021-06-28T23:52:00.290Z
0.02,open,2021-06-28T23:51:00Z,4,196,150,350,200,24276[Turmcenter],2021-06-28T23:52:00.290Z
0.2562189,open,2021-06-28T23:51:00Z,103,299,0,402,402,18944[Alte Oper],2021-06-28T23:52:00.290Z
0.054945055,open,2021-06-28T23:51:00Z,20,344,0,364,364,24281[Hauptbahnhof Süd],2021-06-28T23:52:00.290Z
0.25587144,open,2021-06-28T23:51:00Z,207,602,0,809,809,24279[Konstabler],2021-06-28T23:52:00.290Z
0.4741784,open,2021-06-28T23:51:00Z,202,224,0,426,426,18497[Hauptwache],2021-06-28T23:52:00.290Z
0,closed,2021-06-28T23:51:00Z,,510,0,0,0,18495[Am Gericht],2021-06-28T23:52:00.290Z
0.15297092,open,2021-06-28T23:51:00Z,121,670,75,866,791,109240[MyZeil],2021-06-28T23:52:00.290Z
0.07881773,open,2021-06-28T23:51:00Z,48,561,0,609,609,18494[Konrad-Adenauer-Straße],2021-06-28T23:52:00.290Z
0,closed,2021-06-28T23:51:00Z,,693,0,0,0,24278[Karstadt],2021-06-28T23:52:00.290Z
0.94400895,open,2021-06-29T00:11:00Z,843,50,0,893,893,24277[Börse],2021-06-29T00:12:00.724Z
0.02,open,2021-06-29T00:11:00Z,4,196,150,350,200,24276[Turmcenter],2021-06-29T00:12:00.724Z
0.2562189,open,2021-06-29T00:11:00Z,103,299,0,402,402,18944[Alte Oper],2021-06-29T00:12:00.724Z
0.054945055,open,2021-06-29T00:11:00Z,20,344,0,364,364,24281[Hauptbahnhof Süd],2021-06-29T00:12:00.724Z
0.25587144,open,2021-06-29T00:11:00Z,207,602,0,809,809,24279[Konstabler],2021-06-29T00:12:00.724Z
0.4741784,open,2021-06-29T00:11:00Z,202,224,0,426,426,18497[Hauptwache],2021-06-29T00:12:00.724Z
0,closed,2021-06-29T00:11:00Z,,510,0,0,0,18495[Am Gericht],2021-06-29T00:12:00.724Z
0.15297092,open,2021-06-29T00:11:00Z,121,670,75,866,791,109240[MyZeil],2021-06-29T00:12:00.724Z
0.07881773,open,2021-06-29T00:11:00Z,48,561,0,609,609,18494[Konrad-Adenauer-Straße],2021-06-29T00:12:00.724Z
0,closed,2021-06-29T00:11:00Z,,693,0,0,0,24278[Karstadt],2021-06-29T00:12:00.724Z
0.94400895,open,2021-06-29T01:21:00Z,843,50,0,893,893,24277[Börse],2021-06-29T01:22:02.853Z
0.02,open,2021-06-29T01:21:00Z,4,196,150,350,200,24276[Turmcenter],2021-06-29T01:22:02.853Z
0.25373134,open,2021-06-29T01:21:00Z,102,300,0,402,402,18944[Alte Oper],2021-06-29T01:22:02.853Z
0.04945055,open,2021-06-29T01:21:00Z,18,346,0,364,364,24281[Hauptbahnhof Süd],2021-06-29T01:22:02.853Z
0.25092706,open,2021-06-29T01:21:00Z,203,606,0,809,809,24279[Konstabler],2021-06-29T01:22:02.853Z
0.471831,open,2021-06-29T01:21:00Z,201,225,0,426,426,18497[Hauptwache],2021-06-29T01:22:02.853Z
0,closed,2021-06-29T01:21:00Z,,510,0,0,0,18495[Am Gericht],2021-06-29T01:22:02.853Z
0.15297092,open,2021-06-29T01:21:00Z,121,670,75,866,791,109240[MyZeil],2021-06-29T01:22:02.853Z
0.08210181,open,2021-06-29T01:21:00Z,50,559,0,609,609,18494[Konrad-Adenauer-Straße],2021-06-29T01:22:02.853Z
0,closed,2021-06-29T01:21:00Z,,693,0,0,0,24278[Karstadt],2021-06-29T01:22:02.853Z
0.94400895,open,2021-06-29T02:11:00Z,843,50,0,893,893,24277[Börse],2021-06-29T02:12:00.640Z
0.02,open,2021-06-29T02:11:00Z,4,196,150,350,200,24276[Turmcenter],2021-06-29T02:12:00.640Z
0.25373134,open,2021-06-29T02:11:00Z,102,300,0,402,402,18944[Alte Oper],2021-06-29T02:12:00.640Z
0.04945055,open,2021-06-29T02:11:00Z,18,346,0,364,364,24281[Hauptbahnhof Süd],2021-06-29T02:12:00.640Z
0.25092706,open,2021-06-29T02:11:00Z,203,606,0,809,809,24279[Konstabler],2021-06-29T02:12:00.640Z
0.471831,open,2021-06-29T02:11:00Z,201,225,0,426,426,18497[Hauptwache],2021-06-29T02:12:00.640Z
0,closed,2021-06-29T02:11:00Z,,,0,0,0,18495[Am Gericht],2021-06-29T02:12:00.640Z
0.15297092,open,2021-06-29T02:11:00Z,121,670,75,866,791,109240[MyZeil],2021-06-29T02:12:00.640Z
0.08374384,open,2021-06-29T02:11:00Z,51,558,0,609,609,18494[Konrad-Adenauer-Straße],2021-06-29T02:12:00.640Z
0,closed,2021-06-29T02:11:00Z,,,0,0,0,24278[Karstadt],2021-06-29T02:12:00.640Z
0.94400895,open,2021-06-29T02:46:00Z,843,50,0,893,893,24277[Börse],2021-06-29T02:52:02.216Z
0.02,open,2021-06-29T02:46:00Z,4,196,150,350,200,24276[Turmcenter],2021-06-29T02:52:02.216Z
0.25373134,open,2021-06-29T02:46:00Z,102,300,0,402,402,18944[Alte Oper],2021-06-29T02:52:02.216Z
0.052197803,open,2021-06-29T02:46:00Z,19,345,0,364,364,24281[Hauptbahnhof Süd],2021-06-29T02:52:02.216Z
0.25092706,open,2021-06-29T02:46:00Z,203,606,0,809,809,24279[Konstabler],2021-06-29T02:52:02.216Z
0.471831,open,2021-06-29T02:46:00Z,201,225,0,426,426,18497[Hauptwache],2021-06-29T02:52:02.216Z
0,closed,2021-06-29T02:46:00Z,,,0,0,0,18495[Am Gericht],2021-06-29T02:52:02.216Z
0.15297092,open,2021-06-29T02:46:00Z,121,670,75,866,791,109240[MyZeil],2021-06-29T02:52:02.216Z
0.08538588,open,2021-06-29T02:46:00Z,52,557,0,609,609,18494[Konrad-Adenauer-Straße],2021-06-29T02:52:02.216Z
0,closed,2021-06-29T02:46:00Z,,,0,0,0,24278[Karstadt],2021-06-29T02:52:02.216Z
0.94400895,open,2021-06-29T03:06:00Z,843,50,0,893,893,24277[Börse],2021-06-29T03:12:00.122Z
0.02,open,2021-06-29T03:06:00Z,4,196,150,350,200,24276[Turmcenter],2021-06-29T03:12:00.122Z
0.25373134,open,2021-06-29T03:06:00Z,102,300,0,402,402,18944[Alte Oper],2021-06-29T03:12:00.122Z
0.054945055,open,2021-06-29T03:06:00Z,20,344,0,364,364,24281[Hauptbahnhof Süd],2021-06-29T03:12:00.122Z
0.25216317,open,2021-06-29T03:06:00Z,204,605,0,809,809,24279[Konstabler],2021-06-29T03:12:00.122Z
0.471831,open,2021-06-29T03:06:00Z,201,225,0,426,426,18497[Hauptwache],2021-06-29T03:12:00.122Z
0,closed,2021-06-29T03:06:00Z,,,0,0,0,18495[Am Gericht],2021-06-29T03:12:00.122Z
0.15297092,open,2021-06-29T03:06:00Z,121,670,75,866,791,109240[MyZeil],2021-06-29T03:12:00.122Z
0.08538588,open,2021-06-29T03:06:00Z,52,557,0,609,609,18494[Konrad-Adenauer-Straße],2021-06-29T03:12:00.122Z
0,closed,2021-06-29T03:06:00Z,,,0,0,0,24278[Karstadt],2021-06-29T03:12:00.122Z
0.94400895,open,2021-06-29T03:26:00Z,843,50,0,893,893,24277[Börse],2021-06-29T03:32:00.899Z
0.02,open,2021-06-29T03:26:00Z,4,196,150,350,200,24276[Turmcenter],2021-06-29T03:32:00.899Z
0.25373134,open,2021-06-29T03:26:00Z,102,300,0,402,402,18944[Alte Oper],2021-06-29T03:32:00.899Z
0.054945055,open,2021-06-29T03:26:00Z,20,344,0,364,364,24281[Hauptbahnhof Süd],2021-06-29T03:32:00.899Z
0.25216317,open,2021-06-29T03:26:00Z,204,605,0,809,809,24279[Konstabler],2021-06-29T03:32:00.899Z
0.471831,open,2021-06-29T03:26:00Z,201,225,0,426,426,18497[Hauptwache],2021-06-29T03:32:00.899Z
0,closed,2021-06-29T03:26:00Z,,,0,0,0,18495[Am Gericht],2021-06-29T03:32:00.899Z
0.15297092,open,2021-06-29T03:26:00Z,121,670,75,866,791,109240[MyZeil],2021-06-29T03:32:00.899Z
0.08538588,open,2021-06-29T03:26:00Z,52,557,0,609,609,18494[Konrad-Adenauer-Straße],2021-06-29T03:32:00.899Z
0,closed,2021-06-29T03:26:00Z,,,0,0,0,24278[Karstadt],2021-06-29T03:32:00.899Z
0.94400895,open,2021-06-29T03:41:00Z,843,50,0,893,893,24277[Börse],2021-06-29T03:47:00.600Z
0.02,open,2021-06-29T03:41:00Z,4,196,150,350,200,24276[Turmcenter],2021-06-29T03:47:00.600Z
0.25373134,open,2021-06-29T03:41:00Z,102,300,0,402,402,18944[Alte Oper],2021-06-29T03:47:00.600Z
0.06868132,open,2021-06-29T03:41:00Z,25,339,0,364,364,24281[Hauptbahnhof Süd],2021-06-29T03:47:00.600Z
0.24969098,open,2021-06-29T03:41:00Z,202,607,0,809,809,24279[Konstabler],2021-06-29T03:47:00.600Z
0.471831,open,2021-06-29T03:41:00Z,201,225,0,426,426,18497[Hauptwache],2021-06-29T03:47:00.600Z
0,closed,2021-06-29T03:41:00Z,,,0,0,0,18495[Am Gericht],2021-06-29T03:47:00.600Z
0.15297092,open,2021-06-29T03:41:00Z,121,670,75,866,791,109240[MyZeil],2021-06-29T03:47:00.600Z
0.08866995,open,2021-06-29T03:41:00Z,54,555,0,609,609,18494[Konrad-Adenauer-Straße],2021-06-29T03:47:00.600Z
0,closed,2021-06-29T03:41:00Z,,,0,0,0,24278[Karstadt],2021-06-29T03:47:00.600Z
0.94400895,open,2021-06-29T03:52:00Z,843,50,0,893,893,24277[Börse],2021-06-29T03:57:01.442Z
0.02,open,2021-06-29T03:52:00Z,4,196,150,350,200,24276[Turmcenter],2021-06-29T03:57:01.442Z
0.25373134,open,2021-06-29T03:52:00Z,102,300,0,402,402,18944[Alte Oper],2021-06-29T03:57:01.442Z
0.07692308,open,2021-06-29T03:52:00Z,28,336,0,364,364,24281[Hauptbahnhof Süd],2021-06-29T03:57:01.442Z
0.24969098,open,2021-06-29T03:52:00Z,202,607,0,809,809,24279[Konstabler],2021-06-29T03:57:01.442Z
0.471831,open,2021-06-29T03:52:00Z,201,225,0,426,426,18497[Hauptwache],2021-06-29T03:57:01.442Z
0,closed,2021-06-29T03:52:00Z,,,0,0,0,18495[Am Gericht],2021-06-29T03:57:01.442Z
0.15423514,open,2021-06-29T03:52:00Z,122,669,75,866,791,109240[MyZeil],2021-06-29T03:57:01.442Z
0.093596056,open,2021-06-29T03:52:00Z,57,552,0,609,609,18494[Konrad-Adenauer-Straße],2021-06-29T03:57:01.442Z
0,closed,2021-06-29T03:52:00Z,,,0,0,0,24278[Karstadt],2021-06-29T03:57:01.442Z
0.94400895,open,2021-06-29T04:22:00Z,843,50,0,893,893,24277[Börse],2021-06-29T04:27:00.391Z
0.026666667,open,2021-06-29T04:22:00Z,4,146,200,350,150,24276[Turmcenter],2021-06-29T04:27:00.391Z
0.2562189,open,2021-06-29T04:22:00Z,103,299,0,402,402,18944[Alte Oper],2021-06-29T04:27:00.391Z
0.115384616,open,2021-06-29T04:22:00Z,42,322,0,364,364,24281[Hauptbahnhof Süd],2021-06-29T04:27:00.391Z
0.25587144,open,2021-06-29T04:22:00Z,207,602,0,809,809,24279[Konstabler],2021-06-29T04:27:00.391Z
0.471831,open,2021-06-29T04:22:00Z,201,225,0,426,426,18497[Hauptwache],2021-06-29T04:27:00.391Z
0.26764706,open,2021-06-29T04:22:00Z,182,498,0,680,680,18495[Am Gericht],2021-06-29T04:27:00.391Z
0.12136536,open,2021-06-29T04:22:00Z,96,695,75,866,791,109240[MyZeil],2021-06-29T04:27:00.391Z
0.100164205,open,2021-06-29T04:22:00Z,61,548,0,609,609,18494[Konrad-Adenauer-Straße],2021-06-29T04:27:00.391Z
0,closed,2021-06-29T04:22:00Z,,,0,0,0,24278[Karstadt],2021-06-29T04:27:00.391Z
0.94400895,open,2021-06-29T04:42:00Z,843,50,0,893,893,24277[Börse],2021-06-29T04:47:02.377Z
0.04,open,2021-06-29T04:42:00Z,6,144,200,350,150,24276[Turmcenter],2021-06-29T04:47:02.377Z
0.25870648,open,2021-06-29T04:42:00Z,104,298,0,402,402,18944[Alte Oper],2021-06-29T04:47:02.377Z
0.13736264,open,2021-06-29T04:42:00Z,50,314,0,364,364,24281[Hauptbahnhof Süd],2021-06-29T04:47:02.377Z
0.25834364,open,2021-06-29T04:42:00Z,209,600,0,809,809,24279[Konstabler],2021-06-29T04:47:02.377Z
0.4741784,open,2021-06-29T04:42:00Z,202,224,0,426,426,18497[Hauptwache],2021-06-29T04:47:02.377Z
0.26617646,open,2021-06-29T04:42:00Z,181,499,0,680,680,18495[Am Gericht],2021-06-29T04:47:02.377Z
0.11883692,open,2021-06-29T04:42:00Z,94,697,75,866,791,109240[MyZeil],2021-06-29T04:47:02.377Z
0.093596056,open,2021-06-29T04:42:00Z,57,552,0,609,609,18494[Konrad-Adenauer-Straße],2021-06-29T04:47:02.377Z
0,closed,2021-06-29T04:42:00Z,,,0,0,0,24278[Karstadt],2021-06-29T04:47:02.377Z
0.94400895,open,2021-06-29T04:52:00Z,843,50,0,893,893,24277[Börse],2021-06-29T04:57:02.981Z
0.04,open,2021-06-29T04:52:00Z,6,144,200,350,150,24276[Turmcenter],2021-06-29T04:57:02.981Z
0.2636816,open,2021-06-29T04:52:00Z,106,296,0,402,402,18944[Alte Oper],2021-06-29T04:57:02.981Z
0.1456044,open,2021-06-29T04:52:00Z,53,311,0,364,364,24281[Hauptbahnhof Süd],2021-06-29T04:57:02.981Z
0.2620519,open,2021-06-29T04:52:00Z,212,597,0,809,809,24279[Konstabler],2021-06-29T04:57:02.981Z
0.48591548,open,2021-06-29T04:52:00Z,207,219,0,426,426,18497[Hauptwache],2021-06-29T04:57:02.981Z
0.26911765,open,2021-06-29T04:52:00Z,183,497,0,680,680,18495[Am Gericht],2021-06-29T04:57:02.981Z
0.12136536,open,2021-06-29T04:52:00Z,96,695,75,866,791,109240[MyZeil],2021-06-29T04:57:02.981Z
0.09195402,open,2021-06-29T04:52:00Z,56,553,0,609,609,18494[Konrad-Adenauer-Straße],2021-06-29T04:57:02.981Z
0,open,2021-06-29T04:52:00Z,0,693,0,693,693,24278[Karstadt],2021-06-29T04:57:02.981Z
0.94400895,open,2021-06-29T05:12:00Z,843,50,0,893,893,24277[Börse],2021-06-29T05:17:01.404Z
0.046666667,open,2021-06-29T05:12:00Z,7,143,200,350,150,24276[Turmcenter],2021-06-29T05:17:01.404Z
0.27114427,open,2021-06-29T05:12:00Z,109,293,0,402,402,18944[Alte Oper],2021-06-29T05:17:01.404Z
0.15659341,open,2021-06-29T05:12:00Z,57,307,0,364,364,24281[Hauptbahnhof Süd],2021-06-29T05:17:01.404Z
0.2620519,open,2021-06-29T05:12:00Z,212,597,0,809,809,24279[Konstabler],2021-06-29T05:17:01.404Z
0.49530515,open,2021-06-29T05:12:00Z,211,215,0,426,426,18497[Hauptwache],2021-06-29T05:17:01.404Z
0.2735294,open,2021-06-29T05:12:00Z,186,494,0,680,680,18495[Am Gericht],2021-06-29T05:17:01.404Z
0.12262958,open,2021-06-29T05:12:00Z,97,694,75,866,791,109240[MyZeil],2021-06-29T05:17:01.404Z
0.09688013,open,2021-06-29T05:12:00Z,59,550,0,609,609,18494[Konrad-Adenauer-Straße],2021-06-29T05:17:01.404Z
0.0014430014,open,2021-06-29T05:12:00Z,1,692,0,693,693,24278[Karstadt],2021-06-29T05:17:01.404Z
0.94400895,open,2021-06-29T05:22:00Z,843,50,0,893,893,24277[Börse],2021-06-29T05:27:01.906Z
0.053333335,open,2021-06-29T05:22:00Z,8,142,200,350,150,24276[Turmcenter],2021-06-29T05:27:01.906Z
0.27363184,open,2021-06-29T05:22:00Z,110,292,0,402,402,18944[Alte Oper],2021-06-29T05:27:01.906Z
0.16483517,open,2021-06-29T05:22:00Z,60,304,0,364,364,24281[Hauptbahnhof Süd],2021-06-29T05:27:01.906Z
0.25339925,open,2021-06-29T05:22:00Z,205,604,0,809,809,24279[Konstabler],2021-06-29T05:27:01.906Z
0.49530515,open,2021-06-29T05:22:00Z,211,215,0,426,426,18497[Hauptwache],2021-06-29T05:27:01.906Z
0.28382352,open,2021-06-29T05:22:00Z,193,487,0,680,680,18495[Am Gericht],2021-06-29T05:27:01.906Z
0.1289507,open,2021-06-29T05:22:00Z,102,689,75,866,791,109240[MyZeil],2021-06-29T05:27:01.906Z
0.0952381,open,2021-06-29T05:22:00Z,58,551,0,609,609,18494[Konrad-Adenauer-Straße],2021-06-29T05:27:01.906Z
0.0014430014,open,2021-06-29T05:22:00Z,1,692,0,693,693,24278[Karstadt],2021-06-29T05:27:01.906Z
0.94400895,open,2021-06-29T05:32:00Z,843,50,0,893,893,24277[Börse],2021-06-29T05:37:01.908Z
0.07333333,open,2021-06-29T05:32:00Z,11,139,200,350,150,24276[Turmcenter],2021-06-29T05:37:01.908Z
0.2835821,open,2021-06-29T05:32:00Z,114,288,0,402,402,18944[Alte Oper],2021-06-29T05:37:01.908Z
0.17032968,open,2021-06-29T05:32:00Z,62,302,0,364,364,24281[Hauptbahnhof Süd],2021-06-29T05:37:01.908Z
0.25339925,open,2021-06-29T05:32:00Z,205,604,0,809,809,24279[Konstabler],2021-06-29T05:37:01.908Z
0.4976526,open,2021-06-29T05:32:00Z,212,214,0,426,426,18497[Hauptwache],2021-06-29T05:37:01.908Z
0.29264706,open,2021-06-29T05:32:00Z,199,481,0,680,680,18495[Am Gericht],2021-06-29T05:37:01.908Z
0.13147914,open,2021-06-29T05:32:00Z,104,687,75,866,791,109240[MyZeil],2021-06-29T05:37:01.908Z
0.098522164,open,2021-06-29T05:32:00Z,60,549,0,609,609,18494[Konrad-Adenauer-Straße],2021-06-29T05:37:01.908Z
0.0014430014,open,2021-06-29T05:32:00Z,1,692,0,693,693,24278[Karstadt],2021-06-29T05:37:01.908Z
0.94400895,open,2021-06-29T05:47:00Z,843,50,0,893,893,24277[Börse],2021-06-29T05:52:00.547Z
0.10666667,open,2021-06-29T05:47:00Z,16,134,200,350,150,24276[Turmcenter],2021-06-29T05:52:00.547Z
0.2960199,open,2021-06-29T05:47:00Z,119,283,0,402,402,18944[Alte Oper],2021-06-29T05:52:00.547Z
0.17582418,open,2021-06-29T05:47:00Z,64,300,0,364,364,24281[Hauptbahnhof Süd],2021-06-29T05:52:00.547Z
0.2620519,open,2021-06-29T05:47:00Z,212,597,0,809,809,24279[Konstabler],2021-06-29T05:52:00.547Z
0.5046948,open,2021-06-29T05:47:00Z,215,211,0,426,426,18497[Hauptwache],2021-06-29T05:52:00.547Z
0.31323528,open,2021-06-29T05:47:00Z,213,467,0,680,680,18495[Am Gericht],2021-06-29T05:52:00.547Z
0.13400759,open,2021-06-29T05:47:00Z,106,685,75,866,791,109240[MyZeil],2021-06-29T05:52:00.547Z
0.10180624,open,2021-06-29T05:47:00Z,62,547,0,609,609,18494[Konrad-Adenauer-Straße],2021-06-29T05:52:00.547Z
0.0043290043,open,2021-06-29T05:47:00Z,3,690,0,693,693,24278[Karstadt],2021-06-29T05:52:00.547Z
0.94400895,open,2021-06-29T05:52:00Z,843,50,0,893,893,24277[Börse],2021-06-29T05:57:02.415Z
0.13333334,open,2021-06-29T05:52:00Z,20,130,200,350,150,24276[Turmcenter],2021-06-29T05:57:02.415Z
0.3034826,open,2021-06-29T05:52:00Z,122,280,0,402,402,18944[Alte Oper],2021-06-29T05:57:02.415Z
0.18681319,open,2021-06-29T05:52:00Z,68,296,0,364,364,24281[Hauptbahnhof Süd],2021-06-29T05:57:02.415Z
0.25957972,open,2021-06-29T05:52:00Z,210,599,0,809,809,24279[Konstabler],2021-06-29T05:57:02.415Z
0.5070422,open,2021-06-29T05:52:00Z,216,210,0,426,426,18497[Hauptwache],2021-06-29T05:57:02.415Z
0.32205883,open,2021-06-29T05:52:00Z,219,461,0,680,680,18495[Am Gericht],2021-06-29T05:57:02.415Z
0.13400759,open,2021-06-29T05:52:00Z,106,685,75,866,791,109240[MyZeil],2021-06-29T05:57:02.415Z
0.10837439,open,2021-06-29T05:52:00Z,66,543,0,609,609,18494[Konrad-Adenauer-Straße],2021-06-29T05:57:02.415Z
0.007215007,open,2021-06-29T05:52:00Z,5,688,0,693,693,24278[Karstadt],2021-06-29T05:57:02.415Z
0.94400895,open,2021-06-29T06:22:00Z,843,50,0,893,893,24277[Börse],2021-06-29T06:27:00.335Z
0.12,open,2021-06-29T06:22:00Z,18,132,200,350,150,24276[Turmcenter],2021-06-29T06:27:00.335Z
0.3283582,open,2021-06-29T06:22:00Z,132,270,0,402,402,18944[Alte Oper],2021-06-29T06:27:00.335Z
0.22802198,open,2021-06-29T06:22:00Z,83,281,0,364,364,24281[Hauptbahnhof Süd],2021-06-29T06:27:00.335Z
0.27688503,open,2021-06-29T06:22:00Z,224,585,0,809,809,24279[Konstabler],2021-06-29T06:27:00.335Z
0.5399061,open,2021-06-29T06:22:00Z,230,196,0,426,426,18497[Hauptwache],2021-06-29T06:27:00.335Z
0.36617646,open,2021-06-29T06:22:00Z,249,431,0,680,680,18495[Am Gericht],2021-06-29T06:27:00.335Z
0.14032869,open,2021-06-29T06:22:00Z,111,680,75,866,791,109240[MyZeil],2021-06-29T06:27:00.335Z
0.12972085,open,2021-06-29T06:22:00Z,79,530,0,609,609,18494[Konrad-Adenauer-Straße],2021-06-29T06:27:00.335Z
0.012987013,open,2021-06-29T06:22:00Z,9,684,0,693,693,24278[Karstadt],2021-06-29T06:27:00.335Z
0.94400895,open,2021-06-29T06:53:00Z,843,50,0,893,893,24277[Börse],2021-06-29T06:57:00.855Z
0.24,open,2021-06-29T06:53:00Z,36,114,200,350,150,24276[Turmcenter],2021-06-29T06:57:00.855Z
0.37064677,open,2021-06-29T06:53:00Z,149,253,0,402,402,18944[Alte Oper],2021-06-29T06:57:00.855Z
0.29395604,open,2021-06-29T06:53:00Z,107,257,0,364,364,24281[Hauptbahnhof Süd],2021-06-29T06:57:00.855Z
0.30407912,open,2021-06-29T06:53:00Z,246,563,0,809,809,24279[Konstabler],2021-06-29T06:57:00.855Z
0.5938967,open,2021-06-29T06:53:00Z,253,173,0,426,426,18497[Hauptwache],2021-06-29T06:57:00.855Z
0.42794117,open,2021-06-29T06:53:00Z,291,389,0,680,680,18495[Am Gericht],2021-06-29T06:57:00.855Z
0.15044248,open,2021-06-29T06:53:00Z,119,672,75,866,791,109240[MyZeil],2021-06-29T06:57:00.855Z
0.1412151,open,2021-06-29T06:53:00Z,86,523,0,609,609,18494[Konrad-Adenauer-Straße],2021-06-29T06:57:00.855Z
0.02020202,open,2021-06-29T06:53:00Z,14,679,0,693,693,24278[Karstadt],2021-06-29T06:57:00.855Z
0.94400895,open,2021-06-29T07:08:00Z,843,50,0,893,893,24277[Börse],2021-06-29T07:12:02.629Z
0.35333332,open,2021-06-29T07:08:00Z,53,97,200,350,150,24276[Turmcenter],2021-06-29T07:12:02.629Z
0.39800996,open,2021-06-29T07:08:00Z,160,242,0,402,402,18944[Alte Oper],2021-06-29T07:12:02.629Z
0.32417583,open,2021-06-29T07:08:00Z,118,246,0,364,364,24281[Hauptbahnhof Süd],2021-06-29T07:12:02.629Z
0.31025958,open,2021-06-29T07:08:00Z,251,558,0,809,809,24279[Konstabler],2021-06-29T07:12:02.629Z
0.6126761,open,2021-06-29T07:08:00Z,261,165,0,426,426,18497[Hauptwache],2021-06-29T07:12:02.629Z
0.45882353,open,2021-06-29T07:08:00Z,312,368,0,680,680,18495[Am Gericht],2021-06-29T07:12:02.629Z
0.15929204,open,2021-06-29T07:08:00Z,126,665,75,866,791,109240[MyZeil],2021-06-29T07:12:02.629Z
0.16256158,open,2021-06-29T07:08:00Z,99,510,0,609,609,18494[Konrad-Adenauer-Straße],2021-06-29T07:12:02.629Z
0.028860029,open,2021-06-29T07:08:00Z,20,673,0,693,693,24278[Karstadt],2021-06-29T07:12:02.629Z
0.94400895,open,2021-06-29T07:23:00Z,843,50,0,893,893,24277[Börse],2021-06-29T07:27:00.624Z
0.38666666,open,2021-06-29T07:23:00Z,58,92,200,350,150,24276[Turmcenter],2021-06-29T07:27:00.624Z
0.42288557,open,2021-06-29T07:23:00Z,170,232,0,402,402,18944[Alte Oper],2021-06-29T07:27:00.624Z
0.3434066,open,2021-06-29T07:23:00Z,125,239,0,364,364,24281[Hauptbahnhof Süd],2021-06-29T07:27:00.624Z
0.33374536,open,2021-06-29T07:23:00Z,270,539,0,809,809,24279[Konstabler],2021-06-29T07:27:00.624Z
0.64319247,open,2021-06-29T07:23:00Z,274,152,0,426,426,18497[Hauptwache],2021-06-29T07:27:00.624Z
0.48382354,open,2021-06-29T07:23:00Z,329,351,0,680,680,18495[Am Gericht],2021-06-29T07:27:00.624Z
0.16434893,open,2021-06-29T07:23:00Z,130,661,75,866,791,109240[MyZeil],2021-06-29T07:27:00.624Z
0.16912971,open,2021-06-29T07:23:00Z,103,506,0,609,609,18494[Konrad-Adenauer-Straße],2021-06-29T07:27:00.624Z
0.034632035,open,2021-06-29T07:23:00Z,24,669,0,693,693,24278[Karstadt],2021-06-29T07:27:00.624Z
0.94400895,open,2021-06-29T07:28:00Z,843,50,0,893,893,24277[Börse],2021-06-29T07:32:00.413Z
0.4,open,2021-06-29T07:28:00Z,60,90,200,350,150,24276[Turmcenter],2021-06-29T07:32:00.413Z
0.43781096,open,2021-06-29T07:28:00Z,176,226,0,402,402,18944[Alte Oper],2021-06-29T07:32:00.413Z
0.34065935,open,2021-06-29T07:28:00Z,124,240,0,364,364,24281[Hauptbahnhof Süd],2021-06-29T07:32:00.413Z
0.33992583,open,2021-06-29T07:28:00Z,275,534,0,809,809,24279[Konstabler],2021-06-29T07:32:00.413Z
0.64788735,open,2021-06-29T07:28:00Z,276,150,0,426,426,18497[Hauptwache],2021-06-29T07:32:00.413Z
0.4985294,open,2021-06-29T07:28:00Z,339,341,0,680,680,18495[Am Gericht],2021-06-29T07:32:00.413Z
0.16814159,open,2021-06-29T07:28:00Z,133,658,75,866,791,109240[MyZeil],2021-06-29T07:32:00.413Z
0.16748768,open,2021-06-29T07:28:00Z,102,507,0,609,609,18494[Konrad-Adenauer-Straße],2021-06-29T07:32:00.413Z
0.03751804,open,2021-06-29T07:28:00Z,26,667,0,693,693,24278[Karstadt],2021-06-29T07:32:00.413Z
0.94400895,open,2021-06-29T07:48:00Z,843,50,0,893,893,24277[Börse],2021-06-29T07:52:02.689Z
0.52,open,2021-06-29T07:48:00Z,78,72,200,350,150,24276[Turmcenter],2021-06-29T07:52:02.689Z
0.4751244,open,2021-06-29T07:48:00Z,191,211,0,402,402,18944[Alte Oper],2021-06-29T07:52:02.689Z
0.36813188,open,2021-06-29T07:48:00Z,134,230,0,364,364,24281[Hauptbahnhof Süd],2021-06-29T07:52:02.689Z
0.37082818,open,2021-06-29T07:48:00Z,300,509,0,809,809,24279[Konstabler],2021-06-29T07:52:02.689Z
0.68779343,open,2021-06-29T07:48:00Z,293,133,0,426,426,18497[Hauptwache],2021-06-29T07:52:02.689Z
0.53382355,open,2021-06-29T07:48:00Z,363,317,0,680,680,18495[Am Gericht],2021-06-29T07:52:02.689Z
0.1908976,open,2021-06-29T07:48:00Z,151,640,75,866,791,109240[MyZeil],2021-06-29T07:52:02.689Z
0.16420361,open,2021-06-29T07:48:00Z,100,509,0,609,609,18494[Konrad-Adenauer-Straße],2021-06-29T07:52:02.689Z
0.03751804,open,2021-06-29T07:48:00Z,26,667,0,693,693,24278[Karstadt],2021-06-29T07:52:02.689Z
0.94400895,open,2021-06-29T08:38:00Z,843,50,0,893,893,24277[Börse],2021-06-29T08:42:02.576Z
0.73333335,open,2021-06-29T08:38:00Z,110,40,200,350,150,24276[Turmcenter],2021-06-29T08:42:02.576Z
0.6044776,open,2021-06-29T08:38:00Z,243,159,0,402,402,18944[Alte Oper],2021-06-29T08:42:02.576Z
0.41483516,open,2021-06-29T08:38:00Z,151,213,0,364,364,24281[Hauptbahnhof Süd],2021-06-29T08:42:02.576Z
0.46106303,open,2021-06-29T08:38:00Z,373,436,0,809,809,24279[Konstabler],2021-06-29T08:42:02.576Z
0.84976524,open,2021-06-29T08:38:00Z,362,64,0,426,426,18497[Hauptwache],2021-06-29T08:42:02.576Z
0.64117646,open,2021-06-29T08:38:00Z,436,244,0,680,680,18495[Am Gericht],2021-06-29T08:42:02.576Z
0.2465234,open,2021-06-29T08:38:00Z,195,596,75,866,791,109240[MyZeil],2021-06-29T08:42:02.576Z
0.22331691,open,2021-06-29T08:38:00Z,136,473,0,609,609,18494[Konrad-Adenauer-Straße],2021-06-29T08:42:02.576Z
0.027417028,open,2021-06-29T08:38:00Z,19,674,0,693,693,24278[Karstadt],2021-06-29T08:42:02.576Z
0.94400895,open,2021-06-29T08:48:00Z,843,50,0,893,893,24277[Börse],2021-06-29T08:52:02.489Z
0.74,open,2021-06-29T08:48:00Z,111,39,200,350,150,24276[Turmcenter],2021-06-29T08:52:02.489Z
0.6393035,open,2021-06-29T08:48:00Z,257,145,0,402,402,18944[Alte Oper],2021-06-29T08:52:02.489Z
0.41758242,open,2021-06-29T08:48:00Z,152,212,0,364,364,24281[Hauptbahnhof Süd],2021-06-29T08:52:02.489Z
0.47960445,open,2021-06-29T08:48:00Z,388,421,0,809,809,24279[Konstabler],2021-06-29T08:52:02.489Z
0.9061033,open,2021-06-29T08:48:00Z,386,40,0,426,426,18497[Hauptwache],2021-06-29T08:52:02.489Z
0.6514706,open,2021-06-29T08:48:00Z,443,237,0,680,680,18495[Am Gericht],2021-06-29T08:52:02.489Z
0.25031605,open,2021-06-29T08:48:00Z,198,593,75,866,791,109240[MyZeil],2021-06-29T08:52:02.489Z
0.22824302,open,2021-06-29T08:48:00Z,139,470,0,609,609,18494[Konrad-Adenauer-Straße],2021-06-29T08:52:02.489Z
0.025974026,open,2021-06-29T08:48:00Z,18,675,0,693,693,24278[Karstadt],2021-06-29T08:52:02.489Z
0.94400895,open,2021-06-29T09:13:00Z,843,50,0,893,893,24277[Börse],2021-06-29T09:17:02.489Z
0.8,open,2021-06-29T09:13:00Z,120,30,200,350,150,24276[Turmcenter],2021-06-29T09:17:02.489Z
0.71393037,open,2021-06-29T09:13:00Z,287,115,0,402,402,18944[Alte Oper],2021-06-29T09:17:02.489Z
0.42307693,open,2021-06-29T09:13:00Z,154,210,0,364,364,24281[Hauptbahnhof Süd],2021-06-29T09:17:02.489Z
0.53646475,open,2021-06-29T09:13:00Z,434,375,0,809,809,24279[Konstabler],2021-06-29T09:17:02.489Z
0.9507042,open,2021-06-29T09:13:00Z,405,21,0,426,426,18497[Hauptwache],2021-06-29T09:17:02.489Z
0.6852941,open,2021-06-29T09:13:00Z,466,214,0,680,680,18495[Am Gericht],2021-06-29T09:17:02.489Z
0.26548672,open,2021-06-29T09:13:00Z,210,581,75,866,791,109240[MyZeil],2021-06-29T09:17:02.489Z
0.2413793,open,2021-06-29T09:13:00Z,147,462,0,609,609,18494[Konrad-Adenauer-Straße],2021-06-29T09:17:02.489Z
0.028860029,open,2021-06-29T09:13:00Z,20,673,0,693,693,24278[Karstadt],2021-06-29T09:17:02.489Z
0.94400895,open,2021-06-29T09:34:00Z,843,50,0,893,893,24277[Börse],2021-06-29T09:37:02.560Z
0.6533333,open,2021-06-29T09:34:00Z,98,52,200,350,150,24276[Turmcenter],2021-06-29T09:37:02.560Z
0.75373137,open,2021-06-29T09:34:00Z,303,99,0,402,402,18944[Alte Oper],2021-06-29T09:37:02.560Z
0.42582417,open,2021-06-29T09:34:00Z,155,209,0,364,364,24281[Hauptbahnhof Süd],2021-06-29T09:37:02.560Z
0.5648949,open,2021-06-29T09:34:00Z,457,352,0,809,809,24279[Konstabler],2021-06-29T09:37:02.560Z
0.96713614,open,2021-06-29T09:34:00Z,412,14,0,426,426,18497[Hauptwache],2021-06-29T09:37:02.560Z
0.69411767,open,2021-06-29T09:34:00Z,472,208,0,680,680,18495[Am Gericht],2021-06-29T09:37:02.560Z
0.26169404,open,2021-06-29T09:34:00Z,207,584,75,866,791,109240[MyZeil],2021-06-29T09:37:02.560Z
0.26108375,open,2021-06-29T09:34:00Z,159,450,0,609,609,18494[Konrad-Adenauer-Straße],2021-06-29T09:37:02.560Z
0.024531025,open,2021-06-29T09:34:00Z,17,676,0,693,693,24278[Karstadt],2021-06-29T09:37:02.560Z
0.94400895,open,2021-06-29T09:44:00Z,843,50,0,893,893,24277[Börse],2021-06-29T09:47:00.034Z
0.64,open,2021-06-29T09:44:00Z,96,54,200,350,150,24276[Turmcenter],2021-06-29T09:47:00.034Z
0.76616913,open,2021-06-29T09:44:00Z,308,94,0,402,402,18944[Alte Oper],2021-06-29T09:47:00.034Z
0.42582417,open,2021-06-29T09:44:00Z,155,209,0,364,364,24281[Hauptbahnhof Süd],2021-06-29T09:47:00.034Z
0.5822002,open,2021-06-29T09:44:00Z,471,338,0,809,809,24279[Konstabler],2021-06-29T09:47:00.034Z
0.9835681,open,2021-06-29T09:44:00Z,419,7,0,426,426,18497[Hauptwache],2021-06-29T09:47:00.034Z
0.6897059,open,2021-06-29T09:44:00Z,469,211,0,680,680,18495[Am Gericht],2021-06-29T09:47:00.034Z
0.2642225,open,2021-06-29T09:44:00Z,209,582,75,866,791,109240[MyZeil],2021-06-29T09:47:00.034Z
0.2676519,open,2021-06-29T09:44:00Z,163,446,0,609,609,18494[Konrad-Adenauer-Straße],2021-06-29T09:47:00.034Z
0.023088023,open,2021-06-29T09:44:00Z,16,677,0,693,693,24278[Karstadt],2021-06-29T09:47:00.034Z
0.94400895,open,2021-06-29T10:24:00Z,843,50,0,893,893,24277[Börse],2021-06-29T10:27:02.604Z
0.54,open,2021-06-29T10:24:00Z,81,69,200,350,150,24276[Turmcenter],2021-06-29T10:27:02.604Z
0.79850745,open,2021-06-29T10:24:00Z,321,81,0,402,402,18944[Alte Oper],2021-06-29T10:27:02.604Z
0.43956044,open,2021-06-29T10:24:00Z,160,204,0,364,364,24281[Hauptbahnhof Süd],2021-06-29T10:27:02.604Z
0.631644,open,2021-06-29T10:24:00Z,511,298,0,809,809,24279[Konstabler],2021-06-29T10:27:02.604Z
0.9882629,open,2021-06-29T10:24:00Z,421,5,0,426,426,18497[Hauptwache],2021-06-29T10:27:02.604Z
0.62058824,open,2021-06-29T10:24:00Z,422,258,0,680,680,18495[Am Gericht],2021-06-29T10:27:02.604Z
0.27180785,open,2021-06-29T10:24:00Z,215,576,75,866,791,109240[MyZeil],2021-06-29T10:27:02.604Z
0.27586207,open,2021-06-29T10:24:00Z,168,441,0,609,609,18494[Konrad-Adenauer-Straße],2021-06-29T10:27:02.604Z
0,open,2021-06-29T10:24:00Z,0,693,0,693,693,24278[Karstadt],2021-06-29T10:27:02.604Z
0.94400895,open,2021-06-29T10:39:00Z,843,50,0,893,893,24277[Börse],2021-06-29T10:42:00.411Z
0.5733333,open,2021-06-29T10:39:00Z,86,64,200,350,150,24276[Turmcenter],2021-06-29T10:42:00.411Z
0.78606963,open,2021-06-29T10:39:00Z,316,86,0,402,402,18944[Alte Oper],2021-06-29T10:42:00.411Z
0.42307693,open,2021-06-29T10:39:00Z,154,210,0,364,364,24281[Hauptbahnhof Süd],2021-06-29T10:42:00.411Z
0.64276886,open,2021-06-29T10:39:00Z,520,289,0,809,809,24279[Konstabler],2021-06-29T10:42:00.411Z
0.9929578,open,2021-06-29T10:39:00Z,423,3,0,426,426,18497[Hauptwache],2021-06-29T10:42:00.411Z
0.60588235,open,2021-06-29T10:39:00Z,412,268,0,680,680,18495[Am Gericht],2021-06-29T10:42:00.411Z
0.2920354,open,2021-06-29T10:39:00Z,231,560,75,866,791,109240[MyZeil],2021-06-29T10:42:00.411Z
0.27422002,open,2021-06-29T10:39:00Z,167,442,0,609,609,18494[Konrad-Adenauer-Straße],2021-06-29T10:42:00.411Z
0,open,2021-06-29T10:39:00Z,0,693,0,693,693,24278[Karstadt],2021-06-29T10:42:00.411Z
0.94400895,open,2021-06-29T10:49:00Z,843,50,0,893,893,24277[Börse],2021-06-29T10:52:00.023Z
0.58,open,2021-06-29T10:49:00Z,87,63,200,350,150,24276[Turmcenter],2021-06-29T10:52:00.023Z
0.78109455,open,2021-06-29T10:49:00Z,314,88,0,402,402,18944[Alte Oper],2021-06-29T10:52:00.023Z
0.42032966,open,2021-06-29T10:49:00Z,153,211,0,364,364,24281[Hauptbahnhof Süd],2021-06-29T10:52:00.023Z
0.6526576,open,2021-06-29T10:49:00Z,528,281,0,809,809,24279[Konstabler],2021-06-29T10:52:00.023Z
0.97887325,open,2021-06-29T10:49:00Z,417,9,0,426,426,18497[Hauptwache],2021-06-29T10:52:00.023Z
0.5985294,open,2021-06-29T10:49:00Z,407,273,0,680,680,18495[Am Gericht],2021-06-29T10:52:00.023Z
0.2970923,open,2021-06-29T10:49:00Z,235,556,75,866,791,109240[MyZeil],2021-06-29T10:52:00.023Z
0.26436782,open,2021-06-29T10:49:00Z,161,448,0,609,609,18494[Konrad-Adenauer-Straße],2021-06-29T10:52:00.023Z
0,open,2021-06-29T10:49:00Z,0,693,0,693,693,24278[Karstadt],2021-06-29T10:52:00.023Z
0.94400895,open,2021-06-29T11:04:00Z,843,50,0,893,893,24277[Börse],2021-06-29T11:07:02.647Z
0.42,open,2021-06-29T11:04:00Z,63,87,200,350,150,24276[Turmcenter],2021-06-29T11:07:02.647Z
0.7835821,open,2021-06-29T11:04:00Z,315,87,0,402,402,18944[Alte Oper],2021-06-29T11:07:02.647Z
0.42857143,open,2021-06-29T11:04:00Z,156,208,0,364,364,24281[Hauptbahnhof Süd],2021-06-29T11:07:02.647Z
0.67490727,open,2021-06-29T11:04:00Z,546,263,0,809,809,24279[Konstabler],2021-06-29T11:07:02.647Z
0.97183096,open,2021-06-29T11:04:00Z,414,12,0,426,426,18497[Hauptwache],2021-06-29T11:07:02.647Z
0.5808824,open,2021-06-29T11:04:00Z,395,285,0,680,680,18495[Am Gericht],2021-06-29T11:07:02.647Z
0.2920354,open,2021-06-29T11:04:00Z,231,560,75,866,791,109240[MyZeil],2021-06-29T11:07:02.647Z
0.25615764,open,2021-06-29T11:04:00Z,156,453,0,609,609,18494[Konrad-Adenauer-Straße],2021-06-29T11:07:02.647Z
0.0014430014,open,2021-06-29T11:04:00Z,1,692,0,693,693,24278[Karstadt],2021-06-29T11:07:02.647Z
0.94400895,open,2021-06-29T11:24:00Z,843,50,0,893,893,24277[Börse],2021-06-29T11:27:01.354Z
0.33333334,open,2021-06-29T11:24:00Z,50,100,200,350,150,24276[Turmcenter],2021-06-29T11:27:01.354Z
0.78855723,open,2021-06-29T11:24:00Z,317,85,0,402,402,18944[Alte Oper],2021-06-29T11:27:01.354Z
0.41208792,open,2021-06-29T11:24:00Z,150,214,0,364,364,24281[Hauptbahnhof Süd],2021-06-29T11:27:01.354Z
0.67985165,open,2021-06-29T11:24:00Z,550,259,0,809,809,24279[Konstabler],2021-06-29T11:27:01.354Z
0.9906103,open,2021-06-29T11:24:00Z,422,4,0,426,426,18497[Hauptwache],2021-06-29T11:27:01.354Z
0.5529412,open,2021-06-29T11:24:00Z,376,304,0,680,680,18495[Am Gericht],2021-06-29T11:27:01.354Z
0.2920354,open,2021-06-29T11:24:00Z,231,560,75,866,791,109240[MyZeil],2021-06-29T11:27:01.354Z
0.272578,open,2021-06-29T11:24:00Z,166,443,0,609,609,18494[Konrad-Adenauer-Straße],2021-06-29T11:27:01.354Z
0,open,2021-06-29T11:24:00Z,0,693,0,693,693,24278[Karstadt],2021-06-29T11:27:01.354Z
0.94400895,open,2021-06-29T11:35:00Z,843,50,0,893,893,24277[Börse],2021-06-29T11:37:00.395Z
0.32666665,open,2021-06-29T11:35:00Z,49,101,200,350,150,24276[Turmcenter],2021-06-29T11:37:00.395Z
0.79850745,open,2021-06-29T11:35:00Z,321,81,0,402,402,18944[Alte Oper],2021-06-29T11:37:00.395Z
0.39835164,open,2021-06-29T11:35:00Z,145,219,0,364,364,24281[Hauptbahnhof Süd],2021-06-29T11:37:00.395Z
0.671199,open,2021-06-29T11:35:00Z,543,266,0,809,809,24279[Konstabler],2021-06-29T11:37:00.395Z
0.9600939,open,2021-06-29T11:35:00Z,409,17,0,426,426,18497[Hauptwache],2021-06-29T11:37:00.395Z
0.5470588,open,2021-06-29T11:35:00Z,372,308,0,680,680,18495[Am Gericht],2021-06-29T11:37:00.395Z
0.2920354,open,2021-06-29T11:35:00Z,231,560,75,866,791,109240[MyZeil],2021-06-29T11:37:00.395Z
0.28735632,open,2021-06-29T11:35:00Z,175,434,0,609,609,18494[Konrad-Adenauer-Straße],2021-06-29T11:37:00.395Z
0,open,2021-06-29T11:35:00Z,0,693,0,693,693,24278[Karstadt],2021-06-29T11:37:00.395Z
0.94400895,open,2021-06-29T11:45:00Z,843,50,0,893,893,24277[Börse],2021-06-29T11:47:02.153Z
0.34,open,2021-06-29T11:45:00Z,51,99,200,350,150,24276[Turmcenter],2021-06-29T11:47:02.153Z
0.7910448,open,2021-06-29T11:45:00Z,318,84,0,402,402,18944[Alte Oper],2021-06-29T11:47:02.153Z
0.39835164,open,2021-06-29T11:45:00Z,145,219,0,364,364,24281[Hauptbahnhof Süd],2021-06-29T11:47:02.153Z
0.6637824,open,2021-06-29T11:45:00Z,537,272,0,809,809,24279[Konstabler],2021-06-29T11:47:02.153Z
0.96713614,open,2021-06-29T11:45:00Z,412,14,0,426,426,18497[Hauptwache],2021-06-29T11:47:02.153Z
0.5647059,open,2021-06-29T11:45:00Z,384,296,0,680,680,18495[Am Gericht],2021-06-29T11:47:02.153Z
0.28950694,open,2021-06-29T11:45:00Z,229,562,75,866,791,109240[MyZeil],2021-06-29T11:47:02.153Z
0.28078818,open,2021-06-29T11:45:00Z,171,438,0,609,609,18494[Konrad-Adenauer-Straße],2021-06-29T11:47:02.153Z
0,open,2021-06-29T11:45:00Z,0,693,0,693,693,24278[Karstadt],2021-06-29T11:47:02.153Z
0.94400895,open,2021-06-29T11:55:00Z,843,50,0,893,893,24277[Börse],2021-06-29T11:57:01.201Z
0.33333334,open,2021-06-29T11:55:00Z,50,100,200,350,150,24276[Turmcenter],2021-06-29T11:57:01.201Z
0.7935323,open,2021-06-29T11:55:00Z,319,83,0,402,402,18944[Alte Oper],2021-06-29T11:57:01.201Z
0.39285713,open,2021-06-29T11:55:00Z,143,221,0,364,364,24281[Hauptbahnhof Süd],2021-06-29T11:57:01.201Z
0.6674907,open,2021-06-29T11:55:00Z,540,269,0,809,809,24279[Konstabler],2021-06-29T11:57:01.201Z
0.9530516,open,2021-06-29T11:55:00Z,406,20,0,426,426,18497[Hauptwache],2021-06-29T11:57:01.201Z
0.5588235,open,2021-06-29T11:55:00Z,380,300,0,680,680,18495[Am Gericht],2021-06-29T11:57:01.201Z
0.28950694,open,2021-06-29T11:55:00Z,229,562,75,866,791,109240[MyZeil],2021-06-29T11:57:01.201Z
0.27914613,open,2021-06-29T11:55:00Z,170,439,0,609,609,18494[Konrad-Adenauer-Straße],2021-06-29T11:57:01.201Z
0,open,2021-06-29T11:55:00Z,0,693,0,693,693,24278[Karstadt],2021-06-29T11:57:01.201Z
0.94400895,open,2021-06-29T12:30:00Z,843,50,0,893,893,24277[Börse],2021-06-29T12:32:01.460Z
0.29333332,open,2021-06-29T12:30:00Z,44,106,200,350,150,24276[Turmcenter],2021-06-29T12:32:01.460Z
0.76119405,open,2021-06-29T12:30:00Z,306,96,0,402,402,18944[Alte Oper],2021-06-29T12:32:01.460Z
0.36813188,open,2021-06-29T12:30:00Z,134,230,0,364,364,24281[Hauptbahnhof Süd],2021-06-29T12:32:01.460Z
0.6637824,open,2021-06-29T12:30:00Z,537,272,0,809,809,24279[Konstabler],2021-06-29T12:32:01.460Z
0.9319249,open,2021-06-29T12:30:00Z,397,29,0,426,426,18497[Hauptwache],2021-06-29T12:32:01.460Z
0.54558825,open,2021-06-29T12:30:00Z,371,309,0,680,680,18495[Am Gericht],2021-06-29T12:32:01.460Z
0.28192163,open,2021-06-29T12:30:00Z,223,568,75,866,791,109240[MyZeil],2021-06-29T12:32:01.460Z
0.29885057,open,2021-06-29T12:30:00Z,182,427,0,609,609,18494[Konrad-Adenauer-Straße],2021-06-29T12:32:01.460Z
0,open,2021-06-29T12:30:00Z,0,693,0,693,693,24278[Karstadt],2021-06-29T12:32:01.460Z
0.94400895,open,2021-06-29T13:01:00Z,843,50,0,893,893,24277[Börse],2021-06-29T13:02:01.221Z
0.31333333,open,2021-06-29T13:01:00Z,47,103,200,350,150,24276[Turmcenter],2021-06-29T13:02:01.221Z
0.7263682,open,2021-06-29T13:01:00Z,292,110,0,402,402,18944[Alte Oper],2021-06-29T13:02:01.221Z
0.32692307,open,2021-06-29T13:01:00Z,119,245,0,364,364,24281[Hauptbahnhof Süd],2021-06-29T13:02:01.221Z
0.6637824,open,2021-06-29T13:01:00Z,537,272,0,809,809,24279[Konstabler],2021-06-29T13:02:01.221Z
0.9366197,open,2021-06-29T13:01:00Z,399,27,0,426,426,18497[Hauptwache],2021-06-29T13:02:01.221Z
0.5235294,open,2021-06-29T13:01:00Z,356,324,0,680,680,18495[Am Gericht],2021-06-29T13:02:01.221Z
0.27812895,open,2021-06-29T13:01:00Z,220,571,75,866,791,109240[MyZeil],2021-06-29T13:02:01.221Z
0.26108375,open,2021-06-29T13:01:00Z,159,450,0,609,609,18494[Konrad-Adenauer-Straße],2021-06-29T13:02:01.221Z
0.0014430014,open,2021-06-29T13:01:00Z,1,692,0,693,693,24278[Karstadt],2021-06-29T13:02:01.221Z
0.94400895,open,2021-06-29T13:26:00Z,843,50,0,893,893,24277[Börse],2021-06-29T13:27:00.740Z
0.28666666,open,2021-06-29T13:26:00Z,43,107,200,350,150,24276[Turmcenter],2021-06-29T13:27:00.740Z
0.69154227,open,2021-06-29T13:26:00Z,278,124,0,402,402,18944[Alte Oper],2021-06-29T13:27:00.740Z
0.2802198,open,2021-06-29T13:26:00Z,102,262,0,364,364,24281[Hauptbahnhof Süd],2021-06-29T13:27:00.740Z
0.64029664,open,2021-06-29T13:26:00Z,518,291,0,809,809,24279[Konstabler],2021-06-29T13:27:00.740Z
0.9460094,open,2021-06-29T13:26:00Z,403,23,0,426,426,18497[Hauptwache],2021-06-29T13:27:00.740Z
0.5147059,open,2021-06-29T13:26:00Z,350,330,0,680,680,18495[Am Gericht],2021-06-29T13:27:00.740Z
0.2642225,open,2021-06-29T13:26:00Z,209,582,75,866,791,109240[MyZeil],2021-06-29T13:27:00.740Z
0.23316912,open,2021-06-29T13:26:00Z,142,467,0,609,609,18494[Konrad-Adenauer-Straße],2021-06-29T13:27:00.740Z
0,open,2021-06-29T13:26:00Z,0,693,0,693,693,24278[Karstadt],2021-06-29T13:27:00.740Z
0.94400895,open,2021-06-29T13:41:00Z,843,50,0,893,893,24277[Börse],2021-06-29T13:42:01.247Z
0.28,open,2021-06-29T13:41:00Z,42,108,200,350,150,24276[Turmcenter],2021-06-29T13:42:01.247Z
0.6965174,open,2021-06-29T13:41:00Z,280,122,0,402,402,18944[Alte Oper],2021-06-29T13:42:01.247Z
0.24725275,open,2021-06-29T13:41:00Z,90,274,0,364,364,24281[Hauptbahnhof Süd],2021-06-29T13:42:01.247Z
0.6353523,open,2021-06-29T13:41:00Z,514,295,0,809,809,24279[Konstabler],2021-06-29T13:42:01.247Z
0.943662,open,2021-06-29T13:41:00Z,402,24,0,426,426,18497[Hauptwache],2021-06-29T13:42:01.247Z
0.5,open,2021-06-29T13:41:00Z,340,340,0,680,680,18495[Am Gericht],2021-06-29T13:42:01.247Z
0.26801518,open,2021-06-29T13:41:00Z,212,579,75,866,791,109240[MyZeil],2021-06-29T13:42:01.247Z
0.23152709,open,2021-06-29T13:41:00Z,141,468,0,609,609,18494[Konrad-Adenauer-Straße],2021-06-29T13:42:01.247Z
0,open,2021-06-29T13:41:00Z,0,693,0,693,693,24278[Karstadt],2021-06-29T13:42:01.247Z
0.94400895,open,2021-06-29T13:51:00Z,843,50,0,893,893,24277[Börse],2021-06-29T13:52:01.324Z
0.28,open,2021-06-29T13:51:00Z,42,108,200,350,150,24276[Turmcenter],2021-06-29T13:52:01.324Z
0.6641791,open,2021-06-29T13:51:00Z,267,135,0,402,402,18944[Alte Oper],2021-06-29T13:52:01.324Z
0.22527473,open,2021-06-29T13:51:00Z,82,282,0,364,364,24281[Hauptbahnhof Süd],2021-06-29T13:52:01.324Z
0.62546355,open,2021-06-29T13:51:00Z,506,303,0,809,809,24279[Konstabler],2021-06-29T13:52:01.324Z
0.9342723,open,2021-06-29T13:51:00Z,398,28,0,426,426,18497[Hauptwache],2021-06-29T13:52:01.324Z
0.47941175,open,2021-06-29T13:51:00Z,326,354,0,680,680,18495[Am Gericht],2021-06-29T13:52:01.324Z
0.2629583,open,2021-06-29T13:51:00Z,208,583,75,866,791,109240[MyZeil],2021-06-29T13:52:01.324Z
0.22824302,open,2021-06-29T13:51:00Z,139,470,0,609,609,18494[Konrad-Adenauer-Straße],2021-06-29T13:52:01.324Z
0,open,2021-06-29T13:51:00Z,0,693,0,693,693,24278[Karstadt],2021-06-29T13:52:01.324Z
0.94400895,open,2021-06-29T14:06:00Z,843,50,0,893,893,24277[Börse],2021-06-29T14:07:00.914Z
0.28,open,2021-06-29T14:06:00Z,42,108,200,350,150,24276[Turmcenter],2021-06-29T14:07:00.914Z
0.6268657,open,2021-06-29T14:06:00Z,252,150,0,402,402,18944[Alte Oper],2021-06-29T14:07:00.914Z
0.1978022,open,2021-06-29T14:06:00Z,72,292,0,364,364,24281[Hauptbahnhof Süd],2021-06-29T14:07:00.914Z
0.6143387,open,2021-06-29T14:06:00Z,497,312,0,809,809,24279[Konstabler],2021-06-29T14:07:00.914Z
0.90140843,open,2021-06-29T14:06:00Z,384,42,0,426,426,18497[Hauptwache],2021-06-29T14:07:00.914Z
0.44852942,open,2021-06-29T14:06:00Z,305,375,0,680,680,18495[Am Gericht],2021-06-29T14:07:00.914Z
0.25663716,open,2021-06-29T14:06:00Z,203,588,75,866,791,109240[MyZeil],2021-06-29T14:07:00.914Z
0.22660099,open,2021-06-29T14:06:00Z,138,471,0,609,609,18494[Konrad-Adenauer-Straße],2021-06-29T14:07:00.914Z
0,open,2021-06-29T14:06:00Z,0,693,0,693,693,24278[Karstadt],2021-06-29T14:07:00.914Z
0.94400895,open,2021-06-29T14:21:00Z,843,50,0,893,893,24277[Börse],2021-06-29T14:22:00.014Z
0.26666668,open,2021-06-29T14:21:00Z,40,110,200,350,150,24276[Turmcenter],2021-06-29T14:22:00.014Z
0.5995025,open,2021-06-29T14:21:00Z,241,161,0,402,402,18944[Alte Oper],2021-06-29T14:22:00.014Z
0.17857143,open,2021-06-29T14:21:00Z,65,299,0,364,364,24281[Hauptbahnhof Süd],2021-06-29T14:22:00.014Z
0.5957973,open,2021-06-29T14:21:00Z,482,327,0,809,809,24279[Konstabler],2021-06-29T14:22:00.014Z
0.86150235,open,2021-06-29T14:21:00Z,367,59,0,426,426,18497[Hauptwache],2021-06-29T14:22:00.014Z
0.41617647,open,2021-06-29T14:21:00Z,283,397,0,680,680,18495[Am Gericht],2021-06-29T14:22:00.014Z
0.2528445,open,2021-06-29T14:21:00Z,200,591,75,866,791,109240[MyZeil],2021-06-29T14:22:00.014Z
0.20525451,open,2021-06-29T14:21:00Z,125,484,0,609,609,18494[Konrad-Adenauer-Straße],2021-06-29T14:22:00.014Z
0,open,2021-06-29T14:21:00Z,0,693,0,693,693,24278[Karstadt],2021-06-29T14:22:00.014Z
0.94400895,open,2021-06-29T14:31:00Z,843,50,0,893,893,24277[Börse],2021-06-29T14:37:02.247Z
0.27333334,open,2021-06-29T14:31:00Z,41,109,200,350,150,24276[Turmcenter],2021-06-29T14:37:02.247Z
0.579602,open,2021-06-29T14:31:00Z,233,169,0,402,402,18944[Alte Oper],2021-06-29T14:37:02.247Z
0.17032968,open,2021-06-29T14:31:00Z,62,302,0,364,364,24281[Hauptbahnhof Süd],2021-06-29T14:37:02.247Z
0.578492,open,2021-06-29T14:31:00Z,468,341,0,809,809,24279[Konstabler],2021-06-29T14:37:02.247Z
0.8333333,open,2021-06-29T14:31:00Z,355,71,0,426,426,18497[Hauptwache],2021-06-29T14:37:02.247Z
0.4014706,open,2021-06-29T14:31:00Z,273,407,0,680,680,18495[Am Gericht],2021-06-29T14:37:02.247Z
0.2528445,open,2021-06-29T14:31:00Z,200,591,75,866,791,109240[MyZeil],2021-06-29T14:37:02.247Z
0.19376026,open,2021-06-29T14:31:00Z,118,491,0,609,609,18494[Konrad-Adenauer-Straße],2021-06-29T14:37:02.247Z
0,open,2021-06-29T14:31:00Z,0,693,0,693,693,24278[Karstadt],2021-06-29T14:37:02.247Z
0.94400895,open,2021-06-29T14:42:00Z,843,50,0,893,893,24277[Börse],2021-06-29T14:47:02.538Z
0.25333333,open,2021-06-29T14:42:00Z,38,112,200,350,150,24276[Turmcenter],2021-06-29T14:47:02.538Z
0.54228854,open,2021-06-29T14:42:00Z,218,184,0,402,402,18944[Alte Oper],2021-06-29T14:47:02.538Z
0.16483517,open,2021-06-29T14:42:00Z,60,304,0,364,364,24281[Hauptbahnhof Süd],2021-06-29T14:47:02.538Z
0.56613106,open,2021-06-29T14:42:00Z,458,351,0,809,809,24279[Konstabler],2021-06-29T14:47:02.538Z
0.814554,open,2021-06-29T14:42:00Z,347,79,0,426,426,18497[Hauptwache],2021-06-29T14:47:02.538Z
0.3852941,open,2021-06-29T14:42:00Z,262,418,0,680,680,18495[Am Gericht],2021-06-29T14:47:02.538Z
0.24778761,open,2021-06-29T14:42:00Z,196,595,75,866,791,109240[MyZeil],2021-06-29T14:47:02.538Z
0.18719211,open,2021-06-29T14:42:00Z,114,495,0,609,609,18494[Konrad-Adenauer-Straße],2021-06-29T14:47:02.538Z
0,open,2021-06-29T14:42:00Z,0,693,0,693,693,24278[Karstadt],2021-06-29T14:47:02.538Z
0.94400895,open,2021-06-29T14:52:00Z,843,50,0,893,893,24277[Börse],2021-06-29T14:57:00.647Z
0.2,open,2021-06-29T14:52:00Z,30,120,200,350,150,24276[Turmcenter],2021-06-29T14:57:00.647Z
0.51492536,open,2021-06-29T14:52:00Z,207,195,0,402,402,18944[Alte Oper],2021-06-29T14:57:00.647Z
0.14285715,open,2021-06-29T14:52:00Z,52,312,0,364,364,24281[Hauptbahnhof Süd],2021-06-29T14:57:00.647Z
0.55747837,open,2021-06-29T14:52:00Z,451,358,0,809,809,24279[Konstabler],2021-06-29T14:57:00.647Z
0.7652582,open,2021-06-29T14:52:00Z,326,100,0,426,426,18497[Hauptwache],2021-06-29T14:57:00.647Z
0.36764705,open,2021-06-29T14:52:00Z,250,430,0,680,680,18495[Am Gericht],2021-06-29T14:57:00.647Z
0.24146649,open,2021-06-29T14:52:00Z,191,600,75,866,791,109240[MyZeil],2021-06-29T14:57:00.647Z
0.16912971,open,2021-06-29T14:52:00Z,103,506,0,609,609,18494[Konrad-Adenauer-Straße],2021-06-29T14:57:00.647Z
0,open,2021-06-29T14:52:00Z,0,693,0,693,693,24278[Karstadt],2021-06-29T14:57:00.647Z
0.94400895,open,2021-06-29T15:17:00Z,843,50,0,893,893,24277[Börse],2021-06-29T15:22:00.378Z
0.08,open,2021-06-29T15:17:00Z,12,138,200,350,150,24276[Turmcenter],2021-06-29T15:22:00.378Z
0.48258707,open,2021-06-29T15:17:00Z,194,208,0,402,402,18944[Alte Oper],2021-06-29T15:22:00.378Z
0.11263736,open,2021-06-29T15:17:00Z,41,323,0,364,364,24281[Hauptbahnhof Süd],2021-06-29T15:22:00.378Z
0.487021,open,2021-06-29T15:17:00Z,394,415,0,809,809,24279[Konstabler],2021-06-29T15:22:00.378Z
0.713615,open,2021-06-29T15:17:00Z,304,122,0,426,426,18497[Hauptwache],2021-06-29T15:22:00.378Z
0.3485294,open,2021-06-29T15:17:00Z,237,443,0,680,680,18495[Am Gericht],2021-06-29T15:22:00.378Z
0.2250316,open,2021-06-29T15:17:00Z,178,613,75,866,791,109240[MyZeil],2021-06-29T15:22:00.378Z
0.14614122,open,2021-06-29T15:17:00Z,89,520,0,609,609,18494[Konrad-Adenauer-Straße],2021-06-29T15:22:00.378Z
0,open,2021-06-29T15:17:00Z,0,693,0,693,693,24278[Karstadt],2021-06-29T15:22:00.378Z
0.94400895,open,2021-06-29T15:37:00Z,843,50,0,893,893,24277[Börse],2021-06-29T15:42:01.795Z
0,open,2021-06-29T15:37:00Z,0,150,200,350,150,24276[Turmcenter],2021-06-29T15:42:01.795Z
0.44527364,open,2021-06-29T15:37:00Z,179,223,0,402,402,18944[Alte Oper],2021-06-29T15:42:01.795Z
0.104395606,open,2021-06-29T15:37:00Z,38,326,0,364,364,24281[Hauptbahnhof Süd],2021-06-29T15:42:01.795Z
0.45982695,open,2021-06-29T15:37:00Z,372,437,0,809,809,24279[Konstabler],2021-06-29T15:42:01.795Z
0.6737089,open,2021-06-29T15:37:00Z,287,139,0,426,426,18497[Hauptwache],2021-06-29T15:42:01.795Z
0.31470588,open,2021-06-29T15:37:00Z,214,466,0,680,680,18495[Am Gericht],2021-06-29T15:42:01.795Z
0.21744627,open,2021-06-29T15:37:00Z,172,619,75,866,791,109240[MyZeil],2021-06-29T15:42:01.795Z
0.124794744,open,2021-06-29T15:37:00Z,76,533,0,609,609,18494[Konrad-Adenauer-Straße],2021-06-29T15:42:01.795Z
0,open,2021-06-29T15:37:00Z,0,693,0,693,693,24278[Karstadt],2021-06-29T15:42:01.795Z
0.94400895,open,2021-06-29T15:47:00Z,843,50,0,893,893,24277[Börse],2021-06-29T15:52:00.761Z
0.006666667,open,2021-06-29T15:47:00Z,1,149,200,350,150,24276[Turmcenter],2021-06-29T15:52:00.761Z
0.42537314,open,2021-06-29T15:47:00Z,171,231,0,402,402,18944[Alte Oper],2021-06-29T15:52:00.761Z
0.093406595,open,2021-06-29T15:47:00Z,34,330,0,364,364,24281[Hauptbahnhof Süd],2021-06-29T15:52:00.761Z
0.44128555,open,2021-06-29T15:47:00Z,357,452,0,809,809,24279[Konstabler],2021-06-29T15:52:00.761Z
0.64084506,open,2021-06-29T15:47:00Z,273,153,0,426,426,18497[Hauptwache],2021-06-29T15:52:00.761Z
0.30588236,open,2021-06-29T15:47:00Z,208,472,0,680,680,18495[Am Gericht],2021-06-29T15:52:00.761Z
0.21112517,open,2021-06-29T15:47:00Z,167,624,75,866,791,109240[MyZeil],2021-06-29T15:52:00.761Z
0.12151067,open,2021-06-29T15:47:00Z,74,535,0,609,609,18494[Konrad-Adenauer-Straße],2021-06-29T15:52:00.761Z
0,open,2021-06-29T15:47:00Z,0,693,0,693,693,24278[Karstadt],2021-06-29T15:52:00.761Z
0.94400895,open,2021-06-29T16:23:00Z,843,50,0,893,893,24277[Börse],2021-06-29T16:27:02.619Z
0,open,2021-06-29T16:23:00Z,0,150,200,350,150,24276[Turmcenter],2021-06-29T16:27:02.619Z
0.3955224,open,2021-06-29T16:23:00Z,159,243,0,402,402,18944[Alte Oper],2021-06-29T16:27:02.619Z
0.07417583,open,2021-06-29T16:23:00Z,27,337,0,364,364,24281[Hauptbahnhof Süd],2021-06-29T16:27:02.619Z
0.40296662,open,2021-06-29T16:23:00Z,326,483,0,809,809,24279[Konstabler],2021-06-29T16:27:02.619Z
0.6596244,open,2021-06-29T16:23:00Z,281,145,0,426,426,18497[Hauptwache],2021-06-29T16:27:02.619Z
0.28529412,open,2021-06-29T16:23:00Z,194,486,0,680,680,18495[Am Gericht],2021-06-29T16:27:02.619Z
0.18204804,open,2021-06-29T16:23:00Z,144,647,75,866,791,109240[MyZeil],2021-06-29T16:27:02.619Z
0.1182266,open,2021-06-29T16:23:00Z,72,537,0,609,609,18494[Konrad-Adenauer-Straße],2021-06-29T16:27:02.619Z
0,open,2021-06-29T16:23:00Z,0,693,0,693,693,24278[Karstadt],2021-06-29T16:27:02.619Z
0.94400895,open,2021-06-29T16:58:00Z,843,50,0,893,893,24277[Börse],2021-06-29T17:02:00.989Z
0.035,open,2021-06-29T16:58:00Z,7,193,150,350,200,24276[Turmcenter],2021-06-29T17:02:00.989Z
0.40298507,open,2021-06-29T16:58:00Z,162,240,0,402,402,18944[Alte Oper],2021-06-29T17:02:00.989Z
0.06318682,open,2021-06-29T16:58:00Z,23,341,0,364,364,24281[Hauptbahnhof Süd],2021-06-29T17:02:00.989Z
0.39925835,open,2021-06-29T16:58:00Z,323,486,0,809,809,24279[Konstabler],2021-06-29T17:02:00.989Z
0.65258217,open,2021-06-29T16:58:00Z,278,148,0,426,426,18497[Hauptwache],2021-06-29T17:02:00.989Z
0.28235295,open,2021-06-29T16:58:00Z,192,488,0,680,680,18495[Am Gericht],2021-06-29T17:02:00.989Z
0.18204804,open,2021-06-29T16:58:00Z,144,647,75,866,791,109240[MyZeil],2021-06-29T17:02:00.989Z
0.1182266,open,2021-06-29T16:58:00Z,72,537,0,609,609,18494[Konrad-Adenauer-Straße],2021-06-29T17:02:00.989Z
0.0014430014,open,2021-06-29T16:58:00Z,1,692,0,693,693,24278[Karstadt],2021-06-29T17:02:00.989Z
0.94400895,open,2021-06-29T17:23:00Z,843,50,0,893,893,24277[Börse],2021-06-29T17:27:00.139Z
0.015,open,2021-06-29T17:23:00Z,3,197,150,350,200,24276[Turmcenter],2021-06-29T17:27:00.139Z
0.4079602,open,2021-06-29T17:23:00Z,164,238,0,402,402,18944[Alte Oper],2021-06-29T17:27:00.139Z
0.054945055,open,2021-06-29T17:23:00Z,20,344,0,364,364,24281[Hauptbahnhof Süd],2021-06-29T17:27:00.139Z
0.3671199,open,2021-06-29T17:23:00Z,297,512,0,809,809,24279[Konstabler],2021-06-29T17:27:00.139Z
0.63380283,open,2021-06-29T17:23:00Z,270,156,0,426,426,18497[Hauptwache],2021-06-29T17:27:00.139Z
0.2764706,open,2021-06-29T17:23:00Z,188,492,0,680,680,18495[Am Gericht],2021-06-29T17:27:00.139Z
0.1795196,open,2021-06-29T17:23:00Z,142,649,75,866,791,109240[MyZeil],2021-06-29T17:27:00.139Z
0.119868636,open,2021-06-29T17:23:00Z,73,536,0,609,609,18494[Konrad-Adenauer-Straße],2021-06-29T17:27:00.139Z
0,open,2021-06-29T17:23:00Z,0,693,0,693,693,24278[Karstadt],2021-06-29T17:27:00.139Z
0.94400895,open,2021-06-29T17:39:00Z,843,50,0,893,893,24277[Börse],2021-06-29T17:42:02.446Z
0,open,2021-06-29T17:39:00Z,0,200,150,350,200,24276[Turmcenter],2021-06-29T17:42:02.446Z
0.4079602,open,2021-06-29T17:39:00Z,164,238,0,402,402,18944[Alte Oper],2021-06-29T17:42:02.446Z
0.054945055,open,2021-06-29T17:39:00Z,20,344,0,364,364,24281[Hauptbahnhof Süd],2021-06-29T17:42:02.446Z
0.36217552,open,2021-06-29T17:39:00Z,293,516,0,809,809,24279[Konstabler],2021-06-29T17:42:02.446Z
0.6220657,open,2021-06-29T17:39:00Z,265,161,0,426,426,18497[Hauptwache],2021-06-29T17:42:02.446Z
0.2735294,open,2021-06-29T17:39:00Z,186,494,0,680,680,18495[Am Gericht],2021-06-29T17:42:02.446Z
0.17319848,open,2021-06-29T17:39:00Z,137,654,75,866,791,109240[MyZeil],2021-06-29T17:42:02.446Z
0.11494253,open,2021-06-29T17:39:00Z,70,539,0,609,609,18494[Konrad-Adenauer-Straße],2021-06-29T17:42:02.446Z
0,closed,2021-06-29T17:39:00Z,,693,0,0,0,24278[Karstadt],2021-06-29T17:42:02.446Z
0.94400895,open,2021-06-29T17:54:00Z,843,50,0,893,893,24277[Börse],2021-06-29T17:57:01.833Z
0,open,2021-06-29T17:54:00Z,0,200,150,350,200,24276[Turmcenter],2021-06-29T17:57:01.833Z
0.4079602,open,2021-06-29T17:54:00Z,164,238,0,402,402,18944[Alte Oper],2021-06-29T17:57:01.833Z
0.054945055,open,2021-06-29T17:54:00Z,20,344,0,364,364,24281[Hauptbahnhof Süd],2021-06-29T17:57:01.833Z
0.34239802,open,2021-06-29T17:54:00Z,277,532,0,809,809,24279[Konstabler],2021-06-29T17:57:01.833Z
0.6173709,open,2021-06-29T17:54:00Z,263,163,0,426,426,18497[Hauptwache],2021-06-29T17:57:01.833Z
0.27058825,open,2021-06-29T17:54:00Z,184,496,0,680,680,18495[Am Gericht],2021-06-29T17:57:01.833Z
0.1630847,open,2021-06-29T17:54:00Z,129,662,75,866,791,109240[MyZeil],2021-06-29T17:57:01.833Z
0.10509031,open,2021-06-29T17:54:00Z,64,545,0,609,609,18494[Konrad-Adenauer-Straße],2021-06-29T17:57:01.833Z
0,closed,2021-06-29T17:54:00Z,,693,0,0,0,24278[Karstadt],2021-06-29T17:57:01.833Z
0.94400895,open,2021-06-29T18:19:00Z,843,50,0,893,893,24277[Börse],2021-06-29T18:22:02.250Z
0.005,open,2021-06-29T18:19:00Z,1,199,150,350,200,24276[Turmcenter],2021-06-29T18:22:02.250Z
0.3955224,open,2021-06-29T18:19:00Z,159,243,0,402,402,18944[Alte Oper],2021-06-29T18:22:02.250Z
0.046703298,open,2021-06-29T18:19:00Z,17,347,0,364,364,24281[Hauptbahnhof Süd],2021-06-29T18:22:02.250Z
0.3065513,open,2021-06-29T18:19:00Z,248,561,0,809,809,24279[Konstabler],2021-06-29T18:22:02.250Z
0.58685446,open,2021-06-29T18:19:00Z,250,176,0,426,426,18497[Hauptwache],2021-06-29T18:22:02.250Z
0.24411765,open,2021-06-29T18:19:00Z,166,514,0,680,680,18495[Am Gericht],2021-06-29T18:22:02.250Z
0.14917825,open,2021-06-29T18:19:00Z,118,673,75,866,791,109240[MyZeil],2021-06-29T18:22:02.250Z
0.106732346,open,2021-06-29T18:19:00Z,65,544,0,609,609,18494[Konrad-Adenauer-Straße],2021-06-29T18:22:02.250Z
0,closed,2021-06-29T18:19:00Z,,693,0,0,0,24278[Karstadt],2021-06-29T18:22:02.250Z
0.94400895,open,2021-06-29T18:44:00Z,843,50,0,893,893,24277[Börse],2021-06-29T18:47:00.950Z
0,open,2021-06-29T18:44:00Z,0,200,150,350,200,24276[Turmcenter],2021-06-29T18:47:00.950Z
0.3681592,open,2021-06-29T18:44:00Z,148,254,0,402,402,18944[Alte Oper],2021-06-29T18:47:00.950Z
0.046703298,open,2021-06-29T18:44:00Z,17,347,0,364,364,24281[Hauptbahnhof Süd],2021-06-29T18:47:00.950Z
0.30037084,open,2021-06-29T18:44:00Z,243,566,0,809,809,24279[Konstabler],2021-06-29T18:47:00.950Z
0.5610329,open,2021-06-29T18:44:00Z,239,187,0,426,426,18497[Hauptwache],2021-06-29T18:47:00.950Z
0.24264705,open,2021-06-29T18:44:00Z,165,515,0,680,680,18495[Am Gericht],2021-06-29T18:47:00.950Z
0.13780025,open,2021-06-29T18:44:00Z,109,682,75,866,791,109240[MyZeil],2021-06-29T18:47:00.950Z
0.0952381,open,2021-06-29T18:44:00Z,58,551,0,609,609,18494[Konrad-Adenauer-Straße],2021-06-29T18:47:00.950Z
0,closed,2021-06-29T18:44:00Z,,693,0,0,0,24278[Karstadt],2021-06-29T18:47:00.950Z
0.94400895,open,2021-06-29T18:55:00Z,843,50,0,893,893,24277[Börse],2021-06-29T18:57:00.170Z
0,open,2021-06-29T18:55:00Z,0,200,150,350,200,24276[Turmcenter],2021-06-29T18:57:00.170Z
0.36567163,open,2021-06-29T18:55:00Z,147,255,0,402,402,18944[Alte Oper],2021-06-29T18:57:00.170Z
0.043956045,open,2021-06-29T18:55:00Z,16,348,0,364,364,24281[Hauptbahnhof Süd],2021-06-29T18:57:00.170Z
0.29295427,open,2021-06-29T18:55:00Z,237,572,0,809,809,24279[Konstabler],2021-06-29T18:57:00.170Z
0.5539906,open,2021-06-29T18:55:00Z,236,190,0,426,426,18497[Hauptwache],2021-06-29T18:57:00.170Z
0.23970588,open,2021-06-29T18:55:00Z,163,517,0,680,680,18495[Am Gericht],2021-06-29T18:57:00.170Z
0.13400759,open,2021-06-29T18:55:00Z,106,685,75,866,791,109240[MyZeil],2021-06-29T18:57:00.170Z
0.09031199,open,2021-06-29T18:55:00Z,55,554,0,609,609,18494[Konrad-Adenauer-Straße],2021-06-29T18:57:00.170Z
0,closed,2021-06-29T18:55:00Z,,693,0,0,0,24278[Karstadt],2021-06-29T18:57:00.170Z
0.94400895,open,2021-06-29T19:15:00Z,843,50,0,893,893,24277[Börse],2021-06-29T19:17:02.874Z
0,open,2021-06-29T19:15:00Z,0,200,150,350,200,24276[Turmcenter],2021-06-29T19:17:02.874Z
0.3631841,open,2021-06-29T19:15:00Z,146,256,0,402,402,18944[Alte Oper],2021-06-29T19:17:02.874Z
0.043956045,open,2021-06-29T19:15:00Z,16,348,0,364,364,24281[Hauptbahnhof Süd],2021-06-29T19:17:02.874Z
0.29171818,open,2021-06-29T19:15:00Z,236,573,0,809,809,24279[Konstabler],2021-06-29T19:17:02.874Z
0.5422535,open,2021-06-29T19:15:00Z,231,195,0,426,426,18497[Hauptwache],2021-06-29T19:17:02.874Z
0.24117647,open,2021-06-29T19:15:00Z,164,516,0,680,680,18495[Am Gericht],2021-06-29T19:17:02.874Z
0.13147914,open,2021-06-29T19:15:00Z,104,687,75,866,791,109240[MyZeil],2021-06-29T19:17:02.874Z
0.087027915,open,2021-06-29T19:15:00Z,53,556,0,609,609,18494[Konrad-Adenauer-Straße],2021-06-29T19:17:02.874Z
0,closed,2021-06-29T19:15:00Z,,693,0,0,0,24278[Karstadt],2021-06-29T19:17:02.874Z
0.94400895,open,2021-06-29T19:25:00Z,843,50,0,893,893,24277[Börse],2021-06-29T19:27:02.448Z
0,open,2021-06-29T19:25:00Z,0,200,150,350,200,24276[Turmcenter],2021-06-29T19:27:02.448Z
0.3681592,open,2021-06-29T19:25:00Z,148,254,0,402,402,18944[Alte Oper],2021-06-29T19:27:02.448Z
0.043956045,open,2021-06-29T19:25:00Z,16,348,0,364,364,24281[Hauptbahnhof Süd],2021-06-29T19:27:02.448Z
0.2867738,open,2021-06-29T19:25:00Z,232,577,0,809,809,24279[Konstabler],2021-06-29T19:27:02.448Z
0.53051645,open,2021-06-29T19:25:00Z,226,200,0,426,426,18497[Hauptwache],2021-06-29T19:27:02.448Z
0.2367647,open,2021-06-29T19:25:00Z,161,519,0,680,680,18495[Am Gericht],2021-06-29T19:27:02.448Z
0.12768647,open,2021-06-29T19:25:00Z,101,690,75,866,791,109240[MyZeil],2021-06-29T19:27:02.448Z
0.08374384,open,2021-06-29T19:25:00Z,51,558,0,609,609,18494[Konrad-Adenauer-Straße],2021-06-29T19:27:02.448Z
0,closed,2021-06-29T19:25:00Z,,693,0,0,0,24278[Karstadt],2021-06-29T19:27:02.448Z
0.94400895,open,2021-06-29T19:36:00Z,843,50,0,893,893,24277[Börse],2021-06-29T19:37:01.844Z
0,open,2021-06-29T19:36:00Z,0,200,150,350,200,24276[Turmcenter],2021-06-29T19:37:01.844Z
0.3631841,open,2021-06-29T19:36:00Z,146,256,0,402,402,18944[Alte Oper],2021-06-29T19:37:01.844Z
0.043956045,open,2021-06-29T19:36:00Z,16,348,0,364,364,24281[Hauptbahnhof Süd],2021-06-29T19:37:01.844Z
0.28306553,open,2021-06-29T19:36:00Z,229,580,0,809,809,24279[Konstabler],2021-06-29T19:37:01.844Z
0.53286386,open,2021-06-29T19:36:00Z,227,199,0,426,426,18497[Hauptwache],2021-06-29T19:37:01.844Z
0.23382352,open,2021-06-29T19:36:00Z,159,521,0,680,680,18495[Am Gericht],2021-06-29T19:37:01.844Z
0.12768647,open,2021-06-29T19:36:00Z,101,690,75,866,791,109240[MyZeil],2021-06-29T19:37:01.844Z
0.07553366,open,2021-06-29T19:36:00Z,46,563,0,609,609,18494[Konrad-Adenauer-Straße],2021-06-29T19:37:01.844Z
0,closed,2021-06-29T19:36:00Z,,693,0,0,0,24278[Karstadt],2021-06-29T19:37:01.844Z
0.94400895,open,2021-06-29T19:46:00Z,843,50,0,893,893,24277[Börse],2021-06-29T19:47:02.004Z
0,open,2021-06-29T19:46:00Z,0,200,150,350,200,24276[Turmcenter],2021-06-29T19:47:02.004Z
0.36567163,open,2021-06-29T19:46:00Z,147,255,0,402,402,18944[Alte Oper],2021-06-29T19:47:02.004Z
0.043956045,open,2021-06-29T19:46:00Z,16,348,0,364,364,24281[Hauptbahnhof Süd],2021-06-29T19:47:02.004Z
0.28059334,open,2021-06-29T19:46:00Z,227,582,0,809,809,24279[Konstabler],2021-06-29T19:47:02.004Z
0.52112675,open,2021-06-29T19:46:00Z,222,204,0,426,426,18497[Hauptwache],2021-06-29T19:47:02.004Z
0.23382352,open,2021-06-29T19:46:00Z,159,521,0,680,680,18495[Am Gericht],2021-06-29T19:47:02.004Z
0.12515803,open,2021-06-29T19:46:00Z,99,692,75,866,791,109240[MyZeil],2021-06-29T19:47:02.004Z
0.07060755,open,2021-06-29T19:46:00Z,43,566,0,609,609,18494[Konrad-Adenauer-Straße],2021-06-29T19:47:02.004Z
0,closed,2021-06-29T19:46:00Z,,693,0,0,0,24278[Karstadt],2021-06-29T19:47:02.004Z
0.94400895,open,2021-06-29T20:12:00Z,843,50,0,893,893,24277[Börse],2021-06-29T20:17:01.079Z
0,open,2021-06-29T20:12:00Z,0,200,150,350,200,24276[Turmcenter],2021-06-29T20:17:01.079Z
0.34577113,open,2021-06-29T20:12:00Z,139,263,0,402,402,18944[Alte Oper],2021-06-29T20:17:01.079Z
0.046703298,open,2021-06-29T20:12:00Z,17,347,0,364,364,24281[Hauptbahnhof Süd],2021-06-29T20:17:01.079Z
0.2669963,open,2021-06-29T20:12:00Z,216,593,0,809,809,24279[Konstabler],2021-06-29T20:17:01.079Z
0.5164319,open,2021-06-29T20:12:00Z,220,206,0,426,426,18497[Hauptwache],2021-06-29T20:17:01.079Z
0.23088235,open,2021-06-29T20:12:00Z,157,523,0,680,680,18495[Am Gericht],2021-06-29T20:17:01.079Z
0.123893805,open,2021-06-29T20:12:00Z,98,693,75,866,791,109240[MyZeil],2021-06-29T20:17:01.079Z
0.06403941,open,2021-06-29T20:12:00Z,39,570,0,609,609,18494[Konrad-Adenauer-Straße],2021-06-29T20:17:01.079Z
0,closed,2021-06-29T20:12:00Z,,693,0,0,0,24278[Karstadt],2021-06-29T20:17:01.079Z
0.94400895,open,2021-06-29T20:32:00Z,843,50,0,893,893,24277[Börse],2021-06-29T20:37:02.729Z
0,open,2021-06-29T20:32:00Z,0,200,150,350,200,24276[Turmcenter],2021-06-29T20:37:02.729Z
0.33582088,open,2021-06-29T20:32:00Z,135,267,0,402,402,18944[Alte Oper],2021-06-29T20:37:02.729Z
0.041208792,open,2021-06-29T20:32:00Z,15,349,0,364,364,24281[Hauptbahnhof Süd],2021-06-29T20:37:02.729Z
0.25957972,open,2021-06-29T20:32:00Z,210,599,0,809,809,24279[Konstabler],2021-06-29T20:37:02.729Z
0.5117371,open,2021-06-29T20:32:00Z,218,208,0,426,426,18497[Hauptwache],2021-06-29T20:37:02.729Z
0.23088235,open,2021-06-29T20:32:00Z,157,523,0,680,680,18495[Am Gericht],2021-06-29T20:37:02.729Z
0.12136536,open,2021-06-29T20:32:00Z,96,695,75,866,791,109240[MyZeil],2021-06-29T20:37:02.729Z
0.0591133,open,2021-06-29T20:32:00Z,36,573,0,609,609,18494[Konrad-Adenauer-Straße],2021-06-29T20:37:02.729Z
0,closed,2021-06-29T20:32:00Z,,693,0,0,0,24278[Karstadt],2021-06-29T20:37:02.729Z
0.94400895,open,2021-06-29T20:37:00Z,843,50,0,893,893,24277[Börse],2021-06-29T20:42:02.480Z
0,open,2021-06-29T20:37:00Z,0,200,150,350,200,24276[Turmcenter],2021-06-29T20:42:02.480Z
0.33084577,open,2021-06-29T20:37:00Z,133,269,0,402,402,18944[Alte Oper],2021-06-29T20:42:02.480Z
0.041208792,open,2021-06-29T20:37:00Z,15,349,0,364,364,24281[Hauptbahnhof Süd],2021-06-29T20:42:02.480Z
0.25834364,open,2021-06-29T20:37:00Z,209,600,0,809,809,24279[Konstabler],2021-06-29T20:42:02.480Z
0.5093897,open,2021-06-29T20:37:00Z,217,209,0,426,426,18497[Hauptwache],2021-06-29T20:42:02.480Z
0.23088235,open,2021-06-29T20:37:00Z,157,523,0,680,680,18495[Am Gericht],2021-06-29T20:42:02.480Z
0.12136536,open,2021-06-29T20:37:00Z,96,695,75,866,791,109240[MyZeil],2021-06-29T20:42:02.480Z
0.0591133,open,2021-06-29T20:37:00Z,36,573,0,609,609,18494[Konrad-Adenauer-Straße],2021-06-29T20:42:02.480Z
0,closed,2021-06-29T20:37:00Z,,693,0,0,0,24278[Karstadt],2021-06-29T20:42:02.480Z
0.94400895,open,2021-06-29T20:47:00Z,843,50,0,893,893,24277[Börse],2021-06-29T20:52:01.936Z
0,open,2021-06-29T20:47:00Z,0,200,150,350,200,24276[Turmcenter],2021-06-29T20:52:01.936Z
0.3233831,open,2021-06-29T20:47:00Z,130,272,0,402,402,18944[Alte Oper],2021-06-29T20:52:01.936Z
0.041208792,open,2021-06-29T20:47:00Z,15,349,0,364,364,24281[Hauptbahnhof Süd],2021-06-29T20:52:01.936Z
0.25710753,open,2021-06-29T20:47:00Z,208,601,0,809,809,24279[Konstabler],2021-06-29T20:52:01.936Z
0.5023474,open,2021-06-29T20:47:00Z,214,212,0,426,426,18497[Hauptwache],2021-06-29T20:52:01.936Z
0.23088235,open,2021-06-29T20:47:00Z,157,523,0,680,680,18495[Am Gericht],2021-06-29T20:52:01.936Z
0.12136536,open,2021-06-29T20:47:00Z,96,695,75,866,791,109240[MyZeil],2021-06-29T20:52:01.936Z
0.057471264,open,2021-06-29T20:47:00Z,35,574,0,609,609,18494[Konrad-Adenauer-Straße],2021-06-29T20:52:01.936Z
0,closed,2021-06-29T20:47:00Z,,693,0,0,0,24278[Karstadt],2021-06-29T20:52:01.936Z
0.94400895,open,2021-06-29T21:08:00Z,843,50,0,893,893,24277[Börse],2021-06-29T21:12:01.242Z
0.005,open,2021-06-29T21:08:00Z,1,199,150,350,200,24276[Turmcenter],2021-06-29T21:12:01.242Z
0.3159204,open,2021-06-29T21:08:00Z,127,275,0,402,402,18944[Alte Oper],2021-06-29T21:12:01.242Z
0.041208792,open,2021-06-29T21:08:00Z,15,349,0,364,364,24281[Hauptbahnhof Süd],2021-06-29T21:12:01.242Z
0.25216317,open,2021-06-29T21:08:00Z,204,605,0,809,809,24279[Konstabler],2021-06-29T21:12:01.242Z
0.49530515,open,2021-06-29T21:08:00Z,211,215,0,426,426,18497[Hauptwache],2021-06-29T21:12:01.242Z
0.22941177,open,2021-06-29T21:08:00Z,156,524,0,680,680,18495[Am Gericht],2021-06-29T21:12:01.242Z
0.12136536,open,2021-06-29T21:08:00Z,96,695,75,866,791,109240[MyZeil],2021-06-29T21:12:01.242Z
0.057471264,open,2021-06-29T21:08:00Z,35,574,0,609,609,18494[Konrad-Adenauer-Straße],2021-06-29T21:12:01.242Z
0,closed,2021-06-29T21:08:00Z,,693,0,0,0,24278[Karstadt],2021-06-29T21:12:01.242Z
0.94400895,open,2021-06-29T21:28:00Z,843,50,0,893,893,24277[Börse],2021-06-29T21:32:01.230Z
0,open,2021-06-29T21:28:00Z,0,200,150,350,200,24276[Turmcenter],2021-06-29T21:32:01.230Z
0.2960199,open,2021-06-29T21:28:00Z,119,283,0,402,402,18944[Alte Oper],2021-06-29T21:32:01.230Z
0.03846154,open,2021-06-29T21:28:00Z,14,350,0,364,364,24281[Hauptbahnhof Süd],2021-06-29T21:32:01.230Z
0.25216317,open,2021-06-29T21:28:00Z,204,605,0,809,809,24279[Konstabler],2021-06-29T21:32:01.230Z
0.49295774,open,2021-06-29T21:28:00Z,210,216,0,426,426,18497[Hauptwache],2021-06-29T21:32:01.230Z
0.22941177,open,2021-06-29T21:28:00Z,156,524,0,680,680,18495[Am Gericht],2021-06-29T21:32:01.230Z
0.11883692,open,2021-06-29T21:28:00Z,94,697,75,866,791,109240[MyZeil],2021-06-29T21:32:01.230Z
0.052545156,open,2021-06-29T21:28:00Z,32,577,0,609,609,18494[Konrad-Adenauer-Straße],2021-06-29T21:32:01.230Z
0,closed,2021-06-29T21:28:00Z,,693,0,0,0,24278[Karstadt],2021-06-29T21:32:01.230Z
0.94400895,open,2021-06-29T21:38:00Z,843,50,0,893,893,24277[Börse],2021-06-29T21:42:00.744Z
0,open,2021-06-29T21:38:00Z,0,200,150,350,200,24276[Turmcenter],2021-06-29T21:42:00.744Z
0.29104477,open,2021-06-29T21:38:00Z,117,285,0,402,402,18944[Alte Oper],2021-06-29T21:42:00.744Z
0.035714287,open,2021-06-29T21:38:00Z,13,351,0,364,364,24281[Hauptbahnhof Süd],2021-06-29T21:42:00.744Z
0.25216317,open,2021-06-29T21:38:00Z,204,605,0,809,809,24279[Konstabler],2021-06-29T21:42:00.744Z
0.49061033,open,2021-06-29T21:38:00Z,209,217,0,426,426,18497[Hauptwache],2021-06-29T21:42:00.744Z
0.23088235,open,2021-06-29T21:38:00Z,157,523,0,680,680,18495[Am Gericht],2021-06-29T21:42:00.744Z
0.12010114,open,2021-06-29T21:38:00Z,95,696,75,866,791,109240[MyZeil],2021-06-29T21:42:00.744Z
0.052545156,open,2021-06-29T21:38:00Z,32,577,0,609,609,18494[Konrad-Adenauer-Straße],2021-06-29T21:42:00.744Z
0,closed,2021-06-29T21:38:00Z,,693,0,0,0,24278[Karstadt],2021-06-29T21:42:00.744Z
0.94400895,open,2021-06-29T21:54:00Z,843,50,0,893,893,24277[Börse],2021-06-29T21:57:01.993Z
0,open,2021-06-29T21:54:00Z,0,200,150,350,200,24276[Turmcenter],2021-06-29T21:57:01.993Z
0.28109452,open,2021-06-29T21:54:00Z,113,289,0,402,402,18944[Alte Oper],2021-06-29T21:57:01.993Z
0.035714287,open,2021-06-29T21:54:00Z,13,351,0,364,364,24281[Hauptbahnhof Süd],2021-06-29T21:57:01.993Z
0.24969098,open,2021-06-29T21:54:00Z,202,607,0,809,809,24279[Konstabler],2021-06-29T21:57:01.993Z
0.48826292,open,2021-06-29T21:54:00Z,208,218,0,426,426,18497[Hauptwache],2021-06-29T21:57:01.993Z
0.23088235,open,2021-06-29T21:54:00Z,157,523,0,680,680,18495[Am Gericht],2021-06-29T21:57:01.993Z
0.12010114,open,2021-06-29T21:54:00Z,95,696,75,866,791,109240[MyZeil],2021-06-29T21:57:01.993Z
0.05090312,open,2021-06-29T21:54:00Z,31,578,0,609,609,18494[Konrad-Adenauer-Straße],2021-06-29T21:57:01.993Z
0,closed,2021-06-29T21:54:00Z,,693,0,0,0,24278[Karstadt],2021-06-29T21:57:01.993Z
0.94400895,open,2021-06-29T22:14:00Z,843,50,0,893,893,24277[Börse],2021-06-29T22:17:02.352Z
0,open,2021-06-29T22:14:00Z,0,200,150,350,200,24276[Turmcenter],2021-06-29T22:17:02.352Z
0.2761194,open,2021-06-29T22:14:00Z,111,291,0,402,402,18944[Alte Oper],2021-06-29T22:17:02.352Z
0.035714287,open,2021-06-29T22:14:00Z,13,351,0,364,364,24281[Hauptbahnhof Süd],2021-06-29T22:17:02.352Z
0.24598269,open,2021-06-29T22:14:00Z,199,610,0,809,809,24279[Konstabler],2021-06-29T22:17:02.352Z
0.48122066,open,2021-06-29T22:14:00Z,205,221,0,426,426,18497[Hauptwache],2021-06-29T22:17:02.352Z
0,closed,2021-06-29T22:14:00Z,,523,0,0,0,18495[Am Gericht],2021-06-29T22:17:02.352Z
0.12010114,open,2021-06-29T22:14:00Z,95,696,75,866,791,109240[MyZeil],2021-06-29T22:17:02.352Z
0.05090312,open,2021-06-29T22:14:00Z,31,578,0,609,609,18494[Konrad-Adenauer-Straße],2021-06-29T22:17:02.352Z
0,closed,2021-06-29T22:14:00Z,,693,0,0,0,24278[Karstadt],2021-06-29T22:17:02.352Z
0.94400895,open,2021-06-29T22:35:00Z,843,50,0,893,893,24277[Börse],2021-06-29T22:37:01.537Z
0,open,2021-06-29T22:35:00Z,0,200,150,350,200,24276[Turmcenter],2021-06-29T22:37:01.537Z
0.13432837,open,2021-06-29T22:35:00Z,54,348,0,402,402,18944[Alte Oper],2021-06-29T22:37:01.537Z
0.035714287,open,2021-06-29T22:35:00Z,13,351,0,364,364,24281[Hauptbahnhof Süd],2021-06-29T22:37:01.537Z
0.24721879,open,2021-06-29T22:35:00Z,200,609,0,809,809,24279[Konstabler],2021-06-29T22:37:01.537Z
0.48122066,open,2021-06-29T22:35:00Z,205,221,0,426,426,18497[Hauptwache],2021-06-29T22:37:01.537Z
0,closed,2021-06-29T22:35:00Z,,523,0,0,0,18495[Am Gericht],2021-06-29T22:37:01.537Z
0.11883692,open,2021-06-29T22:35:00Z,94,697,75,866,791,109240[MyZeil],2021-06-29T22:37:01.537Z
0.05090312,open,2021-06-29T22:35:00Z,31,578,0,609,609,18494[Konrad-Adenauer-Straße],2021-06-29T22:37:01.537Z
0,closed,2021-06-29T22:35:00Z,,693,0,0,0,24278[Karstadt],2021-06-29T22:37:01.537Z
0.94400895,open,2021-06-29T22:40:00Z,843,50,0,893,893,24277[Börse],2021-06-29T22:42:01.715Z
0,open,2021-06-29T22:40:00Z,0,200,150,350,200,24276[Turmcenter],2021-06-29T22:42:01.715Z
0.13432837,open,2021-06-29T22:40:00Z,54,348,0,402,402,18944[Alte Oper],2021-06-29T22:42:01.715Z
0.035714287,open,2021-06-29T22:40:00Z,13,351,0,364,364,24281[Hauptbahnhof Süd],2021-06-29T22:42:01.715Z
0.2447466,open,2021-06-29T22:40:00Z,198,611,0,809,809,24279[Konstabler],2021-06-29T22:42:01.715Z
0.48122066,open,2021-06-29T22:40:00Z,205,221,0,426,426,18497[Hauptwache],2021-06-29T22:42:01.715Z
0,closed,2021-06-29T22:40:00Z,,523,0,0,0,18495[Am Gericht],2021-06-29T22:42:01.715Z
0.11883692,open,2021-06-29T22:40:00Z,94,697,75,866,791,109240[MyZeil],2021-06-29T22:42:01.715Z
0.05090312,open,2021-06-29T22:40:00Z,31,578,0,609,609,18494[Konrad-Adenauer-Straße],2021-06-29T22:42:01.715Z
0,closed,2021-06-29T22:40:00Z,,693,0,0,0,24278[Karstadt],2021-06-29T22:42:01.715Z
0.94400895,open,2021-06-29T22:50:00Z,843,50,0,893,893,24277[Börse],2021-06-29T22:52:00.177Z
0,open,2021-06-29T22:50:00Z,0,200,150,350,200,24276[Turmcenter],2021-06-29T22:52:00.177Z
0.13432837,open,2021-06-29T22:50:00Z,54,348,0,402,402,18944[Alte Oper],2021-06-29T22:52:00.177Z
0.035714287,open,2021-06-29T22:50:00Z,13,351,0,364,364,24281[Hauptbahnhof Süd],2021-06-29T22:52:00.177Z
0.2447466,open,2021-06-29T22:50:00Z,198,611,0,809,809,24279[Konstabler],2021-06-29T22:52:00.177Z
0.48122066,open,2021-06-29T22:50:00Z,205,221,0,426,426,18497[Hauptwache],2021-06-29T22:52:00.177Z
0,closed,2021-06-29T22:50:00Z,,523,0,0,0,18495[Am Gericht],2021-06-29T22:52:00.177Z
0.11883692,open,2021-06-29T22:50:00Z,94,697,75,866,791,109240[MyZeil],2021-06-29T22:52:00.177Z
0.05090312,open,2021-06-29T22:50:00Z,31,578,0,609,609,18494[Konrad-Adenauer-Straße],2021-06-29T22:52:00.177Z
0,closed,2021-06-29T22:50:00Z,,693,0,0,0,24278[Karstadt],2021-06-29T22:52:00.177Z
0.94400895,open,2021-06-29T23:10:00Z,843,50,0,893,893,24277[Börse],2021-06-29T23:12:02.406Z
0,open,2021-06-29T23:10:00Z,0,200,150,350,200,24276[Turmcenter],2021-06-29T23:12:02.406Z
0.1318408,open,2021-06-29T23:10:00Z,53,349,0,402,402,18944[Alte Oper],2021-06-29T23:12:02.406Z
0.035714287,open,2021-06-29T23:10:00Z,13,351,0,364,364,24281[Hauptbahnhof Süd],2021-06-29T23:12:02.406Z
0.2447466,open,2021-06-29T23:10:00Z,198,611,0,809,809,24279[Konstabler],2021-06-29T23:12:02.406Z
0.47887325,open,2021-06-29T23:10:00Z,204,222,0,426,426,18497[Hauptwache],2021-06-29T23:12:02.406Z
0,closed,2021-06-29T23:10:00Z,,523,0,0,0,18495[Am Gericht],2021-06-29T23:12:02.406Z
0.11883692,open,2021-06-29T23:10:00Z,94,697,75,866,791,109240[MyZeil],2021-06-29T23:12:02.406Z
0.052545156,open,2021-06-29T23:10:00Z,32,577,0,609,609,18494[Konrad-Adenauer-Straße],2021-06-29T23:12:02.406Z
0,closed,2021-06-29T23:10:00Z,,693,0,0,0,24278[Karstadt],2021-06-29T23:12:02.406Z
0.94400895,open,2021-06-29T23:30:00Z,843,50,0,893,893,24277[Börse],2021-06-29T23:32:00.546Z
0,open,2021-06-29T23:30:00Z,0,200,150,350,200,24276[Turmcenter],2021-06-29T23:32:00.546Z
0.1318408,open,2021-06-29T23:30:00Z,53,349,0,402,402,18944[Alte Oper],2021-06-29T23:32:00.546Z
0.035714287,open,2021-06-29T23:30:00Z,13,351,0,364,364,24281[Hauptbahnhof Süd],2021-06-29T23:32:00.546Z
0.2447466,open,2021-06-29T23:30:00Z,198,611,0,809,809,24279[Konstabler],2021-06-29T23:32:00.546Z
0.47887325,open,2021-06-29T23:30:00Z,204,222,0,426,426,18497[Hauptwache],2021-06-29T23:32:00.546Z
0,closed,2021-06-29T23:30:00Z,,523,0,0,0,18495[Am Gericht],2021-06-29T23:32:00.546Z
0.11883692,open,2021-06-29T23:30:00Z,94,697,75,866,791,109240[MyZeil],2021-06-29T23:32:00.546Z
0.052545156,open,2021-06-29T23:30:00Z,32,577,0,609,609,18494[Konrad-Adenauer-Straße],2021-06-29T23:32:00.546Z
0,closed,2021-06-29T23:30:00Z,,693,0,0,0,24278[Karstadt],2021-06-29T23:32:00.546Z
0.94400895,open,2021-06-29T23:40:00Z,843,50,0,893,893,24277[Börse],2021-06-29T23:42:00.923Z
0,open,2021-06-29T23:40:00Z,0,200,150,350,200,24276[Turmcenter],2021-06-29T23:42:00.923Z
0.1318408,open,2021-06-29T23:40:00Z,53,349,0,402,402,18944[Alte Oper],2021-06-29T23:42:00.923Z
0.035714287,open,2021-06-29T23:40:00Z,13,351,0,364,364,24281[Hauptbahnhof Süd],2021-06-29T23:42:00.923Z
0.2435105,open,2021-06-29T23:40:00Z,197,612,0,809,809,24279[Konstabler],2021-06-29T23:42:00.923Z
0.47887325,open,2021-06-29T23:40:00Z,204,222,0,426,426,18497[Hauptwache],2021-06-29T23:42:00.923Z
0,closed,2021-06-29T23:40:00Z,,523,0,0,0,18495[Am Gericht],2021-06-29T23:42:00.923Z
0.11883692,open,2021-06-29T23:40:00Z,94,697,75,866,791,109240[MyZeil],2021-06-29T23:42:00.923Z
0.052545156,open,2021-06-29T23:40:00Z,32,577,0,609,609,18494[Konrad-Adenauer-Straße],2021-06-29T23:42:00.923Z
0,closed,2021-06-29T23:40:00Z,,693,0,0,0,24278[Karstadt],2021-06-29T23:42:00.923Z
0.94400895,open,2021-06-29T23:50:00Z,843,50,0,893,893,24277[Börse],2021-06-29T23:52:02.108Z
0,open,2021-06-29T23:50:00Z,0,200,150,350,200,24276[Turmcenter],2021-06-29T23:52:02.108Z
0.1318408,open,2021-06-29T23:50:00Z,53,349,0,402,402,18944[Alte Oper],2021-06-29T23:52:02.108Z
0.035714287,open,2021-06-29T23:50:00Z,13,351,0,364,364,24281[Hauptbahnhof Süd],2021-06-29T23:52:02.108Z
0.24227442,open,2021-06-29T23:50:00Z,196,613,0,809,809,24279[Konstabler],2021-06-29T23:52:02.108Z
0.47887325,open,2021-06-29T23:50:00Z,204,222,0,426,426,18497[Hauptwache],2021-06-29T23:52:02.108Z
0,closed,2021-06-29T23:50:00Z,,523,0,0,0,18495[Am Gericht],2021-06-29T23:52:02.108Z
0.11883692,open,2021-06-29T23:50:00Z,94,697,75,866,791,109240[MyZeil],2021-06-29T23:52:02.108Z
0.052545156,open,2021-06-29T23:50:00Z,32,577,0,609,609,18494[Konrad-Adenauer-Straße],2021-06-29T23:52:02.108Z
0,closed,2021-06-29T23:50:00Z,,693,0,0,0,24278[Karstadt],2021-06-29T23:52:02.108Z
0.94400895,open,2021-06-30T00:41:00Z,843,50,0,893,893,24277[Börse],2021-06-30T00:42:01.308Z
0,open,2021-06-30T00:41:00Z,0,200,150,350,200,24276[Turmcenter],2021-06-30T00:42:01.308Z
0.12935324,open,2021-06-30T00:41:00Z,52,350,0,402,402,18944[Alte Oper],2021-06-30T00:42:01.308Z
0.035714287,open,2021-06-30T00:41:00Z,13,351,0,364,364,24281[Hauptbahnhof Süd],2021-06-30T00:42:01.308Z
0.2435105,open,2021-06-30T00:41:00Z,197,612,0,809,809,24279[Konstabler],2021-06-30T00:42:01.308Z
0.47887325,open,2021-06-30T00:41:00Z,204,222,0,426,426,18497[Hauptwache],2021-06-30T00:42:01.308Z
0,closed,2021-06-30T00:41:00Z,,523,0,0,0,18495[Am Gericht],2021-06-30T00:42:01.308Z
0.11883692,open,2021-06-30T00:41:00Z,94,697,75,866,791,109240[MyZeil],2021-06-30T00:42:01.308Z
0.052545156,open,2021-06-30T00:41:00Z,32,577,0,609,609,18494[Konrad-Adenauer-Straße],2021-06-30T00:42:01.308Z
0,closed,2021-06-30T00:41:00Z,,693,0,0,0,24278[Karstadt],2021-06-30T00:42:01.308Z
0.94400895,open,2021-06-30T01:51:00Z,843,50,0,893,893,24277[Börse],2021-06-30T01:52:02.326Z
0,open,2021-06-30T01:51:00Z,0,200,150,350,200,24276[Turmcenter],2021-06-30T01:52:02.326Z
0.12935324,open,2021-06-30T01:51:00Z,52,350,0,402,402,18944[Alte Oper],2021-06-30T01:52:02.326Z
0.032967035,open,2021-06-30T01:51:00Z,12,352,0,364,364,24281[Hauptbahnhof Süd],2021-06-30T01:52:02.326Z
0.2435105,open,2021-06-30T01:51:00Z,197,612,0,809,809,24279[Konstabler],2021-06-30T01:52:02.326Z
0.47887325,open,2021-06-30T01:51:00Z,204,222,0,426,426,18497[Hauptwache],2021-06-30T01:52:02.326Z
0,closed,2021-06-30T01:51:00Z,,523,0,0,0,18495[Am Gericht],2021-06-30T01:52:02.326Z
0.11883692,open,2021-06-30T01:51:00Z,94,697,75,866,791,109240[MyZeil],2021-06-30T01:52:02.326Z
0.0591133,open,2021-06-30T01:51:00Z,36,573,0,609,609,18494[Konrad-Adenauer-Straße],2021-06-30T01:52:02.326Z
0,closed,2021-06-30T01:51:00Z,,693,0,0,0,24278[Karstadt],2021-06-30T01:52:02.326Z
0.94400895,open,2021-06-30T02:21:00Z,843,50,0,893,893,24277[Börse],2021-06-30T02:22:00.612Z
0,open,2021-06-30T02:21:00Z,0,200,150,350,200,24276[Turmcenter],2021-06-30T02:22:00.612Z
0.1318408,open,2021-06-30T02:21:00Z,53,349,0,402,402,18944[Alte Oper],2021-06-30T02:22:00.612Z
0.032967035,open,2021-06-30T02:21:00Z,12,352,0,364,364,24281[Hauptbahnhof Süd],2021-06-30T02:22:00.612Z
0.2435105,open,2021-06-30T02:21:00Z,197,612,0,809,809,24279[Konstabler],2021-06-30T02:22:00.612Z
0.47887325,open,2021-06-30T02:21:00Z,204,222,0,426,426,18497[Hauptwache],2021-06-30T02:22:00.612Z
0,closed,2021-06-30T02:21:00Z,,,0,0,0,18495[Am Gericht],2021-06-30T02:22:00.612Z
0.11883692,open,2021-06-30T02:21:00Z,94,697,75,866,791,109240[MyZeil],2021-06-30T02:22:00.612Z
0.062397372,open,2021-06-30T02:21:00Z,38,571,0,609,609,18494[Konrad-Adenauer-Straße],2021-06-30T02:22:00.612Z
0,closed,2021-06-30T02:21:00Z,,,0,0,0,24278[Karstadt],2021-06-30T02:22:00.612Z
0.94400895,open,2021-06-30T02:46:00Z,843,50,0,893,893,24277[Börse],2021-06-30T02:47:00.318Z
0,open,2021-06-30T02:46:00Z,0,200,150,350,200,24276[Turmcenter],2021-06-30T02:47:00.318Z
0.1318408,open,2021-06-30T02:46:00Z,53,349,0,402,402,18944[Alte Oper],2021-06-30T02:47:00.318Z
0.032967035,open,2021-06-30T02:46:00Z,12,352,0,364,364,24281[Hauptbahnhof Süd],2021-06-30T02:47:00.318Z
0.2447466,open,2021-06-30T02:46:00Z,198,611,0,809,809,24279[Konstabler],2021-06-30T02:47:00.318Z
0.47887325,open,2021-06-30T02:46:00Z,204,222,0,426,426,18497[Hauptwache],2021-06-30T02:47:00.318Z
0,closed,2021-06-30T02:46:00Z,,,0,0,0,18495[Am Gericht],2021-06-30T02:47:00.318Z
0.11883692,open,2021-06-30T02:46:00Z,94,697,75,866,791,109240[MyZeil],2021-06-30T02:47:00.318Z
0.062397372,open,2021-06-30T02:46:00Z,38,571,0,609,609,18494[Konrad-Adenauer-Straße],2021-06-30T02:47:00.318Z
0,closed,2021-06-30T02:46:00Z,,,0,0,0,24278[Karstadt],2021-06-30T02:47:00.318Z
0.94400895,open,2021-06-30T02:56:00Z,843,50,0,893,893,24277[Börse],2021-06-30T02:57:02.163Z
0,open,2021-06-30T02:56:00Z,0,200,150,350,200,24276[Turmcenter],2021-06-30T02:57:02.163Z
0.1318408,open,2021-06-30T02:56:00Z,53,349,0,402,402,18944[Alte Oper],2021-06-30T02:57:02.163Z
0.032967035,open,2021-06-30T02:56:00Z,12,352,0,364,364,24281[Hauptbahnhof Süd],2021-06-30T02:57:02.163Z
0.24598269,open,2021-06-30T02:56:00Z,199,610,0,809,809,24279[Konstabler],2021-06-30T02:57:02.163Z
0.47887325,open,2021-06-30T02:56:00Z,204,222,0,426,426,18497[Hauptwache],2021-06-30T02:57:02.163Z
0,closed,2021-06-30T02:56:00Z,,,0,0,0,18495[Am Gericht],2021-06-30T02:57:02.163Z
0.11883692,open,2021-06-30T02:56:00Z,94,697,75,866,791,109240[MyZeil],2021-06-30T02:57:02.163Z
0.062397372,open,2021-06-30T02:56:00Z,38,571,0,609,609,18494[Konrad-Adenauer-Straße],2021-06-30T02:57:02.163Z
0,closed,2021-06-30T02:56:00Z,,,0,0,0,24278[Karstadt],2021-06-30T02:57:02.163Z
0.94400895,open,2021-06-30T03:21:00Z,843,50,0,893,893,24277[Börse],2021-06-30T03:22:02.773Z
0,open,2021-06-30T03:21:00Z,0,200,150,350,200,24276[Turmcenter],2021-06-30T03:22:02.773Z
0.1318408,open,2021-06-30T03:21:00Z,53,349,0,402,402,18944[Alte Oper],2021-06-30T03:22:02.773Z
0.03846154,open,2021-06-30T03:21:00Z,14,350,0,364,364,24281[Hauptbahnhof Süd],2021-06-30T03:22:02.773Z
0.2447466,open,2021-06-30T03:21:00Z,198,611,0,809,809,24279[Konstabler],2021-06-30T03:22:02.773Z
0.47887325,open,2021-06-30T03:21:00Z,204,222,0,426,426,18497[Hauptwache],2021-06-30T03:22:02.773Z
0,closed,2021-06-30T03:21:00Z,,,0,0,0,18495[Am Gericht],2021-06-30T03:22:02.773Z
0.11519608,open,2021-06-30T03:21:00Z,94,722,75,891,816,109240[MyZeil],2021-06-30T03:22:02.773Z
0.06403941,open,2021-06-30T03:21:00Z,39,570,0,609,609,18494[Konrad-Adenauer-Straße],2021-06-30T03:22:02.773Z
0,closed,2021-06-30T03:21:00Z,,,0,0,0,24278[Karstadt],2021-06-30T03:22:02.773Z
0.94400895,open,2021-06-30T04:06:00Z,843,50,0,893,893,24277[Börse],2021-06-30T04:12:02.425Z
0.006666667,open,2021-06-30T04:06:00Z,1,149,200,350,150,24276[Turmcenter],2021-06-30T04:12:02.425Z
0.13432837,open,2021-06-30T04:06:00Z,54,348,0,402,402,18944[Alte Oper],2021-06-30T04:12:02.425Z
0.082417585,open,2021-06-30T04:06:00Z,30,334,0,364,364,24281[Hauptbahnhof Süd],2021-06-30T04:12:02.425Z
0.2435105,open,2021-06-30T04:06:00Z,197,612,0,809,809,24279[Konstabler],2021-06-30T04:12:02.425Z
0.48122066,open,2021-06-30T04:06:00Z,205,221,0,426,426,18497[Hauptwache],2021-06-30T04:12:02.425Z
0.24558823,open,2021-06-30T04:06:00Z,167,513,0,680,680,18495[Am Gericht],2021-06-30T04:12:02.425Z
0.116421565,open,2021-06-30T04:06:00Z,95,721,75,891,816,109240[MyZeil],2021-06-30T04:12:02.425Z
0.06732348,open,2021-06-30T04:06:00Z,41,568,0,609,609,18494[Konrad-Adenauer-Straße],2021-06-30T04:12:02.425Z
0,closed,2021-06-30T04:06:00Z,,,0,0,0,24278[Karstadt],2021-06-30T04:12:02.425Z
0.94400895,open,2021-06-30T04:37:00Z,843,50,0,893,893,24277[Börse],2021-06-30T04:42:01.978Z
0.006666667,open,2021-06-30T04:37:00Z,1,149,200,350,150,24276[Turmcenter],2021-06-30T04:42:01.978Z
0.13930348,open,2021-06-30T04:37:00Z,56,346,0,402,402,18944[Alte Oper],2021-06-30T04:42:01.978Z
0.11813187,open,2021-06-30T04:37:00Z,43,321,0,364,364,24281[Hauptbahnhof Süd],2021-06-30T04:42:01.978Z
0.25463536,open,2021-06-30T04:37:00Z,206,603,0,809,809,24279[Konstabler],2021-06-30T04:42:01.978Z
0.48122066,open,2021-06-30T04:37:00Z,205,221,0,426,426,18497[Hauptwache],2021-06-30T04:42:01.978Z
0.25882354,open,2021-06-30T04:37:00Z,176,504,0,680,680,18495[Am Gericht],2021-06-30T04:42:01.978Z
0.118872546,open,2021-06-30T04:37:00Z,97,719,75,891,816,109240[MyZeil],2021-06-30T04:42:01.978Z
0.06568144,open,2021-06-30T04:37:00Z,40,569,0,609,609,18494[Konrad-Adenauer-Straße],2021-06-30T04:42:01.978Z
0,closed,2021-06-30T04:37:00Z,,,0,0,0,24278[Karstadt],2021-06-30T04:42:01.978Z
0.94400895,open,2021-06-30T04:52:00Z,843,50,0,893,893,24277[Börse],2021-06-30T04:57:00.977Z
0.02,open,2021-06-30T04:52:00Z,3,147,200,350,150,24276[Turmcenter],2021-06-30T04:57:00.977Z
0.14676617,open,2021-06-30T04:52:00Z,59,343,0,402,402,18944[Alte Oper],2021-06-30T04:57:00.977Z
0.11813187,open,2021-06-30T04:52:00Z,43,321,0,364,364,24281[Hauptbahnhof Süd],2021-06-30T04:57:00.977Z
0.25834364,open,2021-06-30T04:52:00Z,209,600,0,809,809,24279[Konstabler],2021-06-30T04:57:00.977Z
0.48591548,open,2021-06-30T04:52:00Z,207,219,0,426,426,18497[Hauptwache],2021-06-30T04:57:00.977Z
0.2632353,open,2021-06-30T04:52:00Z,179,501,0,680,680,18495[Am Gericht],2021-06-30T04:57:00.977Z
0.12009804,open,2021-06-30T04:52:00Z,98,718,75,891,816,109240[MyZeil],2021-06-30T04:57:00.977Z
0.06568144,open,2021-06-30T04:52:00Z,40,569,0,609,609,18494[Konrad-Adenauer-Straße],2021-06-30T04:57:00.977Z
0.0028860029,open,2021-06-30T04:52:00Z,2,691,0,693,693,24278[Karstadt],2021-06-30T04:57:00.977Z
0.94400895,open,2021-06-30T05:12:00Z,843,50,0,893,893,24277[Börse],2021-06-30T05:17:02.184Z
0.04,open,2021-06-30T05:12:00Z,6,144,200,350,150,24276[Turmcenter],2021-06-30T05:17:02.184Z
0.15671642,open,2021-06-30T05:12:00Z,63,339,0,402,402,18944[Alte Oper],2021-06-30T05:17:02.184Z
0.13186814,open,2021-06-30T05:12:00Z,48,316,0,364,364,24281[Hauptbahnhof Süd],2021-06-30T05:17:02.184Z
0.25834364,open,2021-06-30T05:12:00Z,209,600,0,809,809,24279[Konstabler],2021-06-30T05:17:02.184Z
0.4976526,open,2021-06-30T05:12:00Z,212,214,0,426,426,18497[Hauptwache],2021-06-30T05:17:02.184Z
0.2764706,open,2021-06-30T05:12:00Z,188,492,0,680,680,18495[Am Gericht],2021-06-30T05:17:02.184Z
0.12009804,open,2021-06-30T05:12:00Z,98,718,75,891,816,109240[MyZeil],2021-06-30T05:17:02.184Z
0.07060755,open,2021-06-30T05:12:00Z,43,566,0,609,609,18494[Konrad-Adenauer-Straße],2021-06-30T05:17:02.184Z
0.0028860029,open,2021-06-30T05:12:00Z,2,691,0,693,693,24278[Karstadt],2021-06-30T05:17:02.184Z
0.94400895,open,2021-06-30T05:27:00Z,843,50,0,893,893,24277[Börse],2021-06-30T05:32:02.160Z
0.046666667,open,2021-06-30T05:27:00Z,7,143,200,350,150,24276[Turmcenter],2021-06-30T05:32:02.160Z
0.16169155,open,2021-06-30T05:27:00Z,65,337,0,402,402,18944[Alte Oper],2021-06-30T05:32:02.160Z
0.1510989,open,2021-06-30T05:27:00Z,55,309,0,364,364,24281[Hauptbahnhof Süd],2021-06-30T05:32:02.160Z
0.25587144,open,2021-06-30T05:27:00Z,207,602,0,809,809,24279[Konstabler],2021-06-30T05:32:02.160Z
0.5093897,open,2021-06-30T05:27:00Z,217,209,0,426,426,18497[Hauptwache],2021-06-30T05:32:02.160Z
0.28970587,open,2021-06-30T05:27:00Z,197,483,0,680,680,18495[Am Gericht],2021-06-30T05:32:02.160Z
0.123774506,open,2021-06-30T05:27:00Z,101,715,75,891,816,109240[MyZeil],2021-06-30T05:32:02.160Z
0.06896552,open,2021-06-30T05:27:00Z,42,567,0,609,609,18494[Konrad-Adenauer-Straße],2021-06-30T05:32:02.160Z
0.0043290043,open,2021-06-30T05:27:00Z,3,690,0,693,693,24278[Karstadt],2021-06-30T05:32:02.160Z
0.94400895,open,2021-06-30T05:32:00Z,843,50,0,893,893,24277[Börse],2021-06-30T05:37:01.009Z
0.046666667,open,2021-06-30T05:32:00Z,7,143,200,350,150,24276[Turmcenter],2021-06-30T05:37:01.009Z
0.1641791,open,2021-06-30T05:32:00Z,66,336,0,402,402,18944[Alte Oper],2021-06-30T05:37:01.009Z
0.15934066,open,2021-06-30T05:32:00Z,58,306,0,364,364,24281[Hauptbahnhof Süd],2021-06-30T05:37:01.009Z
0.25587144,open,2021-06-30T05:32:00Z,207,602,0,809,809,24279[Konstabler],2021-06-30T05:37:01.009Z
0.5140845,open,2021-06-30T05:32:00Z,219,207,0,426,426,18497[Hauptwache],2021-06-30T05:37:01.009Z
0.29558823,open,2021-06-30T05:32:00Z,201,479,0,680,680,18495[Am Gericht],2021-06-30T05:37:01.009Z
0.123774506,open,2021-06-30T05:32:00Z,101,715,75,891,816,109240[MyZeil],2021-06-30T05:37:01.009Z
0.07224959,open,2021-06-30T05:32:00Z,44,565,0,609,609,18494[Konrad-Adenauer-Straße],2021-06-30T05:37:01.009Z
0.0057720058,open,2021-06-30T05:32:00Z,4,689,0,693,693,24278[Karstadt],2021-06-30T05:37:01.009Z
0.94400895,open,2021-06-30T05:42:00Z,843,50,0,893,893,24277[Börse],2021-06-30T05:47:02.159Z
0.08,open,2021-06-30T05:42:00Z,12,138,200,350,150,24276[Turmcenter],2021-06-30T05:47:02.159Z
0.1716418,open,2021-06-30T05:42:00Z,69,333,0,402,402,18944[Alte Oper],2021-06-30T05:47:02.159Z
0.17307693,open,2021-06-30T05:42:00Z,63,301,0,364,364,24281[Hauptbahnhof Süd],2021-06-30T05:47:02.159Z
0.26576018,open,2021-06-30T05:42:00Z,215,594,0,809,809,24279[Konstabler],2021-06-30T05:47:02.159Z
0.5164319,open,2021-06-30T05:42:00Z,220,206,0,426,426,18497[Hauptwache],2021-06-30T05:47:02.159Z
0.30588236,open,2021-06-30T05:42:00Z,208,472,0,680,680,18495[Am Gericht],2021-06-30T05:47:02.159Z
0.13112745,open,2021-06-30T05:42:00Z,107,709,75,891,816,109240[MyZeil],2021-06-30T05:47:02.159Z
0.07881773,open,2021-06-30T05:42:00Z,48,561,0,609,609,18494[Konrad-Adenauer-Straße],2021-06-30T05:47:02.159Z
0.007215007,open,2021-06-30T05:42:00Z,5,688,0,693,693,24278[Karstadt],2021-06-30T05:47:02.159Z
0.94400895,open,2021-06-30T05:57:00Z,843,50,0,893,893,24277[Börse],2021-06-30T06:02:01.227Z
0.12,open,2021-06-30T05:57:00Z,18,132,200,350,150,24276[Turmcenter],2021-06-30T06:02:01.227Z
0.17661692,open,2021-06-30T05:57:00Z,71,331,0,402,402,18944[Alte Oper],2021-06-30T06:02:01.227Z
0.1978022,open,2021-06-30T05:57:00Z,72,292,0,364,364,24281[Hauptbahnhof Süd],2021-06-30T06:02:01.227Z
0.27564895,open,2021-06-30T05:57:00Z,223,586,0,809,809,24279[Konstabler],2021-06-30T06:02:01.227Z
0.52347416,open,2021-06-30T05:57:00Z,223,203,0,426,426,18497[Hauptwache],2021-06-30T06:02:01.227Z
0.3382353,open,2021-06-30T05:57:00Z,230,450,0,680,680,18495[Am Gericht],2021-06-30T06:02:01.227Z
0.13112745,open,2021-06-30T05:57:00Z,107,709,75,891,816,109240[MyZeil],2021-06-30T06:02:01.227Z
0.09031199,open,2021-06-30T05:57:00Z,55,554,0,609,609,18494[Konrad-Adenauer-Straße],2021-06-30T06:02:01.227Z
0.01010101,open,2021-06-30T05:57:00Z,7,686,0,693,693,24278[Karstadt],2021-06-30T06:02:01.227Z
0.94400895,open,2021-06-30T06:27:00Z,843,50,0,893,893,24277[Börse],2021-06-30T06:32:00.831Z
0.22,open,2021-06-30T06:27:00Z,33,117,200,350,150,24276[Turmcenter],2021-06-30T06:32:00.831Z
0.20895523,open,2021-06-30T06:27:00Z,84,318,0,402,402,18944[Alte Oper],2021-06-30T06:32:00.831Z
0.24725275,open,2021-06-30T06:27:00Z,90,274,0,364,364,24281[Hauptbahnhof Süd],2021-06-30T06:32:00.831Z
0.31396785,open,2021-06-30T06:27:00Z,254,555,0,809,809,24279[Konstabler],2021-06-30T06:32:00.831Z
0.5516432,open,2021-06-30T06:27:00Z,235,191,0,426,426,18497[Hauptwache],2021-06-30T06:32:00.831Z
0.3764706,open,2021-06-30T06:27:00Z,256,424,0,680,680,18495[Am Gericht],2021-06-30T06:32:00.831Z
0.14705883,open,2021-06-30T06:27:00Z,120,696,75,891,816,109240[MyZeil],2021-06-30T06:32:00.831Z
0.12151067,open,2021-06-30T06:27:00Z,74,535,0,609,609,18494[Konrad-Adenauer-Straße],2021-06-30T06:32:00.831Z
0.02020202,open,2021-06-30T06:27:00Z,14,679,0,693,693,24278[Karstadt],2021-06-30T06:32:00.831Z
0.94400895,open,2021-06-30T06:52:00Z,843,50,0,893,893,24277[Börse],2021-06-30T06:57:00.352Z
0.40666667,open,2021-06-30T06:52:00Z,61,89,200,350,150,24276[Turmcenter],2021-06-30T06:57:00.352Z
0.25124377,open,2021-06-30T06:52:00Z,101,301,0,402,402,18944[Alte Oper],2021-06-30T06:57:00.352Z
0.3021978,open,2021-06-30T06:52:00Z,110,254,0,364,364,24281[Hauptbahnhof Süd],2021-06-30T06:57:00.352Z
0.3473424,open,2021-06-30T06:52:00Z,281,528,0,809,809,24279[Konstabler],2021-06-30T06:57:00.352Z
0.58215964,open,2021-06-30T06:52:00Z,248,178,0,426,426,18497[Hauptwache],2021-06-30T06:57:00.352Z
0.425,open,2021-06-30T06:52:00Z,289,391,0,680,680,18495[Am Gericht],2021-06-30T06:57:00.352Z
0.16789216,open,2021-06-30T06:52:00Z,137,679,75,891,816,109240[MyZeil],2021-06-30T06:57:00.352Z
0.136289,open,2021-06-30T06:52:00Z,83,526,0,609,609,18494[Konrad-Adenauer-Straße],2021-06-30T06:57:00.352Z
0.030303031,open,2021-06-30T06:52:00Z,21,672,0,693,693,24278[Karstadt],2021-06-30T06:57:00.352Z
0.94400895,open,2021-06-30T07:08:00Z,843,50,0,893,893,24277[Börse],2021-06-30T07:12:02.677Z
0.49333334,open,2021-06-30T07:08:00Z,74,76,200,350,150,24276[Turmcenter],2021-06-30T07:12:02.677Z
0.2562189,open,2021-06-30T07:08:00Z,103,299,0,402,402,18944[Alte Oper],2021-06-30T07:12:02.677Z
0.32417583,open,2021-06-30T07:08:00Z,118,246,0,364,364,24281[Hauptbahnhof Süd],2021-06-30T07:12:02.677Z
0.368356,open,2021-06-30T07:08:00Z,298,511,0,809,809,24279[Konstabler],2021-06-30T07:12:02.677Z
0.6056338,open,2021-06-30T07:08:00Z,258,168,0,426,426,18497[Hauptwache],2021-06-30T07:12:02.677Z
0.44117647,open,2021-06-30T07:08:00Z,300,380,0,680,680,18495[Am Gericht],2021-06-30T07:12:02.677Z
0.17279412,open,2021-06-30T07:08:00Z,141,675,75,891,816,109240[MyZeil],2021-06-30T07:12:02.677Z
0.15270936,open,2021-06-30T07:08:00Z,93,516,0,609,609,18494[Konrad-Adenauer-Straße],2021-06-30T07:12:02.677Z
0.038961038,open,2021-06-30T07:08:00Z,27,666,0,693,693,24278[Karstadt],2021-06-30T07:12:02.677Z
0.94400895,open,2021-06-30T07:23:00Z,843,50,0,893,893,24277[Börse],2021-06-30T07:27:01.771Z
0.6333333,open,2021-06-30T07:23:00Z,95,55,200,350,150,24276[Turmcenter],2021-06-30T07:27:01.771Z
0.2761194,open,2021-06-30T07:23:00Z,111,291,0,402,402,18944[Alte Oper],2021-06-30T07:27:01.771Z
0.3434066,open,2021-06-30T07:23:00Z,125,239,0,364,364,24281[Hauptbahnhof Süd],2021-06-30T07:27:01.771Z
0.39431396,open,2021-06-30T07:23:00Z,319,490,0,809,809,24279[Konstabler],2021-06-30T07:27:01.771Z
0.6197183,open,2021-06-30T07:23:00Z,264,162,0,426,426,18497[Hauptwache],2021-06-30T07:27:01.771Z
0.4632353,open,2021-06-30T07:23:00Z,315,365,0,680,680,18495[Am Gericht],2021-06-30T07:27:01.771Z
0.18259804,open,2021-06-30T07:23:00Z,149,667,75,891,816,109240[MyZeil],2021-06-30T07:27:01.771Z
0.17405583,open,2021-06-30T07:23:00Z,106,503,0,609,609,18494[Konrad-Adenauer-Straße],2021-06-30T07:27:01.771Z
0.051948052,open,2021-06-30T07:23:00Z,36,657,0,693,693,24278[Karstadt],2021-06-30T07:27:01.771Z
0.94400895,open,2021-06-30T07:38:00Z,843,50,0,893,893,24277[Börse],2021-06-30T07:42:01.047Z
0.66,open,2021-06-30T07:38:00Z,99,51,200,350,150,24276[Turmcenter],2021-06-30T07:42:01.047Z
0.29353234,open,2021-06-30T07:38:00Z,118,284,0,402,402,18944[Alte Oper],2021-06-30T07:42:01.047Z
0.3543956,open,2021-06-30T07:38:00Z,129,235,0,364,364,24281[Hauptbahnhof Süd],2021-06-30T07:42:01.047Z
0.41409147,open,2021-06-30T07:38:00Z,335,474,0,809,809,24279[Konstabler],2021-06-30T07:42:01.047Z
0.6455399,open,2021-06-30T07:38:00Z,275,151,0,426,426,18497[Hauptwache],2021-06-30T07:42:01.047Z
0.4882353,open,2021-06-30T07:38:00Z,332,348,0,680,680,18495[Am Gericht],2021-06-30T07:42:01.047Z
0.19975491,open,2021-06-30T07:38:00Z,163,653,75,891,816,109240[MyZeil],2021-06-30T07:42:01.047Z
0.19704433,open,2021-06-30T07:38:00Z,120,489,0,609,609,18494[Konrad-Adenauer-Straße],2021-06-30T07:42:01.047Z
0.05916306,open,2021-06-30T07:38:00Z,41,652,0,693,693,24278[Karstadt],2021-06-30T07:42:01.047Z
0.94400895,open,2021-06-30T07:43:00Z,843,50,0,893,893,24277[Börse],2021-06-30T07:47:00.424Z
0.68666667,open,2021-06-30T07:43:00Z,103,47,200,350,150,24276[Turmcenter],2021-06-30T07:47:00.424Z
0.3034826,open,2021-06-30T07:43:00Z,122,280,0,402,402,18944[Alte Oper],2021-06-30T07:47:00.424Z
0.35164836,open,2021-06-30T07:43:00Z,128,236,0,364,364,24281[Hauptbahnhof Süd],2021-06-30T07:47:00.424Z
0.4264524,open,2021-06-30T07:43:00Z,345,464,0,809,809,24279[Konstabler],2021-06-30T07:47:00.424Z
0.657277,open,2021-06-30T07:43:00Z,280,146,0,426,426,18497[Hauptwache],2021-06-30T07:47:00.424Z
0.49411765,open,2021-06-30T07:43:00Z,336,344,0,680,680,18495[Am Gericht],2021-06-30T07:47:00.424Z
0.19975491,open,2021-06-30T07:43:00Z,163,653,75,891,816,109240[MyZeil],2021-06-30T07:47:00.424Z
0.20689656,open,2021-06-30T07:43:00Z,126,483,0,609,609,18494[Konrad-Adenauer-Straße],2021-06-30T07:47:00.424Z
0.056277055,open,2021-06-30T07:43:00Z,39,654,0,693,693,24278[Karstadt],2021-06-30T07:47:00.424Z
0.94400895,open,2021-06-30T07:58:00Z,843,50,0,893,893,24277[Börse],2021-06-30T08:02:02.447Z
0.68,open,2021-06-30T07:58:00Z,102,48,200,350,150,24276[Turmcenter],2021-06-30T08:02:02.447Z
0.36069652,open,2021-06-30T07:58:00Z,145,257,0,402,402,18944[Alte Oper],2021-06-30T08:02:02.447Z
0.3653846,open,2021-06-30T07:58:00Z,133,231,0,364,364,24281[Hauptbahnhof Süd],2021-06-30T08:02:02.447Z
0.45364648,open,2021-06-30T07:58:00Z,367,442,0,809,809,24279[Konstabler],2021-06-30T08:02:02.447Z
0.69953054,open,2021-06-30T07:58:00Z,298,128,0,426,426,18497[Hauptwache],2021-06-30T08:02:02.447Z
0.53088236,open,2021-06-30T07:58:00Z,361,319,0,680,680,18495[Am Gericht],2021-06-30T08:02:02.447Z
0.21691176,open,2021-06-30T07:58:00Z,177,639,75,891,816,109240[MyZeil],2021-06-30T08:02:02.447Z
0.22331691,open,2021-06-30T07:58:00Z,136,473,0,609,609,18494[Konrad-Adenauer-Straße],2021-06-30T08:02:02.447Z
0.06349207,open,2021-06-30T07:58:00Z,44,649,0,693,693,24278[Karstadt],2021-06-30T08:02:02.447Z
0.94400895,open,2021-06-30T08:23:00Z,843,50,0,893,893,24277[Börse],2021-06-30T08:27:00.324Z
0.67333335,open,2021-06-30T08:23:00Z,101,49,200,350,150,24276[Turmcenter],2021-06-30T08:27:00.324Z
0.43781096,open,2021-06-30T08:23:00Z,176,226,0,402,402,18944[Alte Oper],2021-06-30T08:27:00.324Z
0.3653846,open,2021-06-30T08:23:00Z,133,231,0,364,364,24281[Hauptbahnhof Süd],2021-06-30T08:27:00.324Z
0.5105068,open,2021-06-30T08:23:00Z,413,396,0,809,809,24279[Konstabler],2021-06-30T08:27:00.324Z
0.7629108,open,2021-06-30T08:23:00Z,325,101,0,426,426,18497[Hauptwache],2021-06-30T08:27:00.324Z
0.5661765,open,2021-06-30T08:23:00Z,385,295,0,680,680,18495[Am Gericht],2021-06-30T08:27:00.324Z
0.24387255,open,2021-06-30T08:23:00Z,199,617,75,891,816,109240[MyZeil],2021-06-30T08:27:00.324Z
0.22660099,open,2021-06-30T08:23:00Z,138,471,0,609,609,18494[Konrad-Adenauer-Straße],2021-06-30T08:27:00.324Z
0.072150074,open,2021-06-30T08:23:00Z,50,643,0,693,693,24278[Karstadt],2021-06-30T08:27:00.324Z
0.94400895,open,2021-06-30T08:38:00Z,843,50,0,893,893,24277[Börse],2021-06-30T08:42:02.548Z
0.7,open,2021-06-30T08:38:00Z,105,45,200,350,150,24276[Turmcenter],2021-06-30T08:42:02.548Z
0.47263682,open,2021-06-30T08:38:00Z,190,212,0,402,402,18944[Alte Oper],2021-06-30T08:42:02.548Z
0.37637362,open,2021-06-30T08:38:00Z,137,227,0,364,364,24281[Hauptbahnhof Süd],2021-06-30T08:42:02.548Z
0.5550062,open,2021-06-30T08:38:00Z,449,360,0,809,809,24279[Konstabler],2021-06-30T08:42:02.548Z
0.79812205,open,2021-06-30T08:38:00Z,340,86,0,426,426,18497[Hauptwache],2021-06-30T08:42:02.548Z
0.5808824,open,2021-06-30T08:38:00Z,395,285,0,680,680,18495[Am Gericht],2021-06-30T08:42:02.548Z
0.25857842,open,2021-06-30T08:38:00Z,211,605,75,891,816,109240[MyZeil],2021-06-30T08:42:02.548Z
0.23481117,open,2021-06-30T08:38:00Z,143,466,0,609,609,18494[Konrad-Adenauer-Straße],2021-06-30T08:42:02.548Z
0.072150074,open,2021-06-30T08:38:00Z,50,643,0,693,693,24278[Karstadt],2021-06-30T08:42:02.548Z
0.94400895,open,2021-06-30T08:53:00Z,843,50,0,893,893,24277[Börse],2021-06-30T08:57:01.247Z
0.7,open,2021-06-30T08:53:00Z,105,45,200,350,150,24276[Turmcenter],2021-06-30T08:57:01.247Z
0.50248754,open,2021-06-30T08:53:00Z,202,200,0,402,402,18944[Alte Oper],2021-06-30T08:57:01.247Z
0.38736263,open,2021-06-30T08:53:00Z,141,223,0,364,364,24281[Hauptbahnhof Süd],2021-06-30T08:57:01.247Z
0.59456116,open,2021-06-30T08:53:00Z,481,328,0,809,809,24279[Konstabler],2021-06-30T08:57:01.247Z
0.8333333,open,2021-06-30T08:53:00Z,355,71,0,426,426,18497[Hauptwache],2021-06-30T08:57:01.247Z
0.59705883,open,2021-06-30T08:53:00Z,406,274,0,680,680,18495[Am Gericht],2021-06-30T08:57:01.247Z
0.28063726,open,2021-06-30T08:53:00Z,229,587,75,891,816,109240[MyZeil],2021-06-30T08:57:01.247Z
0.26108375,open,2021-06-30T08:53:00Z,159,450,0,609,609,18494[Konrad-Adenauer-Straße],2021-06-30T08:57:01.247Z
0.07359307,open,2021-06-30T08:53:00Z,51,642,0,693,693,24278[Karstadt],2021-06-30T08:57:01.247Z
0.94400895,open,2021-06-30T09:08:00Z,843,50,0,893,893,24277[Börse],2021-06-30T09:12:02.130Z
0.72,open,2021-06-30T09:08:00Z,108,42,200,350,150,24276[Turmcenter],2021-06-30T09:12:02.130Z
0.5124378,open,2021-06-30T09:08:00Z,206,196,0,402,402,18944[Alte Oper],2021-06-30T09:12:02.130Z
0.38736263,open,2021-06-30T09:08:00Z,141,223,0,364,364,24281[Hauptbahnhof Süd],2021-06-30T09:12:02.130Z
0.6341162,open,2021-06-30T09:08:00Z,513,296,0,809,809,24279[Konstabler],2021-06-30T09:12:02.130Z
0.85680753,open,2021-06-30T09:08:00Z,365,61,0,426,426,18497[Hauptwache],2021-06-30T09:12:02.130Z
0.6132353,open,2021-06-30T09:08:00Z,417,263,0,680,680,18495[Am Gericht],2021-06-30T09:12:02.130Z
0.2867647,open,2021-06-30T09:08:00Z,234,582,75,891,816,109240[MyZeil],2021-06-30T09:12:02.130Z
0.27914613,open,2021-06-30T09:08:00Z,170,439,0,609,609,18494[Konrad-Adenauer-Straße],2021-06-30T09:12:02.130Z
0.06349207,open,2021-06-30T09:08:00Z,44,649,0,693,693,24278[Karstadt],2021-06-30T09:12:02.130Z
0.94400895,open,2021-06-30T09:34:00Z,843,50,0,893,893,24277[Börse],2021-06-30T09:37:01.381Z
0.7,open,2021-06-30T09:34:00Z,105,45,200,350,150,24276[Turmcenter],2021-06-30T09:37:01.381Z
0.52487564,open,2021-06-30T09:34:00Z,211,191,0,402,402,18944[Alte Oper],2021-06-30T09:37:01.381Z
0.3708791,open,2021-06-30T09:34:00Z,135,229,0,364,364,24281[Hauptbahnhof Süd],2021-06-30T09:37:01.381Z
0.68355995,open,2021-06-30T09:34:00Z,553,256,0,809,809,24279[Konstabler],2021-06-30T09:37:01.381Z
0.86619717,open,2021-06-30T09:34:00Z,369,57,0,426,426,18497[Hauptwache],2021-06-30T09:37:01.381Z
0.60294116,open,2021-06-30T09:34:00Z,410,270,0,680,680,18495[Am Gericht],2021-06-30T09:37:01.381Z
0.30882353,open,2021-06-30T09:34:00Z,252,564,75,891,816,109240[MyZeil],2021-06-30T09:37:01.381Z
0.27750412,open,2021-06-30T09:34:00Z,169,440,0,609,609,18494[Konrad-Adenauer-Straße],2021-06-30T09:37:01.381Z
0.04040404,open,2021-06-30T09:34:00Z,28,665,0,693,693,24278[Karstadt],2021-06-30T09:37:01.381Z
0.94400895,open,2021-06-30T09:44:00Z,843,50,0,893,893,24277[Börse],2021-06-30T09:47:02.090Z
0.7,open,2021-06-30T09:44:00Z,105,45,200,350,150,24276[Turmcenter],2021-06-30T09:47:02.090Z
0.5472637,open,2021-06-30T09:44:00Z,220,182,0,402,402,18944[Alte Oper],2021-06-30T09:47:02.090Z
0.37637362,open,2021-06-30T09:44:00Z,137,227,0,364,364,24281[Hauptbahnhof Süd],2021-06-30T09:47:02.090Z
0.7045736,open,2021-06-30T09:44:00Z,570,239,0,809,809,24279[Konstabler],2021-06-30T09:47:02.090Z
0.8920188,open,2021-06-30T09:44:00Z,380,46,0,426,426,18497[Hauptwache],2021-06-30T09:47:02.090Z
0.6191176,open,2021-06-30T09:44:00Z,421,259,0,680,680,18495[Am Gericht],2021-06-30T09:47:02.090Z
0.31617647,open,2021-06-30T09:44:00Z,258,558,75,891,816,109240[MyZeil],2021-06-30T09:47:02.090Z
0.29392448,open,2021-06-30T09:44:00Z,179,430,0,609,609,18494[Konrad-Adenauer-Straße],2021-06-30T09:47:02.090Z
0.031746034,open,2021-06-30T09:44:00Z,22,671,0,693,693,24278[Karstadt],2021-06-30T09:47:02.090Z
0.94400895,open,2021-06-30T09:54:00Z,843,50,0,893,893,24277[Börse],2021-06-30T09:57:02.685Z
0.68,open,2021-06-30T09:54:00Z,102,48,200,350,150,24276[Turmcenter],2021-06-30T09:57:02.685Z
0.5572139,open,2021-06-30T09:54:00Z,224,178,0,402,402,18944[Alte Oper],2021-06-30T09:57:02.685Z
0.37362638,open,2021-06-30T09:54:00Z,136,228,0,364,364,24281[Hauptbahnhof Süd],2021-06-30T09:57:02.685Z
0.71075404,open,2021-06-30T09:54:00Z,575,234,0,809,809,24279[Konstabler],2021-06-30T09:57:02.685Z
0.91784036,open,2021-06-30T09:54:00Z,391,35,0,426,426,18497[Hauptwache],2021-06-30T09:57:02.685Z
0.6117647,open,2021-06-30T09:54:00Z,416,264,0,680,680,18495[Am Gericht],2021-06-30T09:57:02.685Z
0.3125,open,2021-06-30T09:54:00Z,255,561,75,891,816,109240[MyZeil],2021-06-30T09:57:02.685Z
0.2955665,open,2021-06-30T09:54:00Z,180,429,0,609,609,18494[Konrad-Adenauer-Straße],2021-06-30T09:57:02.685Z
0.023088023,open,2021-06-30T09:54:00Z,16,677,0,693,693,24278[Karstadt],2021-06-30T09:57:02.685Z
0.94400895,open,2021-06-30T10:19:00Z,843,50,0,893,893,24277[Börse],2021-06-30T10:22:00.511Z
0.62666667,open,2021-06-30T10:19:00Z,94,56,200,350,150,24276[Turmcenter],2021-06-30T10:22:00.511Z
0.5771144,open,2021-06-30T10:19:00Z,232,170,0,402,402,18944[Alte Oper],2021-06-30T10:22:00.511Z
0.3653846,open,2021-06-30T10:19:00Z,133,231,0,364,364,24281[Hauptbahnhof Süd],2021-06-30T10:22:00.511Z
0.74289244,open,2021-06-30T10:19:00Z,601,208,0,809,809,24279[Konstabler],2021-06-30T10:22:00.511Z
0.95539904,open,2021-06-30T10:19:00Z,407,19,0,426,426,18497[Hauptwache],2021-06-30T10:22:00.511Z
0.62352943,open,2021-06-30T10:19:00Z,424,256,0,680,680,18495[Am Gericht],2021-06-30T10:22:00.511Z
0.31740198,open,2021-06-30T10:19:00Z,259,557,75,891,816,109240[MyZeil],2021-06-30T10:22:00.511Z
0.2857143,open,2021-06-30T10:19:00Z,174,435,0,609,609,18494[Konrad-Adenauer-Straße],2021-06-30T10:22:00.511Z
0,open,2021-06-30T10:19:00Z,0,693,0,693,693,24278[Karstadt],2021-06-30T10:22:00.511Z
0.94400895,open,2021-06-30T10:39:00Z,843,50,0,893,893,24277[Börse],2021-06-30T10:42:01.036Z
0.5933333,open,2021-06-30T10:39:00Z,89,61,200,350,150,24276[Turmcenter],2021-06-30T10:42:01.036Z
0.6169154,open,2021-06-30T10:39:00Z,248,154,0,402,402,18944[Alte Oper],2021-06-30T10:42:01.036Z
0.3598901,open,2021-06-30T10:39:00Z,131,233,0,364,364,24281[Hauptbahnhof Süd],2021-06-30T10:42:01.036Z
0.7354759,open,2021-06-30T10:39:00Z,595,214,0,809,809,24279[Konstabler],2021-06-30T10:42:01.036Z
0.95539904,open,2021-06-30T10:39:00Z,407,19,0,426,426,18497[Hauptwache],2021-06-30T10:42:01.036Z
0.6,open,2021-06-30T10:39:00Z,408,272,0,680,680,18495[Am Gericht],2021-06-30T10:42:01.036Z
0.30882353,open,2021-06-30T10:39:00Z,252,564,75,891,816,109240[MyZeil],2021-06-30T10:42:01.036Z
0.27422002,open,2021-06-30T10:39:00Z,167,442,0,609,609,18494[Konrad-Adenauer-Straße],2021-06-30T10:42:01.036Z
0.0014430014,open,2021-06-30T10:39:00Z,1,692,0,693,693,24278[Karstadt],2021-06-30T10:42:01.036Z
0.94400895,open,2021-06-30T10:49:00Z,843,50,0,893,893,24277[Börse],2021-06-30T10:52:01.469Z
0.6066667,open,2021-06-30T10:49:00Z,91,59,200,350,150,24276[Turmcenter],2021-06-30T10:52:01.469Z
0.6393035,open,2021-06-30T10:49:00Z,257,145,0,402,402,18944[Alte Oper],2021-06-30T10:52:01.469Z
0.3653846,open,2021-06-30T10:49:00Z,133,231,0,364,364,24281[Hauptbahnhof Süd],2021-06-30T10:52:01.469Z
0.7181706,open,2021-06-30T10:49:00Z,581,228,0,809,809,24279[Konstabler],2021-06-30T10:52:01.469Z
0.943662,open,2021-06-30T10:49:00Z,402,24,0,426,426,18497[Hauptwache],2021-06-30T10:52:01.469Z
0.5897059,open,2021-06-30T10:49:00Z,401,279,0,680,680,18495[Am Gericht],2021-06-30T10:52:01.469Z
0.31985295,open,2021-06-30T10:49:00Z,261,555,75,891,816,109240[MyZeil],2021-06-30T10:52:01.469Z
0.26600984,open,2021-06-30T10:49:00Z,162,447,0,609,609,18494[Konrad-Adenauer-Straße],2021-06-30T10:52:01.469Z
0,open,2021-06-30T10:49:00Z,0,693,0,693,693,24278[Karstadt],2021-06-30T10:52:01.469Z
0.94400895,open,2021-06-30T11:04:00Z,843,50,0,893,893,24277[Börse],2021-06-30T11:07:02.076Z
0.58666664,open,2021-06-30T11:04:00Z,88,62,200,350,150,24276[Turmcenter],2021-06-30T11:07:02.076Z
0.65422887,open,2021-06-30T11:04:00Z,263,139,0,402,402,18944[Alte Oper],2021-06-30T11:07:02.076Z
0.3708791,open,2021-06-30T11:04:00Z,135,229,0,364,364,24281[Hauptbahnhof Süd],2021-06-30T11:07:02.076Z
0.70704573,open,2021-06-30T11:04:00Z,572,237,0,809,809,24279[Konstabler],2021-06-30T11:07:02.076Z
0.9366197,open,2021-06-30T11:04:00Z,399,27,0,426,426,18497[Hauptwache],2021-06-30T11:07:02.076Z
0.5838235,open,2021-06-30T11:04:00Z,397,283,0,680,680,18495[Am Gericht],2021-06-30T11:07:02.076Z
0.31862745,open,2021-06-30T11:04:00Z,260,556,75,891,816,109240[MyZeil],2021-06-30T11:07:02.076Z
0.2676519,open,2021-06-30T11:04:00Z,163,446,0,609,609,18494[Konrad-Adenauer-Straße],2021-06-30T11:07:02.076Z
0,open,2021-06-30T11:04:00Z,0,693,0,693,693,24278[Karstadt],2021-06-30T11:07:02.076Z
0.94400895,open,2021-06-30T11:20:00Z,843,50,0,893,893,24277[Börse],2021-06-30T11:22:00.994Z
0.38,open,2021-06-30T11:20:00Z,57,93,200,350,150,24276[Turmcenter],2021-06-30T11:22:00.994Z
0.64179105,open,2021-06-30T11:20:00Z,258,144,0,402,402,18944[Alte Oper],2021-06-30T11:22:00.994Z
0.3653846,open,2021-06-30T11:20:00Z,133,231,0,364,364,24281[Hauptbahnhof Süd],2021-06-30T11:22:00.994Z
0.70333743,open,2021-06-30T11:20:00Z,569,240,0,809,809,24279[Konstabler],2021-06-30T11:22:00.994Z
0.92488265,open,2021-06-30T11:20:00Z,394,32,0,426,426,18497[Hauptwache],2021-06-30T11:22:00.994Z
0.5779412,open,2021-06-30T11:20:00Z,393,287,0,680,680,18495[Am Gericht],2021-06-30T11:22:00.994Z
0.31617647,open,2021-06-30T11:20:00Z,258,558,75,891,816,109240[MyZeil],2021-06-30T11:22:00.994Z
0.2594417,open,2021-06-30T11:20:00Z,158,451,0,609,609,18494[Konrad-Adenauer-Straße],2021-06-30T11:22:00.994Z
0.0028860029,open,2021-06-30T11:20:00Z,2,691,0,693,693,24278[Karstadt],2021-06-30T11:22:00.994Z
0.94400895,open,2021-06-30T11:30:00Z,843,50,0,893,893,24277[Börse],2021-06-30T11:32:01.177Z
0.36666667,open,2021-06-30T11:30:00Z,55,95,200,350,150,24276[Turmcenter],2021-06-30T11:32:01.177Z
0.6368159,open,2021-06-30T11:30:00Z,256,146,0,402,402,18944[Alte Oper],2021-06-30T11:32:01.177Z
0.3653846,open,2021-06-30T11:30:00Z,133,231,0,364,364,24281[Hauptbahnhof Süd],2021-06-30T11:32:01.177Z
0.7045736,open,2021-06-30T11:30:00Z,570,239,0,809,809,24279[Konstabler],2021-06-30T11:32:01.177Z
0.91784036,open,2021-06-30T11:30:00Z,391,35,0,426,426,18497[Hauptwache],2021-06-30T11:32:01.177Z
0.575,open,2021-06-30T11:30:00Z,391,289,0,680,680,18495[Am Gericht],2021-06-30T11:32:01.177Z
0.31985295,open,2021-06-30T11:30:00Z,261,555,75,891,816,109240[MyZeil],2021-06-30T11:32:01.177Z
0.24302134,open,2021-06-30T11:30:00Z,148,461,0,609,609,18494[Konrad-Adenauer-Straße],2021-06-30T11:32:01.177Z
0,open,2021-06-30T11:30:00Z,0,693,0,693,693,24278[Karstadt],2021-06-30T11:32:01.177Z
0.94400895,open,2021-06-30T11:45:00Z,843,50,0,893,893,24277[Börse],2021-06-30T11:47:01.748Z
0.4,open,2021-06-30T11:45:00Z,60,90,200,350,150,24276[Turmcenter],2021-06-30T11:47:01.748Z
0.6442786,open,2021-06-30T11:45:00Z,259,143,0,402,402,18944[Alte Oper],2021-06-30T11:47:01.748Z
0.3598901,open,2021-06-30T11:45:00Z,131,233,0,364,364,24281[Hauptbahnhof Süd],2021-06-30T11:47:01.748Z
0.69715697,open,2021-06-30T11:45:00Z,564,245,0,809,809,24279[Konstabler],2021-06-30T11:47:01.748Z
0.9342723,open,2021-06-30T11:45:00Z,398,28,0,426,426,18497[Hauptwache],2021-06-30T11:47:01.748Z
0.5779412,open,2021-06-30T11:45:00Z,393,287,0,680,680,18495[Am Gericht],2021-06-30T11:47:01.748Z
0.31740198,open,2021-06-30T11:45:00Z,259,557,75,891,816,109240[MyZeil],2021-06-30T11:47:01.748Z
0.24302134,open,2021-06-30T11:45:00Z,148,461,0,609,609,18494[Konrad-Adenauer-Straße],2021-06-30T11:47:01.748Z
0.0028860029,open,2021-06-30T11:45:00Z,2,691,0,693,693,24278[Karstadt],2021-06-30T11:47:01.748Z
0.94400895,open,2021-06-30T11:50:00Z,843,50,0,893,893,24277[Börse],2021-06-30T11:52:01.083Z
0.44666666,open,2021-06-30T11:50:00Z,67,83,200,350,150,24276[Turmcenter],2021-06-30T11:52:01.083Z
0.6442786,open,2021-06-30T11:50:00Z,259,143,0,402,402,18944[Alte Oper],2021-06-30T11:52:01.083Z
0.3598901,open,2021-06-30T11:50:00Z,131,233,0,364,364,24281[Hauptbahnhof Süd],2021-06-30T11:52:01.083Z
0.69715697,open,2021-06-30T11:50:00Z,564,245,0,809,809,24279[Konstabler],2021-06-30T11:52:01.083Z
0.92957747,open,2021-06-30T11:50:00Z,396,30,0,426,426,18497[Hauptwache],2021-06-30T11:52:01.083Z
0.5779412,open,2021-06-30T11:50:00Z,393,287,0,680,680,18495[Am Gericht],2021-06-30T11:52:01.083Z
0.31740198,open,2021-06-30T11:50:00Z,259,557,75,891,816,109240[MyZeil],2021-06-30T11:52:01.083Z
0.23973727,open,2021-06-30T11:50:00Z,146,463,0,609,609,18494[Konrad-Adenauer-Straße],2021-06-30T11:52:01.083Z
0,open,2021-06-30T11:50:00Z,0,693,0,693,693,24278[Karstadt],2021-06-30T11:52:01.083Z
0.94400895,open,2021-06-30T12:25:00Z,843,50,0,893,893,24277[Börse],2021-06-30T12:27:00.499Z
0.44666666,open,2021-06-30T12:25:00Z,67,83,200,350,150,24276[Turmcenter],2021-06-30T12:27:00.499Z
0.6368159,open,2021-06-30T12:25:00Z,256,146,0,402,402,18944[Alte Oper],2021-06-30T12:27:00.499Z
0.3489011,open,2021-06-30T12:25:00Z,127,237,0,364,364,24281[Hauptbahnhof Süd],2021-06-30T12:27:00.499Z
0.7144623,open,2021-06-30T12:25:00Z,578,231,0,809,809,24279[Konstabler],2021-06-30T12:27:00.499Z
0.8849765,open,2021-06-30T12:25:00Z,377,49,0,426,426,18497[Hauptwache],2021-06-30T12:27:00.499Z
0.5470588,open,2021-06-30T12:25:00Z,372,308,0,680,680,18495[Am Gericht],2021-06-30T12:27:00.499Z
0.30328867,open,2021-06-30T12:25:00Z,249,572,75,896,821,109240[MyZeil],2021-06-30T12:27:00.499Z
0.23973727,open,2021-06-30T12:25:00Z,146,463,0,609,609,18494[Konrad-Adenauer-Straße],2021-06-30T12:27:00.499Z
0,open,2021-06-30T12:25:00Z,0,693,0,693,693,24278[Karstadt],2021-06-30T12:27:00.499Z
0.94400895,open,2021-06-30T13:00:00Z,843,50,0,893,893,24277[Börse],2021-06-30T13:02:00.990Z
0.37333333,open,2021-06-30T13:00:00Z,56,94,200,350,150,24276[Turmcenter],2021-06-30T13:02:00.990Z
0.58457714,open,2021-06-30T13:00:00Z,235,167,0,402,402,18944[Alte Oper],2021-06-30T13:02:00.990Z
0.33241758,open,2021-06-30T13:00:00Z,121,243,0,364,364,24281[Hauptbahnhof Süd],2021-06-30T13:02:00.990Z
0.7255871,open,2021-06-30T13:00:00Z,587,222,0,809,809,24279[Konstabler],2021-06-30T13:02:00.990Z
0.90375584,open,2021-06-30T13:00:00Z,385,41,0,426,426,18497[Hauptwache],2021-06-30T13:02:00.990Z
0.5352941,open,2021-06-30T13:00:00Z,364,316,0,680,680,18495[Am Gericht],2021-06-30T13:02:00.990Z
0.30207065,open,2021-06-30T13:00:00Z,248,573,75,896,821,109240[MyZeil],2021-06-30T13:02:00.990Z
0.21839081,open,2021-06-30T13:00:00Z,133,476,0,609,609,18494[Konrad-Adenauer-Straße],2021-06-30T13:02:00.990Z
0,open,2021-06-30T13:00:00Z,0,693,0,693,693,24278[Karstadt],2021-06-30T13:02:00.990Z
0.94400895,open,2021-06-30T13:26:00Z,843,50,0,893,893,24277[Börse],2021-06-30T13:27:02.593Z
0.38,open,2021-06-30T13:26:00Z,57,93,200,350,150,24276[Turmcenter],2021-06-30T13:27:02.593Z
0.54228854,open,2021-06-30T13:26:00Z,218,184,0,402,402,18944[Alte Oper],2021-06-30T13:27:02.593Z
0.30769232,open,2021-06-30T13:26:00Z,112,252,0,364,364,24281[Hauptbahnhof Süd],2021-06-30T13:27:02.593Z
0.7132262,open,2021-06-30T13:26:00Z,577,232,0,809,809,24279[Konstabler],2021-06-30T13:27:02.593Z
0.91549295,open,2021-06-30T13:26:00Z,390,36,0,426,426,18497[Hauptwache],2021-06-30T13:27:02.593Z
0.50441176,open,2021-06-30T13:26:00Z,343,337,0,680,680,18495[Am Gericht],2021-06-30T13:27:02.593Z
0.28989038,open,2021-06-30T13:26:00Z,238,583,75,896,821,109240[MyZeil],2021-06-30T13:27:02.593Z
0.21510673,open,2021-06-30T13:26:00Z,131,478,0,609,609,18494[Konrad-Adenauer-Straße],2021-06-30T13:27:02.593Z
0,open,2021-06-30T13:26:00Z,0,693,0,693,693,24278[Karstadt],2021-06-30T13:27:02.593Z
0.94400895,open,2021-06-30T13:41:00Z,843,50,0,893,893,24277[Börse],2021-06-30T13:42:01.406Z
0.35333332,open,2021-06-30T13:41:00Z,53,97,200,350,150,24276[Turmcenter],2021-06-30T13:42:01.406Z
0.5298507,open,2021-06-30T13:41:00Z,213,189,0,402,402,18944[Alte Oper],2021-06-30T13:42:01.406Z
0.28846154,open,2021-06-30T13:41:00Z,105,259,0,364,364,24281[Hauptbahnhof Süd],2021-06-30T13:42:01.406Z
0.72064275,open,2021-06-30T13:41:00Z,583,226,0,809,809,24279[Konstabler],2021-06-30T13:42:01.406Z
0.90375584,open,2021-06-30T13:41:00Z,385,41,0,426,426,18497[Hauptwache],2021-06-30T13:42:01.406Z
0.5029412,open,2021-06-30T13:41:00Z,342,338,0,680,680,18495[Am Gericht],2021-06-30T13:42:01.406Z
0.28380024,open,2021-06-30T13:41:00Z,233,588,75,896,821,109240[MyZeil],2021-06-30T13:42:01.406Z
0.22003284,open,2021-06-30T13:41:00Z,134,475,0,609,609,18494[Konrad-Adenauer-Straße],2021-06-30T13:42:01.406Z
0,open,2021-06-30T13:41:00Z,0,693,0,693,693,24278[Karstadt],2021-06-30T13:42:01.406Z
0.94400895,open,2021-06-30T13:51:00Z,843,50,0,893,893,24277[Börse],2021-06-30T13:52:00.438Z
0.33333334,open,2021-06-30T13:51:00Z,50,100,200,350,150,24276[Turmcenter],2021-06-30T13:52:00.438Z
0.5273632,open,2021-06-30T13:51:00Z,212,190,0,402,402,18944[Alte Oper],2021-06-30T13:52:00.438Z
0.27747253,open,2021-06-30T13:51:00Z,101,263,0,364,364,24281[Hauptbahnhof Süd],2021-06-30T13:52:00.438Z
0.72929543,open,2021-06-30T13:51:00Z,590,219,0,809,809,24279[Konstabler],2021-06-30T13:52:00.438Z
0.9061033,open,2021-06-30T13:51:00Z,386,40,0,426,426,18497[Hauptwache],2021-06-30T13:52:00.438Z
0.5,open,2021-06-30T13:51:00Z,340,340,0,680,680,18495[Am Gericht],2021-06-30T13:52:00.438Z
0.2813642,open,2021-06-30T13:51:00Z,231,590,75,896,821,109240[MyZeil],2021-06-30T13:52:00.438Z
0.22660099,open,2021-06-30T13:51:00Z,138,471,0,609,609,18494[Konrad-Adenauer-Straße],2021-06-30T13:52:00.438Z
0,open,2021-06-30T13:51:00Z,0,693,0,693,693,24278[Karstadt],2021-06-30T13:52:00.438Z
0.94400895,open,2021-06-30T14:06:00Z,843,50,0,893,893,24277[Börse],2021-06-30T14:07:00.061Z
0.32,open,2021-06-30T14:06:00Z,48,102,200,350,150,24276[Turmcenter],2021-06-30T14:07:00.061Z
0.50248754,open,2021-06-30T14:06:00Z,202,200,0,402,402,18944[Alte Oper],2021-06-30T14:07:00.061Z
0.260989,open,2021-06-30T14:06:00Z,95,269,0,364,364,24281[Hauptbahnhof Süd],2021-06-30T14:07:00.061Z
0.72311497,open,2021-06-30T14:06:00Z,585,224,0,809,809,24279[Konstabler],2021-06-30T14:07:00.061Z
0.8967136,open,2021-06-30T14:06:00Z,382,44,0,426,426,18497[Hauptwache],2021-06-30T14:07:00.061Z
0.4867647,open,2021-06-30T14:06:00Z,331,349,0,680,680,18495[Am Gericht],2021-06-30T14:07:00.061Z
0.28501827,open,2021-06-30T14:06:00Z,234,587,75,896,821,109240[MyZeil],2021-06-30T14:07:00.061Z
0.22988506,open,2021-06-30T14:06:00Z,140,469,0,609,609,18494[Konrad-Adenauer-Straße],2021-06-30T14:07:00.061Z
0,open,2021-06-30T14:06:00Z,0,693,0,693,693,24278[Karstadt],2021-06-30T14:07:00.061Z
0.94400895,open,2021-06-30T14:21:00Z,843,50,0,893,893,24277[Börse],2021-06-30T14:22:00.595Z
0.3,open,2021-06-30T14:21:00Z,45,105,200,350,150,24276[Turmcenter],2021-06-30T14:22:00.595Z
0.5,open,2021-06-30T14:21:00Z,201,201,0,402,402,18944[Alte Oper],2021-06-30T14:22:00.595Z
0.23901099,open,2021-06-30T14:21:00Z,87,277,0,364,364,24281[Hauptbahnhof Süd],2021-06-30T14:22:00.595Z
0.72435105,open,2021-06-30T14:21:00Z,586,223,0,809,809,24279[Konstabler],2021-06-30T14:22:00.595Z
0.87558687,open,2021-06-30T14:21:00Z,373,53,0,426,426,18497[Hauptwache],2021-06-30T14:22:00.595Z
0.47058824,open,2021-06-30T14:21:00Z,320,360,0,680,680,18495[Am Gericht],2021-06-30T14:22:00.595Z
0.2764921,open,2021-06-30T14:21:00Z,227,594,75,896,821,109240[MyZeil],2021-06-30T14:22:00.595Z
0.22167487,open,2021-06-30T14:21:00Z,135,474,0,609,609,18494[Konrad-Adenauer-Straße],2021-06-30T14:22:00.595Z
0,open,2021-06-30T14:21:00Z,0,693,0,693,693,24278[Karstadt],2021-06-30T14:22:00.595Z
0.94400895,open,2021-06-30T14:36:00Z,843,50,0,893,893,24277[Börse],2021-06-30T14:37:01.636Z
0.3,open,2021-06-30T14:36:00Z,45,105,200,350,150,24276[Turmcenter],2021-06-30T14:37:01.636Z
0.49751243,open,2021-06-30T14:36:00Z,200,202,0,402,402,18944[Alte Oper],2021-06-30T14:37:01.636Z
0.22802198,open,2021-06-30T14:36:00Z,83,281,0,364,364,24281[Hauptbahnhof Süd],2021-06-30T14:37:01.636Z
0.72929543,open,2021-06-30T14:36:00Z,590,219,0,809,809,24279[Konstabler],2021-06-30T14:37:01.636Z
0.8685446,open,2021-06-30T14:36:00Z,370,56,0,426,426,18497[Hauptwache],2021-06-30T14:37:01.636Z
0.44852942,open,2021-06-30T14:36:00Z,305,375,0,680,680,18495[Am Gericht],2021-06-30T14:37:01.636Z
0.2777101,open,2021-06-30T14:36:00Z,228,593,75,896,821,109240[MyZeil],2021-06-30T14:37:01.636Z
0.22824302,open,2021-06-30T14:36:00Z,139,470,0,609,609,18494[Konrad-Adenauer-Straße],2021-06-30T14:37:01.636Z
0,open,2021-06-30T14:36:00Z,0,693,0,693,693,24278[Karstadt],2021-06-30T14:37:01.636Z
0.94400895,open,2021-06-30T14:46:00Z,843,50,0,893,893,24277[Börse],2021-06-30T14:52:00.810Z
0.30666667,open,2021-06-30T14:46:00Z,46,104,200,350,150,24276[Turmcenter],2021-06-30T14:52:00.810Z
0.49004975,open,2021-06-30T14:46:00Z,197,205,0,402,402,18944[Alte Oper],2021-06-30T14:52:00.810Z
0.21153846,open,2021-06-30T14:46:00Z,77,287,0,364,364,24281[Hauptbahnhof Süd],2021-06-30T14:52:00.810Z
0.71075404,open,2021-06-30T14:46:00Z,575,234,0,809,809,24279[Konstabler],2021-06-30T14:52:00.810Z
0.85915494,open,2021-06-30T14:46:00Z,366,60,0,426,426,18497[Hauptwache],2021-06-30T14:52:00.810Z
0.45147058,open,2021-06-30T14:46:00Z,307,373,0,680,680,18495[Am Gericht],2021-06-30T14:52:00.810Z
0.28501827,open,2021-06-30T14:46:00Z,234,587,75,896,821,109240[MyZeil],2021-06-30T14:52:00.810Z
0.22495896,open,2021-06-30T14:46:00Z,137,472,0,609,609,18494[Konrad-Adenauer-Straße],2021-06-30T14:52:00.810Z
0,open,2021-06-30T14:46:00Z,0,693,0,693,693,24278[Karstadt],2021-06-30T14:52:00.810Z
0.94400895,open,2021-06-30T14:51:00Z,843,50,0,893,893,24277[Börse],2021-06-30T14:57:00.392Z
0.29333332,open,2021-06-30T14:51:00Z,44,106,200,350,150,24276[Turmcenter],2021-06-30T14:57:00.392Z
0.4751244,open,2021-06-30T14:51:00Z,191,211,0,402,402,18944[Alte Oper],2021-06-30T14:57:00.392Z
0.2032967,open,2021-06-30T14:51:00Z,74,290,0,364,364,24281[Hauptbahnhof Süd],2021-06-30T14:57:00.392Z
0.70580965,open,2021-06-30T14:51:00Z,571,238,0,809,809,24279[Konstabler],2021-06-30T14:57:00.392Z
0.8450704,open,2021-06-30T14:51:00Z,360,66,0,426,426,18497[Hauptwache],2021-06-30T14:57:00.392Z
0.45,open,2021-06-30T14:51:00Z,306,374,0,680,680,18495[Am Gericht],2021-06-30T14:57:00.392Z
0.28867236,open,2021-06-30T14:51:00Z,237,584,75,896,821,109240[MyZeil],2021-06-30T14:57:00.392Z
0.21510673,open,2021-06-30T14:51:00Z,131,478,0,609,609,18494[Konrad-Adenauer-Straße],2021-06-30T14:57:00.392Z
0,open,2021-06-30T14:51:00Z,0,693,0,693,693,24278[Karstadt],2021-06-30T14:57:00.392Z
0.94400895,open,2021-06-30T15:22:00Z,843,50,0,893,893,24277[Börse],2021-06-30T15:27:01.783Z
0.27333334,open,2021-06-30T15:22:00Z,41,109,200,350,150,24276[Turmcenter],2021-06-30T15:27:01.783Z
0.45024875,open,2021-06-30T15:22:00Z,181,221,0,402,402,18944[Alte Oper],2021-06-30T15:27:01.783Z
0.16208792,open,2021-06-30T15:22:00Z,59,305,0,364,364,24281[Hauptbahnhof Süd],2021-06-30T15:27:01.783Z
0.6996292,open,2021-06-30T15:22:00Z,566,243,0,809,809,24279[Konstabler],2021-06-30T15:27:01.783Z
0.8333333,open,2021-06-30T15:22:00Z,355,71,0,426,426,18497[Hauptwache],2021-06-30T15:27:01.783Z
0.43823528,open,2021-06-30T15:22:00Z,298,382,0,680,680,18495[Am Gericht],2021-06-30T15:27:01.783Z
0.27527407,open,2021-06-30T15:22:00Z,226,595,75,896,821,109240[MyZeil],2021-06-30T15:27:01.783Z
0.20032841,open,2021-06-30T15:22:00Z,122,487,0,609,609,18494[Konrad-Adenauer-Straße],2021-06-30T15:27:01.783Z
0,open,2021-06-30T15:22:00Z,0,693,0,693,693,24278[Karstadt],2021-06-30T15:27:01.783Z
0.94400895,open,2021-06-30T15:42:00Z,843,50,0,893,893,24277[Börse],2021-06-30T15:47:00.272Z
0.20666666,open,2021-06-30T15:42:00Z,31,119,200,350,150,24276[Turmcenter],2021-06-30T15:47:00.272Z
0.41044775,open,2021-06-30T15:42:00Z,165,237,0,402,402,18944[Alte Oper],2021-06-30T15:47:00.272Z
0.1401099,open,2021-06-30T15:42:00Z,51,313,0,364,364,24281[Hauptbahnhof Süd],2021-06-30T15:47:00.272Z
0.70333743,open,2021-06-30T15:42:00Z,569,240,0,809,809,24279[Konstabler],2021-06-30T15:47:00.272Z
0.8333333,open,2021-06-30T15:42:00Z,355,71,0,426,426,18497[Hauptwache],2021-06-30T15:47:00.272Z
0.42205882,open,2021-06-30T15:42:00Z,287,393,0,680,680,18495[Am Gericht],2021-06-30T15:47:00.272Z
0.2911084,open,2021-06-30T15:42:00Z,239,582,75,896,821,109240[MyZeil],2021-06-30T15:47:00.272Z
0.18555008,open,2021-06-30T15:42:00Z,113,496,0,609,609,18494[Konrad-Adenauer-Straße],2021-06-30T15:47:00.272Z
0,open,2021-06-30T15:42:00Z,0,693,0,693,693,24278[Karstadt],2021-06-30T15:47:00.272Z
0.94400895,open,2021-06-30T15:52:00Z,843,50,0,893,893,24277[Börse],2021-06-30T15:57:01.516Z
0.17333333,open,2021-06-30T15:52:00Z,26,124,200,350,150,24276[Turmcenter],2021-06-30T15:57:01.516Z
0.41791046,open,2021-06-30T15:52:00Z,168,234,0,402,402,18944[Alte Oper],2021-06-30T15:57:01.516Z
0.13461539,open,2021-06-30T15:52:00Z,49,315,0,364,364,24281[Hauptbahnhof Süd],2021-06-30T15:57:01.516Z
0.68479604,open,2021-06-30T15:52:00Z,554,255,0,809,809,24279[Konstabler],2021-06-30T15:57:01.516Z
0.8262911,open,2021-06-30T15:52:00Z,352,74,0,426,426,18497[Hauptwache],2021-06-30T15:57:01.516Z
0.42205882,open,2021-06-30T15:52:00Z,287,393,0,680,680,18495[Am Gericht],2021-06-30T15:57:01.516Z
0.2911084,open,2021-06-30T15:52:00Z,239,582,75,896,821,109240[MyZeil],2021-06-30T15:57:01.516Z
0.18555008,open,2021-06-30T15:52:00Z,113,496,0,609,609,18494[Konrad-Adenauer-Straße],2021-06-30T15:57:01.516Z
0,open,2021-06-30T15:52:00Z,0,693,0,693,693,24278[Karstadt],2021-06-30T15:57:01.516Z
0.94400895,open,2021-06-30T16:38:00Z,843,50,0,893,893,24277[Börse],2021-06-30T16:42:01.339Z
0.1,open,2021-06-30T16:38:00Z,20,180,150,350,200,24276[Turmcenter],2021-06-30T16:42:01.339Z
0.36069652,open,2021-06-30T16:38:00Z,145,257,0,402,402,18944[Alte Oper],2021-06-30T16:42:01.339Z
0.093406595,open,2021-06-30T16:38:00Z,34,330,0,364,364,24281[Hauptbahnhof Süd],2021-06-30T16:42:01.339Z
0.60692215,open,2021-06-30T16:38:00Z,491,318,0,809,809,24279[Konstabler],2021-06-30T16:42:01.339Z
0.8262911,open,2021-06-30T16:38:00Z,352,74,0,426,426,18497[Hauptwache],2021-06-30T16:42:01.339Z
0.3779412,open,2021-06-30T16:38:00Z,257,423,0,680,680,18495[Am Gericht],2021-06-30T16:42:01.339Z
0.26431182,open,2021-06-30T16:38:00Z,217,604,75,896,821,109240[MyZeil],2021-06-30T16:42:01.339Z
0.18719211,open,2021-06-30T16:38:00Z,114,495,0,609,609,18494[Konrad-Adenauer-Straße],2021-06-30T16:42:01.339Z
0,open,2021-06-30T16:38:00Z,0,693,0,693,693,24278[Karstadt],2021-06-30T16:42:01.339Z
0.94400895,open,2021-06-30T17:03:00Z,843,50,0,893,893,24277[Börse],2021-06-30T17:07:02.229Z
0.055,open,2021-06-30T17:03:00Z,11,189,150,350,200,24276[Turmcenter],2021-06-30T17:07:02.229Z
0.3631841,open,2021-06-30T17:03:00Z,146,256,0,402,402,18944[Alte Oper],2021-06-30T17:07:02.229Z
0.08516484,open,2021-06-30T17:03:00Z,31,333,0,364,364,24281[Hauptbahnhof Süd],2021-06-30T17:07:02.229Z
0.55747837,open,2021-06-30T17:03:00Z,451,358,0,809,809,24279[Konstabler],2021-06-30T17:07:02.229Z
0.8169014,open,2021-06-30T17:03:00Z,348,78,0,426,426,18497[Hauptwache],2021-06-30T17:07:02.229Z
0.3529412,open,2021-06-30T17:03:00Z,240,440,0,680,680,18495[Am Gericht],2021-06-30T17:07:02.229Z
0.2545676,open,2021-06-30T17:03:00Z,209,612,75,896,821,109240[MyZeil],2021-06-30T17:07:02.229Z
0.17405583,open,2021-06-30T17:03:00Z,106,503,0,609,609,18494[Konrad-Adenauer-Straße],2021-06-30T17:07:02.229Z
0,open,2021-06-30T17:03:00Z,0,693,0,693,693,24278[Karstadt],2021-06-30T17:07:02.229Z
0.94400895,open,2021-06-30T17:33:00Z,843,50,0,893,893,24277[Börse],2021-06-30T17:37:00.042Z
0.1,open,2021-06-30T17:33:00Z,20,180,150,350,200,24276[Turmcenter],2021-06-30T17:37:00.042Z
0.35074627,open,2021-06-30T17:33:00Z,141,261,0,402,402,18944[Alte Oper],2021-06-30T17:37:00.042Z
0.07417583,open,2021-06-30T17:33:00Z,27,337,0,364,364,24281[Hauptbahnhof Süd],2021-06-30T17:37:00.042Z
0.487021,open,2021-06-30T17:33:00Z,394,415,0,809,809,24279[Konstabler],2021-06-30T17:37:00.042Z
0.7629108,open,2021-06-30T17:33:00Z,325,101,0,426,426,18497[Hauptwache],2021-06-30T17:37:00.042Z
0.33235294,open,2021-06-30T17:33:00Z,226,454,0,680,680,18495[Am Gericht],2021-06-30T17:37:00.042Z
0.2362972,open,2021-06-30T17:33:00Z,194,627,75,896,821,109240[MyZeil],2021-06-30T17:37:00.042Z
0.15599343,open,2021-06-30T17:33:00Z,95,514,0,609,609,18494[Konrad-Adenauer-Straße],2021-06-30T17:37:00.042Z
0,closed,2021-06-30T17:33:00Z,,693,0,0,0,24278[Karstadt],2021-06-30T17:37:00.042Z
0.94400895,open,2021-06-30T17:49:00Z,843,50,0,893,893,24277[Börse],2021-06-30T17:52:00.624Z
0.09,open,2021-06-30T17:49:00Z,18,182,150,350,200,24276[Turmcenter],2021-06-30T17:52:00.624Z
0.33333334,open,2021-06-30T17:49:00Z,134,268,0,402,402,18944[Alte Oper],2021-06-30T17:52:00.624Z
0.06868132,open,2021-06-30T17:49:00Z,25,339,0,364,364,24281[Hauptbahnhof Süd],2021-06-30T17:52:00.624Z
0.4437577,open,2021-06-30T17:49:00Z,359,450,0,809,809,24279[Konstabler],2021-06-30T17:52:00.624Z
0.7300469,open,2021-06-30T17:49:00Z,311,115,0,426,426,18497[Hauptwache],2021-06-30T17:52:00.624Z
0.30588236,open,2021-06-30T17:49:00Z,208,472,0,680,680,18495[Am Gericht],2021-06-30T17:52:00.624Z
0.21680877,open,2021-06-30T17:49:00Z,178,643,75,896,821,109240[MyZeil],2021-06-30T17:52:00.624Z
0.13957307,open,2021-06-30T17:49:00Z,85,524,0,609,609,18494[Konrad-Adenauer-Straße],2021-06-30T17:52:00.624Z
0,closed,2021-06-30T17:49:00Z,,693,0,0,0,24278[Karstadt],2021-06-30T17:52:00.624Z
0.94400895,open,2021-06-30T17:59:00Z,843,50,0,893,893,24277[Börse],2021-06-30T18:02:00.155Z
0.085,open,2021-06-30T17:59:00Z,17,183,150,350,200,24276[Turmcenter],2021-06-30T18:02:00.155Z
0.30597016,open,2021-06-30T17:59:00Z,123,279,0,402,402,18944[Alte Oper],2021-06-30T18:02:00.155Z
0.057692308,open,2021-06-30T17:59:00Z,21,343,0,364,364,24281[Hauptbahnhof Süd],2021-06-30T18:02:00.155Z
0.407911,open,2021-06-30T17:59:00Z,330,479,0,809,809,24279[Konstabler],2021-06-30T18:02:00.155Z
0.7065728,open,2021-06-30T17:59:00Z,301,125,0,426,426,18497[Hauptwache],2021-06-30T18:02:00.155Z
0.29558823,open,2021-06-30T17:59:00Z,201,479,0,680,680,18495[Am Gericht],2021-06-30T18:02:00.155Z
0.20097442,open,2021-06-30T17:59:00Z,165,656,75,896,821,109240[MyZeil],2021-06-30T18:02:00.155Z
0.12807882,open,2021-06-30T17:59:00Z,78,531,0,609,609,18494[Konrad-Adenauer-Straße],2021-06-30T18:02:00.155Z
0,closed,2021-06-30T17:59:00Z,,693,0,0,0,24278[Karstadt],2021-06-30T18:02:00.155Z
0.94400895,open,2021-06-30T18:24:00Z,843,50,0,893,893,24277[Börse],2021-06-30T18:27:01.399Z
0.065,open,2021-06-30T18:24:00Z,13,187,150,350,200,24276[Turmcenter],2021-06-30T18:27:01.399Z
0.29850745,open,2021-06-30T18:24:00Z,120,282,0,402,402,18944[Alte Oper],2021-06-30T18:27:01.399Z
0.043956045,open,2021-06-30T18:24:00Z,16,348,0,364,364,24281[Hauptbahnhof Süd],2021-06-30T18:27:01.399Z
0.35105067,open,2021-06-30T18:24:00Z,284,525,0,809,809,24279[Konstabler],2021-06-30T18:27:01.399Z
0.6596244,open,2021-06-30T18:24:00Z,281,145,0,426,426,18497[Hauptwache],2021-06-30T18:27:01.399Z
0.26617646,open,2021-06-30T18:24:00Z,181,499,0,680,680,18495[Am Gericht],2021-06-30T18:27:01.399Z
0.18757613,open,2021-06-30T18:24:00Z,154,667,75,896,821,109240[MyZeil],2021-06-30T18:27:01.399Z
0.10180624,open,2021-06-30T18:24:00Z,62,547,0,609,609,18494[Konrad-Adenauer-Straße],2021-06-30T18:27:01.399Z
0,closed,2021-06-30T18:24:00Z,,693,0,0,0,24278[Karstadt],2021-06-30T18:27:01.399Z
0.94400895,open,2021-06-30T18:44:00Z,843,50,0,893,893,24277[Börse],2021-06-30T18:47:02.200Z
0.06,open,2021-06-30T18:44:00Z,12,188,150,350,200,24276[Turmcenter],2021-06-30T18:47:02.200Z
0.2885572,open,2021-06-30T18:44:00Z,116,286,0,402,402,18944[Alte Oper],2021-06-30T18:47:02.200Z
0.041208792,open,2021-06-30T18:44:00Z,15,349,0,364,364,24281[Hauptbahnhof Süd],2021-06-30T18:47:02.200Z
0.33250928,open,2021-06-30T18:44:00Z,269,540,0,809,809,24279[Konstabler],2021-06-30T18:47:02.200Z
0.6314554,open,2021-06-30T18:44:00Z,269,157,0,426,426,18497[Hauptwache],2021-06-30T18:47:02.200Z
0.2647059,open,2021-06-30T18:44:00Z,180,500,0,680,680,18495[Am Gericht],2021-06-30T18:47:02.200Z
0.16077954,open,2021-06-30T18:44:00Z,132,689,75,896,821,109240[MyZeil],2021-06-30T18:47:02.200Z
0.093596056,open,2021-06-30T18:44:00Z,57,552,0,609,609,18494[Konrad-Adenauer-Straße],2021-06-30T18:47:02.200Z
0,closed,2021-06-30T18:44:00Z,,693,0,0,0,24278[Karstadt],2021-06-30T18:47:02.200Z
0.94400895,open,2021-06-30T19:05:00Z,843,50,0,893,893,24277[Börse],2021-06-30T19:07:00.805Z
0.02,open,2021-06-30T19:05:00Z,4,196,150,350,200,24276[Turmcenter],2021-06-30T19:07:00.805Z
0.27363184,open,2021-06-30T19:05:00Z,110,292,0,402,402,18944[Alte Oper],2021-06-30T19:07:00.805Z
0.032967035,open,2021-06-30T19:05:00Z,12,352,0,364,364,24281[Hauptbahnhof Süd],2021-06-30T19:07:00.805Z
0.31891224,open,2021-06-30T19:05:00Z,258,551,0,809,809,24279[Konstabler],2021-06-30T19:07:00.805Z
0.6173709,open,2021-06-30T19:05:00Z,263,163,0,426,426,18497[Hauptwache],2021-06-30T19:07:00.805Z
0.2485294,open,2021-06-30T19:05:00Z,169,511,0,680,680,18495[Am Gericht],2021-06-30T19:07:00.805Z
0.14616321,open,2021-06-30T19:05:00Z,120,701,75,896,821,109240[MyZeil],2021-06-30T19:07:00.805Z
0.08045977,open,2021-06-30T19:05:00Z,49,560,0,609,609,18494[Konrad-Adenauer-Straße],2021-06-30T19:07:00.805Z
0,closed,2021-06-30T19:05:00Z,,693,0,0,0,24278[Karstadt],2021-06-30T19:07:00.805Z
0.94400895,open,2021-06-30T19:20:00Z,843,50,0,893,893,24277[Börse],2021-06-30T19:22:02.827Z
0.005,open,2021-06-30T19:20:00Z,1,199,150,350,200,24276[Turmcenter],2021-06-30T19:22:02.827Z
0.25870648,open,2021-06-30T19:20:00Z,104,298,0,402,402,18944[Alte Oper],2021-06-30T19:22:02.827Z
0.03021978,open,2021-06-30T19:20:00Z,11,353,0,364,364,24281[Hauptbahnhof Süd],2021-06-30T19:22:02.827Z
0.3077874,open,2021-06-30T19:20:00Z,249,560,0,809,809,24279[Konstabler],2021-06-30T19:22:02.827Z
0.600939,open,2021-06-30T19:20:00Z,256,170,0,426,426,18497[Hauptwache],2021-06-30T19:22:02.827Z
0.24558823,open,2021-06-30T19:20:00Z,167,513,0,680,680,18495[Am Gericht],2021-06-30T19:22:02.827Z
0.136419,open,2021-06-30T19:20:00Z,112,709,75,896,821,109240[MyZeil],2021-06-30T19:22:02.827Z
0.06732348,open,2021-06-30T19:20:00Z,41,568,0,609,609,18494[Konrad-Adenauer-Straße],2021-06-30T19:22:02.827Z
0,closed,2021-06-30T19:20:00Z,,693,0,0,0,24278[Karstadt],2021-06-30T19:22:02.827Z
0.94400895,open,2021-06-30T19:25:00Z,843,50,0,893,893,24277[Börse],2021-06-30T19:27:02.991Z
0,open,2021-06-30T19:25:00Z,0,200,150,350,200,24276[Turmcenter],2021-06-30T19:27:02.991Z
0.2562189,open,2021-06-30T19:25:00Z,103,299,0,402,402,18944[Alte Oper],2021-06-30T19:27:02.991Z
0.03021978,open,2021-06-30T19:25:00Z,11,353,0,364,364,24281[Hauptbahnhof Süd],2021-06-30T19:27:02.991Z
0.3053152,open,2021-06-30T19:25:00Z,247,562,0,809,809,24279[Konstabler],2021-06-30T19:27:02.991Z
0.59859157,open,2021-06-30T19:25:00Z,255,171,0,426,426,18497[Hauptwache],2021-06-30T19:27:02.991Z
0.24411765,open,2021-06-30T19:25:00Z,166,514,0,680,680,18495[Am Gericht],2021-06-30T19:27:02.991Z
0.136419,open,2021-06-30T19:25:00Z,112,709,75,896,821,109240[MyZeil],2021-06-30T19:27:02.991Z
0.06403941,open,2021-06-30T19:25:00Z,39,570,0,609,609,18494[Konrad-Adenauer-Straße],2021-06-30T19:27:02.991Z
0,closed,2021-06-30T19:25:00Z,,693,0,0,0,24278[Karstadt],2021-06-30T19:27:02.991Z
0.94400895,open,2021-06-30T19:36:00Z,843,50,0,893,893,24277[Börse],2021-06-30T19:37:01.543Z
0.005,open,2021-06-30T19:36:00Z,1,199,150,350,200,24276[Turmcenter],2021-06-30T19:37:01.543Z
0.25124377,open,2021-06-30T19:36:00Z,101,301,0,402,402,18944[Alte Oper],2021-06-30T19:37:01.543Z
0.03021978,open,2021-06-30T19:36:00Z,11,353,0,364,364,24281[Hauptbahnhof Süd],2021-06-30T19:37:01.543Z
0.30160692,open,2021-06-30T19:36:00Z,244,565,0,809,809,24279[Konstabler],2021-06-30T19:37:01.543Z
0.58920187,open,2021-06-30T19:36:00Z,251,175,0,426,426,18497[Hauptwache],2021-06-30T19:37:01.543Z
0.24558823,open,2021-06-30T19:36:00Z,167,513,0,680,680,18495[Am Gericht],2021-06-30T19:37:01.543Z
0.13520098,open,2021-06-30T19:36:00Z,111,710,75,896,821,109240[MyZeil],2021-06-30T19:37:01.543Z
0.052545156,open,2021-06-30T19:36:00Z,32,577,0,609,609,18494[Konrad-Adenauer-Straße],2021-06-30T19:37:01.543Z
0,closed,2021-06-30T19:36:00Z,,693,0,0,0,24278[Karstadt],2021-06-30T19:37:01.543Z
0.94400895,open,2021-06-30T19:46:00Z,843,50,0,893,893,24277[Börse],2021-06-30T19:47:02.171Z
0.005,open,2021-06-30T19:46:00Z,1,199,150,350,200,24276[Turmcenter],2021-06-30T19:47:02.171Z
0.23880596,open,2021-06-30T19:46:00Z,96,306,0,402,402,18944[Alte Oper],2021-06-30T19:47:02.171Z
0.03021978,open,2021-06-30T19:46:00Z,11,353,0,364,364,24281[Hauptbahnhof Süd],2021-06-30T19:47:02.171Z
0.29171818,open,2021-06-30T19:46:00Z,236,573,0,809,809,24279[Konstabler],2021-06-30T19:47:02.171Z
0.57511735,open,2021-06-30T19:46:00Z,245,181,0,426,426,18497[Hauptwache],2021-06-30T19:47:02.171Z
0.2382353,open,2021-06-30T19:46:00Z,162,518,0,680,680,18495[Am Gericht],2021-06-30T19:47:02.171Z
0.13398294,open,2021-06-30T19:46:00Z,110,711,75,896,821,109240[MyZeil],2021-06-30T19:47:02.171Z
0.049261082,open,2021-06-30T19:46:00Z,30,579,0,609,609,18494[Konrad-Adenauer-Straße],2021-06-30T19:47:02.171Z
0,closed,2021-06-30T19:46:00Z,,693,0,0,0,24278[Karstadt],2021-06-30T19:47:02.171Z
0.94400895,open,2021-06-30T19:56:00Z,843,50,0,893,893,24277[Börse],2021-06-30T20:02:02.468Z
0,open,2021-06-30T19:56:00Z,0,200,150,350,200,24276[Turmcenter],2021-06-30T20:02:02.468Z
0.22139303,open,2021-06-30T19:56:00Z,89,313,0,402,402,18944[Alte Oper],2021-06-30T20:02:02.468Z
0.03021978,open,2021-06-30T19:56:00Z,11,353,0,364,364,24281[Hauptbahnhof Süd],2021-06-30T20:02:02.468Z
0.29419035,open,2021-06-30T19:56:00Z,238,571,0,809,809,24279[Konstabler],2021-06-30T20:02:02.468Z
0.54460096,open,2021-06-30T19:56:00Z,232,194,0,426,426,18497[Hauptwache],2021-06-30T20:02:02.468Z
0.2382353,open,2021-06-30T19:56:00Z,162,518,0,680,680,18495[Am Gericht],2021-06-30T20:02:02.468Z
0.136419,open,2021-06-30T19:56:00Z,112,709,75,896,821,109240[MyZeil],2021-06-30T20:02:02.468Z
0.04597701,open,2021-06-30T19:56:00Z,28,581,0,609,609,18494[Konrad-Adenauer-Straße],2021-06-30T20:02:02.468Z
0,closed,2021-06-30T19:56:00Z,,693,0,0,0,24278[Karstadt],2021-06-30T20:02:02.468Z
0.94400895,open,2021-06-30T20:27:00Z,843,50,0,893,893,24277[Börse],2021-06-30T20:32:02.626Z
0,open,2021-06-30T20:27:00Z,0,200,150,350,200,24276[Turmcenter],2021-06-30T20:32:02.626Z
0.19900498,open,2021-06-30T20:27:00Z,80,322,0,402,402,18944[Alte Oper],2021-06-30T20:32:02.626Z
0.03021978,open,2021-06-30T20:27:00Z,11,353,0,364,364,24281[Hauptbahnhof Süd],2021-06-30T20:32:02.626Z
0.28059334,open,2021-06-30T20:27:00Z,227,582,0,809,809,24279[Konstabler],2021-06-30T20:32:02.626Z
0.5164319,open,2021-06-30T20:27:00Z,220,206,0,426,426,18497[Hauptwache],2021-06-30T20:32:02.626Z
0.23235294,open,2021-06-30T20:27:00Z,158,522,0,680,680,18495[Am Gericht],2021-06-30T20:32:02.626Z
0.13520098,open,2021-06-30T20:27:00Z,111,710,75,896,821,109240[MyZeil],2021-06-30T20:32:02.626Z
0.04597701,open,2021-06-30T20:27:00Z,28,581,0,609,609,18494[Konrad-Adenauer-Straße],2021-06-30T20:32:02.626Z
0,closed,2021-06-30T20:27:00Z,,693,0,0,0,24278[Karstadt],2021-06-30T20:32:02.626Z
0.94400895,open,2021-06-30T20:32:00Z,843,50,0,893,893,24277[Börse],2021-06-30T20:37:01.957Z
0,open,2021-06-30T20:32:00Z,0,200,150,350,200,24276[Turmcenter],2021-06-30T20:37:01.957Z
0.19154228,open,2021-06-30T20:32:00Z,77,325,0,402,402,18944[Alte Oper],2021-06-30T20:37:01.957Z
0.027472528,open,2021-06-30T20:32:00Z,10,354,0,364,364,24281[Hauptbahnhof Süd],2021-06-30T20:37:01.957Z
0.27688503,open,2021-06-30T20:32:00Z,224,585,0,809,809,24279[Konstabler],2021-06-30T20:37:01.957Z
0.5117371,open,2021-06-30T20:32:00Z,218,208,0,426,426,18497[Hauptwache],2021-06-30T20:37:01.957Z
0.23235294,open,2021-06-30T20:32:00Z,158,522,0,680,680,18495[Am Gericht],2021-06-30T20:37:01.957Z
0.136419,open,2021-06-30T20:32:00Z,112,709,75,896,821,109240[MyZeil],2021-06-30T20:37:01.957Z
0.04597701,open,2021-06-30T20:32:00Z,28,581,0,609,609,18494[Konrad-Adenauer-Straße],2021-06-30T20:37:01.957Z
0,closed,2021-06-30T20:32:00Z,,693,0,0,0,24278[Karstadt],2021-06-30T20:37:01.957Z
0.94400895,open,2021-06-30T20:48:00Z,843,50,0,893,893,24277[Börse],2021-06-30T20:52:01.416Z
0,open,2021-06-30T20:48:00Z,0,200,150,350,200,24276[Turmcenter],2021-06-30T20:52:01.416Z
0.18905473,open,2021-06-30T20:48:00Z,76,326,0,402,402,18944[Alte Oper],2021-06-30T20:52:01.416Z
0.027472528,open,2021-06-30T20:48:00Z,10,354,0,364,364,24281[Hauptbahnhof Süd],2021-06-30T20:52:01.416Z
0.27194068,open,2021-06-30T20:48:00Z,220,589,0,809,809,24279[Konstabler],2021-06-30T20:52:01.416Z
0.5046948,open,2021-06-30T20:48:00Z,215,211,0,426,426,18497[Hauptwache],2021-06-30T20:52:01.416Z
0.23382352,open,2021-06-30T20:48:00Z,159,521,0,680,680,18495[Am Gericht],2021-06-30T20:52:01.416Z
0.13276492,open,2021-06-30T20:48:00Z,109,712,75,896,821,109240[MyZeil],2021-06-30T20:52:01.416Z
0.04761905,open,2021-06-30T20:48:00Z,29,580,0,609,609,18494[Konrad-Adenauer-Straße],2021-06-30T20:52:01.416Z
0,closed,2021-06-30T20:48:00Z,,693,0,0,0,24278[Karstadt],2021-06-30T20:52:01.416Z
0.94400895,open,2021-06-30T20:59:00Z,843,50,0,893,893,24277[Börse],2021-06-30T21:02:00.295Z
0,open,2021-06-30T20:59:00Z,0,200,150,350,200,24276[Turmcenter],2021-06-30T21:02:00.295Z
0.18656716,open,2021-06-30T20:59:00Z,75,327,0,402,402,18944[Alte Oper],2021-06-30T21:02:00.295Z
0.027472528,open,2021-06-30T20:59:00Z,10,354,0,364,364,24281[Hauptbahnhof Süd],2021-06-30T21:02:00.295Z
0.27070457,open,2021-06-30T20:59:00Z,219,590,0,809,809,24279[Konstabler],2021-06-30T21:02:00.295Z
0.49530515,open,2021-06-30T20:59:00Z,211,215,0,426,426,18497[Hauptwache],2021-06-30T21:02:00.295Z
0.23529412,open,2021-06-30T20:59:00Z,160,520,0,680,680,18495[Am Gericht],2021-06-30T21:02:00.295Z
0.13276492,open,2021-06-30T20:59:00Z,109,712,75,896,821,109240[MyZeil],2021-06-30T21:02:00.295Z
0.04761905,open,2021-06-30T20:59:00Z,29,580,0,609,609,18494[Konrad-Adenauer-Straße],2021-06-30T21:02:00.295Z
0,closed,2021-06-30T20:59:00Z,,693,0,0,0,24278[Karstadt],2021-06-30T21:02:00.295Z
0.94400895,open,2021-06-30T21:19:00Z,843,50,0,893,893,24277[Börse],2021-06-30T21:22:00.208Z
0,open,2021-06-30T21:19:00Z,0,200,150,350,200,24276[Turmcenter],2021-06-30T21:22:00.208Z
0.17412935,open,2021-06-30T21:19:00Z,70,332,0,402,402,18944[Alte Oper],2021-06-30T21:22:00.208Z
0.024725275,open,2021-06-30T21:19:00Z,9,355,0,364,364,24281[Hauptbahnhof Süd],2021-06-30T21:22:00.208Z
0.2669963,open,2021-06-30T21:19:00Z,216,593,0,809,809,24279[Konstabler],2021-06-30T21:22:00.208Z
0.48826292,open,2021-06-30T21:19:00Z,208,218,0,426,426,18497[Hauptwache],2021-06-30T21:22:00.208Z
0.2367647,open,2021-06-30T21:19:00Z,161,519,0,680,680,18495[Am Gericht],2021-06-30T21:22:00.208Z
0.04597701,open,2021-06-30T21:19:00Z,28,581,0,609,609,18494[Konrad-Adenauer-Straße],2021-06-30T21:22:00.208Z
0,closed,2021-06-30T21:19:00Z,,693,0,0,0,24278[Karstadt],2021-06-30T21:22:00.208Z
0.94400895,open,2021-06-30T21:35:00Z,843,50,0,893,893,24277[Börse],2021-06-30T21:37:02.837Z
0,open,2021-06-30T21:35:00Z,0,200,150,350,200,24276[Turmcenter],2021-06-30T21:37:02.837Z
0.15920398,open,2021-06-30T21:35:00Z,64,338,0,402,402,18944[Alte Oper],2021-06-30T21:37:02.837Z
0.027472528,open,2021-06-30T21:35:00Z,10,354,0,364,364,24281[Hauptbahnhof Süd],2021-06-30T21:37:02.837Z
0.2669963,open,2021-06-30T21:35:00Z,216,593,0,809,809,24279[Konstabler],2021-06-30T21:37:02.837Z
0.48356807,open,2021-06-30T21:35:00Z,206,220,0,426,426,18497[Hauptwache],2021-06-30T21:37:02.837Z
0.2382353,open,2021-06-30T21:35:00Z,162,518,0,680,680,18495[Am Gericht],2021-06-30T21:37:02.837Z
0.1278928,open,2021-06-30T21:35:00Z,105,716,75,896,821,109240[MyZeil],2021-06-30T21:37:02.837Z
0.05090312,open,2021-06-30T21:35:00Z,31,578,0,609,609,18494[Konrad-Adenauer-Straße],2021-06-30T21:37:02.837Z
0,closed,2021-06-30T21:35:00Z,,693,0,0,0,24278[Karstadt],2021-06-30T21:37:02.837Z
0.94400895,open,2021-06-30T21:45:00Z,843,50,0,893,893,24277[Börse],2021-06-30T21:47:02.362Z
0,open,2021-06-30T21:45:00Z,0,200,150,350,200,24276[Turmcenter],2021-06-30T21:47:02.362Z
0.1517413,open,2021-06-30T21:45:00Z,61,341,0,402,402,18944[Alte Oper],2021-06-30T21:47:02.362Z
0.027472528,open,2021-06-30T21:45:00Z,10,354,0,364,364,24281[Hauptbahnhof Süd],2021-06-30T21:47:02.362Z
0.2645241,open,2021-06-30T21:45:00Z,214,595,0,809,809,24279[Konstabler],2021-06-30T21:47:02.362Z
0.48356807,open,2021-06-30T21:45:00Z,206,220,0,426,426,18497[Hauptwache],2021-06-30T21:47:02.362Z
0.2367647,open,2021-06-30T21:45:00Z,161,519,0,680,680,18495[Am Gericht],2021-06-30T21:47:02.362Z
0.12667479,open,2021-06-30T21:45:00Z,104,717,75,896,821,109240[MyZeil],2021-06-30T21:47:02.362Z
0.05090312,open,2021-06-30T21:45:00Z,31,578,0,609,609,18494[Konrad-Adenauer-Straße],2021-06-30T21:47:02.362Z
0,closed,2021-06-30T21:45:00Z,,693,0,0,0,24278[Karstadt],2021-06-30T21:47:02.362Z
0.94400895,open,2021-06-30T22:01:00Z,843,50,0,893,893,24277[Börse],2021-06-30T22:02:00.929Z
0,open,2021-06-30T22:01:00Z,0,200,150,350,200,24276[Turmcenter],2021-06-30T22:02:00.929Z
0.13930348,open,2021-06-30T22:01:00Z,56,346,0,402,402,18944[Alte Oper],2021-06-30T22:02:00.929Z
0.027472528,open,2021-06-30T22:01:00Z,10,354,0,364,364,24281[Hauptbahnhof Süd],2021-06-30T22:02:00.929Z
0.26576018,open,2021-06-30T22:01:00Z,215,594,0,809,809,24279[Konstabler],2021-06-30T22:02:00.929Z
0.48356807,open,2021-06-30T22:01:00Z,206,220,0,426,426,18497[Hauptwache],2021-06-30T22:02:00.929Z
0,closed,2021-06-30T22:01:00Z,,520,0,0,0,18495[Am Gericht],2021-06-30T22:02:00.929Z
0.12545677,open,2021-06-30T22:01:00Z,103,718,75,896,821,109240[MyZeil],2021-06-30T22:02:00.929Z
0.049261082,open,2021-06-30T22:01:00Z,30,579,0,609,609,18494[Konrad-Adenauer-Straße],2021-06-30T22:02:00.929Z
0,closed,2021-06-30T22:01:00Z,,693,0,0,0,24278[Karstadt],2021-06-30T22:02:00.929Z
0.94400895,open,2021-06-30T22:21:00Z,843,50,0,893,893,24277[Börse],2021-06-30T22:22:01.573Z
0,open,2021-06-30T22:21:00Z,0,200,150,350,200,24276[Turmcenter],2021-06-30T22:22:01.573Z
0.12935324,open,2021-06-30T22:21:00Z,52,350,0,402,402,18944[Alte Oper],2021-06-30T22:22:01.573Z
0.027472528,open,2021-06-30T22:21:00Z,10,354,0,364,364,24281[Hauptbahnhof Süd],2021-06-30T22:22:01.573Z
0.2620519,open,2021-06-30T22:21:00Z,212,597,0,809,809,24279[Konstabler],2021-06-30T22:22:01.573Z
0.47887325,open,2021-06-30T22:21:00Z,204,222,0,426,426,18497[Hauptwache],2021-06-30T22:22:01.573Z
0,closed,2021-06-30T22:21:00Z,,520,0,0,0,18495[Am Gericht],2021-06-30T22:22:01.573Z
0.12545677,open,2021-06-30T22:21:00Z,103,718,75,896,821,109240[MyZeil],2021-06-30T22:22:01.573Z
0.04761905,open,2021-06-30T22:21:00Z,29,580,0,609,609,18494[Konrad-Adenauer-Straße],2021-06-30T22:22:01.573Z
0,closed,2021-06-30T22:21:00Z,,693,0,0,0,24278[Karstadt],2021-06-30T22:22:01.573Z
0.94400895,open,2021-06-30T22:36:00Z,843,50,0,893,893,24277[Börse],2021-06-30T22:37:01.067Z
0,open,2021-06-30T22:36:00Z,0,200,150,350,200,24276[Turmcenter],2021-06-30T22:37:01.067Z
0.12437811,open,2021-06-30T22:36:00Z,50,352,0,402,402,18944[Alte Oper],2021-06-30T22:37:01.067Z
0.03021978,open,2021-06-30T22:36:00Z,11,353,0,364,364,24281[Hauptbahnhof Süd],2021-06-30T22:37:01.067Z
0.25957972,open,2021-06-30T22:36:00Z,210,599,0,809,809,24279[Konstabler],2021-06-30T22:37:01.067Z
0.47887325,open,2021-06-30T22:36:00Z,204,222,0,426,426,18497[Hauptwache],2021-06-30T22:37:01.067Z
0,closed,2021-06-30T22:36:00Z,,520,0,0,0,18495[Am Gericht],2021-06-30T22:37:01.067Z
0.12545677,open,2021-06-30T22:36:00Z,103,718,75,896,821,109240[MyZeil],2021-06-30T22:37:01.067Z
0.04597701,open,2021-06-30T22:36:00Z,28,581,0,609,609,18494[Konrad-Adenauer-Straße],2021-06-30T22:37:01.067Z
0,closed,2021-06-30T22:36:00Z,,693,0,0,0,24278[Karstadt],2021-06-30T22:37:01.067Z
0.94400895,open,2021-06-30T22:46:00Z,843,50,0,893,893,24277[Börse],2021-06-30T22:47:02.990Z
0,open,2021-06-30T22:46:00Z,0,200,150,350,200,24276[Turmcenter],2021-06-30T22:47:02.990Z
0.12437811,open,2021-06-30T22:46:00Z,50,352,0,402,402,18944[Alte Oper],2021-06-30T22:47:02.990Z
0.03021978,open,2021-06-30T22:46:00Z,11,353,0,364,364,24281[Hauptbahnhof Süd],2021-06-30T22:47:02.990Z
0.25957972,open,2021-06-30T22:46:00Z,210,599,0,809,809,24279[Konstabler],2021-06-30T22:47:02.990Z
0.47887325,open,2021-06-30T22:46:00Z,204,222,0,426,426,18497[Hauptwache],2021-06-30T22:47:02.990Z
0,closed,2021-06-30T22:46:00Z,,520,0,0,0,18495[Am Gericht],2021-06-30T22:47:02.990Z
0.12545677,open,2021-06-30T22:46:00Z,103,718,75,896,821,109240[MyZeil],2021-06-30T22:47:02.990Z
0.04761905,open,2021-06-30T22:46:00Z,29,580,0,609,609,18494[Konrad-Adenauer-Straße],2021-06-30T22:47:02.990Z
0,closed,2021-06-30T22:46:00Z,,693,0,0,0,24278[Karstadt],2021-06-30T22:47:02.990Z
0.94400895,open,2021-06-30T22:56:00Z,843,50,0,893,893,24277[Börse],2021-06-30T22:57:02.955Z
0,open,2021-06-30T22:56:00Z,0,200,150,350,200,24276[Turmcenter],2021-06-30T22:57:02.955Z
0.12437811,open,2021-06-30T22:56:00Z,50,352,0,402,402,18944[Alte Oper],2021-06-30T22:57:02.955Z
0.03021978,open,2021-06-30T22:56:00Z,11,353,0,364,364,24281[Hauptbahnhof Süd],2021-06-30T22:57:02.955Z
0.25957972,open,2021-06-30T22:56:00Z,210,599,0,809,809,24279[Konstabler],2021-06-30T22:57:02.955Z
0.47887325,open,2021-06-30T22:56:00Z,204,222,0,426,426,18497[Hauptwache],2021-06-30T22:57:02.955Z
0,closed,2021-06-30T22:56:00Z,,520,0,0,0,18495[Am Gericht],2021-06-30T22:57:02.955Z
0.12545677,open,2021-06-30T22:56:00Z,103,718,75,896,821,109240[MyZeil],2021-06-30T22:57:02.955Z
0.04761905,open,2021-06-30T22:56:00Z,29,580,0,609,609,18494[Konrad-Adenauer-Straße],2021-06-30T22:57:02.955Z
0,closed,2021-06-30T22:56:00Z,,693,0,0,0,24278[Karstadt],2021-06-30T22:57:02.955Z
0.94400895,open,2021-06-30T23:16:00Z,843,50,0,893,893,24277[Börse],2021-06-30T23:17:00.696Z
0,open,2021-06-30T23:16:00Z,0,200,150,350,200,24276[Turmcenter],2021-06-30T23:17:00.696Z
0.12437811,open,2021-06-30T23:16:00Z,50,352,0,402,402,18944[Alte Oper],2021-06-30T23:17:00.696Z
0.03021978,open,2021-06-30T23:16:00Z,11,353,0,364,364,24281[Hauptbahnhof Süd],2021-06-30T23:17:00.696Z
0.25957972,open,2021-06-30T23:16:00Z,210,599,0,809,809,24279[Konstabler],2021-06-30T23:17:00.696Z
0.47887325,open,2021-06-30T23:16:00Z,204,222,0,426,426,18497[Hauptwache],2021-06-30T23:17:00.696Z
0,closed,2021-06-30T23:16:00Z,,520,0,0,0,18495[Am Gericht],2021-06-30T23:17:00.696Z
0.12545677,open,2021-06-30T23:16:00Z,103,718,75,896,821,109240[MyZeil],2021-06-30T23:17:00.696Z
0.049261082,open,2021-06-30T23:16:00Z,30,579,0,609,609,18494[Konrad-Adenauer-Straße],2021-06-30T23:17:00.696Z
0,closed,2021-06-30T23:16:00Z,,693,0,0,0,24278[Karstadt],2021-06-30T23:17:00.696Z
0.94400895,open,2021-06-30T23:36:00Z,843,50,0,893,893,24277[Börse],2021-06-30T23:37:00.475Z
0,open,2021-06-30T23:36:00Z,0,200,150,350,200,24276[Turmcenter],2021-06-30T23:37:00.475Z
0.12437811,open,2021-06-30T23:36:00Z,50,352,0,402,402,18944[Alte Oper],2021-06-30T23:37:00.475Z
0.03021978,open,2021-06-30T23:36:00Z,11,353,0,364,364,24281[Hauptbahnhof Süd],2021-06-30T23:37:00.475Z
0.25834364,open,2021-06-30T23:36:00Z,209,600,0,809,809,24279[Konstabler],2021-06-30T23:37:00.475Z
0.47887325,open,2021-06-30T23:36:00Z,204,222,0,426,426,18497[Hauptwache],2021-06-30T23:37:00.475Z
0,closed,2021-06-30T23:36:00Z,,520,0,0,0,18495[Am Gericht],2021-06-30T23:37:00.475Z
0.12545677,open,2021-06-30T23:36:00Z,103,718,75,896,821,109240[MyZeil],2021-06-30T23:37:00.475Z
0.04761905,open,2021-06-30T23:36:00Z,29,580,0,609,609,18494[Konrad-Adenauer-Straße],2021-06-30T23:37:00.475Z
0,closed,2021-06-30T23:36:00Z,,693,0,0,0,24278[Karstadt],2021-06-30T23:37:00.475Z
0.94400895,open,2021-06-30T23:41:00Z,843,50,0,893,893,24277[Börse],2021-06-30T23:47:00.237Z
0,open,2021-06-30T23:41:00Z,0,200,150,350,200,24276[Turmcenter],2021-06-30T23:47:00.237Z
0.12437811,open,2021-06-30T23:41:00Z,50,352,0,402,402,18944[Alte Oper],2021-06-30T23:47:00.237Z
0.03021978,open,2021-06-30T23:41:00Z,11,353,0,364,364,24281[Hauptbahnhof Süd],2021-06-30T23:47:00.237Z
0.25710753,open,2021-06-30T23:41:00Z,208,601,0,809,809,24279[Konstabler],2021-06-30T23:47:00.237Z
0.47887325,open,2021-06-30T23:41:00Z,204,222,0,426,426,18497[Hauptwache],2021-06-30T23:47:00.237Z
0,closed,2021-06-30T23:41:00Z,,520,0,0,0,18495[Am Gericht],2021-06-30T23:47:00.237Z
0.12545677,open,2021-06-30T23:41:00Z,103,718,75,896,821,109240[MyZeil],2021-06-30T23:47:00.237Z
0.04761905,open,2021-06-30T23:41:00Z,29,580,0,609,609,18494[Konrad-Adenauer-Straße],2021-06-30T23:47:00.237Z
0,closed,2021-06-30T23:41:00Z,,693,0,0,0,24278[Karstadt],2021-06-30T23:47:00.237Z
0.94400895,open,2021-06-30T23:51:00Z,843,50,0,893,893,24277[Börse],2021-06-30T23:57:02.677Z
0,open,2021-06-30T23:51:00Z,0,200,150,350,200,24276[Turmcenter],2021-06-30T23:57:02.677Z
0.12437811,open,2021-06-30T23:51:00Z,50,352,0,402,402,18944[Alte Oper],2021-06-30T23:57:02.677Z
0.03021978,open,2021-06-30T23:51:00Z,11,353,0,364,364,24281[Hauptbahnhof Süd],2021-06-30T23:57:02.677Z
0.25710753,open,2021-06-30T23:51:00Z,208,601,0,809,809,24279[Konstabler],2021-06-30T23:57:02.677Z
0.4765258,open,2021-06-30T23:51:00Z,203,223,0,426,426,18497[Hauptwache],2021-06-30T23:57:02.677Z
0,closed,2021-06-30T23:51:00Z,,520,0,0,0,18495[Am Gericht],2021-06-30T23:57:02.677Z
0.12545677,open,2021-06-30T23:51:00Z,103,718,75,896,821,109240[MyZeil],2021-06-30T23:57:02.677Z
0.04761905,open,2021-06-30T23:51:00Z,29,580,0,609,609,18494[Konrad-Adenauer-Straße],2021-06-30T23:57:02.677Z
0,closed,2021-06-30T23:51:00Z,,693,0,0,0,24278[Karstadt],2021-06-30T23:57:02.677Z
0.94400895,open,2021-07-01T00:42:00Z,843,50,0,893,893,24277[Börse],2021-07-01T00:47:00.114Z
0,open,2021-07-01T00:42:00Z,0,200,150,350,200,24276[Turmcenter],2021-07-01T00:47:00.114Z
0.12437811,open,2021-07-01T00:42:00Z,50,352,0,402,402,18944[Alte Oper],2021-07-01T00:47:00.114Z
0.032967035,open,2021-07-01T00:42:00Z,12,352,0,364,364,24281[Hauptbahnhof Süd],2021-07-01T00:47:00.114Z
0.25339925,open,2021-07-01T00:42:00Z,205,604,0,809,809,24279[Konstabler],2021-07-01T00:47:00.114Z
0.4765258,open,2021-07-01T00:42:00Z,203,223,0,426,426,18497[Hauptwache],2021-07-01T00:47:00.114Z
0,closed,2021-07-01T00:42:00Z,,520,0,0,0,18495[Am Gericht],2021-07-01T00:47:00.114Z
0.12545677,open,2021-07-01T00:42:00Z,103,718,75,896,821,109240[MyZeil],2021-07-01T00:47:00.114Z
0.04761905,open,2021-07-01T00:42:00Z,29,580,0,609,609,18494[Konrad-Adenauer-Straße],2021-07-01T00:47:00.114Z
0,closed,2021-07-01T00:42:00Z,,693,0,0,0,24278[Karstadt],2021-07-01T00:47:00.114Z
0.94400895,open,2021-07-01T01:42:00Z,843,50,0,893,893,24277[Börse],2021-07-01T01:47:00.437Z
0,open,2021-07-01T01:42:00Z,0,200,150,350,200,24276[Turmcenter],2021-07-01T01:47:00.437Z
0.12437811,open,2021-07-01T01:42:00Z,50,352,0,402,402,18944[Alte Oper],2021-07-01T01:47:00.437Z
0.03021978,open,2021-07-01T01:42:00Z,11,353,0,364,364,24281[Hauptbahnhof Süd],2021-07-01T01:47:00.437Z
0.25339925,open,2021-07-01T01:42:00Z,205,604,0,809,809,24279[Konstabler],2021-07-01T01:47:00.437Z
0.4765258,open,2021-07-01T01:42:00Z,203,223,0,426,426,18497[Hauptwache],2021-07-01T01:47:00.437Z
0,closed,2021-07-01T01:42:00Z,,520,0,0,0,18495[Am Gericht],2021-07-01T01:47:00.437Z
0.12545677,open,2021-07-01T01:42:00Z,103,718,75,896,821,109240[MyZeil],2021-07-01T01:47:00.437Z
0.0591133,open,2021-07-01T01:42:00Z,36,573,0,609,609,18494[Konrad-Adenauer-Straße],2021-07-01T01:47:00.437Z
0,closed,2021-07-01T01:42:00Z,,693,0,0,0,24278[Karstadt],2021-07-01T01:47:00.437Z
0.94400895,open,2021-07-01T02:17:00Z,843,50,0,893,893,24277[Börse],2021-07-01T02:22:02.325Z
0,open,2021-07-01T02:17:00Z,0,200,150,350,200,24276[Turmcenter],2021-07-01T02:22:02.325Z
0.12437811,open,2021-07-01T02:17:00Z,50,352,0,402,402,18944[Alte Oper],2021-07-01T02:22:02.325Z
0.03021978,open,2021-07-01T02:17:00Z,11,353,0,364,364,24281[Hauptbahnhof Süd],2021-07-01T02:22:02.325Z
0.25587144,open,2021-07-01T02:17:00Z,207,602,0,809,809,24279[Konstabler],2021-07-01T02:22:02.325Z
0.4765258,open,2021-07-01T02:17:00Z,203,223,0,426,426,18497[Hauptwache],2021-07-01T02:22:02.325Z
0,closed,2021-07-01T02:17:00Z,,,0,0,0,18495[Am Gericht],2021-07-01T02:22:02.325Z
0.12667479,open,2021-07-01T02:17:00Z,104,717,75,896,821,109240[MyZeil],2021-07-01T02:22:02.325Z
0.060755335,open,2021-07-01T02:17:00Z,37,572,0,609,609,18494[Konrad-Adenauer-Straße],2021-07-01T02:22:02.325Z
0,closed,2021-07-01T02:17:00Z,,,0,0,0,24278[Karstadt],2021-07-01T02:22:02.325Z
0.94400895,open,2021-07-01T02:37:00Z,843,50,0,893,893,24277[Börse],2021-07-01T02:42:02.354Z
0,open,2021-07-01T02:37:00Z,0,200,150,350,200,24276[Turmcenter],2021-07-01T02:42:02.354Z
0.12437811,open,2021-07-01T02:37:00Z,50,352,0,402,402,18944[Alte Oper],2021-07-01T02:42:02.354Z
0.03021978,open,2021-07-01T02:37:00Z,11,353,0,364,364,24281[Hauptbahnhof Süd],2021-07-01T02:42:02.354Z
0.25834364,open,2021-07-01T02:37:00Z,209,600,0,809,809,24279[Konstabler],2021-07-01T02:42:02.354Z
0.4765258,open,2021-07-01T02:37:00Z,203,223,0,426,426,18497[Hauptwache],2021-07-01T02:42:02.354Z
0,closed,2021-07-01T02:37:00Z,,,0,0,0,18495[Am Gericht],2021-07-01T02:42:02.354Z
0.12667479,open,2021-07-01T02:37:00Z,104,717,75,896,821,109240[MyZeil],2021-07-01T02:42:02.354Z
0.060755335,open,2021-07-01T02:37:00Z,37,572,0,609,609,18494[Konrad-Adenauer-Straße],2021-07-01T02:42:02.354Z
0,closed,2021-07-01T02:37:00Z,,,0,0,0,24278[Karstadt],2021-07-01T02:42:02.354Z
0.94400895,open,2021-07-01T02:47:00Z,843,50,0,893,893,24277[Börse],2021-07-01T02:52:00.941Z
0,open,2021-07-01T02:47:00Z,0,200,150,350,200,24276[Turmcenter],2021-07-01T02:52:00.941Z
0.12437811,open,2021-07-01T02:47:00Z,50,352,0,402,402,18944[Alte Oper],2021-07-01T02:52:00.941Z
0.03021978,open,2021-07-01T02:47:00Z,11,353,0,364,364,24281[Hauptbahnhof Süd],2021-07-01T02:52:00.941Z
0.25834364,open,2021-07-01T02:47:00Z,209,600,0,809,809,24279[Konstabler],2021-07-01T02:52:00.941Z
0.4765258,open,2021-07-01T02:47:00Z,203,223,0,426,426,18497[Hauptwache],2021-07-01T02:52:00.941Z
0,closed,2021-07-01T02:47:00Z,,,0,0,0,18495[Am Gericht],2021-07-01T02:52:00.941Z
0.12667479,open,2021-07-01T02:47:00Z,104,717,75,896,821,109240[MyZeil],2021-07-01T02:52:00.941Z
0.060755335,open,2021-07-01T02:47:00Z,37,572,0,609,609,18494[Konrad-Adenauer-Straße],2021-07-01T02:52:00.941Z
0,closed,2021-07-01T02:47:00Z,,,0,0,0,24278[Karstadt],2021-07-01T02:52:00.941Z
0.94400895,open,2021-07-01T03:07:00Z,843,50,0,893,893,24277[Börse],2021-07-01T03:12:02.512Z
0,open,2021-07-01T03:07:00Z,0,200,150,350,200,24276[Turmcenter],2021-07-01T03:12:02.512Z
0.12686567,open,2021-07-01T03:07:00Z,51,351,0,402,402,18944[Alte Oper],2021-07-01T03:12:02.512Z
0.032967035,open,2021-07-01T03:07:00Z,12,352,0,364,364,24281[Hauptbahnhof Süd],2021-07-01T03:12:02.512Z
0.25834364,open,2021-07-01T03:07:00Z,209,600,0,809,809,24279[Konstabler],2021-07-01T03:12:02.512Z
0.4765258,open,2021-07-01T03:07:00Z,203,223,0,426,426,18497[Hauptwache],2021-07-01T03:12:02.512Z
0,closed,2021-07-01T03:07:00Z,,,0,0,0,18495[Am Gericht],2021-07-01T03:12:02.512Z
0.12745099,open,2021-07-01T03:07:00Z,104,712,75,891,816,109240[MyZeil],2021-07-01T03:12:02.512Z
0.0591133,open,2021-07-01T03:07:00Z,36,573,0,609,609,18494[Konrad-Adenauer-Straße],2021-07-01T03:12:02.512Z
0,closed,2021-07-01T03:07:00Z,,,0,0,0,24278[Karstadt],2021-07-01T03:12:02.512Z
0.94400895,open,2021-07-01T03:33:00Z,843,50,0,893,893,24277[Börse],2021-07-01T03:37:01.343Z
0,open,2021-07-01T03:33:00Z,0,200,150,350,200,24276[Turmcenter],2021-07-01T03:37:01.343Z
0.12686567,open,2021-07-01T03:33:00Z,51,351,0,402,402,18944[Alte Oper],2021-07-01T03:37:01.343Z
0.035714287,open,2021-07-01T03:33:00Z,13,351,0,364,364,24281[Hauptbahnhof Süd],2021-07-01T03:37:01.343Z
0.25834364,open,2021-07-01T03:33:00Z,209,600,0,809,809,24279[Konstabler],2021-07-01T03:37:01.343Z
0.4765258,open,2021-07-01T03:33:00Z,203,223,0,426,426,18497[Hauptwache],2021-07-01T03:37:01.343Z
0,closed,2021-07-01T03:33:00Z,,,0,0,0,18495[Am Gericht],2021-07-01T03:37:01.343Z
0.12745099,open,2021-07-01T03:33:00Z,104,712,75,891,816,109240[MyZeil],2021-07-01T03:37:01.343Z
0.0591133,open,2021-07-01T03:33:00Z,36,573,0,609,609,18494[Konrad-Adenauer-Straße],2021-07-01T03:37:01.343Z
0,closed,2021-07-01T03:33:00Z,,,0,0,0,24278[Karstadt],2021-07-01T03:37:01.343Z
0.94400895,open,2021-07-01T03:43:00Z,843,50,0,893,893,24277[Börse],2021-07-01T03:47:01.901Z
0,open,2021-07-01T03:43:00Z,0,200,150,350,200,24276[Turmcenter],2021-07-01T03:47:01.901Z
0.12686567,open,2021-07-01T03:43:00Z,51,351,0,402,402,18944[Alte Oper],2021-07-01T03:47:01.901Z
0.03846154,open,2021-07-01T03:43:00Z,14,350,0,364,364,24281[Hauptbahnhof Süd],2021-07-01T03:47:01.901Z
0.25710753,open,2021-07-01T03:43:00Z,208,601,0,809,809,24279[Konstabler],2021-07-01T03:47:01.901Z
0.4765258,open,2021-07-01T03:43:00Z,203,223,0,426,426,18497[Hauptwache],2021-07-01T03:47:01.901Z
0,closed,2021-07-01T03:43:00Z,,,0,0,0,18495[Am Gericht],2021-07-01T03:47:01.901Z
0.12745099,open,2021-07-01T03:43:00Z,104,712,75,891,816,109240[MyZeil],2021-07-01T03:47:01.901Z
0.060755335,open,2021-07-01T03:43:00Z,37,572,0,609,609,18494[Konrad-Adenauer-Straße],2021-07-01T03:47:01.901Z
0,closed,2021-07-01T03:43:00Z,,,0,0,0,24278[Karstadt],2021-07-01T03:47:01.901Z
0.94400895,open,2021-07-01T03:53:00Z,843,50,0,893,893,24277[Börse],2021-07-01T03:57:02.645Z
0,open,2021-07-01T03:53:00Z,0,200,150,350,200,24276[Turmcenter],2021-07-01T03:57:02.645Z
0.12686567,open,2021-07-01T03:53:00Z,51,351,0,402,402,18944[Alte Oper],2021-07-01T03:57:02.645Z
0.043956045,open,2021-07-01T03:53:00Z,16,348,0,364,364,24281[Hauptbahnhof Süd],2021-07-01T03:57:02.645Z
0.25710753,open,2021-07-01T03:53:00Z,208,601,0,809,809,24279[Konstabler],2021-07-01T03:57:02.645Z
0.4765258,open,2021-07-01T03:53:00Z,203,223,0,426,426,18497[Hauptwache],2021-07-01T03:57:02.645Z
0,closed,2021-07-01T03:53:00Z,,,0,0,0,18495[Am Gericht],2021-07-01T03:57:02.645Z
0.12867647,open,2021-07-01T03:53:00Z,105,711,75,891,816,109240[MyZeil],2021-07-01T03:57:02.645Z
0.062397372,open,2021-07-01T03:53:00Z,38,571,0,609,609,18494[Konrad-Adenauer-Straße],2021-07-01T03:57:02.645Z
0,closed,2021-07-01T03:53:00Z,,,0,0,0,24278[Karstadt],2021-07-01T03:57:02.645Z
0.94400895,open,2021-07-01T04:23:00Z,843,50,0,893,893,24277[Börse],2021-07-01T04:27:01.138Z
0,open,2021-07-01T04:23:00Z,0,150,200,350,150,24276[Turmcenter],2021-07-01T04:27:01.138Z
0.12935324,open,2021-07-01T04:23:00Z,52,350,0,402,402,18944[Alte Oper],2021-07-01T04:27:01.138Z
0.07967033,open,2021-07-01T04:23:00Z,29,335,0,364,364,24281[Hauptbahnhof Süd],2021-07-01T04:27:01.138Z
0.2645241,open,2021-07-01T04:23:00Z,214,595,0,809,809,24279[Konstabler],2021-07-01T04:27:01.138Z
0.4765258,open,2021-07-01T04:23:00Z,203,223,0,426,426,18497[Hauptwache],2021-07-01T04:27:01.138Z
0.2514706,open,2021-07-01T04:23:00Z,171,509,0,680,680,18495[Am Gericht],2021-07-01T04:27:01.138Z
0.13112745,open,2021-07-01T04:23:00Z,107,709,75,891,816,109240[MyZeil],2021-07-01T04:27:01.138Z
0.06732348,open,2021-07-01T04:23:00Z,41,568,0,609,609,18494[Konrad-Adenauer-Straße],2021-07-01T04:27:01.138Z
0,closed,2021-07-01T04:23:00Z,,,0,0,0,24278[Karstadt],2021-07-01T04:27:01.138Z
0.94400895,open,2021-07-01T04:48:00Z,843,50,0,893,893,24277[Börse],2021-07-01T04:52:00.889Z
0,open,2021-07-01T04:48:00Z,0,150,200,350,150,24276[Turmcenter],2021-07-01T04:52:00.889Z
0.13681592,open,2021-07-01T04:48:00Z,55,347,0,402,402,18944[Alte Oper],2021-07-01T04:52:00.889Z
0.11263736,open,2021-07-01T04:48:00Z,41,323,0,364,364,24281[Hauptbahnhof Süd],2021-07-01T04:52:00.889Z
0.27317676,open,2021-07-01T04:48:00Z,221,588,0,809,809,24279[Konstabler],2021-07-01T04:52:00.889Z
0.47887325,open,2021-07-01T04:48:00Z,204,222,0,426,426,18497[Hauptwache],2021-07-01T04:52:00.889Z
0.25588235,open,2021-07-01T04:48:00Z,174,506,0,680,680,18495[Am Gericht],2021-07-01T04:52:00.889Z
0.12990196,open,2021-07-01T04:48:00Z,106,710,75,891,816,109240[MyZeil],2021-07-01T04:52:00.889Z
0.07553366,open,2021-07-01T04:48:00Z,46,563,0,609,609,18494[Konrad-Adenauer-Straße],2021-07-01T04:52:00.889Z
0,open,2021-07-01T04:48:00Z,0,693,0,693,693,24278[Karstadt],2021-07-01T04:52:00.889Z
0.94400895,open,2021-07-01T05:03:00Z,843,50,0,893,893,24277[Börse],2021-07-01T05:07:01.577Z
0.026666667,open,2021-07-01T05:03:00Z,4,146,200,350,150,24276[Turmcenter],2021-07-01T05:07:01.577Z
0.13930348,open,2021-07-01T05:03:00Z,56,346,0,402,402,18944[Alte Oper],2021-07-01T05:07:01.577Z
0.12637363,open,2021-07-01T05:03:00Z,46,318,0,364,364,24281[Hauptbahnhof Süd],2021-07-01T05:07:01.577Z
0.27070457,open,2021-07-01T05:03:00Z,219,590,0,809,809,24279[Konstabler],2021-07-01T05:07:01.577Z
0.48356807,open,2021-07-01T05:03:00Z,206,220,0,426,426,18497[Hauptwache],2021-07-01T05:07:01.577Z
0.2647059,open,2021-07-01T05:03:00Z,180,500,0,680,680,18495[Am Gericht],2021-07-01T05:07:01.577Z
0.13112745,open,2021-07-01T05:03:00Z,107,709,75,891,816,109240[MyZeil],2021-07-01T05:07:01.577Z
0.073891625,open,2021-07-01T05:03:00Z,45,564,0,609,609,18494[Konrad-Adenauer-Straße],2021-07-01T05:07:01.577Z
0.0028860029,open,2021-07-01T05:03:00Z,2,691,0,693,693,24278[Karstadt],2021-07-01T05:07:01.577Z
0.94400895,open,2021-07-01T05:19:00Z,843,50,0,893,893,24277[Börse],2021-07-01T05:22:00.354Z
0.046666667,open,2021-07-01T05:19:00Z,7,143,200,350,150,24276[Turmcenter],2021-07-01T05:22:00.354Z
0.14179105,open,2021-07-01T05:19:00Z,57,345,0,402,402,18944[Alte Oper],2021-07-01T05:22:00.354Z
0.14285715,open,2021-07-01T05:19:00Z,52,312,0,364,364,24281[Hauptbahnhof Süd],2021-07-01T05:22:00.354Z
0.27070457,open,2021-07-01T05:19:00Z,219,590,0,809,809,24279[Konstabler],2021-07-01T05:22:00.354Z
0.49061033,open,2021-07-01T05:19:00Z,209,217,0,426,426,18497[Hauptwache],2021-07-01T05:22:00.354Z
0.28088236,open,2021-07-01T05:19:00Z,191,489,0,680,680,18495[Am Gericht],2021-07-01T05:22:00.354Z
0.13480392,open,2021-07-01T05:19:00Z,110,706,75,891,816,109240[MyZeil],2021-07-01T05:22:00.354Z
0.07060755,open,2021-07-01T05:19:00Z,43,566,0,609,609,18494[Konrad-Adenauer-Straße],2021-07-01T05:22:00.354Z
0.0057720058,open,2021-07-01T05:19:00Z,4,689,0,693,693,24278[Karstadt],2021-07-01T05:22:00.354Z
0.94400895,open,2021-07-01T05:28:00Z,843,50,0,893,893,24277[Börse],2021-07-01T05:32:01.438Z
0.07333333,open,2021-07-01T05:28:00Z,11,139,200,350,150,24276[Turmcenter],2021-07-01T05:32:01.438Z
0.14179105,open,2021-07-01T05:28:00Z,57,345,0,402,402,18944[Alte Oper],2021-07-01T05:32:01.438Z
0.15659341,open,2021-07-01T05:28:00Z,57,307,0,364,364,24281[Hauptbahnhof Süd],2021-07-01T05:32:01.438Z
0.26823238,open,2021-07-01T05:28:00Z,217,592,0,809,809,24279[Konstabler],2021-07-01T05:32:01.438Z
0.5,open,2021-07-01T05:28:00Z,213,213,0,426,426,18497[Hauptwache],2021-07-01T05:32:01.438Z
0.29558823,open,2021-07-01T05:28:00Z,201,479,0,680,680,18495[Am Gericht],2021-07-01T05:32:01.438Z
0.1360294,open,2021-07-01T05:28:00Z,111,705,75,891,816,109240[MyZeil],2021-07-01T05:32:01.438Z
0.07060755,open,2021-07-01T05:28:00Z,43,566,0,609,609,18494[Konrad-Adenauer-Straße],2021-07-01T05:32:01.438Z
0.0057720058,open,2021-07-01T05:28:00Z,4,689,0,693,693,24278[Karstadt],2021-07-01T05:32:01.438Z
0.94400895,open,2021-07-01T05:44:00Z,843,50,0,893,893,24277[Börse],2021-07-01T05:47:01.540Z
0.1,open,2021-07-01T05:44:00Z,15,135,200,350,150,24276[Turmcenter],2021-07-01T05:47:01.540Z
0.15671642,open,2021-07-01T05:44:00Z,63,339,0,402,402,18944[Alte Oper],2021-07-01T05:47:01.540Z
0.18131869,open,2021-07-01T05:44:00Z,66,298,0,364,364,24281[Hauptbahnhof Süd],2021-07-01T05:47:01.540Z
0.27812114,open,2021-07-01T05:44:00Z,225,584,0,809,809,24279[Konstabler],2021-07-01T05:47:01.540Z
0.5070422,open,2021-07-01T05:44:00Z,216,210,0,426,426,18497[Hauptwache],2021-07-01T05:47:01.540Z
0.32941177,open,2021-07-01T05:44:00Z,224,456,0,680,680,18495[Am Gericht],2021-07-01T05:47:01.540Z
0.13725491,open,2021-07-01T05:44:00Z,112,704,75,891,816,109240[MyZeil],2021-07-01T05:47:01.540Z
0.07224959,open,2021-07-01T05:44:00Z,44,565,0,609,609,18494[Konrad-Adenauer-Straße],2021-07-01T05:47:01.540Z
0.008658009,open,2021-07-01T05:44:00Z,6,687,0,693,693,24278[Karstadt],2021-07-01T05:47:01.540Z
0.94400895,open,2021-07-01T05:54:00Z,843,50,0,893,893,24277[Börse],2021-07-01T05:57:00.134Z
0.12,open,2021-07-01T05:54:00Z,18,132,200,350,150,24276[Turmcenter],2021-07-01T05:57:00.134Z
0.1641791,open,2021-07-01T05:54:00Z,66,336,0,402,402,18944[Alte Oper],2021-07-01T05:57:00.134Z
0.18681319,open,2021-07-01T05:54:00Z,68,296,0,364,364,24281[Hauptbahnhof Süd],2021-07-01T05:57:00.134Z
0.27812114,open,2021-07-01T05:54:00Z,225,584,0,809,809,24279[Konstabler],2021-07-01T05:57:00.134Z
0.5117371,open,2021-07-01T05:54:00Z,218,208,0,426,426,18497[Hauptwache],2021-07-01T05:57:00.134Z
0.34411764,open,2021-07-01T05:54:00Z,234,446,0,680,680,18495[Am Gericht],2021-07-01T05:57:00.134Z
0.13725491,open,2021-07-01T05:54:00Z,112,704,75,891,816,109240[MyZeil],2021-07-01T05:57:00.134Z
0.08045977,open,2021-07-01T05:54:00Z,49,560,0,609,609,18494[Konrad-Adenauer-Straße],2021-07-01T05:57:00.134Z
0.01010101,open,2021-07-01T05:54:00Z,7,686,0,693,693,24278[Karstadt],2021-07-01T05:57:00.134Z
0.94400895,open,2021-07-01T06:24:00Z,843,50,0,893,893,24277[Börse],2021-07-01T06:27:01.397Z
0.3,open,2021-07-01T06:24:00Z,45,105,200,350,150,24276[Turmcenter],2021-07-01T06:27:01.397Z
0.19900498,open,2021-07-01T06:24:00Z,80,322,0,402,402,18944[Alte Oper],2021-07-01T06:27:01.397Z
0.23351648,open,2021-07-01T06:24:00Z,85,279,0,364,364,24281[Hauptbahnhof Süd],2021-07-01T06:27:01.397Z
0.29789865,open,2021-07-01T06:24:00Z,241,568,0,809,809,24279[Konstabler],2021-07-01T06:27:01.397Z
0.5492958,open,2021-07-01T06:24:00Z,234,192,0,426,426,18497[Hauptwache],2021-07-01T06:27:01.397Z
0.3970588,open,2021-07-01T06:24:00Z,270,410,0,680,680,18495[Am Gericht],2021-07-01T06:27:01.397Z
0.15441176,open,2021-07-01T06:24:00Z,126,690,75,891,816,109240[MyZeil],2021-07-01T06:27:01.397Z
0.0952381,open,2021-07-01T06:24:00Z,58,551,0,609,609,18494[Konrad-Adenauer-Straße],2021-07-01T06:27:01.397Z
0.028860029,open,2021-07-01T06:24:00Z,20,673,0,693,693,24278[Karstadt],2021-07-01T06:27:01.397Z
0.94400895,open,2021-07-01T06:55:00Z,843,50,0,893,893,24277[Börse],2021-07-01T06:57:01.169Z
0.54,open,2021-07-01T06:55:00Z,81,69,200,350,150,24276[Turmcenter],2021-07-01T06:57:01.169Z
0.2761194,open,2021-07-01T06:55:00Z,111,291,0,402,402,18944[Alte Oper],2021-07-01T06:57:01.169Z
0.31318682,open,2021-07-01T06:55:00Z,114,250,0,364,364,24281[Hauptbahnhof Süd],2021-07-01T06:57:01.169Z
0.33868974,open,2021-07-01T06:55:00Z,274,535,0,809,809,24279[Konstabler],2021-07-01T06:57:01.169Z
0.58685446,open,2021-07-01T06:55:00Z,250,176,0,426,426,18497[Hauptwache],2021-07-01T06:57:01.169Z
0.43382353,open,2021-07-01T06:55:00Z,295,385,0,680,680,18495[Am Gericht],2021-07-01T06:57:01.169Z
0.16911764,open,2021-07-01T06:55:00Z,138,678,75,891,816,109240[MyZeil],2021-07-01T06:57:01.169Z
0.1182266,open,2021-07-01T06:55:00Z,72,537,0,609,609,18494[Konrad-Adenauer-Straße],2021-07-01T06:57:01.169Z
0.034632035,open,2021-07-01T06:55:00Z,24,669,0,693,693,24278[Karstadt],2021-07-01T06:57:01.169Z
0.94400895,open,2021-07-01T07:05:00Z,843,50,0,893,893,24277[Börse],2021-07-01T07:07:02.178Z
0.58666664,open,2021-07-01T07:05:00Z,88,62,200,350,150,24276[Turmcenter],2021-07-01T07:07:02.178Z
0.2885572,open,2021-07-01T07:05:00Z,116,286,0,402,402,18944[Alte Oper],2021-07-01T07:07:02.178Z
0.33516484,open,2021-07-01T07:05:00Z,122,242,0,364,364,24281[Hauptbahnhof Süd],2021-07-01T07:07:02.178Z
0.3522868,open,2021-07-01T07:05:00Z,285,524,0,809,809,24279[Konstabler],2021-07-01T07:07:02.178Z
0.58685446,open,2021-07-01T07:05:00Z,250,176,0,426,426,18497[Hauptwache],2021-07-01T07:07:02.178Z
0.45,open,2021-07-01T07:05:00Z,306,374,0,680,680,18495[Am Gericht],2021-07-01T07:07:02.178Z
0.17156863,open,2021-07-01T07:05:00Z,140,676,75,891,816,109240[MyZeil],2021-07-01T07:07:02.178Z
0.12807882,open,2021-07-01T07:05:00Z,78,531,0,609,609,18494[Konrad-Adenauer-Straße],2021-07-01T07:07:02.178Z
0.04040404,open,2021-07-01T07:05:00Z,28,665,0,693,693,24278[Karstadt],2021-07-01T07:07:02.178Z
0.94400895,open,2021-07-01T07:25:00Z,843,50,0,893,893,24277[Börse],2021-07-01T07:27:01.875Z
0.6666667,open,2021-07-01T07:25:00Z,100,50,200,350,150,24276[Turmcenter],2021-07-01T07:27:01.875Z
0.33582088,open,2021-07-01T07:25:00Z,135,267,0,402,402,18944[Alte Oper],2021-07-01T07:27:01.875Z
0.3708791,open,2021-07-01T07:25:00Z,135,229,0,364,364,24281[Hauptbahnhof Süd],2021-07-01T07:27:01.875Z
0.37824476,open,2021-07-01T07:25:00Z,306,503,0,809,809,24279[Konstabler],2021-07-01T07:27:01.875Z
0.6220657,open,2021-07-01T07:25:00Z,265,161,0,426,426,18497[Hauptwache],2021-07-01T07:27:01.875Z
0.5,open,2021-07-01T07:25:00Z,340,340,0,680,680,18495[Am Gericht],2021-07-01T07:27:01.875Z
0.18137255,open,2021-07-01T07:25:00Z,148,668,75,891,816,109240[MyZeil],2021-07-01T07:27:01.875Z
0.15270936,open,2021-07-01T07:25:00Z,93,516,0,609,609,18494[Konrad-Adenauer-Straße],2021-07-01T07:27:01.875Z
0.043290045,open,2021-07-01T07:25:00Z,30,663,0,693,693,24278[Karstadt],2021-07-01T07:27:01.875Z
0.94400895,open,2021-07-01T07:35:00Z,843,50,0,893,893,24277[Börse],2021-07-01T07:37:02.828Z
0.74,open,2021-07-01T07:35:00Z,111,39,200,350,150,24276[Turmcenter],2021-07-01T07:37:02.828Z
0.3631841,open,2021-07-01T07:35:00Z,146,256,0,402,402,18944[Alte Oper],2021-07-01T07:37:02.828Z
0.39835164,open,2021-07-01T07:35:00Z,145,219,0,364,364,24281[Hauptbahnhof Süd],2021-07-01T07:37:02.828Z
0.3881335,open,2021-07-01T07:35:00Z,314,495,0,809,809,24279[Konstabler],2021-07-01T07:37:02.828Z
0.65258217,open,2021-07-01T07:35:00Z,278,148,0,426,426,18497[Hauptwache],2021-07-01T07:37:02.828Z
0.5323529,open,2021-07-01T07:35:00Z,362,318,0,680,680,18495[Am Gericht],2021-07-01T07:37:02.828Z
0.18995099,open,2021-07-01T07:35:00Z,155,661,75,891,816,109240[MyZeil],2021-07-01T07:37:02.828Z
0.16420361,open,2021-07-01T07:35:00Z,100,509,0,609,609,18494[Konrad-Adenauer-Straße],2021-07-01T07:37:02.828Z
0.041847043,open,2021-07-01T07:35:00Z,29,664,0,693,693,24278[Karstadt],2021-07-01T07:37:02.828Z
0.94400895,open,2021-07-01T07:45:00Z,843,50,0,893,893,24277[Börse],2021-07-01T07:47:00.697Z
0.76666665,open,2021-07-01T07:45:00Z,115,35,200,350,150,24276[Turmcenter],2021-07-01T07:47:00.697Z
0.36567163,open,2021-07-01T07:45:00Z,147,255,0,402,402,18944[Alte Oper],2021-07-01T07:47:00.697Z
0.41758242,open,2021-07-01T07:45:00Z,152,212,0,364,364,24281[Hauptbahnhof Süd],2021-07-01T07:47:00.697Z
0.407911,open,2021-07-01T07:45:00Z,330,479,0,809,809,24279[Konstabler],2021-07-01T07:47:00.697Z
0.6713615,open,2021-07-01T07:45:00Z,286,140,0,426,426,18497[Hauptwache],2021-07-01T07:47:00.697Z
0.5735294,open,2021-07-01T07:45:00Z,390,290,0,680,680,18495[Am Gericht],2021-07-01T07:47:00.697Z
0.19975491,open,2021-07-01T07:45:00Z,163,653,75,891,816,109240[MyZeil],2021-07-01T07:47:00.697Z
0.1724138,open,2021-07-01T07:45:00Z,105,504,0,609,609,18494[Konrad-Adenauer-Straße],2021-07-01T07:47:00.697Z
0.044733044,open,2021-07-01T07:45:00Z,31,662,0,693,693,24278[Karstadt],2021-07-01T07:47:00.697Z
0.94400895,open,2021-07-01T08:01:00Z,843,50,0,893,893,24277[Börse],2021-07-01T08:02:02.274Z
0.67333335,open,2021-07-01T08:01:00Z,101,49,200,350,150,24276[Turmcenter],2021-07-01T08:02:02.274Z
0.39054728,open,2021-07-01T08:01:00Z,157,245,0,402,402,18944[Alte Oper],2021-07-01T08:02:02.274Z
0.43681318,open,2021-07-01T08:01:00Z,159,205,0,364,364,24281[Hauptbahnhof Süd],2021-07-01T08:02:02.274Z
0.45364648,open,2021-07-01T08:01:00Z,367,442,0,809,809,24279[Konstabler],2021-07-01T08:02:02.274Z
0.7300469,open,2021-07-01T08:01:00Z,311,115,0,426,426,18497[Hauptwache],2021-07-01T08:02:02.274Z
0.6014706,open,2021-07-01T08:01:00Z,409,271,0,680,680,18495[Am Gericht],2021-07-01T08:02:02.274Z
0.22181372,open,2021-07-01T08:01:00Z,181,635,75,891,816,109240[MyZeil],2021-07-01T08:02:02.274Z
0.20689656,open,2021-07-01T08:01:00Z,126,483,0,609,609,18494[Konrad-Adenauer-Straße],2021-07-01T08:02:02.274Z
0.05050505,open,2021-07-01T08:01:00Z,35,658,0,693,693,24278[Karstadt],2021-07-01T08:02:02.274Z
0.94400895,open,2021-07-01T08:26:00Z,843,50,0,893,893,24277[Börse],2021-07-01T08:27:01.001Z
0.74,open,2021-07-01T08:26:00Z,111,39,200,350,150,24276[Turmcenter],2021-07-01T08:27:01.001Z
0.4353234,open,2021-07-01T08:26:00Z,175,227,0,402,402,18944[Alte Oper],2021-07-01T08:27:01.001Z
0.4642857,open,2021-07-01T08:26:00Z,169,195,0,364,364,24281[Hauptbahnhof Süd],2021-07-01T08:27:01.001Z
0.51421505,open,2021-07-01T08:26:00Z,416,393,0,809,809,24279[Konstabler],2021-07-01T08:27:01.001Z
0.8403756,open,2021-07-01T08:26:00Z,358,68,0,426,426,18497[Hauptwache],2021-07-01T08:27:01.001Z
0.6382353,open,2021-07-01T08:26:00Z,434,246,0,680,680,18495[Am Gericht],2021-07-01T08:27:01.001Z
0.2512255,open,2021-07-01T08:26:00Z,205,611,75,891,816,109240[MyZeil],2021-07-01T08:27:01.001Z
0.22824302,open,2021-07-01T08:26:00Z,139,470,0,609,609,18494[Konrad-Adenauer-Straße],2021-07-01T08:27:01.001Z
0.043290045,open,2021-07-01T08:26:00Z,30,663,0,693,693,24278[Karstadt],2021-07-01T08:27:01.001Z
0.94400895,open,2021-07-01T08:36:00Z,843,50,0,893,893,24277[Börse],2021-07-01T08:37:01.780Z
0.74,open,2021-07-01T08:36:00Z,111,39,200,350,150,24276[Turmcenter],2021-07-01T08:37:01.780Z
0.46766168,open,2021-07-01T08:36:00Z,188,214,0,402,402,18944[Alte Oper],2021-07-01T08:37:01.780Z
0.47802198,open,2021-07-01T08:36:00Z,174,190,0,364,364,24281[Hauptbahnhof Süd],2021-07-01T08:37:01.780Z
0.5488257,open,2021-07-01T08:36:00Z,444,365,0,809,809,24279[Konstabler],2021-07-01T08:37:01.780Z
0.8685446,open,2021-07-01T08:36:00Z,370,56,0,426,426,18497[Hauptwache],2021-07-01T08:37:01.780Z
0.6602941,open,2021-07-01T08:36:00Z,449,231,0,680,680,18495[Am Gericht],2021-07-01T08:37:01.780Z
0.26715687,open,2021-07-01T08:36:00Z,218,598,75,891,816,109240[MyZeil],2021-07-01T08:37:01.780Z
0.2413793,open,2021-07-01T08:36:00Z,147,462,0,609,609,18494[Konrad-Adenauer-Straße],2021-07-01T08:37:01.780Z
0.04906205,open,2021-07-01T08:36:00Z,34,659,0,693,693,24278[Karstadt],2021-07-01T08:37:01.780Z
0.94400895,open,2021-07-01T08:51:00Z,843,50,0,893,893,24277[Börse],2021-07-01T08:52:01.910Z
0.78,open,2021-07-01T08:51:00Z,117,33,200,350,150,24276[Turmcenter],2021-07-01T08:52:01.910Z
0.5199005,open,2021-07-01T08:51:00Z,209,193,0,402,402,18944[Alte Oper],2021-07-01T08:52:01.910Z
0.47252747,open,2021-07-01T08:51:00Z,172,192,0,364,364,24281[Hauptbahnhof Süd],2021-07-01T08:52:01.910Z
0.58096415,open,2021-07-01T08:51:00Z,470,339,0,809,809,24279[Konstabler],2021-07-01T08:52:01.910Z
0.91079813,open,2021-07-01T08:51:00Z,388,38,0,426,426,18497[Hauptwache],2021-07-01T08:52:01.910Z
0.6735294,open,2021-07-01T08:51:00Z,458,222,0,680,680,18495[Am Gericht],2021-07-01T08:52:01.910Z
0.2720588,open,2021-07-01T08:51:00Z,222,594,75,891,816,109240[MyZeil],2021-07-01T08:52:01.910Z
0.25123152,open,2021-07-01T08:51:00Z,153,456,0,609,609,18494[Konrad-Adenauer-Straße],2021-07-01T08:52:01.910Z
0.041847043,open,2021-07-01T08:51:00Z,29,664,0,693,693,24278[Karstadt],2021-07-01T08:52:01.910Z
0.94400895,open,2021-07-01T09:02:00Z,843,50,0,893,893,24277[Börse],2021-07-01T09:07:02.209Z
0.7866667,open,2021-07-01T09:02:00Z,118,32,200,350,150,24276[Turmcenter],2021-07-01T09:07:02.209Z
0.539801,open,2021-07-01T09:02:00Z,217,185,0,402,402,18944[Alte Oper],2021-07-01T09:07:02.209Z
0.46703297,open,2021-07-01T09:02:00Z,170,194,0,364,364,24281[Hauptbahnhof Süd],2021-07-01T09:07:02.209Z
0.60692215,open,2021-07-01T09:02:00Z,491,318,0,809,809,24279[Konstabler],2021-07-01T09:07:02.209Z
0.9530516,open,2021-07-01T09:02:00Z,406,20,0,426,426,18497[Hauptwache],2021-07-01T09:07:02.209Z
0.6691176,open,2021-07-01T09:02:00Z,455,225,0,680,680,18495[Am Gericht],2021-07-01T09:07:02.209Z
0.28308824,open,2021-07-01T09:02:00Z,231,585,75,891,816,109240[MyZeil],2021-07-01T09:07:02.209Z
0.25615764,open,2021-07-01T09:02:00Z,156,453,0,609,609,18494[Konrad-Adenauer-Straße],2021-07-01T09:07:02.209Z
0.043290045,open,2021-07-01T09:02:00Z,30,663,0,693,693,24278[Karstadt],2021-07-01T09:07:02.209Z
0.94400895,open,2021-07-01T09:22:00Z,843,50,0,893,893,24277[Börse],2021-07-01T09:27:01.022Z
0.75333333,open,2021-07-01T09:22:00Z,113,37,200,350,150,24276[Turmcenter],2021-07-01T09:27:01.022Z
0.54228854,open,2021-07-01T09:22:00Z,218,184,0,402,402,18944[Alte Oper],2021-07-01T09:27:01.022Z
0.45604396,open,2021-07-01T09:22:00Z,166,198,0,364,364,24281[Hauptbahnhof Süd],2021-07-01T09:27:01.022Z
0.6489493,open,2021-07-01T09:22:00Z,525,284,0,809,809,24279[Konstabler],2021-07-01T09:27:01.022Z
0.95539904,open,2021-07-01T09:22:00Z,407,19,0,426,426,18497[Hauptwache],2021-07-01T09:27:01.022Z
0.65882355,open,2021-07-01T09:22:00Z,448,232,0,680,680,18495[Am Gericht],2021-07-01T09:27:01.022Z
0.2904412,open,2021-07-01T09:22:00Z,237,579,75,891,816,109240[MyZeil],2021-07-01T09:27:01.022Z
0.26272577,open,2021-07-01T09:22:00Z,160,449,0,609,609,18494[Konrad-Adenauer-Straße],2021-07-01T09:27:01.022Z
0.030303031,open,2021-07-01T09:22:00Z,21,672,0,693,693,24278[Karstadt],2021-07-01T09:27:01.022Z
0.94400895,open,2021-07-01T09:37:00Z,843,50,0,893,893,24277[Börse],2021-07-01T09:42:02.643Z
0.7733333,open,2021-07-01T09:37:00Z,116,34,200,350,150,24276[Turmcenter],2021-07-01T09:42:02.643Z
0.55472636,open,2021-07-01T09:37:00Z,223,179,0,402,402,18944[Alte Oper],2021-07-01T09:42:02.643Z
0.45604396,open,2021-07-01T09:37:00Z,166,198,0,364,364,24281[Hauptbahnhof Süd],2021-07-01T09:42:02.643Z
0.671199,open,2021-07-01T09:37:00Z,543,266,0,809,809,24279[Konstabler],2021-07-01T09:42:02.643Z
0.97183096,open,2021-07-01T09:37:00Z,414,12,0,426,426,18497[Hauptwache],2021-07-01T09:42:02.643Z
0.6647059,open,2021-07-01T09:37:00Z,452,228,0,680,680,18495[Am Gericht],2021-07-01T09:42:02.643Z
0.30514705,open,2021-07-01T09:37:00Z,249,567,75,891,816,109240[MyZeil],2021-07-01T09:42:02.643Z
0.26108375,open,2021-07-01T09:37:00Z,159,450,0,609,609,18494[Konrad-Adenauer-Straße],2021-07-01T09:42:02.643Z
0.01875902,open,2021-07-01T09:37:00Z,13,680,0,693,693,24278[Karstadt],2021-07-01T09:42:02.643Z
0.94400895,open,2021-07-01T09:53:00Z,843,50,0,893,893,24277[Börse],2021-07-01T09:57:02.092Z
0.7866667,open,2021-07-01T09:53:00Z,118,32,200,350,150,24276[Turmcenter],2021-07-01T09:57:02.092Z
0.58208954,open,2021-07-01T09:53:00Z,234,168,0,402,402,18944[Alte Oper],2021-07-01T09:57:02.092Z
0.45604396,open,2021-07-01T09:53:00Z,166,198,0,364,364,24281[Hauptbahnhof Süd],2021-07-01T09:57:02.092Z
0.67985165,open,2021-07-01T09:53:00Z,550,259,0,809,809,24279[Konstabler],2021-07-01T09:57:02.092Z
0.96478873,open,2021-07-01T09:53:00Z,411,15,0,426,426,18497[Hauptwache],2021-07-01T09:57:02.092Z
0.6661765,open,2021-07-01T09:53:00Z,453,227,0,680,680,18495[Am Gericht],2021-07-01T09:57:02.092Z
0.30147058,open,2021-07-01T09:53:00Z,246,570,75,891,816,109240[MyZeil],2021-07-01T09:57:02.092Z
0.2594417,open,2021-07-01T09:53:00Z,158,451,0,609,609,18494[Konrad-Adenauer-Straße],2021-07-01T09:57:02.092Z
0,open,2021-07-01T09:53:00Z,0,693,0,693,693,24278[Karstadt],2021-07-01T09:57:02.092Z
0.94400895,open,2021-07-01T10:13:00Z,843,50,0,893,893,24277[Börse],2021-07-01T10:17:01.901Z
0.7733333,open,2021-07-01T10:13:00Z,116,34,200,350,150,24276[Turmcenter],2021-07-01T10:17:01.901Z
0.6268657,open,2021-07-01T10:13:00Z,252,150,0,402,402,18944[Alte Oper],2021-07-01T10:17:01.901Z
0.43956044,open,2021-07-01T10:13:00Z,160,204,0,364,364,24281[Hauptbahnhof Süd],2021-07-01T10:17:01.901Z
0.70580965,open,2021-07-01T10:13:00Z,571,238,0,809,809,24279[Konstabler],2021-07-01T10:17:01.901Z
0.98122066,open,2021-07-01T10:13:00Z,418,8,0,426,426,18497[Hauptwache],2021-07-01T10:17:01.901Z
0.7029412,open,2021-07-01T10:13:00Z,478,202,0,680,680,18495[Am Gericht],2021-07-01T10:17:01.901Z
0.3112745,open,2021-07-01T10:13:00Z,254,562,75,891,816,109240[MyZeil],2021-07-01T10:17:01.901Z
0.27750412,open,2021-07-01T10:13:00Z,169,440,0,609,609,18494[Konrad-Adenauer-Straße],2021-07-01T10:17:01.901Z
0,open,2021-07-01T10:13:00Z,0,693,0,693,693,24278[Karstadt],2021-07-01T10:17:01.901Z
0.94400895,open,2021-07-01T10:33:00Z,843,50,0,893,893,24277[Börse],2021-07-01T10:37:01.463Z
0.76666665,open,2021-07-01T10:33:00Z,115,35,200,350,150,24276[Turmcenter],2021-07-01T10:37:01.463Z
0.659204,open,2021-07-01T10:33:00Z,265,137,0,402,402,18944[Alte Oper],2021-07-01T10:37:01.463Z
0.42857143,open,2021-07-01T10:33:00Z,156,208,0,364,364,24281[Hauptbahnhof Süd],2021-07-01T10:37:01.463Z
0.70333743,open,2021-07-01T10:33:00Z,569,240,0,809,809,24279[Konstabler],2021-07-01T10:37:01.463Z
0.9929578,open,2021-07-01T10:33:00Z,423,3,0,426,426,18497[Hauptwache],2021-07-01T10:37:01.463Z
0.69558823,open,2021-07-01T10:33:00Z,473,207,0,680,680,18495[Am Gericht],2021-07-01T10:37:01.463Z
0.28186274,open,2021-07-01T10:33:00Z,230,586,75,891,816,109240[MyZeil],2021-07-01T10:37:01.463Z
0.29064038,open,2021-07-01T10:33:00Z,177,432,0,609,609,18494[Konrad-Adenauer-Straße],2021-07-01T10:37:01.463Z
0,open,2021-07-01T10:33:00Z,0,693,0,693,693,24278[Karstadt],2021-07-01T10:37:01.463Z
0.94400895,open,2021-07-01T10:43:00Z,843,50,0,893,893,24277[Börse],2021-07-01T10:47:02.361Z
0.74,open,2021-07-01T10:43:00Z,111,39,200,350,150,24276[Turmcenter],2021-07-01T10:47:02.361Z
0.6567164,open,2021-07-01T10:43:00Z,264,138,0,402,402,18944[Alte Oper],2021-07-01T10:47:02.361Z
0.43131867,open,2021-07-01T10:43:00Z,157,207,0,364,364,24281[Hauptbahnhof Süd],2021-07-01T10:47:02.361Z
0.7082818,open,2021-07-01T10:43:00Z,573,236,0,809,809,24279[Konstabler],2021-07-01T10:47:02.361Z
0.9929578,open,2021-07-01T10:43:00Z,423,3,0,426,426,18497[Hauptwache],2021-07-01T10:47:02.361Z
0.6911765,open,2021-07-01T10:43:00Z,470,210,0,680,680,18495[Am Gericht],2021-07-01T10:47:02.361Z
0.2867647,open,2021-07-01T10:43:00Z,234,582,75,891,816,109240[MyZeil],2021-07-01T10:47:02.361Z
0.28735632,open,2021-07-01T10:43:00Z,175,434,0,609,609,18494[Konrad-Adenauer-Straße],2021-07-01T10:47:02.361Z
0.0028860029,open,2021-07-01T10:43:00Z,2,691,0,693,693,24278[Karstadt],2021-07-01T10:47:02.361Z
0.94400895,open,2021-07-01T10:54:00Z,843,50,0,893,893,24277[Börse],2021-07-01T10:57:02.773Z
0.74666667,open,2021-07-01T10:54:00Z,112,38,200,350,150,24276[Turmcenter],2021-07-01T10:57:02.773Z
0.6691542,open,2021-07-01T10:54:00Z,269,133,0,402,402,18944[Alte Oper],2021-07-01T10:57:02.773Z
0.43131867,open,2021-07-01T10:54:00Z,157,207,0,364,364,24281[Hauptbahnhof Süd],2021-07-01T10:57:02.773Z
0.70333743,open,2021-07-01T10:54:00Z,569,240,0,809,809,24279[Konstabler],2021-07-01T10:57:02.773Z
0.98122066,open,2021-07-01T10:54:00Z,418,8,0,426,426,18497[Hauptwache],2021-07-01T10:57:02.773Z
0.67941177,open,2021-07-01T10:54:00Z,462,218,0,680,680,18495[Am Gericht],2021-07-01T10:57:02.773Z
0.2855392,open,2021-07-01T10:54:00Z,233,583,75,891,816,109240[MyZeil],2021-07-01T10:57:02.773Z
0.28735632,open,2021-07-01T10:54:00Z,175,434,0,609,609,18494[Konrad-Adenauer-Straße],2021-07-01T10:57:02.773Z
0,open,2021-07-01T10:54:00Z,0,693,0,693,693,24278[Karstadt],2021-07-01T10:57:02.773Z
0.94400895,open,2021-07-01T11:14:00Z,843,50,0,893,893,24277[Börse],2021-07-01T11:17:01.696Z
0.7133333,open,2021-07-01T11:14:00Z,107,43,200,350,150,24276[Turmcenter],2021-07-01T11:17:01.696Z
0.69900495,open,2021-07-01T11:14:00Z,281,121,0,402,402,18944[Alte Oper],2021-07-01T11:17:01.696Z
0.43681318,open,2021-07-01T11:14:00Z,159,205,0,364,364,24281[Hauptbahnhof Süd],2021-07-01T11:17:01.696Z
0.6823239,open,2021-07-01T11:14:00Z,552,257,0,809,809,24279[Konstabler],2021-07-01T11:17:01.696Z
0.96713614,open,2021-07-01T11:14:00Z,412,14,0,426,426,18497[Hauptwache],2021-07-01T11:17:01.696Z
0.65588236,open,2021-07-01T11:14:00Z,446,234,0,680,680,18495[Am Gericht],2021-07-01T11:17:01.696Z
0.28063726,open,2021-07-01T11:14:00Z,229,587,75,891,816,109240[MyZeil],2021-07-01T11:17:01.696Z
0.27914613,open,2021-07-01T11:14:00Z,170,439,0,609,609,18494[Konrad-Adenauer-Straße],2021-07-01T11:17:01.696Z
0.0028860029,open,2021-07-01T11:14:00Z,2,691,0,693,693,24278[Karstadt],2021-07-01T11:17:01.696Z
0.94400895,open,2021-07-01T11:29:00Z,843,50,0,893,893,24277[Börse],2021-07-01T11:32:00.015Z
0.68666667,open,2021-07-01T11:29:00Z,103,47,200,350,150,24276[Turmcenter],2021-07-01T11:32:00.015Z
0.6865672,open,2021-07-01T11:29:00Z,276,126,0,402,402,18944[Alte Oper],2021-07-01T11:32:00.015Z
0.43681318,open,2021-07-01T11:29:00Z,159,205,0,364,364,24281[Hauptbahnhof Süd],2021-07-01T11:32:00.015Z
0.6909765,open,2021-07-01T11:29:00Z,559,250,0,809,809,24279[Konstabler],2021-07-01T11:32:00.015Z
0.943662,open,2021-07-01T11:29:00Z,402,24,0,426,426,18497[Hauptwache],2021-07-01T11:32:00.015Z
0.6514706,open,2021-07-01T11:29:00Z,443,237,0,680,680,18495[Am Gericht],2021-07-01T11:32:00.015Z
0.2757353,open,2021-07-01T11:29:00Z,225,591,75,891,816,109240[MyZeil],2021-07-01T11:32:00.015Z
0.28407225,open,2021-07-01T11:29:00Z,173,436,0,609,609,18494[Konrad-Adenauer-Straße],2021-07-01T11:32:00.015Z
0,open,2021-07-01T11:29:00Z,0,693,0,693,693,24278[Karstadt],2021-07-01T11:32:00.015Z
0.94400895,open,2021-07-01T11:39:00Z,843,50,0,893,893,24277[Börse],2021-07-01T11:42:01.410Z
0.33333334,open,2021-07-01T11:39:00Z,50,100,200,350,150,24276[Turmcenter],2021-07-01T11:42:01.410Z
0.69402987,open,2021-07-01T11:39:00Z,279,123,0,402,402,18944[Alte Oper],2021-07-01T11:42:01.410Z
0.42857143,open,2021-07-01T11:39:00Z,156,208,0,364,364,24281[Hauptbahnhof Süd],2021-07-01T11:42:01.410Z
0.6909765,open,2021-07-01T11:39:00Z,559,250,0,809,809,24279[Konstabler],2021-07-01T11:42:01.410Z
0.95539904,open,2021-07-01T11:39:00Z,407,19,0,426,426,18497[Hauptwache],2021-07-01T11:42:01.410Z
0.6455882,open,2021-07-01T11:39:00Z,439,241,0,680,680,18495[Am Gericht],2021-07-01T11:42:01.410Z
0.26960784,open,2021-07-01T11:39:00Z,220,596,75,891,816,109240[MyZeil],2021-07-01T11:42:01.410Z
0.28407225,open,2021-07-01T11:39:00Z,173,436,0,609,609,18494[Konrad-Adenauer-Straße],2021-07-01T11:42:01.410Z
0,open,2021-07-01T11:39:00Z,0,693,0,693,693,24278[Karstadt],2021-07-01T11:42:01.410Z
0.94400895,open,2021-07-01T11:49:00Z,843,50,0,893,893,24277[Börse],2021-07-01T11:52:01.875Z
0.31333333,open,2021-07-01T11:49:00Z,47,103,200,350,150,24276[Turmcenter],2021-07-01T11:52:01.875Z
0.66169155,open,2021-07-01T11:49:00Z,266,136,0,402,402,18944[Alte Oper],2021-07-01T11:52:01.875Z
0.42857143,open,2021-07-01T11:49:00Z,156,208,0,364,364,24281[Hauptbahnhof Süd],2021-07-01T11:52:01.875Z
0.6996292,open,2021-07-01T11:49:00Z,566,243,0,809,809,24279[Konstabler],2021-07-01T11:52:01.875Z
0.943662,open,2021-07-01T11:49:00Z,402,24,0,426,426,18497[Hauptwache],2021-07-01T11:52:01.875Z
0.6455882,open,2021-07-01T11:49:00Z,439,241,0,680,680,18495[Am Gericht],2021-07-01T11:52:01.875Z
0.27328432,open,2021-07-01T11:49:00Z,223,593,75,891,816,109240[MyZeil],2021-07-01T11:52:01.875Z
0.29885057,open,2021-07-01T11:49:00Z,182,427,0,609,609,18494[Konrad-Adenauer-Straße],2021-07-01T11:52:01.875Z
0,open,2021-07-01T11:49:00Z,0,693,0,693,693,24278[Karstadt],2021-07-01T11:52:01.875Z
0.94400895,open,2021-07-01T11:55:00Z,843,50,0,893,893,24277[Börse],2021-07-01T11:57:00.172Z
0.32666665,open,2021-07-01T11:55:00Z,49,101,200,350,150,24276[Turmcenter],2021-07-01T11:57:00.172Z
0.67164177,open,2021-07-01T11:55:00Z,270,132,0,402,402,18944[Alte Oper],2021-07-01T11:57:00.172Z
0.43406594,open,2021-07-01T11:55:00Z,158,206,0,364,364,24281[Hauptbahnhof Süd],2021-07-01T11:57:00.172Z
0.6959209,open,2021-07-01T11:55:00Z,563,246,0,809,809,24279[Konstabler],2021-07-01T11:57:00.172Z
0.9389671,open,2021-07-01T11:55:00Z,400,26,0,426,426,18497[Hauptwache],2021-07-01T11:57:00.172Z
0.64117646,open,2021-07-01T11:55:00Z,436,244,0,680,680,18495[Am Gericht],2021-07-01T11:57:00.172Z
0.26960784,open,2021-07-01T11:55:00Z,220,596,75,891,816,109240[MyZeil],2021-07-01T11:57:00.172Z
0.29720855,open,2021-07-01T11:55:00Z,181,428,0,609,609,18494[Konrad-Adenauer-Straße],2021-07-01T11:57:00.172Z
0,open,2021-07-01T11:55:00Z,0,693,0,693,693,24278[Karstadt],2021-07-01T11:57:00.172Z
0.94400895,open,2021-07-01T12:35:00Z,843,50,0,893,893,24277[Börse],2021-07-01T12:37:02.653Z
0.22,open,2021-07-01T12:35:00Z,33,117,200,350,150,24276[Turmcenter],2021-07-01T12:37:02.653Z
0.6492537,open,2021-07-01T12:35:00Z,261,141,0,402,402,18944[Alte Oper],2021-07-01T12:37:02.653Z
0.40934065,open,2021-07-01T12:35:00Z,149,215,0,364,364,24281[Hauptbahnhof Süd],2021-07-01T12:37:02.653Z
0.7317676,open,2021-07-01T12:35:00Z,592,217,0,809,809,24279[Konstabler],2021-07-01T12:37:02.653Z
0.9929578,open,2021-07-01T12:35:00Z,423,3,0,426,426,18497[Hauptwache],2021-07-01T12:37:02.653Z
0.61470586,open,2021-07-01T12:35:00Z,418,262,0,680,680,18495[Am Gericht],2021-07-01T12:37:02.653Z
0.2634804,open,2021-07-01T12:35:00Z,215,601,75,891,816,109240[MyZeil],2021-07-01T12:37:02.653Z
0.29392448,open,2021-07-01T12:35:00Z,179,430,0,609,609,18494[Konrad-Adenauer-Straße],2021-07-01T12:37:02.653Z
0,open,2021-07-01T12:35:00Z,0,693,0,693,693,24278[Karstadt],2021-07-01T12:37:02.653Z
0.94400895,open,2021-07-01T13:11:00Z,843,50,0,893,893,24277[Börse],2021-07-01T13:12:02.163Z
0.18,open,2021-07-01T13:11:00Z,27,123,200,350,150,24276[Turmcenter],2021-07-01T13:12:02.163Z
0.6169154,open,2021-07-01T13:11:00Z,248,154,0,402,402,18944[Alte Oper],2021-07-01T13:12:02.163Z
0.36263737,open,2021-07-01T13:11:00Z,132,232,0,364,364,24281[Hauptbahnhof Süd],2021-07-01T13:12:02.163Z
0.7119901,open,2021-07-01T13:11:00Z,576,233,0,809,809,24279[Konstabler],2021-07-01T13:12:02.163Z
0.97183096,open,2021-07-01T13:11:00Z,414,12,0,426,426,18497[Hauptwache],2021-07-01T13:12:02.163Z
0.55,open,2021-07-01T13:11:00Z,374,306,0,680,680,18495[Am Gericht],2021-07-01T13:12:02.163Z
0.25612745,open,2021-07-01T13:11:00Z,209,607,75,891,816,109240[MyZeil],2021-07-01T13:12:02.163Z
0.27586207,open,2021-07-01T13:11:00Z,168,441,0,609,609,18494[Konrad-Adenauer-Straße],2021-07-01T13:12:02.163Z
0,open,2021-07-01T13:11:00Z,0,693,0,693,693,24278[Karstadt],2021-07-01T13:12:02.163Z
0.94400895,open,2021-07-01T13:31:00Z,843,50,0,893,893,24277[Börse],2021-07-01T13:32:00.499Z
0.19333333,open,2021-07-01T13:31:00Z,29,121,200,350,150,24276[Turmcenter],2021-07-01T13:32:00.499Z
0.5771144,open,2021-07-01T13:31:00Z,232,170,0,402,402,18944[Alte Oper],2021-07-01T13:32:00.499Z
0.32692307,open,2021-07-01T13:31:00Z,119,245,0,364,364,24281[Hauptbahnhof Süd],2021-07-01T13:32:00.499Z
0.6946848,open,2021-07-01T13:31:00Z,562,247,0,809,809,24279[Konstabler],2021-07-01T13:32:00.499Z
0.9319249,open,2021-07-01T13:31:00Z,397,29,0,426,426,18497[Hauptwache],2021-07-01T13:32:00.499Z
0.525,open,2021-07-01T13:31:00Z,357,323,0,680,680,18495[Am Gericht],2021-07-01T13:32:00.499Z
0.25490198,open,2021-07-01T13:31:00Z,208,608,75,891,816,109240[MyZeil],2021-07-01T13:32:00.499Z
0.25123152,open,2021-07-01T13:31:00Z,153,456,0,609,609,18494[Konrad-Adenauer-Straße],2021-07-01T13:32:00.499Z
0,open,2021-07-01T13:31:00Z,0,693,0,693,693,24278[Karstadt],2021-07-01T13:32:00.499Z
0.94400895,open,2021-07-01T13:36:00Z,843,50,0,893,893,24277[Börse],2021-07-01T13:37:02.783Z
0.19333333,open,2021-07-01T13:36:00Z,29,121,200,350,150,24276[Turmcenter],2021-07-01T13:37:02.783Z
0.5671642,open,2021-07-01T13:36:00Z,228,174,0,402,402,18944[Alte Oper],2021-07-01T13:37:02.783Z
0.32692307,open,2021-07-01T13:36:00Z,119,245,0,364,364,24281[Hauptbahnhof Süd],2021-07-01T13:37:02.783Z
0.6959209,open,2021-07-01T13:36:00Z,563,246,0,809,809,24279[Konstabler],2021-07-01T13:37:02.783Z
0.9366197,open,2021-07-01T13:36:00Z,399,27,0,426,426,18497[Hauptwache],2021-07-01T13:37:02.783Z
0.525,open,2021-07-01T13:36:00Z,357,323,0,680,680,18495[Am Gericht],2021-07-01T13:37:02.783Z
0.2512255,open,2021-07-01T13:36:00Z,205,611,75,891,816,109240[MyZeil],2021-07-01T13:37:02.783Z
0.2413793,open,2021-07-01T13:36:00Z,147,462,0,609,609,18494[Konrad-Adenauer-Straße],2021-07-01T13:37:02.783Z
0.0014430014,open,2021-07-01T13:36:00Z,1,692,0,693,693,24278[Karstadt],2021-07-01T13:37:02.783Z
0.94400895,open,2021-07-01T14:02:00Z,843,50,0,893,893,24277[Börse],2021-07-01T14:07:01.791Z
0.19333333,open,2021-07-01T14:02:00Z,29,121,200,350,150,24276[Turmcenter],2021-07-01T14:07:01.791Z
0.52487564,open,2021-07-01T14:02:00Z,211,191,0,402,402,18944[Alte Oper],2021-07-01T14:07:01.791Z
0.2857143,open,2021-07-01T14:02:00Z,104,260,0,364,364,24281[Hauptbahnhof Süd],2021-07-01T14:07:01.791Z
0.68479604,open,2021-07-01T14:02:00Z,554,255,0,809,809,24279[Konstabler],2021-07-01T14:07:01.791Z
0.9460094,open,2021-07-01T14:02:00Z,403,23,0,426,426,18497[Hauptwache],2021-07-01T14:07:01.791Z
0.50147057,open,2021-07-01T14:02:00Z,341,339,0,680,680,18495[Am Gericht],2021-07-01T14:07:01.791Z
0.24632353,open,2021-07-01T14:02:00Z,201,615,75,891,816,109240[MyZeil],2021-07-01T14:07:01.791Z
0.24466339,open,2021-07-01T14:02:00Z,149,460,0,609,609,18494[Konrad-Adenauer-Straße],2021-07-01T14:07:01.791Z
0,open,2021-07-01T14:02:00Z,0,693,0,693,693,24278[Karstadt],2021-07-01T14:07:01.791Z
0.94400895,open,2021-07-01T14:22:00Z,843,50,0,893,893,24277[Börse],2021-07-01T14:27:00.030Z
0.18,open,2021-07-01T14:22:00Z,27,123,200,350,150,24276[Turmcenter],2021-07-01T14:27:00.030Z
0.51492536,open,2021-07-01T14:22:00Z,207,195,0,402,402,18944[Alte Oper],2021-07-01T14:27:00.030Z
0.24175824,open,2021-07-01T14:22:00Z,88,276,0,364,364,24281[Hauptbahnhof Süd],2021-07-01T14:27:00.030Z
0.6674907,open,2021-07-01T14:22:00Z,540,269,0,809,809,24279[Konstabler],2021-07-01T14:27:00.030Z
0.9061033,open,2021-07-01T14:22:00Z,386,40,0,426,426,18497[Hauptwache],2021-07-01T14:27:00.030Z
0.48088235,open,2021-07-01T14:22:00Z,327,353,0,680,680,18495[Am Gericht],2021-07-01T14:27:00.030Z
0.23406863,open,2021-07-01T14:22:00Z,191,625,75,891,816,109240[MyZeil],2021-07-01T14:27:00.030Z
0.22495896,open,2021-07-01T14:22:00Z,137,472,0,609,609,18494[Konrad-Adenauer-Straße],2021-07-01T14:27:00.030Z
0,open,2021-07-01T14:22:00Z,0,693,0,693,693,24278[Karstadt],2021-07-01T14:27:00.030Z
0.94400895,open,2021-07-01T14:32:00Z,843,50,0,893,893,24277[Börse],2021-07-01T14:37:01.254Z
0.21333334,open,2021-07-01T14:32:00Z,32,118,200,350,150,24276[Turmcenter],2021-07-01T14:37:01.254Z
0.48258707,open,2021-07-01T14:32:00Z,194,208,0,402,402,18944[Alte Oper],2021-07-01T14:37:01.254Z
0.22527473,open,2021-07-01T14:32:00Z,82,282,0,364,364,24281[Hauptbahnhof Süd],2021-07-01T14:37:01.254Z
0.6674907,open,2021-07-01T14:32:00Z,540,269,0,809,809,24279[Konstabler],2021-07-01T14:37:01.254Z
0.9201878,open,2021-07-01T14:32:00Z,392,34,0,426,426,18497[Hauptwache],2021-07-01T14:37:01.254Z
0.4617647,open,2021-07-01T14:32:00Z,314,366,0,680,680,18495[Am Gericht],2021-07-01T14:37:01.254Z
0.2365196,open,2021-07-01T14:32:00Z,193,623,75,891,816,109240[MyZeil],2021-07-01T14:37:01.254Z
0.21346469,open,2021-07-01T14:32:00Z,130,479,0,609,609,18494[Konrad-Adenauer-Straße],2021-07-01T14:37:01.254Z
0,open,2021-07-01T14:32:00Z,0,693,0,693,693,24278[Karstadt],2021-07-01T14:37:01.254Z
0.94400895,open,2021-07-01T14:42:00Z,843,50,0,893,893,24277[Börse],2021-07-01T14:47:02.099Z
0.21333334,open,2021-07-01T14:42:00Z,32,118,200,350,150,24276[Turmcenter],2021-07-01T14:47:02.099Z
0.49751243,open,2021-07-01T14:42:00Z,200,202,0,402,402,18944[Alte Oper],2021-07-01T14:47:02.099Z
0.20604396,open,2021-07-01T14:42:00Z,75,289,0,364,364,24281[Hauptbahnhof Süd],2021-07-01T14:47:02.099Z
0.671199,open,2021-07-01T14:42:00Z,543,266,0,809,809,24279[Konstabler],2021-07-01T14:47:02.099Z
0.91079813,open,2021-07-01T14:42:00Z,388,38,0,426,426,18497[Hauptwache],2021-07-01T14:47:02.099Z
0.45147058,open,2021-07-01T14:42:00Z,307,373,0,680,680,18495[Am Gericht],2021-07-01T14:47:02.099Z
0.22916667,open,2021-07-01T14:42:00Z,187,629,75,891,816,109240[MyZeil],2021-07-01T14:47:02.099Z
0.21182266,open,2021-07-01T14:42:00Z,129,480,0,609,609,18494[Konrad-Adenauer-Straße],2021-07-01T14:47:02.099Z
0,open,2021-07-01T14:42:00Z,0,693,0,693,693,24278[Karstadt],2021-07-01T14:47:02.099Z
0.94400895,open,2021-07-01T14:52:00Z,843,50,0,893,893,24277[Börse],2021-07-01T14:57:00.488Z
0.15333334,open,2021-07-01T14:52:00Z,23,127,200,350,150,24276[Turmcenter],2021-07-01T14:57:00.488Z
0.48507464,open,2021-07-01T14:52:00Z,195,207,0,402,402,18944[Alte Oper],2021-07-01T14:57:00.488Z
0.1923077,open,2021-07-01T14:52:00Z,70,294,0,364,364,24281[Hauptbahnhof Süd],2021-07-01T14:57:00.488Z
0.68355995,open,2021-07-01T14:52:00Z,553,256,0,809,809,24279[Konstabler],2021-07-01T14:57:00.488Z
0.91079813,open,2021-07-01T14:52:00Z,388,38,0,426,426,18497[Hauptwache],2021-07-01T14:57:00.488Z
0.45441177,open,2021-07-01T14:52:00Z,309,371,0,680,680,18495[Am Gericht],2021-07-01T14:57:00.488Z
0.23161764,open,2021-07-01T14:52:00Z,189,627,75,891,816,109240[MyZeil],2021-07-01T14:57:00.488Z
0.20032841,open,2021-07-01T14:52:00Z,122,487,0,609,609,18494[Konrad-Adenauer-Straße],2021-07-01T14:57:00.488Z
0,open,2021-07-01T14:52:00Z,0,693,0,693,693,24278[Karstadt],2021-07-01T14:57:00.488Z
0.94400895,open,2021-07-01T15:13:00Z,843,50,0,893,893,24277[Börse],2021-07-01T15:17:02.975Z
0.08,open,2021-07-01T15:13:00Z,12,138,200,350,150,24276[Turmcenter],2021-07-01T15:17:02.975Z
0.45771143,open,2021-07-01T15:13:00Z,184,218,0,402,402,18944[Alte Oper],2021-07-01T15:17:02.975Z
0.18406594,open,2021-07-01T15:13:00Z,67,297,0,364,364,24281[Hauptbahnhof Süd],2021-07-01T15:17:02.975Z
0.68479604,open,2021-07-01T15:13:00Z,554,255,0,809,809,24279[Konstabler],2021-07-01T15:17:02.975Z
0.8826291,open,2021-07-01T15:13:00Z,376,50,0,426,426,18497[Hauptwache],2021-07-01T15:17:02.975Z
0.42794117,open,2021-07-01T15:13:00Z,291,389,0,680,680,18495[Am Gericht],2021-07-01T15:17:02.975Z
0.23406863,open,2021-07-01T15:13:00Z,191,625,75,891,816,109240[MyZeil],2021-07-01T15:17:02.975Z
0.18719211,open,2021-07-01T15:13:00Z,114,495,0,609,609,18494[Konrad-Adenauer-Straße],2021-07-01T15:17:02.975Z
0,open,2021-07-01T15:13:00Z,0,693,0,693,693,24278[Karstadt],2021-07-01T15:17:02.975Z
0.94400895,open,2021-07-01T15:38:00Z,843,50,0,893,893,24277[Börse],2021-07-01T15:42:01.054Z
0.10666667,open,2021-07-01T15:38:00Z,16,134,200,350,150,24276[Turmcenter],2021-07-01T15:42:01.054Z
0.45273632,open,2021-07-01T15:38:00Z,182,220,0,402,402,18944[Alte Oper],2021-07-01T15:42:01.054Z
0.15934066,open,2021-07-01T15:38:00Z,58,306,0,364,364,24281[Hauptbahnhof Süd],2021-07-01T15:42:01.054Z
0.6538937,open,2021-07-01T15:38:00Z,529,280,0,809,809,24279[Konstabler],2021-07-01T15:42:01.054Z
0.842723,open,2021-07-01T15:38:00Z,359,67,0,426,426,18497[Hauptwache],2021-07-01T15:42:01.054Z
0.41617647,open,2021-07-01T15:38:00Z,283,397,0,680,680,18495[Am Gericht],2021-07-01T15:42:01.054Z
0.23284313,open,2021-07-01T15:38:00Z,190,626,75,891,816,109240[MyZeil],2021-07-01T15:42:01.054Z
0.17077176,open,2021-07-01T15:38:00Z,104,505,0,609,609,18494[Konrad-Adenauer-Straße],2021-07-01T15:42:01.054Z
0.0014430014,open,2021-07-01T15:38:00Z,1,692,0,693,693,24278[Karstadt],2021-07-01T15:42:01.054Z
0.94400895,open,2021-07-01T15:54:00Z,843,50,0,893,893,24277[Börse],2021-07-01T15:57:01.596Z
0.06666667,open,2021-07-01T15:54:00Z,10,140,200,350,150,24276[Turmcenter],2021-07-01T15:57:01.596Z
0.4477612,open,2021-07-01T15:54:00Z,180,222,0,402,402,18944[Alte Oper],2021-07-01T15:57:01.596Z
0.14835165,open,2021-07-01T15:54:00Z,54,310,0,364,364,24281[Hauptbahnhof Süd],2021-07-01T15:57:01.596Z
0.6328801,open,2021-07-01T15:54:00Z,512,297,0,809,809,24279[Konstabler],2021-07-01T15:57:01.596Z
0.8333333,open,2021-07-01T15:54:00Z,355,71,0,426,426,18497[Hauptwache],2021-07-01T15:57:01.596Z
0.4132353,open,2021-07-01T15:54:00Z,281,399,0,680,680,18495[Am Gericht],2021-07-01T15:57:01.596Z
0.23406863,open,2021-07-01T15:54:00Z,191,625,75,891,816,109240[MyZeil],2021-07-01T15:57:01.596Z
0.17898194,open,2021-07-01T15:54:00Z,109,500,0,609,609,18494[Konrad-Adenauer-Straße],2021-07-01T15:57:01.596Z
0,open,2021-07-01T15:54:00Z,0,693,0,693,693,24278[Karstadt],2021-07-01T15:57:01.596Z
0.94400895,open,2021-07-01T16:19:00Z,843,50,0,893,893,24277[Börse],2021-07-01T16:22:02.039Z
0.006666667,open,2021-07-01T16:19:00Z,1,149,200,350,150,24276[Turmcenter],2021-07-01T16:22:02.039Z
0.41293532,open,2021-07-01T16:19:00Z,166,236,0,402,402,18944[Alte Oper],2021-07-01T16:22:02.039Z
0.1401099,open,2021-07-01T16:19:00Z,51,313,0,364,364,24281[Hauptbahnhof Süd],2021-07-01T16:22:02.039Z
0.5822002,open,2021-07-01T16:19:00Z,471,338,0,809,809,24279[Konstabler],2021-07-01T16:22:02.039Z
0.79812205,open,2021-07-01T16:19:00Z,340,86,0,426,426,18497[Hauptwache],2021-07-01T16:22:02.039Z
0.3882353,open,2021-07-01T16:19:00Z,264,416,0,680,680,18495[Am Gericht],2021-07-01T16:22:02.039Z
0.23529412,open,2021-07-01T16:19:00Z,192,624,75,891,816,109240[MyZeil],2021-07-01T16:22:02.039Z
0.16420361,open,2021-07-01T16:19:00Z,100,509,0,609,609,18494[Konrad-Adenauer-Straße],2021-07-01T16:22:02.039Z
0,open,2021-07-01T16:19:00Z,0,693,0,693,693,24278[Karstadt],2021-07-01T16:22:02.039Z
0.94400895,open,2021-07-01T16:54:00Z,843,50,0,893,893,24277[Börse],2021-07-01T16:57:01.748Z
0.01,open,2021-07-01T16:54:00Z,2,198,150,350,200,24276[Turmcenter],2021-07-01T16:57:01.748Z
0.40298507,open,2021-07-01T16:54:00Z,162,240,0,402,402,18944[Alte Oper],2021-07-01T16:57:01.748Z
0.10164835,open,2021-07-01T16:54:00Z,37,327,0,364,364,24281[Hauptbahnhof Süd],2021-07-01T16:57:01.748Z
0.5377009,open,2021-07-01T16:54:00Z,435,374,0,809,809,24279[Konstabler],2021-07-01T16:57:01.748Z
0.7723005,open,2021-07-01T16:54:00Z,329,97,0,426,426,18497[Hauptwache],2021-07-01T16:57:01.748Z
0.37058824,open,2021-07-01T16:54:00Z,252,428,0,680,680,18495[Am Gericht],2021-07-01T16:57:01.748Z
0.22181372,open,2021-07-01T16:54:00Z,181,635,75,891,816,109240[MyZeil],2021-07-01T16:57:01.748Z
0.13957307,open,2021-07-01T16:54:00Z,85,524,0,609,609,18494[Konrad-Adenauer-Straße],2021-07-01T16:57:01.748Z
0,open,2021-07-01T16:54:00Z,0,693,0,693,693,24278[Karstadt],2021-07-01T16:57:01.748Z
0.94400895,open,2021-07-01T17:30:00Z,843,50,0,893,893,24277[Börse],2021-07-01T17:32:02.972Z
0.09,open,2021-07-01T17:30:00Z,18,182,150,350,200,24276[Turmcenter],2021-07-01T17:32:02.972Z
0.38557214,open,2021-07-01T17:30:00Z,155,247,0,402,402,18944[Alte Oper],2021-07-01T17:32:02.972Z
0.08516484,open,2021-07-01T17:30:00Z,31,333,0,364,364,24281[Hauptbahnhof Süd],2021-07-01T17:32:02.972Z
0.473424,open,2021-07-01T17:30:00Z,383,426,0,809,809,24279[Konstabler],2021-07-01T17:32:02.972Z
0.7370892,open,2021-07-01T17:30:00Z,314,112,0,426,426,18497[Hauptwache],2021-07-01T17:32:02.972Z
0.33970588,open,2021-07-01T17:30:00Z,231,449,0,680,680,18495[Am Gericht],2021-07-01T17:32:02.972Z
0.22058824,open,2021-07-01T17:30:00Z,180,636,75,891,816,109240[MyZeil],2021-07-01T17:32:02.972Z
0.12151067,open,2021-07-01T17:30:00Z,74,535,0,609,609,18494[Konrad-Adenauer-Straße],2021-07-01T17:32:02.972Z
0,open,2021-07-01T17:30:00Z,0,693,0,693,693,24278[Karstadt],2021-07-01T17:32:02.972Z
0.94400895,open,2021-07-01T17:45:00Z,843,50,0,893,893,24277[Börse],2021-07-01T17:47:00.416Z
0.09,open,2021-07-01T17:45:00Z,18,182,150,350,200,24276[Turmcenter],2021-07-01T17:47:00.416Z
0.38308457,open,2021-07-01T17:45:00Z,154,248,0,402,402,18944[Alte Oper],2021-07-01T17:47:00.416Z
0.07967033,open,2021-07-01T17:45:00Z,29,335,0,364,364,24281[Hauptbahnhof Süd],2021-07-01T17:47:00.416Z
0.45364648,open,2021-07-01T17:45:00Z,367,442,0,809,809,24279[Konstabler],2021-07-01T17:47:00.416Z
0.7206573,open,2021-07-01T17:45:00Z,307,119,0,426,426,18497[Hauptwache],2021-07-01T17:47:00.416Z
0.32352942,open,2021-07-01T17:45:00Z,220,460,0,680,680,18495[Am Gericht],2021-07-01T17:47:00.416Z
0.20588236,open,2021-07-01T17:45:00Z,168,648,75,891,816,109240[MyZeil],2021-07-01T17:47:00.416Z
0.1182266,open,2021-07-01T17:45:00Z,72,537,0,609,609,18494[Konrad-Adenauer-Straße],2021-07-01T17:47:00.416Z
0,closed,2021-07-01T17:45:00Z,,693,0,0,0,24278[Karstadt],2021-07-01T17:47:00.416Z
0.94400895,open,2021-07-01T17:56:00Z,843,50,0,893,893,24277[Börse],2021-07-01T17:57:01.506Z
0.125,open,2021-07-01T17:56:00Z,25,175,150,350,200,24276[Turmcenter],2021-07-01T17:57:01.506Z
0.37810946,open,2021-07-01T17:56:00Z,152,250,0,402,402,18944[Alte Oper],2021-07-01T17:57:01.506Z
0.07692308,open,2021-07-01T17:56:00Z,28,336,0,364,364,24281[Hauptbahnhof Süd],2021-07-01T17:57:01.506Z
0.4289246,open,2021-07-01T17:56:00Z,347,462,0,809,809,24279[Konstabler],2021-07-01T17:57:01.506Z
0.713615,open,2021-07-01T17:56:00Z,304,122,0,426,426,18497[Hauptwache],2021-07-01T17:57:01.506Z
0.31617647,open,2021-07-01T17:56:00Z,215,465,0,680,680,18495[Am Gericht],2021-07-01T17:57:01.506Z
0.19607843,open,2021-07-01T17:56:00Z,160,656,75,891,816,109240[MyZeil],2021-07-01T17:57:01.506Z
0.11658456,open,2021-07-01T17:56:00Z,71,538,0,609,609,18494[Konrad-Adenauer-Straße],2021-07-01T17:57:01.506Z
0,closed,2021-07-01T17:56:00Z,,693,0,0,0,24278[Karstadt],2021-07-01T17:57:01.506Z
0.94400895,open,2021-07-01T18:26:00Z,843,50,0,893,893,24277[Börse],2021-07-01T18:27:01.858Z
0.11,open,2021-07-01T18:26:00Z,22,178,150,350,200,24276[Turmcenter],2021-07-01T18:27:01.858Z
0.3482587,open,2021-07-01T18:26:00Z,140,262,0,402,402,18944[Alte Oper],2021-07-01T18:27:01.858Z
0.06593407,open,2021-07-01T18:26:00Z,24,340,0,364,364,24281[Hauptbahnhof Süd],2021-07-01T18:27:01.858Z
0.37453645,open,2021-07-01T18:26:00Z,303,506,0,809,809,24279[Konstabler],2021-07-01T18:27:01.858Z
0.65023476,open,2021-07-01T18:26:00Z,277,149,0,426,426,18497[Hauptwache],2021-07-01T18:27:01.858Z
0.30441177,open,2021-07-01T18:26:00Z,207,473,0,680,680,18495[Am Gericht],2021-07-01T18:27:01.858Z
0.1764706,open,2021-07-01T18:26:00Z,144,672,75,891,816,109240[MyZeil],2021-07-01T18:27:01.858Z
0.1182266,open,2021-07-01T18:26:00Z,72,537,0,609,609,18494[Konrad-Adenauer-Straße],2021-07-01T18:27:01.858Z
0,closed,2021-07-01T18:26:00Z,,693,0,0,0,24278[Karstadt],2021-07-01T18:27:01.858Z
0.94400895,open,2021-07-01T18:46:00Z,843,50,0,893,893,24277[Börse],2021-07-01T18:52:00.918Z
0.095,open,2021-07-01T18:46:00Z,19,181,150,350,200,24276[Turmcenter],2021-07-01T18:52:00.918Z
0.33333334,open,2021-07-01T18:46:00Z,134,268,0,402,402,18944[Alte Oper],2021-07-01T18:52:00.918Z
0.06318682,open,2021-07-01T18:46:00Z,23,341,0,364,364,24281[Hauptbahnhof Süd],2021-07-01T18:52:00.918Z
0.36217552,open,2021-07-01T18:46:00Z,293,516,0,809,809,24279[Konstabler],2021-07-01T18:52:00.918Z
0.62910795,open,2021-07-01T18:46:00Z,268,158,0,426,426,18497[Hauptwache],2021-07-01T18:52:00.918Z
0.29264706,open,2021-07-01T18:46:00Z,199,481,0,680,680,18495[Am Gericht],2021-07-01T18:52:00.918Z
0.16053921,open,2021-07-01T18:46:00Z,131,685,75,891,816,109240[MyZeil],2021-07-01T18:52:00.918Z
0.098522164,open,2021-07-01T18:46:00Z,60,549,0,609,609,18494[Konrad-Adenauer-Straße],2021-07-01T18:52:00.918Z
0,closed,2021-07-01T18:46:00Z,,693,0,0,0,24278[Karstadt],2021-07-01T18:52:00.918Z
0.94400895,open,2021-07-01T19:02:00Z,843,50,0,893,893,24277[Börse],2021-07-01T19:07:02.965Z
0.085,open,2021-07-01T19:02:00Z,17,183,150,350,200,24276[Turmcenter],2021-07-01T19:07:02.965Z
0.31840795,open,2021-07-01T19:02:00Z,128,274,0,402,402,18944[Alte Oper],2021-07-01T19:07:02.965Z
0.057692308,open,2021-07-01T19:02:00Z,21,343,0,364,364,24281[Hauptbahnhof Süd],2021-07-01T19:07:02.965Z
0.3461063,open,2021-07-01T19:02:00Z,280,529,0,809,809,24279[Konstabler],2021-07-01T19:07:02.965Z
0.6103286,open,2021-07-01T19:02:00Z,260,166,0,426,426,18497[Hauptwache],2021-07-01T19:07:02.965Z
0.28235295,open,2021-07-01T19:02:00Z,192,488,0,680,680,18495[Am Gericht],2021-07-01T19:07:02.965Z
0.15196079,open,2021-07-01T19:02:00Z,124,692,75,891,816,109240[MyZeil],2021-07-01T19:07:02.965Z
0.0952381,open,2021-07-01T19:02:00Z,58,551,0,609,609,18494[Konrad-Adenauer-Straße],2021-07-01T19:07:02.965Z
0,closed,2021-07-01T19:02:00Z,,693,0,0,0,24278[Karstadt],2021-07-01T19:07:02.965Z
0.94400895,open,2021-07-01T19:17:00Z,843,50,0,893,893,24277[Börse],2021-07-01T19:22:01.215Z
0.075,open,2021-07-01T19:17:00Z,15,185,150,350,200,24276[Turmcenter],2021-07-01T19:22:01.215Z
0.31094527,open,2021-07-01T19:17:00Z,125,277,0,402,402,18944[Alte Oper],2021-07-01T19:22:01.215Z
0.057692308,open,2021-07-01T19:17:00Z,21,343,0,364,364,24281[Hauptbahnhof Süd],2021-07-01T19:22:01.215Z
0.32880098,open,2021-07-01T19:17:00Z,266,543,0,809,809,24279[Konstabler],2021-07-01T19:22:01.215Z
0.600939,open,2021-07-01T19:17:00Z,256,170,0,426,426,18497[Hauptwache],2021-07-01T19:22:01.215Z
0.275,open,2021-07-01T19:17:00Z,187,493,0,680,680,18495[Am Gericht],2021-07-01T19:22:01.215Z
0.14338236,open,2021-07-01T19:17:00Z,117,699,75,891,816,109240[MyZeil],2021-07-01T19:22:01.215Z
0.08210181,open,2021-07-01T19:17:00Z,50,559,0,609,609,18494[Konrad-Adenauer-Straße],2021-07-01T19:22:01.215Z
0,closed,2021-07-01T19:17:00Z,,693,0,0,0,24278[Karstadt],2021-07-01T19:22:01.215Z
0.94400895,open,2021-07-01T19:27:00Z,843,50,0,893,893,24277[Börse],2021-07-01T19:32:02.484Z
0.06,open,2021-07-01T19:27:00Z,12,188,150,350,200,24276[Turmcenter],2021-07-01T19:32:02.484Z
0.3034826,open,2021-07-01T19:27:00Z,122,280,0,402,402,18944[Alte Oper],2021-07-01T19:32:02.484Z
0.057692308,open,2021-07-01T19:27:00Z,21,343,0,364,364,24281[Hauptbahnhof Süd],2021-07-01T19:32:02.484Z
0.3263288,open,2021-07-01T19:27:00Z,264,545,0,809,809,24279[Konstabler],2021-07-01T19:32:02.484Z
0.58685446,open,2021-07-01T19:27:00Z,250,176,0,426,426,18497[Hauptwache],2021-07-01T19:32:02.484Z
0.2764706,open,2021-07-01T19:27:00Z,188,492,0,680,680,18495[Am Gericht],2021-07-01T19:32:02.484Z
0.14338236,open,2021-07-01T19:27:00Z,117,699,75,891,816,109240[MyZeil],2021-07-01T19:32:02.484Z
0.08045977,open,2021-07-01T19:27:00Z,49,560,0,609,609,18494[Konrad-Adenauer-Straße],2021-07-01T19:32:02.484Z
0,closed,2021-07-01T19:27:00Z,,693,0,0,0,24278[Karstadt],2021-07-01T19:32:02.484Z
0.94400895,open,2021-07-01T19:37:00Z,843,50,0,893,893,24277[Börse],2021-07-01T19:42:02.238Z
0.04,open,2021-07-01T19:37:00Z,8,192,150,350,200,24276[Turmcenter],2021-07-01T19:42:02.238Z
0.30099502,open,2021-07-01T19:37:00Z,121,281,0,402,402,18944[Alte Oper],2021-07-01T19:42:02.238Z
0.04945055,open,2021-07-01T19:37:00Z,18,346,0,364,364,24281[Hauptbahnhof Süd],2021-07-01T19:42:02.238Z
0.31891224,open,2021-07-01T19:37:00Z,258,551,0,809,809,24279[Konstabler],2021-07-01T19:42:02.238Z
0.57511735,open,2021-07-01T19:37:00Z,245,181,0,426,426,18497[Hauptwache],2021-07-01T19:42:02.238Z
0.2720588,open,2021-07-01T19:37:00Z,185,495,0,680,680,18495[Am Gericht],2021-07-01T19:42:02.238Z
0.14338236,open,2021-07-01T19:37:00Z,117,699,75,891,816,109240[MyZeil],2021-07-01T19:42:02.238Z
0.073891625,open,2021-07-01T19:37:00Z,45,564,0,609,609,18494[Konrad-Adenauer-Straße],2021-07-01T19:42:02.238Z
0,closed,2021-07-01T19:37:00Z,,693,0,0,0,24278[Karstadt],2021-07-01T19:42:02.238Z
0.94400895,open,2021-07-01T19:48:00Z,843,50,0,893,893,24277[Börse],2021-07-01T19:52:00.728Z
0.035,open,2021-07-01T19:48:00Z,7,193,150,350,200,24276[Turmcenter],2021-07-01T19:52:00.728Z
0.28606966,open,2021-07-01T19:48:00Z,115,287,0,402,402,18944[Alte Oper],2021-07-01T19:52:00.728Z
0.04945055,open,2021-07-01T19:48:00Z,18,346,0,364,364,24281[Hauptbahnhof Süd],2021-07-01T19:52:00.728Z
0.3090235,open,2021-07-01T19:48:00Z,250,559,0,809,809,24279[Konstabler],2021-07-01T19:52:00.728Z
0.556338,open,2021-07-01T19:48:00Z,237,189,0,426,426,18497[Hauptwache],2021-07-01T19:52:00.728Z
0.2632353,open,2021-07-01T19:48:00Z,179,501,0,680,680,18495[Am Gericht],2021-07-01T19:52:00.728Z
0.13970588,open,2021-07-01T19:48:00Z,114,702,75,891,816,109240[MyZeil],2021-07-01T19:52:00.728Z
0.0771757,open,2021-07-01T19:48:00Z,47,562,0,609,609,18494[Konrad-Adenauer-Straße],2021-07-01T19:52:00.728Z
0,closed,2021-07-01T19:48:00Z,,693,0,0,0,24278[Karstadt],2021-07-01T19:52:00.728Z
0.94400895,open,2021-07-01T20:13:00Z,843,50,0,893,893,24277[Börse],2021-07-01T20:17:01.311Z
0,open,2021-07-01T20:13:00Z,0,200,150,350,200,24276[Turmcenter],2021-07-01T20:17:01.311Z
0.25124377,open,2021-07-01T20:13:00Z,101,301,0,402,402,18944[Alte Oper],2021-07-01T20:17:01.311Z
0.046703298,open,2021-07-01T20:13:00Z,17,347,0,364,364,24281[Hauptbahnhof Süd],2021-07-01T20:17:01.311Z
0.29913473,open,2021-07-01T20:13:00Z,242,567,0,809,809,24279[Konstabler],2021-07-01T20:17:01.311Z
0.54460096,open,2021-07-01T20:13:00Z,232,194,0,426,426,18497[Hauptwache],2021-07-01T20:17:01.311Z
0.25588235,open,2021-07-01T20:13:00Z,174,506,0,680,680,18495[Am Gericht],2021-07-01T20:17:01.311Z
0.12745099,open,2021-07-01T20:13:00Z,104,712,75,891,816,109240[MyZeil],2021-07-01T20:17:01.311Z
0.052545156,open,2021-07-01T20:13:00Z,32,577,0,609,609,18494[Konrad-Adenauer-Straße],2021-07-01T20:17:01.311Z
0,closed,2021-07-01T20:13:00Z,,693,0,0,0,24278[Karstadt],2021-07-01T20:17:01.311Z
0.94400895,open,2021-07-01T20:29:00Z,843,50,0,893,893,24277[Börse],2021-07-01T20:32:01.239Z
0,open,2021-07-01T20:29:00Z,0,200,150,350,200,24276[Turmcenter],2021-07-01T20:32:01.239Z
0.23880596,open,2021-07-01T20:29:00Z,96,306,0,402,402,18944[Alte Oper],2021-07-01T20:32:01.239Z
0.041208792,open,2021-07-01T20:29:00Z,15,349,0,364,364,24281[Hauptbahnhof Süd],2021-07-01T20:32:01.239Z
0.289246,open,2021-07-01T20:29:00Z,234,575,0,809,809,24279[Konstabler],2021-07-01T20:32:01.239Z
0.52816904,open,2021-07-01T20:29:00Z,225,201,0,426,426,18497[Hauptwache],2021-07-01T20:32:01.239Z
0.24705882,open,2021-07-01T20:29:00Z,168,512,0,680,680,18495[Am Gericht],2021-07-01T20:32:01.239Z
0.125,open,2021-07-01T20:29:00Z,102,714,75,891,816,109240[MyZeil],2021-07-01T20:32:01.239Z
0.044334974,open,2021-07-01T20:29:00Z,27,582,0,609,609,18494[Konrad-Adenauer-Straße],2021-07-01T20:32:01.239Z
0,closed,2021-07-01T20:29:00Z,,693,0,0,0,24278[Karstadt],2021-07-01T20:32:01.239Z
0.94400895,open,2021-07-01T20:39:00Z,843,50,0,893,893,24277[Börse],2021-07-01T20:42:01.789Z
0,open,2021-07-01T20:39:00Z,0,200,150,350,200,24276[Turmcenter],2021-07-01T20:42:01.789Z
0.23383084,open,2021-07-01T20:39:00Z,94,308,0,402,402,18944[Alte Oper],2021-07-01T20:42:01.789Z
0.035714287,open,2021-07-01T20:39:00Z,13,351,0,364,364,24281[Hauptbahnhof Süd],2021-07-01T20:42:01.789Z
0.2843016,open,2021-07-01T20:39:00Z,230,579,0,809,809,24279[Konstabler],2021-07-01T20:42:01.789Z
0.52582157,open,2021-07-01T20:39:00Z,224,202,0,426,426,18497[Hauptwache],2021-07-01T20:42:01.789Z
0.24705882,open,2021-07-01T20:39:00Z,168,512,0,680,680,18495[Am Gericht],2021-07-01T20:42:01.789Z
0.116421565,open,2021-07-01T20:39:00Z,95,721,75,891,816,109240[MyZeil],2021-07-01T20:42:01.789Z
0.039408866,open,2021-07-01T20:39:00Z,24,585,0,609,609,18494[Konrad-Adenauer-Straße],2021-07-01T20:42:01.789Z
0,closed,2021-07-01T20:39:00Z,,693,0,0,0,24278[Karstadt],2021-07-01T20:42:01.789Z
0.94400895,open,2021-07-01T20:49:00Z,843,50,0,893,893,24277[Börse],2021-07-01T20:52:00.866Z
0,open,2021-07-01T20:49:00Z,0,200,150,350,200,24276[Turmcenter],2021-07-01T20:52:00.866Z
0.22139303,open,2021-07-01T20:49:00Z,89,313,0,402,402,18944[Alte Oper],2021-07-01T20:52:00.866Z
0.035714287,open,2021-07-01T20:49:00Z,13,351,0,364,364,24281[Hauptbahnhof Süd],2021-07-01T20:52:00.866Z
0.2843016,open,2021-07-01T20:49:00Z,230,579,0,809,809,24279[Konstabler],2021-07-01T20:52:00.866Z
0.5164319,open,2021-07-01T20:49:00Z,220,206,0,426,426,18497[Hauptwache],2021-07-01T20:52:00.866Z
0.2485294,open,2021-07-01T20:49:00Z,169,511,0,680,680,18495[Am Gericht],2021-07-01T20:52:00.866Z
0.11764706,open,2021-07-01T20:49:00Z,96,720,75,891,816,109240[MyZeil],2021-07-01T20:52:00.866Z
0.039408866,open,2021-07-01T20:49:00Z,24,585,0,609,609,18494[Konrad-Adenauer-Straße],2021-07-01T20:52:00.866Z
0,closed,2021-07-01T20:49:00Z,,693,0,0,0,24278[Karstadt],2021-07-01T20:52:00.866Z
0.94400895,open,2021-07-01T21:20:00Z,843,50,0,893,893,24277[Börse],2021-07-01T21:22:00.686Z
0.005,open,2021-07-01T21:20:00Z,1,199,150,350,200,24276[Turmcenter],2021-07-01T21:22:00.686Z
0.18905473,open,2021-07-01T21:20:00Z,76,326,0,402,402,18944[Alte Oper],2021-07-01T21:22:00.686Z
0.035714287,open,2021-07-01T21:20:00Z,13,351,0,364,364,24281[Hauptbahnhof Süd],2021-07-01T21:22:00.686Z
0.27070457,open,2021-07-01T21:20:00Z,219,590,0,809,809,24279[Konstabler],2021-07-01T21:22:00.686Z
0.49295774,open,2021-07-01T21:20:00Z,210,216,0,426,426,18497[Hauptwache],2021-07-01T21:22:00.686Z
0.24264705,open,2021-07-01T21:20:00Z,165,515,0,680,680,18495[Am Gericht],2021-07-01T21:22:00.686Z
0.018062398,open,2021-07-01T21:20:00Z,11,598,0,609,609,18494[Konrad-Adenauer-Straße],2021-07-01T21:22:00.686Z
0,closed,2021-07-01T21:20:00Z,,693,0,0,0,24278[Karstadt],2021-07-01T21:22:00.686Z
0.94400895,open,2021-07-01T21:30:00Z,843,50,0,893,893,24277[Börse],2021-07-01T21:32:02.538Z
0.005,open,2021-07-01T21:30:00Z,1,199,150,350,200,24276[Turmcenter],2021-07-01T21:32:02.538Z
0.18159205,open,2021-07-01T21:30:00Z,73,329,0,402,402,18944[Alte Oper],2021-07-01T21:32:02.538Z
0.035714287,open,2021-07-01T21:30:00Z,13,351,0,364,364,24281[Hauptbahnhof Süd],2021-07-01T21:32:02.538Z
0.2694685,open,2021-07-01T21:30:00Z,218,591,0,809,809,24279[Konstabler],2021-07-01T21:32:02.538Z
0.48826292,open,2021-07-01T21:30:00Z,208,218,0,426,426,18497[Hauptwache],2021-07-01T21:32:02.538Z
0.24264705,open,2021-07-01T21:30:00Z,165,515,0,680,680,18495[Am Gericht],2021-07-01T21:32:02.538Z
0.10784314,open,2021-07-01T21:30:00Z,88,728,75,891,816,109240[MyZeil],2021-07-01T21:32:02.538Z
0.014778325,open,2021-07-01T21:30:00Z,9,600,0,609,609,18494[Konrad-Adenauer-Straße],2021-07-01T21:32:02.538Z
0,closed,2021-07-01T21:30:00Z,,693,0,0,0,24278[Karstadt],2021-07-01T21:32:02.538Z
0.94400895,open,2021-07-01T21:45:00Z,843,50,0,893,893,24277[Börse],2021-07-01T21:47:02.555Z
0.005,open,2021-07-01T21:45:00Z,1,199,150,350,200,24276[Turmcenter],2021-07-01T21:47:02.555Z
0.17412935,open,2021-07-01T21:45:00Z,70,332,0,402,402,18944[Alte Oper],2021-07-01T21:47:02.555Z
0.03846154,open,2021-07-01T21:45:00Z,14,350,0,364,364,24281[Hauptbahnhof Süd],2021-07-01T21:47:02.555Z
0.2669963,open,2021-07-01T21:45:00Z,216,593,0,809,809,24279[Konstabler],2021-07-01T21:47:02.555Z
0.48356807,open,2021-07-01T21:45:00Z,206,220,0,426,426,18497[Hauptwache],2021-07-01T21:47:02.555Z
0.2367647,open,2021-07-01T21:45:00Z,161,519,0,680,680,18495[Am Gericht],2021-07-01T21:47:02.555Z
0.10784314,open,2021-07-01T21:45:00Z,88,728,75,891,816,109240[MyZeil],2021-07-01T21:47:02.555Z
0.01642036,open,2021-07-01T21:45:00Z,10,599,0,609,609,18494[Konrad-Adenauer-Straße],2021-07-01T21:47:02.555Z
0,closed,2021-07-01T21:45:00Z,,693,0,0,0,24278[Karstadt],2021-07-01T21:47:02.555Z
0.94400895,open,2021-07-01T21:55:00Z,843,50,0,893,893,24277[Börse],2021-07-01T21:57:00.877Z
0,open,2021-07-01T21:55:00Z,0,200,150,350,200,24276[Turmcenter],2021-07-01T21:57:00.877Z
0.16915423,open,2021-07-01T21:55:00Z,68,334,0,402,402,18944[Alte Oper],2021-07-01T21:57:00.877Z
0.032967035,open,2021-07-01T21:55:00Z,12,352,0,364,364,24281[Hauptbahnhof Süd],2021-07-01T21:57:00.877Z
0.2669963,open,2021-07-01T21:55:00Z,216,593,0,809,809,24279[Konstabler],2021-07-01T21:57:00.877Z
0.48122066,open,2021-07-01T21:55:00Z,205,221,0,426,426,18497[Hauptwache],2021-07-01T21:57:00.877Z
0.23529412,open,2021-07-01T21:55:00Z,160,520,0,680,680,18495[Am Gericht],2021-07-01T21:57:00.877Z
0.10784314,open,2021-07-01T21:55:00Z,88,728,75,891,816,109240[MyZeil],2021-07-01T21:57:00.877Z
0.019704433,open,2021-07-01T21:55:00Z,12,597,0,609,609,18494[Konrad-Adenauer-Straße],2021-07-01T21:57:00.877Z
0,closed,2021-07-01T21:55:00Z,,693,0,0,0,24278[Karstadt],2021-07-01T21:57:00.877Z
0.94400895,open,2021-07-01T22:16:00Z,843,50,0,893,893,24277[Börse],2021-07-01T22:22:01.970Z
0,open,2021-07-01T22:16:00Z,0,200,150,350,200,24276[Turmcenter],2021-07-01T22:22:01.970Z
0.1517413,open,2021-07-01T22:16:00Z,61,341,0,402,402,18944[Alte Oper],2021-07-01T22:22:01.970Z
0.032967035,open,2021-07-01T22:16:00Z,12,352,0,364,364,24281[Hauptbahnhof Süd],2021-07-01T22:22:01.970Z
0.2645241,open,2021-07-01T22:16:00Z,214,595,0,809,809,24279[Konstabler],2021-07-01T22:22:01.970Z
0.47887325,open,2021-07-01T22:16:00Z,204,222,0,426,426,18497[Hauptwache],2021-07-01T22:22:01.970Z
0,closed,2021-07-01T22:16:00Z,,520,0,0,0,18495[Am Gericht],2021-07-01T22:22:01.970Z
0.10784314,open,2021-07-01T22:16:00Z,88,728,75,891,816,109240[MyZeil],2021-07-01T22:22:01.970Z
0.018062398,open,2021-07-01T22:16:00Z,11,598,0,609,609,18494[Konrad-Adenauer-Straße],2021-07-01T22:22:01.970Z
0,closed,2021-07-01T22:16:00Z,,693,0,0,0,24278[Karstadt],2021-07-01T22:22:01.970Z
0.94400895,open,2021-07-01T22:26:00Z,843,50,0,893,893,24277[Börse],2021-07-01T22:32:02.706Z
0,open,2021-07-01T22:26:00Z,0,200,150,350,200,24276[Turmcenter],2021-07-01T22:32:02.706Z
0.14925373,open,2021-07-01T22:26:00Z,60,342,0,402,402,18944[Alte Oper],2021-07-01T22:32:02.706Z
0.032967035,open,2021-07-01T22:26:00Z,12,352,0,364,364,24281[Hauptbahnhof Süd],2021-07-01T22:32:02.706Z
0.26576018,open,2021-07-01T22:26:00Z,215,594,0,809,809,24279[Konstabler],2021-07-01T22:32:02.706Z
0.47887325,open,2021-07-01T22:26:00Z,204,222,0,426,426,18497[Hauptwache],2021-07-01T22:32:02.706Z
0,closed,2021-07-01T22:26:00Z,,520,0,0,0,18495[Am Gericht],2021-07-01T22:32:02.706Z
0.10784314,open,2021-07-01T22:26:00Z,88,728,75,891,816,109240[MyZeil],2021-07-01T22:32:02.706Z
0.018062398,open,2021-07-01T22:26:00Z,11,598,0,609,609,18494[Konrad-Adenauer-Straße],2021-07-01T22:32:02.706Z
0,closed,2021-07-01T22:26:00Z,,693,0,0,0,24278[Karstadt],2021-07-01T22:32:02.706Z
0.94400895,open,2021-07-01T22:37:00Z,843,50,0,893,893,24277[Börse],2021-07-01T22:42:02.346Z
0,open,2021-07-01T22:37:00Z,0,200,150,350,200,24276[Turmcenter],2021-07-01T22:42:02.346Z
0.14676617,open,2021-07-01T22:37:00Z,59,343,0,402,402,18944[Alte Oper],2021-07-01T22:42:02.346Z
0.032967035,open,2021-07-01T22:37:00Z,12,352,0,364,364,24281[Hauptbahnhof Süd],2021-07-01T22:42:02.346Z
0.2645241,open,2021-07-01T22:37:00Z,214,595,0,809,809,24279[Konstabler],2021-07-01T22:42:02.346Z
0.47887325,open,2021-07-01T22:37:00Z,204,222,0,426,426,18497[Hauptwache],2021-07-01T22:42:02.346Z
0,closed,2021-07-01T22:37:00Z,,520,0,0,0,18495[Am Gericht],2021-07-01T22:42:02.346Z
0.10784314,open,2021-07-01T22:37:00Z,88,728,75,891,816,109240[MyZeil],2021-07-01T22:42:02.346Z
0.01642036,open,2021-07-01T22:37:00Z,10,599,0,609,609,18494[Konrad-Adenauer-Straße],2021-07-01T22:42:02.346Z
0,closed,2021-07-01T22:37:00Z,,693,0,0,0,24278[Karstadt],2021-07-01T22:42:02.346Z
0.94400895,open,2021-07-01T22:52:00Z,843,50,0,893,893,24277[Börse],2021-07-01T22:57:01.982Z
0,open,2021-07-01T22:52:00Z,0,200,150,350,200,24276[Turmcenter],2021-07-01T22:57:01.982Z
0.1442786,open,2021-07-01T22:52:00Z,58,344,0,402,402,18944[Alte Oper],2021-07-01T22:57:01.982Z
0.032967035,open,2021-07-01T22:52:00Z,12,352,0,364,364,24281[Hauptbahnhof Süd],2021-07-01T22:57:01.982Z
0.2645241,open,2021-07-01T22:52:00Z,214,595,0,809,809,24279[Konstabler],2021-07-01T22:57:01.982Z
0.46948355,open,2021-07-01T22:52:00Z,200,226,0,426,426,18497[Hauptwache],2021-07-01T22:57:01.982Z
0,closed,2021-07-01T22:52:00Z,,520,0,0,0,18495[Am Gericht],2021-07-01T22:57:01.982Z
0.10784314,open,2021-07-01T22:52:00Z,88,728,75,891,816,109240[MyZeil],2021-07-01T22:57:01.982Z
0.018062398,open,2021-07-01T22:52:00Z,11,598,0,609,609,18494[Konrad-Adenauer-Straße],2021-07-01T22:57:01.982Z
0,closed,2021-07-01T22:52:00Z,,693,0,0,0,24278[Karstadt],2021-07-01T22:57:01.982Z
0.94400895,open,2021-07-01T23:12:00Z,843,50,0,893,893,24277[Börse],2021-07-01T23:17:01.399Z
0,open,2021-07-01T23:12:00Z,0,200,150,350,200,24276[Turmcenter],2021-07-01T23:17:01.399Z
0.032967035,open,2021-07-01T23:12:00Z,12,352,0,364,364,24281[Hauptbahnhof Süd],2021-07-01T23:17:01.399Z
0.2645241,open,2021-07-01T23:12:00Z,214,595,0,809,809,24279[Konstabler],2021-07-01T23:17:01.399Z
0.46948355,open,2021-07-01T23:12:00Z,200,226,0,426,426,18497[Hauptwache],2021-07-01T23:17:01.399Z
0,closed,2021-07-01T23:12:00Z,,520,0,0,0,18495[Am Gericht],2021-07-01T23:17:01.399Z
0.10784314,open,2021-07-01T23:12:00Z,88,728,75,891,816,109240[MyZeil],2021-07-01T23:17:01.399Z
0.014778325,open,2021-07-01T23:12:00Z,9,600,0,609,609,18494[Konrad-Adenauer-Straße],2021-07-01T23:17:01.399Z
0,closed,2021-07-01T23:12:00Z,,693,0,0,0,24278[Karstadt],2021-07-01T23:17:01.399Z
0.94400895,open,2021-07-01T23:27:00Z,843,50,0,893,893,24277[Börse],2021-07-01T23:32:01.962Z
0,open,2021-07-01T23:27:00Z,0,200,150,350,200,24276[Turmcenter],2021-07-01T23:32:01.962Z
0.032967035,open,2021-07-01T23:27:00Z,12,352,0,364,364,24281[Hauptbahnhof Süd],2021-07-01T23:32:01.962Z
0.2645241,open,2021-07-01T23:27:00Z,214,595,0,809,809,24279[Konstabler],2021-07-01T23:32:01.962Z
0.46244133,open,2021-07-01T23:27:00Z,197,229,0,426,426,18497[Hauptwache],2021-07-01T23:32:01.962Z
0,closed,2021-07-01T23:27:00Z,,520,0,0,0,18495[Am Gericht],2021-07-01T23:32:01.962Z
0.10784314,open,2021-07-01T23:27:00Z,88,728,75,891,816,109240[MyZeil],2021-07-01T23:32:01.962Z
0.014778325,open,2021-07-01T23:27:00Z,9,600,0,609,609,18494[Konrad-Adenauer-Straße],2021-07-01T23:32:01.962Z
0,closed,2021-07-01T23:27:00Z,,693,0,0,0,24278[Karstadt],2021-07-01T23:32:01.962Z
0.94400895,open,2021-07-01T23:37:00Z,843,50,0,893,893,24277[Börse],2021-07-01T23:42:02.165Z
0,open,2021-07-01T23:37:00Z,0,200,150,350,200,24276[Turmcenter],2021-07-01T23:42:02.165Z
0,open,2021-07-01T23:37:00Z,0,402,0,402,402,18944[Alte Oper],2021-07-01T23:42:02.165Z
0.03846154,open,2021-07-01T23:37:00Z,14,350,0,364,364,24281[Hauptbahnhof Süd],2021-07-01T23:42:02.165Z
0.26328802,open,2021-07-01T23:37:00Z,213,596,0,809,809,24279[Konstabler],2021-07-01T23:42:02.165Z
0.46244133,open,2021-07-01T23:37:00Z,197,229,0,426,426,18497[Hauptwache],2021-07-01T23:42:02.165Z
0,closed,2021-07-01T23:37:00Z,,520,0,0,0,18495[Am Gericht],2021-07-01T23:42:02.165Z
0.10784314,open,2021-07-01T23:37:00Z,88,728,75,891,816,109240[MyZeil],2021-07-01T23:42:02.165Z
0.014778325,open,2021-07-01T23:37:00Z,9,600,0,609,609,18494[Konrad-Adenauer-Straße],2021-07-01T23:42:02.165Z
0,closed,2021-07-01T23:37:00Z,,693,0,0,0,24278[Karstadt],2021-07-01T23:42:02.165Z
0.94400895,open,2021-07-01T23:47:00Z,843,50,0,893,893,24277[Börse],2021-07-01T23:52:00.577Z
0,open,2021-07-01T23:47:00Z,0,200,150,350,200,24276[Turmcenter],2021-07-01T23:52:00.577Z
0,open,2021-07-01T23:47:00Z,0,407,0,407,407,18944[Alte Oper],2021-07-01T23:52:00.577Z
0.032967035,open,2021-07-01T23:47:00Z,12,352,0,364,364,24281[Hauptbahnhof Süd],2021-07-01T23:52:00.577Z
0.26328802,open,2021-07-01T23:47:00Z,213,596,0,809,809,24279[Konstabler],2021-07-01T23:52:00.577Z
0.46244133,open,2021-07-01T23:47:00Z,197,229,0,426,426,18497[Hauptwache],2021-07-01T23:52:00.577Z
0,closed,2021-07-01T23:47:00Z,,520,0,0,0,18495[Am Gericht],2021-07-01T23:52:00.577Z
0.10784314,open,2021-07-01T23:47:00Z,88,728,75,891,816,109240[MyZeil],2021-07-01T23:52:00.577Z
0.014778325,open,2021-07-01T23:47:00Z,9,600,0,609,609,18494[Konrad-Adenauer-Straße],2021-07-01T23:52:00.577Z
0,closed,2021-07-01T23:47:00Z,,693,0,0,0,24278[Karstadt],2021-07-01T23:52:00.577Z
0.94400895,open,2021-07-02T00:37:00Z,843,50,0,893,893,24277[Börse],2021-07-02T00:42:01.981Z
0,open,2021-07-02T00:37:00Z,0,200,150,350,200,24276[Turmcenter],2021-07-02T00:42:01.981Z
0,open,2021-07-02T00:37:00Z,0,407,0,407,407,18944[Alte Oper],2021-07-02T00:42:01.981Z
0.032967035,open,2021-07-02T00:37:00Z,12,352,0,364,364,24281[Hauptbahnhof Süd],2021-07-02T00:42:01.981Z
0.25957972,open,2021-07-02T00:37:00Z,210,599,0,809,809,24279[Konstabler],2021-07-02T00:42:01.981Z
0.46244133,open,2021-07-02T00:37:00Z,197,229,0,426,426,18497[Hauptwache],2021-07-02T00:42:01.981Z
0,closed,2021-07-02T00:37:00Z,,520,0,0,0,18495[Am Gericht],2021-07-02T00:42:01.981Z
0.10784314,open,2021-07-02T00:37:00Z,88,728,75,891,816,109240[MyZeil],2021-07-02T00:42:01.981Z
0.009852217,open,2021-07-02T00:37:00Z,6,603,0,609,609,18494[Konrad-Adenauer-Straße],2021-07-02T00:42:01.981Z
0,closed,2021-07-02T00:37:00Z,,693,0,0,0,24278[Karstadt],2021-07-02T00:42:01.981Z
0.94400895,open,2021-07-02T01:43:00Z,843,50,0,893,893,24277[Börse],2021-07-02T01:47:01.062Z
0,open,2021-07-02T01:43:00Z,0,200,150,350,200,24276[Turmcenter],2021-07-02T01:47:01.062Z
0,open,2021-07-02T01:43:00Z,0,407,0,407,407,18944[Alte Oper],2021-07-02T01:47:01.062Z
0.032967035,open,2021-07-02T01:43:00Z,12,352,0,364,364,24281[Hauptbahnhof Süd],2021-07-02T01:47:01.062Z
0.25834364,open,2021-07-02T01:43:00Z,209,600,0,809,809,24279[Konstabler],2021-07-02T01:47:01.062Z
0.46244133,open,2021-07-02T01:43:00Z,197,229,0,426,426,18497[Hauptwache],2021-07-02T01:47:01.062Z
0,closed,2021-07-02T01:43:00Z,,520,0,0,0,18495[Am Gericht],2021-07-02T01:47:01.062Z
0.10784314,open,2021-07-02T01:43:00Z,88,728,75,891,816,109240[MyZeil],2021-07-02T01:47:01.062Z
0.018062398,open,2021-07-02T01:43:00Z,11,598,0,609,609,18494[Konrad-Adenauer-Straße],2021-07-02T01:47:01.062Z
0,closed,2021-07-02T01:43:00Z,,693,0,0,0,24278[Karstadt],2021-07-02T01:47:01.062Z
0.94400895,open,2021-07-02T02:08:00Z,843,50,0,893,893,24277[Börse],2021-07-02T02:12:02.866Z
0,open,2021-07-02T02:08:00Z,0,200,150,350,200,24276[Turmcenter],2021-07-02T02:12:02.866Z
0,open,2021-07-02T02:08:00Z,0,407,0,407,407,18944[Alte Oper],2021-07-02T02:12:02.866Z
0.032967035,open,2021-07-02T02:08:00Z,12,352,0,364,364,24281[Hauptbahnhof Süd],2021-07-02T02:12:02.866Z
0.25834364,open,2021-07-02T02:08:00Z,209,600,0,809,809,24279[Konstabler],2021-07-02T02:12:02.866Z
0.46244133,open,2021-07-02T02:08:00Z,197,229,0,426,426,18497[Hauptwache],2021-07-02T02:12:02.866Z
0,closed,2021-07-02T02:08:00Z,,,0,0,0,18495[Am Gericht],2021-07-02T02:12:02.866Z
0.10784314,open,2021-07-02T02:08:00Z,88,728,75,891,816,109240[MyZeil],2021-07-02T02:12:02.866Z
0.019704433,open,2021-07-02T02:08:00Z,12,597,0,609,609,18494[Konrad-Adenauer-Straße],2021-07-02T02:12:02.866Z
0,closed,2021-07-02T02:08:00Z,,,0,0,0,24278[Karstadt],2021-07-02T02:12:02.866Z
0.94400895,open,2021-07-02T02:33:00Z,843,50,0,893,893,24277[Börse],2021-07-02T02:37:01.139Z
0,open,2021-07-02T02:33:00Z,0,200,150,350,200,24276[Turmcenter],2021-07-02T02:37:01.139Z
0,open,2021-07-02T02:33:00Z,0,407,0,407,407,18944[Alte Oper],2021-07-02T02:37:01.139Z
0.032967035,open,2021-07-02T02:33:00Z,12,352,0,364,364,24281[Hauptbahnhof Süd],2021-07-02T02:37:01.139Z
0.26081583,open,2021-07-02T02:33:00Z,211,598,0,809,809,24279[Konstabler],2021-07-02T02:37:01.139Z
0.46244133,open,2021-07-02T02:33:00Z,197,229,0,426,426,18497[Hauptwache],2021-07-02T02:37:01.139Z
0,closed,2021-07-02T02:33:00Z,,,0,0,0,18495[Am Gericht],2021-07-02T02:37:01.139Z
0.10784314,open,2021-07-02T02:33:00Z,88,728,75,891,816,109240[MyZeil],2021-07-02T02:37:01.139Z
0.022988506,open,2021-07-02T02:33:00Z,14,595,0,609,609,18494[Konrad-Adenauer-Straße],2021-07-02T02:37:01.139Z
0,closed,2021-07-02T02:33:00Z,,,0,0,0,24278[Karstadt],2021-07-02T02:37:01.139Z
0.94400895,open,2021-07-02T02:48:00Z,843,50,0,893,893,24277[Börse],2021-07-02T02:52:01.026Z
0,open,2021-07-02T02:48:00Z,0,200,150,350,200,24276[Turmcenter],2021-07-02T02:52:01.026Z
0,open,2021-07-02T02:48:00Z,0,407,0,407,407,18944[Alte Oper],2021-07-02T02:52:01.026Z
0.032967035,open,2021-07-02T02:48:00Z,12,352,0,364,364,24281[Hauptbahnhof Süd],2021-07-02T02:52:01.026Z
0.26081583,open,2021-07-02T02:48:00Z,211,598,0,809,809,24279[Konstabler],2021-07-02T02:52:01.026Z
0.46244133,open,2021-07-02T02:48:00Z,197,229,0,426,426,18497[Hauptwache],2021-07-02T02:52:01.026Z
0,closed,2021-07-02T02:48:00Z,,,0,0,0,18495[Am Gericht],2021-07-02T02:52:01.026Z
0.10784314,open,2021-07-02T02:48:00Z,88,728,75,891,816,109240[MyZeil],2021-07-02T02:52:01.026Z
0.02134647,open,2021-07-02T02:48:00Z,13,596,0,609,609,18494[Konrad-Adenauer-Straße],2021-07-02T02:52:01.026Z
0,closed,2021-07-02T02:48:00Z,,,0,0,0,24278[Karstadt],2021-07-02T02:52:01.026Z
0.94400895,open,2021-07-02T02:58:00Z,843,50,0,893,893,24277[Börse],2021-07-02T03:02:00.022Z
0,open,2021-07-02T02:58:00Z,0,200,150,350,200,24276[Turmcenter],2021-07-02T03:02:00.022Z
0,open,2021-07-02T02:58:00Z,0,407,0,407,407,18944[Alte Oper],2021-07-02T03:02:00.022Z
0.032967035,open,2021-07-02T02:58:00Z,12,352,0,364,364,24281[Hauptbahnhof Süd],2021-07-02T03:02:00.022Z
0.25957972,open,2021-07-02T02:58:00Z,210,599,0,809,809,24279[Konstabler],2021-07-02T03:02:00.022Z
0.46244133,open,2021-07-02T02:58:00Z,197,229,0,426,426,18497[Hauptwache],2021-07-02T03:02:00.022Z
0,closed,2021-07-02T02:58:00Z,,,0,0,0,18495[Am Gericht],2021-07-02T03:02:00.022Z
0.10784314,open,2021-07-02T02:58:00Z,88,728,75,891,816,109240[MyZeil],2021-07-02T03:02:00.022Z
0.02134647,open,2021-07-02T02:58:00Z,13,596,0,609,609,18494[Konrad-Adenauer-Straße],2021-07-02T03:02:00.022Z
0,closed,2021-07-02T02:58:00Z,,,0,0,0,24278[Karstadt],2021-07-02T03:02:00.022Z
0.94400895,open,2021-07-02T03:23:00Z,843,50,0,893,893,24277[Börse],2021-07-02T03:27:00.445Z
0,open,2021-07-02T03:23:00Z,0,200,150,350,200,24276[Turmcenter],2021-07-02T03:27:00.445Z
0.0024570024,open,2021-07-02T03:23:00Z,1,406,0,407,407,18944[Alte Oper],2021-07-02T03:27:00.445Z
0.032967035,open,2021-07-02T03:23:00Z,12,352,0,364,364,24281[Hauptbahnhof Süd],2021-07-02T03:27:00.445Z
0.26081583,open,2021-07-02T03:23:00Z,211,598,0,809,809,24279[Konstabler],2021-07-02T03:27:00.445Z
0.46244133,open,2021-07-02T03:23:00Z,197,229,0,426,426,18497[Hauptwache],2021-07-02T03:27:00.445Z
0,closed,2021-07-02T03:23:00Z,,,0,0,0,18495[Am Gericht],2021-07-02T03:27:00.445Z
0.10784314,open,2021-07-02T03:23:00Z,88,728,75,891,816,109240[MyZeil],2021-07-02T03:27:00.445Z
0.018062398,open,2021-07-02T03:23:00Z,11,598,0,609,609,18494[Konrad-Adenauer-Straße],2021-07-02T03:27:00.445Z
0,closed,2021-07-02T03:23:00Z,,,0,0,0,24278[Karstadt],2021-07-02T03:27:00.445Z
0.94400895,open,2021-07-02T03:43:00Z,843,50,0,893,893,24277[Börse],2021-07-02T03:47:01.758Z
0,open,2021-07-02T03:43:00Z,0,200,150,350,200,24276[Turmcenter],2021-07-02T03:47:01.758Z
0.0024570024,open,2021-07-02T03:43:00Z,1,406,0,407,407,18944[Alte Oper],2021-07-02T03:47:01.758Z
0.03846154,open,2021-07-02T03:43:00Z,14,350,0,364,364,24281[Hauptbahnhof Süd],2021-07-02T03:47:01.758Z
0.26081583,open,2021-07-02T03:43:00Z,211,598,0,809,809,24279[Konstabler],2021-07-02T03:47:01.758Z
0.46244133,open,2021-07-02T03:43:00Z,197,229,0,426,426,18497[Hauptwache],2021-07-02T03:47:01.758Z
0,closed,2021-07-02T03:43:00Z,,,0,0,0,18495[Am Gericht],2021-07-02T03:47:01.758Z
0.06855792,open,2021-07-02T03:43:00Z,58,788,45,891,846,109240[MyZeil],2021-07-02T03:47:01.758Z
0.018062398,open,2021-07-02T03:43:00Z,11,598,0,609,609,18494[Konrad-Adenauer-Straße],2021-07-02T03:47:01.758Z
0,closed,2021-07-02T03:43:00Z,,,0,0,0,24278[Karstadt],2021-07-02T03:47:01.758Z
0.94400895,open,2021-07-02T03:53:00Z,843,50,0,893,893,24277[Börse],2021-07-02T03:57:00.458Z
0,open,2021-07-02T03:53:00Z,0,200,150,350,200,24276[Turmcenter],2021-07-02T03:57:00.458Z
0.0024570024,open,2021-07-02T03:53:00Z,1,406,0,407,407,18944[Alte Oper],2021-07-02T03:57:00.458Z
0.043956045,open,2021-07-02T03:53:00Z,16,348,0,364,364,24281[Hauptbahnhof Süd],2021-07-02T03:57:00.458Z
0.26081583,open,2021-07-02T03:53:00Z,211,598,0,809,809,24279[Konstabler],2021-07-02T03:57:00.458Z
0.46244133,open,2021-07-02T03:53:00Z,197,229,0,426,426,18497[Hauptwache],2021-07-02T03:57:00.458Z
0,closed,2021-07-02T03:53:00Z,,,0,0,0,18495[Am Gericht],2021-07-02T03:57:00.458Z
0.06737588,open,2021-07-02T03:53:00Z,57,789,45,891,846,109240[MyZeil],2021-07-02T03:57:00.458Z
0.018062398,open,2021-07-02T03:53:00Z,11,598,0,609,609,18494[Konrad-Adenauer-Straße],2021-07-02T03:57:00.458Z
0,closed,2021-07-02T03:53:00Z,,,0,0,0,24278[Karstadt],2021-07-02T03:57:00.458Z
0.94400895,open,2021-07-02T04:18:00Z,843,50,0,893,893,24277[Börse],2021-07-02T04:22:01.241Z
0.006666667,open,2021-07-02T04:18:00Z,1,149,200,350,150,24276[Turmcenter],2021-07-02T04:22:01.241Z
0.0024570024,open,2021-07-02T04:18:00Z,1,406,0,407,407,18944[Alte Oper],2021-07-02T04:22:01.241Z
0.071428575,open,2021-07-02T04:18:00Z,26,338,0,364,364,24281[Hauptbahnhof Süd],2021-07-02T04:22:01.241Z
0.26081583,open,2021-07-02T04:18:00Z,211,598,0,809,809,24279[Konstabler],2021-07-02T04:22:01.241Z
0.46713614,open,2021-07-02T04:18:00Z,199,227,0,426,426,18497[Hauptwache],2021-07-02T04:22:01.241Z
0.2485294,open,2021-07-02T04:18:00Z,169,511,0,680,680,18495[Am Gericht],2021-07-02T04:22:01.241Z
0.06973995,open,2021-07-02T04:18:00Z,59,787,45,891,846,109240[MyZeil],2021-07-02T04:22:01.241Z
0.024630541,open,2021-07-02T04:18:00Z,15,594,0,609,609,18494[Konrad-Adenauer-Straße],2021-07-02T04:22:01.241Z
0,closed,2021-07-02T04:18:00Z,,,0,0,0,24278[Karstadt],2021-07-02T04:22:01.241Z
0.94400895,open,2021-07-02T04:43:00Z,843,50,0,893,893,24277[Börse],2021-07-02T04:47:02.684Z
0,open,2021-07-02T04:43:00Z,0,150,200,350,150,24276[Turmcenter],2021-07-02T04:47:02.684Z
0.0073710075,open,2021-07-02T04:43:00Z,3,404,0,407,407,18944[Alte Oper],2021-07-02T04:47:02.684Z
0.093406595,open,2021-07-02T04:43:00Z,34,330,0,364,364,24281[Hauptbahnhof Süd],2021-07-02T04:47:02.684Z
0.25957972,open,2021-07-02T04:43:00Z,210,599,0,809,809,24279[Konstabler],2021-07-02T04:47:02.684Z
0.46948355,open,2021-07-02T04:43:00Z,200,226,0,426,426,18497[Hauptwache],2021-07-02T04:47:02.684Z
0.2514706,open,2021-07-02T04:43:00Z,171,509,0,680,680,18495[Am Gericht],2021-07-02T04:47:02.684Z
0.07210402,open,2021-07-02T04:43:00Z,61,785,45,891,846,109240[MyZeil],2021-07-02T04:47:02.684Z
0.026272578,open,2021-07-02T04:43:00Z,16,593,0,609,609,18494[Konrad-Adenauer-Straße],2021-07-02T04:47:02.684Z
0,closed,2021-07-02T04:43:00Z,,,0,0,0,24278[Karstadt],2021-07-02T04:47:02.684Z
0.94400895,open,2021-07-02T04:53:00Z,843,50,0,893,893,24277[Börse],2021-07-02T04:57:02.380Z
0,open,2021-07-02T04:53:00Z,0,150,200,350,150,24276[Turmcenter],2021-07-02T04:57:02.380Z
0.0073710075,open,2021-07-02T04:53:00Z,3,404,0,407,407,18944[Alte Oper],2021-07-02T04:57:02.380Z
0.0989011,open,2021-07-02T04:53:00Z,36,328,0,364,364,24281[Hauptbahnhof Süd],2021-07-02T04:57:02.380Z
0.25957972,open,2021-07-02T04:53:00Z,210,599,0,809,809,24279[Konstabler],2021-07-02T04:57:02.380Z
0.46948355,open,2021-07-02T04:53:00Z,200,226,0,426,426,18497[Hauptwache],2021-07-02T04:57:02.380Z
0.2514706,open,2021-07-02T04:53:00Z,171,509,0,680,680,18495[Am Gericht],2021-07-02T04:57:02.380Z
0.07446808,open,2021-07-02T04:53:00Z,63,783,45,891,846,109240[MyZeil],2021-07-02T04:57:02.380Z
0.024630541,open,2021-07-02T04:53:00Z,15,594,0,609,609,18494[Konrad-Adenauer-Straße],2021-07-02T04:57:02.380Z
0.0028860029,open,2021-07-02T04:53:00Z,2,691,0,693,693,24278[Karstadt],2021-07-02T04:57:02.380Z
0.94400895,open,2021-07-02T05:18:00Z,843,50,0,893,893,24277[Börse],2021-07-02T05:22:01.463Z
0.02,open,2021-07-02T05:18:00Z,3,147,200,350,150,24276[Turmcenter],2021-07-02T05:22:01.463Z
0.014742015,open,2021-07-02T05:18:00Z,6,401,0,407,407,18944[Alte Oper],2021-07-02T05:22:01.463Z
0.12362637,open,2021-07-02T05:18:00Z,45,319,0,364,364,24281[Hauptbahnhof Süd],2021-07-02T05:22:01.463Z
0.25710753,open,2021-07-02T05:18:00Z,208,601,0,809,809,24279[Konstabler],2021-07-02T05:22:01.463Z
0.4765258,open,2021-07-02T05:18:00Z,203,223,0,426,426,18497[Hauptwache],2021-07-02T05:22:01.463Z
0.2632353,open,2021-07-02T05:18:00Z,179,501,0,680,680,18495[Am Gericht],2021-07-02T05:22:01.463Z
0.07801419,open,2021-07-02T05:18:00Z,66,780,45,891,846,109240[MyZeil],2021-07-02T05:22:01.463Z
0.027914613,open,2021-07-02T05:18:00Z,17,592,0,609,609,18494[Konrad-Adenauer-Straße],2021-07-02T05:22:01.463Z
0.0043290043,open,2021-07-02T05:18:00Z,3,690,0,693,693,24278[Karstadt],2021-07-02T05:22:01.463Z
0.94400895,open,2021-07-02T05:28:00Z,843,50,0,893,893,24277[Börse],2021-07-02T05:32:00.098Z
0.026666667,open,2021-07-02T05:28:00Z,4,146,200,350,150,24276[Turmcenter],2021-07-02T05:32:00.098Z
0.014742015,open,2021-07-02T05:28:00Z,6,401,0,407,407,18944[Alte Oper],2021-07-02T05:32:00.098Z
0.12362637,open,2021-07-02T05:28:00Z,45,319,0,364,364,24281[Hauptbahnhof Süd],2021-07-02T05:32:00.098Z
0.25834364,open,2021-07-02T05:28:00Z,209,600,0,809,809,24279[Konstabler],2021-07-02T05:32:00.098Z
0.47887325,open,2021-07-02T05:28:00Z,204,222,0,426,426,18497[Hauptwache],2021-07-02T05:32:00.098Z
0.26911765,open,2021-07-02T05:28:00Z,183,497,0,680,680,18495[Am Gericht],2021-07-02T05:32:00.098Z
0.07801419,open,2021-07-02T05:28:00Z,66,780,45,891,846,109240[MyZeil],2021-07-02T05:32:00.098Z
0.02955665,open,2021-07-02T05:28:00Z,18,591,0,609,609,18494[Konrad-Adenauer-Straße],2021-07-02T05:32:00.098Z
0.0043290043,open,2021-07-02T05:28:00Z,3,690,0,693,693,24278[Karstadt],2021-07-02T05:32:00.098Z
0.94400895,open,2021-07-02T05:39:00Z,843,50,0,893,893,24277[Börse],2021-07-02T05:42:00.913Z
0.046666667,open,2021-07-02T05:39:00Z,7,143,200,350,150,24276[Turmcenter],2021-07-02T05:42:00.913Z
0.027027028,open,2021-07-02T05:39:00Z,11,396,0,407,407,18944[Alte Oper],2021-07-02T05:42:00.913Z
0.14835165,open,2021-07-02T05:39:00Z,54,310,0,364,364,24281[Hauptbahnhof Süd],2021-07-02T05:42:00.913Z
0.2620519,open,2021-07-02T05:39:00Z,212,597,0,809,809,24279[Konstabler],2021-07-02T05:42:00.913Z
0.48591548,open,2021-07-02T05:39:00Z,207,219,0,426,426,18497[Hauptwache],2021-07-02T05:42:00.913Z
0.27794117,open,2021-07-02T05:39:00Z,189,491,0,680,680,18495[Am Gericht],2021-07-02T05:42:00.913Z
0.07801419,open,2021-07-02T05:39:00Z,66,780,45,891,846,109240[MyZeil],2021-07-02T05:42:00.913Z
0.031198686,open,2021-07-02T05:39:00Z,19,590,0,609,609,18494[Konrad-Adenauer-Straße],2021-07-02T05:42:00.913Z
0.0057720058,open,2021-07-02T05:39:00Z,4,689,0,693,693,24278[Karstadt],2021-07-02T05:42:00.913Z
0.94400895,open,2021-07-02T05:44:00Z,843,50,0,893,893,24277[Börse],2021-07-02T05:47:00.407Z
0.07333333,open,2021-07-02T05:44:00Z,11,139,200,350,150,24276[Turmcenter],2021-07-02T05:47:00.407Z
0.027027028,open,2021-07-02T05:44:00Z,11,396,0,407,407,18944[Alte Oper],2021-07-02T05:47:00.407Z
0.15659341,open,2021-07-02T05:44:00Z,57,307,0,364,364,24281[Hauptbahnhof Süd],2021-07-02T05:47:00.407Z
0.26328802,open,2021-07-02T05:44:00Z,213,596,0,809,809,24279[Konstabler],2021-07-02T05:47:00.407Z
0.48826292,open,2021-07-02T05:44:00Z,208,218,0,426,426,18497[Hauptwache],2021-07-02T05:47:00.407Z
0.28382352,open,2021-07-02T05:44:00Z,193,487,0,680,680,18495[Am Gericht],2021-07-02T05:47:00.407Z
0.08274232,open,2021-07-02T05:44:00Z,70,776,45,891,846,109240[MyZeil],2021-07-02T05:47:00.407Z
0.027914613,open,2021-07-02T05:44:00Z,17,592,0,609,609,18494[Konrad-Adenauer-Straße],2021-07-02T05:47:00.407Z
0.008658009,open,2021-07-02T05:44:00Z,6,687,0,693,693,24278[Karstadt],2021-07-02T05:47:00.407Z
0.94400895,open,2021-07-02T05:58:00Z,843,50,0,893,893,24277[Börse],2021-07-02T06:02:00.652Z
0.13333334,open,2021-07-02T05:58:00Z,20,130,200,350,150,24276[Turmcenter],2021-07-02T06:02:00.652Z
0.03931204,open,2021-07-02T05:58:00Z,16,391,0,407,407,18944[Alte Oper],2021-07-02T06:02:00.652Z
0.16758242,open,2021-07-02T05:58:00Z,61,303,0,364,364,24281[Hauptbahnhof Süd],2021-07-02T06:02:00.652Z
0.27688503,open,2021-07-02T05:58:00Z,224,585,0,809,809,24279[Konstabler],2021-07-02T06:02:00.652Z
0.5023474,open,2021-07-02T05:58:00Z,214,212,0,426,426,18497[Hauptwache],2021-07-02T06:02:00.652Z
0.29558823,open,2021-07-02T05:58:00Z,201,479,0,680,680,18495[Am Gericht],2021-07-02T06:02:00.652Z
0.086288415,open,2021-07-02T05:58:00Z,73,773,45,891,846,109240[MyZeil],2021-07-02T06:02:00.652Z
0.036124796,open,2021-07-02T05:58:00Z,22,587,0,609,609,18494[Konrad-Adenauer-Straße],2021-07-02T06:02:00.652Z
0.01010101,open,2021-07-02T05:58:00Z,7,686,0,693,693,24278[Karstadt],2021-07-02T06:02:00.652Z
0.94400895,open,2021-07-02T06:28:00Z,843,50,0,893,893,24277[Börse],2021-07-02T06:32:00.258Z
0.28666666,open,2021-07-02T06:28:00Z,43,107,200,350,150,24276[Turmcenter],2021-07-02T06:32:00.258Z
0.06633907,open,2021-07-02T06:28:00Z,27,380,0,407,407,18944[Alte Oper],2021-07-02T06:32:00.258Z
0.21703297,open,2021-07-02T06:28:00Z,79,285,0,364,364,24281[Hauptbahnhof Süd],2021-07-02T06:32:00.258Z
0.31025958,open,2021-07-02T06:28:00Z,251,558,0,809,809,24279[Konstabler],2021-07-02T06:32:00.258Z
0.54460096,open,2021-07-02T06:28:00Z,232,194,0,426,426,18497[Hauptwache],2021-07-02T06:32:00.258Z
0.3529412,open,2021-07-02T06:28:00Z,240,440,0,680,680,18495[Am Gericht],2021-07-02T06:32:00.258Z
0.09456265,open,2021-07-02T06:28:00Z,80,766,45,891,846,109240[MyZeil],2021-07-02T06:32:00.258Z
0.052545156,open,2021-07-02T06:28:00Z,32,577,0,609,609,18494[Konrad-Adenauer-Straße],2021-07-02T06:32:00.258Z
0.01875902,open,2021-07-02T06:28:00Z,13,680,0,693,693,24278[Karstadt],2021-07-02T06:32:00.258Z
0.94400895,open,2021-07-02T06:49:00Z,843,50,0,893,893,24277[Börse],2021-07-02T06:52:01.647Z
0.43333334,open,2021-07-02T06:49:00Z,65,85,200,350,150,24276[Turmcenter],2021-07-02T06:52:01.647Z
0.09090909,open,2021-07-02T06:49:00Z,37,370,0,407,407,18944[Alte Oper],2021-07-02T06:52:01.647Z
0.24725275,open,2021-07-02T06:49:00Z,90,274,0,364,364,24281[Hauptbahnhof Süd],2021-07-02T06:52:01.647Z
0.34116194,open,2021-07-02T06:49:00Z,276,533,0,809,809,24279[Konstabler],2021-07-02T06:52:01.647Z
0.5657277,open,2021-07-02T06:49:00Z,241,185,0,426,426,18497[Hauptwache],2021-07-02T06:52:01.647Z
0.38088235,open,2021-07-02T06:49:00Z,259,421,0,680,680,18495[Am Gericht],2021-07-02T06:52:01.647Z
0.10165485,open,2021-07-02T06:49:00Z,86,760,45,891,846,109240[MyZeil],2021-07-02T06:52:01.647Z
0.073891625,open,2021-07-02T06:49:00Z,45,564,0,609,609,18494[Konrad-Adenauer-Straße],2021-07-02T06:52:01.647Z
0.94400895,open,2021-07-02T07:04:00Z,843,50,0,893,893,24277[Börse],2021-07-02T07:07:01.316Z
0.46,open,2021-07-02T07:04:00Z,69,81,200,350,150,24276[Turmcenter],2021-07-02T07:07:01.316Z
0.12039312,open,2021-07-02T07:04:00Z,49,358,0,407,407,18944[Alte Oper],2021-07-02T07:07:01.316Z
0.260989,open,2021-07-02T07:04:00Z,95,269,0,364,364,24281[Hauptbahnhof Süd],2021-07-02T07:07:01.316Z
0.3522868,open,2021-07-02T07:04:00Z,285,524,0,809,809,24279[Konstabler],2021-07-02T07:07:01.316Z
0.600939,open,2021-07-02T07:04:00Z,256,170,0,426,426,18497[Hauptwache],2021-07-02T07:07:01.316Z
0.4117647,open,2021-07-02T07:04:00Z,280,400,0,680,680,18495[Am Gericht],2021-07-02T07:07:01.316Z
0.10520095,open,2021-07-02T07:04:00Z,89,757,45,891,846,109240[MyZeil],2021-07-02T07:07:01.316Z
0.08866995,open,2021-07-02T07:04:00Z,54,555,0,609,609,18494[Konrad-Adenauer-Straße],2021-07-02T07:07:01.316Z
0.030303031,open,2021-07-02T07:04:00Z,21,672,0,693,693,24278[Karstadt],2021-07-02T07:07:01.316Z
0.9206349,open,2021-07-02T07:29:00Z,290,25,0,315,315,18493[Junghofstraße],2021-07-02T07:32:00.534Z
0.94400895,open,2021-07-02T07:29:00Z,843,50,0,893,893,24277[Börse],2021-07-02T07:32:00.534Z
0.5133333,open,2021-07-02T07:29:00Z,77,73,200,350,150,24276[Turmcenter],2021-07-02T07:32:00.534Z
0.15233415,open,2021-07-02T07:29:00Z,62,345,0,407,407,18944[Alte Oper],2021-07-02T07:32:00.534Z
0.6743421,open,2021-07-02T07:29:00Z,205,99,180,484,304,24282[Moselstraße],2021-07-02T07:32:00.534Z
0.67147434,open,2021-07-02T07:29:00Z,419,205,0,624,624,18499[Westend],2021-07-02T07:32:00.534Z
0.97636366,open,2021-07-02T07:29:00Z,537,13,0,550,550,18500[Trianon],2021-07-02T07:32:00.534Z
0.29395604,open,2021-07-02T07:29:00Z,107,257,0,364,364,24281[Hauptbahnhof Süd],2021-07-02T07:32:00.534Z
0.44204852,open,2021-07-02T07:29:00Z,164,207,0,371,371,105480[Am Theater],2021-07-02T07:32:00.534Z
0.98888886,open,2021-07-02T07:29:00Z,89,1,0,90,90,18498[Interconti],2021-07-02T07:32:00.534Z
0.5807292,open,2021-07-02T07:29:00Z,223,161,0,384,384,105479[Baseler Platz],2021-07-02T07:32:00.534Z
0.39802226,open,2021-07-02T07:29:00Z,322,487,0,809,809,24279[Konstabler],2021-07-02T07:32:00.534Z
0.65258217,open,2021-07-02T07:29:00Z,278,148,0,426,426,18497[Hauptwache],2021-07-02T07:32:00.534Z
0,closed,2021-07-02T07:29:00Z,,,0,0,0,24280[Kaiserplatz],2021-07-02T07:32:00.534Z
0.45294118,open,2021-07-02T07:29:00Z,308,372,0,680,680,18495[Am Gericht],2021-07-02T07:32:00.534Z
0.11938534,open,2021-07-02T07:29:00Z,101,745,45,891,846,109240[MyZeil],2021-07-02T07:32:00.534Z
0.12151067,open,2021-07-02T07:29:00Z,74,535,0,609,609,18494[Konrad-Adenauer-Straße],2021-07-02T07:32:00.534Z
0.031746034,open,2021-07-02T07:29:00Z,22,671,0,693,693,24278[Karstadt],2021-07-02T07:32:00.534Z
0.9206349,open,2021-07-02T07:39:00Z,290,25,0,315,315,18493[Junghofstraße],2021-07-02T07:42:01.990Z
0.94400895,open,2021-07-02T07:39:00Z,843,50,0,893,893,24277[Börse],2021-07-02T07:42:01.990Z
0.58666664,open,2021-07-02T07:39:00Z,88,62,200,350,150,24276[Turmcenter],2021-07-02T07:42:01.990Z
0.17690417,open,2021-07-02T07:39:00Z,72,335,0,407,407,18944[Alte Oper],2021-07-02T07:42:01.990Z
0.6743421,open,2021-07-02T07:39:00Z,205,99,180,484,304,24282[Moselstraße],2021-07-02T07:42:01.990Z
0.67147434,open,2021-07-02T07:39:00Z,419,205,0,624,624,18499[Westend],2021-07-02T07:42:01.990Z
0.97636366,open,2021-07-02T07:39:00Z,537,13,0,550,550,18500[Trianon],2021-07-02T07:42:01.990Z
0.3021978,open,2021-07-02T07:39:00Z,110,254,0,364,364,24281[Hauptbahnhof Süd],2021-07-02T07:42:01.990Z
0.98888886,open,2021-07-02T07:39:00Z,89,1,0,90,90,18498[Interconti],2021-07-02T07:42:01.990Z
0.5807292,open,2021-07-02T07:39:00Z,223,161,0,384,384,105479[Baseler Platz],2021-07-02T07:42:01.990Z
0.41779974,open,2021-07-02T07:39:00Z,338,471,0,809,809,24279[Konstabler],2021-07-02T07:42:01.990Z
0.6690141,open,2021-07-02T07:39:00Z,285,141,0,426,426,18497[Hauptwache],2021-07-02T07:42:01.990Z
0,closed,2021-07-02T07:39:00Z,,,0,0,0,24280[Kaiserplatz],2021-07-02T07:42:01.990Z
0.46470588,open,2021-07-02T07:39:00Z,316,364,0,680,680,18495[Am Gericht],2021-07-02T07:42:01.990Z
0.1252955,open,2021-07-02T07:39:00Z,106,740,45,891,846,109240[MyZeil],2021-07-02T07:42:01.990Z
0.12643678,open,2021-07-02T07:39:00Z,77,532,0,609,609,18494[Konrad-Adenauer-Straße],2021-07-02T07:42:01.990Z
0.028860029,open,2021-07-02T07:39:00Z,20,673,0,693,693,24278[Karstadt],2021-07-02T07:42:01.990Z
0.9206349,open,2021-07-02T07:49:00Z,290,25,0,315,315,18493[Junghofstraße],2021-07-02T07:52:02.670Z
0.94400895,open,2021-07-02T07:49:00Z,843,50,0,893,893,24277[Börse],2021-07-02T07:52:02.670Z
0.6,open,2021-07-02T07:49:00Z,90,60,200,350,150,24276[Turmcenter],2021-07-02T07:52:02.670Z
0.1990172,open,2021-07-02T07:49:00Z,81,326,0,407,407,18944[Alte Oper],2021-07-02T07:52:02.670Z
0.6743421,open,2021-07-02T07:49:00Z,205,99,180,484,304,24282[Moselstraße],2021-07-02T07:52:02.670Z
0.67147434,open,2021-07-02T07:49:00Z,419,205,0,624,624,18499[Westend],2021-07-02T07:52:02.670Z
0.97636366,open,2021-07-02T07:49:00Z,537,13,0,550,550,18500[Trianon],2021-07-02T07:52:02.670Z
0.2967033,open,2021-07-02T07:49:00Z,108,256,0,364,364,24281[Hauptbahnhof Süd],2021-07-02T07:52:02.670Z
0.98888886,open,2021-07-02T07:49:00Z,89,1,0,90,90,18498[Interconti],2021-07-02T07:52:02.670Z
0.5807292,open,2021-07-02T07:49:00Z,223,161,0,384,384,105479[Baseler Platz],2021-07-02T07:52:02.670Z
0.44128555,open,2021-07-02T07:49:00Z,357,452,0,809,809,24279[Konstabler],2021-07-02T07:52:02.670Z
0.69248825,open,2021-07-02T07:49:00Z,295,131,0,426,426,18497[Hauptwache],2021-07-02T07:52:02.670Z
0,closed,2021-07-02T07:49:00Z,,,0,0,0,24280[Kaiserplatz],2021-07-02T07:52:02.670Z
0.49264705,open,2021-07-02T07:49:00Z,335,345,0,680,680,18495[Am Gericht],2021-07-02T07:52:02.670Z
0.1394799,open,2021-07-02T07:49:00Z,118,728,45,891,846,109240[MyZeil],2021-07-02T07:52:02.670Z
0.13957307,open,2021-07-02T07:49:00Z,85,524,0,609,609,18494[Konrad-Adenauer-Straße],2021-07-02T07:52:02.670Z
1,open,2021-07-02T07:49:00Z,693,0,0,693,693,24278[Karstadt],2021-07-02T07:52:02.670Z
0.9206349,open,2021-07-02T08:04:00Z,290,25,0,315,315,18493[Junghofstraße],2021-07-02T08:07:00.969Z
0.94400895,open,2021-07-02T08:04:00Z,843,50,0,893,893,24277[Börse],2021-07-02T08:07:00.969Z
0.62,open,2021-07-02T08:04:00Z,93,57,200,350,150,24276[Turmcenter],2021-07-02T08:07:00.969Z
0.24324325,open,2021-07-02T08:04:00Z,99,308,0,407,407,18944[Alte Oper],2021-07-02T08:07:00.969Z
0.6743421,open,2021-07-02T08:04:00Z,205,99,180,484,304,24282[Moselstraße],2021-07-02T08:07:00.969Z
0.67147434,open,2021-07-02T08:04:00Z,419,205,0,624,624,18499[Westend],2021-07-02T08:07:00.969Z
0.97636366,open,2021-07-02T08:04:00Z,537,13,0,550,550,18500[Trianon],2021-07-02T08:07:00.969Z
0.29945055,open,2021-07-02T08:04:00Z,109,255,0,364,364,24281[Hauptbahnhof Süd],2021-07-02T08:07:00.969Z
0.98888886,open,2021-07-02T08:04:00Z,89,1,0,90,90,18498[Interconti],2021-07-02T08:07:00.969Z
0.5807292,open,2021-07-02T08:04:00Z,223,161,0,384,384,105479[Baseler Platz],2021-07-02T08:07:00.969Z
0.4932015,open,2021-07-02T08:04:00Z,399,410,0,809,809,24279[Konstabler],2021-07-02T08:07:00.969Z
0.7276995,open,2021-07-02T08:04:00Z,310,116,0,426,426,18497[Hauptwache],2021-07-02T08:07:00.969Z
0,closed,2021-07-02T08:04:00Z,,,0,0,0,24280[Kaiserplatz],2021-07-02T08:07:00.969Z
0.5441176,open,2021-07-02T08:04:00Z,370,310,0,680,680,18495[Am Gericht],2021-07-02T08:07:00.969Z
0.15957446,open,2021-07-02T08:04:00Z,135,711,45,891,846,109240[MyZeil],2021-07-02T08:07:00.969Z
0.16912971,open,2021-07-02T08:04:00Z,103,506,0,609,609,18494[Konrad-Adenauer-Straße],2021-07-02T08:07:00.969Z
0.24242425,open,2021-07-02T08:04:00Z,168,525,0,693,693,24278[Karstadt],2021-07-02T08:07:00.969Z
0.94400895,open,2021-07-02T08:24:00Z,843,50,0,893,893,24277[Börse],2021-07-02T08:27:02.284Z
0.6,open,2021-07-02T08:24:00Z,90,60,200,350,150,24276[Turmcenter],2021-07-02T08:27:02.284Z
0.28255528,open,2021-07-02T08:24:00Z,115,292,0,407,407,18944[Alte Oper],2021-07-02T08:27:02.284Z
0.31043956,open,2021-07-02T08:24:00Z,113,251,0,364,364,24281[Hauptbahnhof Süd],2021-07-02T08:27:02.284Z
0.5377009,open,2021-07-02T08:24:00Z,435,374,0,809,809,24279[Konstabler],2021-07-02T08:27:02.284Z
0.75821596,open,2021-07-02T08:24:00Z,323,103,0,426,426,18497[Hauptwache],2021-07-02T08:27:02.284Z
0.5735294,open,2021-07-02T08:24:00Z,390,290,0,680,680,18495[Am Gericht],2021-07-02T08:27:02.284Z
0.17730497,open,2021-07-02T08:24:00Z,150,696,45,891,846,109240[MyZeil],2021-07-02T08:27:02.284Z
0.20032841,open,2021-07-02T08:24:00Z,122,487,0,609,609,18494[Konrad-Adenauer-Straße],2021-07-02T08:27:02.284Z
0.2929293,open,2021-07-02T08:24:00Z,203,490,0,693,693,24278[Karstadt],2021-07-02T08:27:02.284Z
0.94400895,open,2021-07-02T08:40:00Z,843,50,0,893,893,24277[Börse],2021-07-02T08:42:01.823Z
0.6066667,open,2021-07-02T08:40:00Z,91,59,200,350,150,24276[Turmcenter],2021-07-02T08:42:01.823Z
0.29238328,open,2021-07-02T08:40:00Z,119,288,0,407,407,18944[Alte Oper],2021-07-02T08:42:01.823Z
0.31868133,open,2021-07-02T08:40:00Z,116,248,0,364,364,24281[Hauptbahnhof Süd],2021-07-02T08:42:01.823Z
0.5686032,open,2021-07-02T08:40:00Z,460,349,0,809,809,24279[Konstabler],2021-07-02T08:42:01.823Z
0.786385,open,2021-07-02T08:40:00Z,335,91,0,426,426,18497[Hauptwache],2021-07-02T08:42:01.823Z
0.59411764,open,2021-07-02T08:40:00Z,404,276,0,680,680,18495[Am Gericht],2021-07-02T08:42:01.823Z
0.19030733,open,2021-07-02T08:40:00Z,161,685,45,891,846,109240[MyZeil],2021-07-02T08:42:01.823Z
0.22167487,open,2021-07-02T08:40:00Z,135,474,0,609,609,18494[Konrad-Adenauer-Straße],2021-07-02T08:42:01.823Z
0.32467532,open,2021-07-02T08:40:00Z,225,468,0,693,693,24278[Karstadt],2021-07-02T08:42:01.823Z
0.94400895,open,2021-07-02T08:50:00Z,843,50,0,893,893,24277[Börse],2021-07-02T08:52:01.112Z
0.62666667,open,2021-07-02T08:50:00Z,94,56,200,350,150,24276[Turmcenter],2021-07-02T08:52:01.112Z
0.29238328,open,2021-07-02T08:50:00Z,119,288,0,407,407,18944[Alte Oper],2021-07-02T08:52:01.112Z
0.32417583,open,2021-07-02T08:50:00Z,118,246,0,364,364,24281[Hauptbahnhof Süd],2021-07-02T08:52:01.112Z
0.5908529,open,2021-07-02T08:50:00Z,478,331,0,809,809,24279[Konstabler],2021-07-02T08:52:01.112Z
0.8169014,open,2021-07-02T08:50:00Z,348,78,0,426,426,18497[Hauptwache],2021-07-02T08:52:01.112Z
0.6073529,open,2021-07-02T08:50:00Z,413,267,0,680,680,18495[Am Gericht],2021-07-02T08:52:01.112Z
0.1997636,open,2021-07-02T08:50:00Z,169,677,45,891,846,109240[MyZeil],2021-07-02T08:52:01.112Z
0.22660099,open,2021-07-02T08:50:00Z,138,471,0,609,609,18494[Konrad-Adenauer-Straße],2021-07-02T08:52:01.112Z
0.33910534,open,2021-07-02T08:50:00Z,235,458,0,693,693,24278[Karstadt],2021-07-02T08:52:01.112Z
0.94400895,open,2021-07-02T09:10:00Z,843,50,0,893,893,24277[Börse],2021-07-02T09:12:01.250Z
0.6933333,open,2021-07-02T09:10:00Z,104,46,200,350,150,24276[Turmcenter],2021-07-02T09:12:01.250Z
0.31695333,open,2021-07-02T09:10:00Z,129,278,0,407,407,18944[Alte Oper],2021-07-02T09:12:01.250Z
0.32417583,open,2021-07-02T09:10:00Z,118,246,0,364,364,24281[Hauptbahnhof Süd],2021-07-02T09:12:01.250Z
0.62546355,open,2021-07-02T09:10:00Z,506,303,0,809,809,24279[Konstabler],2021-07-02T09:12:01.250Z
0.86384976,open,2021-07-02T09:10:00Z,368,58,0,426,426,18497[Hauptwache],2021-07-02T09:12:01.250Z
0.6279412,open,2021-07-02T09:10:00Z,427,253,0,680,680,18495[Am Gericht],2021-07-02T09:12:01.250Z
0.22813238,open,2021-07-02T09:10:00Z,193,653,45,891,846,109240[MyZeil],2021-07-02T09:12:01.250Z
0.23152709,open,2021-07-02T09:10:00Z,141,468,0,609,609,18494[Konrad-Adenauer-Straße],2021-07-02T09:12:01.250Z
0.36507937,open,2021-07-02T09:10:00Z,253,440,0,693,693,24278[Karstadt],2021-07-02T09:12:01.250Z
0.94400895,open,2021-07-02T09:55:00Z,843,50,0,893,893,24277[Börse],2021-07-02T09:57:02.417Z
0.58666664,open,2021-07-02T09:55:00Z,88,62,200,350,150,24276[Turmcenter],2021-07-02T09:57:02.417Z
0.36855036,open,2021-07-02T09:55:00Z,150,257,0,407,407,18944[Alte Oper],2021-07-02T09:57:02.417Z
0.32692307,open,2021-07-02T09:55:00Z,119,245,0,364,364,24281[Hauptbahnhof Süd],2021-07-02T09:57:02.417Z
0.6810878,open,2021-07-02T09:55:00Z,551,258,0,809,809,24279[Konstabler],2021-07-02T09:57:02.417Z
0.9929578,open,2021-07-02T09:55:00Z,423,3,0,426,426,18497[Hauptwache],2021-07-02T09:57:02.417Z
0.64117646,open,2021-07-02T09:55:00Z,436,244,0,680,680,18495[Am Gericht],2021-07-02T09:57:02.417Z
0.22340426,open,2021-07-02T09:55:00Z,189,657,45,891,846,109240[MyZeil],2021-07-02T09:57:02.417Z
0.23973727,open,2021-07-02T09:55:00Z,146,463,0,609,609,18494[Konrad-Adenauer-Straße],2021-07-02T09:57:02.417Z
0.4170274,open,2021-07-02T09:55:00Z,289,404,0,693,693,24278[Karstadt],2021-07-02T09:57:02.417Z
0.94400895,open,2021-07-02T10:20:00Z,843,50,0,893,893,24277[Börse],2021-07-02T10:22:02.046Z
0.58,open,2021-07-02T10:20:00Z,87,63,200,350,150,24276[Turmcenter],2021-07-02T10:22:02.046Z
0.42506143,open,2021-07-02T10:20:00Z,173,234,0,407,407,18944[Alte Oper],2021-07-02T10:22:02.046Z
0.29395604,open,2021-07-02T10:20:00Z,107,257,0,364,364,24281[Hauptbahnhof Süd],2021-07-02T10:22:02.046Z
0.6897404,open,2021-07-02T10:20:00Z,558,251,0,809,809,24279[Konstabler],2021-07-02T10:22:02.046Z
1,open,2021-07-02T10:20:00Z,426,0,0,426,426,18497[Hauptwache],2021-07-02T10:22:02.046Z
0.63235295,open,2021-07-02T10:20:00Z,430,250,0,680,680,18495[Am Gericht],2021-07-02T10:22:02.046Z
0.2245863,open,2021-07-02T10:20:00Z,190,656,45,891,846,109240[MyZeil],2021-07-02T10:22:02.046Z
0.23809524,open,2021-07-02T10:20:00Z,145,464,0,609,609,18494[Konrad-Adenauer-Straße],2021-07-02T10:22:02.046Z
0.41414142,open,2021-07-02T10:20:00Z,287,406,0,693,693,24278[Karstadt],2021-07-02T10:22:02.046Z
0.94400895,open,2021-07-02T10:35:00Z,843,50,0,893,893,24277[Börse],2021-07-02T10:37:02.187Z
0.61333334,open,2021-07-02T10:35:00Z,92,58,200,350,150,24276[Turmcenter],2021-07-02T10:37:02.187Z
0.45700246,open,2021-07-02T10:35:00Z,186,221,0,407,407,18944[Alte Oper],2021-07-02T10:37:02.187Z
0.2747253,open,2021-07-02T10:35:00Z,100,264,0,364,364,24281[Hauptbahnhof Süd],2021-07-02T10:37:02.187Z
0.6934487,open,2021-07-02T10:35:00Z,561,248,0,809,809,24279[Konstabler],2021-07-02T10:37:02.187Z
1,open,2021-07-02T10:35:00Z,426,0,0,426,426,18497[Hauptwache],2021-07-02T10:37:02.187Z
0.63529414,open,2021-07-02T10:35:00Z,432,248,0,680,680,18495[Am Gericht],2021-07-02T10:37:02.187Z
0.22576833,open,2021-07-02T10:35:00Z,191,655,45,891,846,109240[MyZeil],2021-07-02T10:37:02.187Z
0.23481117,open,2021-07-02T10:35:00Z,143,466,0,609,609,18494[Konrad-Adenauer-Straße],2021-07-02T10:37:02.187Z
0.4170274,open,2021-07-02T10:35:00Z,289,404,0,693,693,24278[Karstadt],2021-07-02T10:37:02.187Z
0.94400895,open,2021-07-02T10:46:00Z,843,50,0,893,893,24277[Börse],2021-07-02T10:47:00.425Z
0.6333333,open,2021-07-02T10:46:00Z,95,55,200,350,150,24276[Turmcenter],2021-07-02T10:47:00.425Z
0.46683046,open,2021-07-02T10:46:00Z,190,217,0,407,407,18944[Alte Oper],2021-07-02T10:47:00.425Z
0.26923078,open,2021-07-02T10:46:00Z,98,266,0,364,364,24281[Hauptbahnhof Süd],2021-07-02T10:47:00.425Z
0.68850434,open,2021-07-02T10:46:00Z,557,252,0,809,809,24279[Konstabler],2021-07-02T10:47:00.425Z
1,open,2021-07-02T10:46:00Z,426,0,0,426,426,18497[Hauptwache],2021-07-02T10:47:00.425Z
0.63235295,open,2021-07-02T10:46:00Z,430,250,0,680,680,18495[Am Gericht],2021-07-02T10:47:00.425Z
0.22576833,open,2021-07-02T10:46:00Z,191,655,45,891,846,109240[MyZeil],2021-07-02T10:47:00.425Z
0.23809524,open,2021-07-02T10:46:00Z,145,464,0,609,609,18494[Konrad-Adenauer-Straße],2021-07-02T10:47:00.425Z
0.4069264,open,2021-07-02T10:46:00Z,282,411,0,693,693,24278[Karstadt],2021-07-02T10:47:00.425Z
0.94400895,open,2021-07-02T10:56:00Z,843,50,0,893,893,24277[Börse],2021-07-02T10:57:01.228Z
0.62,open,2021-07-02T10:56:00Z,93,57,200,350,150,24276[Turmcenter],2021-07-02T10:57:01.228Z
0.4889435,open,2021-07-02T10:56:00Z,199,208,0,407,407,18944[Alte Oper],2021-07-02T10:57:01.228Z
0.260989,open,2021-07-02T10:56:00Z,95,269,0,364,364,24281[Hauptbahnhof Süd],2021-07-02T10:57:01.228Z
0.6934487,open,2021-07-02T10:56:00Z,561,248,0,809,809,24279[Konstabler],2021-07-02T10:57:01.228Z
0.9976526,open,2021-07-02T10:56:00Z,425,1,0,426,426,18497[Hauptwache],2021-07-02T10:57:01.228Z
0.6367647,open,2021-07-02T10:56:00Z,433,247,0,680,680,18495[Am Gericht],2021-07-02T10:57:01.228Z
0.22222222,open,2021-07-02T10:56:00Z,188,658,45,891,846,109240[MyZeil],2021-07-02T10:57:01.228Z
0.24794745,open,2021-07-02T10:56:00Z,151,458,0,609,609,18494[Konrad-Adenauer-Straße],2021-07-02T10:57:01.228Z
0.4040404,open,2021-07-02T10:56:00Z,280,413,0,693,693,24278[Karstadt],2021-07-02T10:57:01.228Z
0.94400895,open,2021-07-02T11:16:00Z,843,50,0,893,893,24277[Börse],2021-07-02T11:17:00.180Z
0.5933333,open,2021-07-02T11:16:00Z,89,61,200,350,150,24276[Turmcenter],2021-07-02T11:17:00.180Z
0.48157248,open,2021-07-02T11:16:00Z,196,211,0,407,407,18944[Alte Oper],2021-07-02T11:17:00.180Z
0.26648352,open,2021-07-02T11:16:00Z,97,267,0,364,364,24281[Hauptbahnhof Süd],2021-07-02T11:17:00.180Z
0.7082818,open,2021-07-02T11:16:00Z,573,236,0,809,809,24279[Konstabler],2021-07-02T11:17:00.180Z
1,open,2021-07-02T11:16:00Z,426,0,0,426,426,18497[Hauptwache],2021-07-02T11:17:00.180Z
0.6397059,open,2021-07-02T11:16:00Z,435,245,0,680,680,18495[Am Gericht],2021-07-02T11:17:00.180Z
0.22695035,open,2021-07-02T11:16:00Z,192,654,45,891,846,109240[MyZeil],2021-07-02T11:17:00.180Z
0.23481117,open,2021-07-02T11:16:00Z,143,466,0,609,609,18494[Konrad-Adenauer-Straße],2021-07-02T11:17:00.180Z
0.37662336,open,2021-07-02T11:16:00Z,261,432,0,693,693,24278[Karstadt],2021-07-02T11:17:00.180Z
0.94400895,open,2021-07-02T11:26:00Z,843,50,0,893,893,24277[Börse],2021-07-02T11:27:01.258Z
0.58,open,2021-07-02T11:26:00Z,87,63,200,350,150,24276[Turmcenter],2021-07-02T11:27:01.258Z
0.49140048,open,2021-07-02T11:26:00Z,200,207,0,407,407,18944[Alte Oper],2021-07-02T11:27:01.258Z
0.260989,open,2021-07-02T11:26:00Z,95,269,0,364,364,24281[Hauptbahnhof Süd],2021-07-02T11:27:01.258Z
0.7082818,open,2021-07-02T11:26:00Z,573,236,0,809,809,24279[Konstabler],2021-07-02T11:27:01.258Z
0.9953052,open,2021-07-02T11:26:00Z,424,2,0,426,426,18497[Hauptwache],2021-07-02T11:27:01.258Z
0.62941176,open,2021-07-02T11:26:00Z,428,252,0,680,680,18495[Am Gericht],2021-07-02T11:27:01.258Z
0.23167849,open,2021-07-02T11:26:00Z,196,650,45,891,846,109240[MyZeil],2021-07-02T11:27:01.258Z
0.22331691,open,2021-07-02T11:26:00Z,136,473,0,609,609,18494[Konrad-Adenauer-Straße],2021-07-02T11:27:01.258Z
0.37229437,open,2021-07-02T11:26:00Z,258,435,0,693,693,24278[Karstadt],2021-07-02T11:27:01.258Z
0.94400895,open,2021-07-02T11:36:00Z,843,50,0,893,893,24277[Börse],2021-07-02T11:37:01.304Z
0.54,open,2021-07-02T11:36:00Z,81,69,200,350,150,24276[Turmcenter],2021-07-02T11:37:01.304Z
0.49140048,open,2021-07-02T11:36:00Z,200,207,0,407,407,18944[Alte Oper],2021-07-02T11:37:01.304Z
0.26373628,open,2021-07-02T11:36:00Z,96,268,0,364,364,24281[Hauptbahnhof Süd],2021-07-02T11:37:01.304Z
0.7144623,open,2021-07-02T11:36:00Z,578,231,0,809,809,24279[Konstabler],2021-07-02T11:37:01.304Z
0.9976526,open,2021-07-02T11:36:00Z,425,1,0,426,426,18497[Hauptwache],2021-07-02T11:37:01.304Z
0.60588235,open,2021-07-02T11:36:00Z,412,268,0,680,680,18495[Am Gericht],2021-07-02T11:37:01.304Z
0.23049645,open,2021-07-02T11:36:00Z,195,651,45,891,846,109240[MyZeil],2021-07-02T11:37:01.304Z
0.21674877,open,2021-07-02T11:36:00Z,132,477,0,609,609,18494[Konrad-Adenauer-Straße],2021-07-02T11:37:01.304Z
0.3823954,open,2021-07-02T11:36:00Z,265,428,0,693,693,24278[Karstadt],2021-07-02T11:37:01.304Z
0.94400895,open,2021-07-02T11:46:00Z,843,50,0,893,893,24277[Börse],2021-07-02T11:47:00.234Z
0.26666668,open,2021-07-02T11:46:00Z,40,110,200,350,150,24276[Turmcenter],2021-07-02T11:47:00.234Z
0.4963145,open,2021-07-02T11:46:00Z,202,205,0,407,407,18944[Alte Oper],2021-07-02T11:47:00.234Z
0.25824177,open,2021-07-02T11:46:00Z,94,270,0,364,364,24281[Hauptbahnhof Süd],2021-07-02T11:47:00.234Z
0.71940666,open,2021-07-02T11:46:00Z,582,227,0,809,809,24279[Konstabler],2021-07-02T11:47:00.234Z
0.9882629,open,2021-07-02T11:46:00Z,421,5,0,426,426,18497[Hauptwache],2021-07-02T11:47:00.234Z
0.5955882,open,2021-07-02T11:46:00Z,405,275,0,680,680,18495[Am Gericht],2021-07-02T11:47:00.234Z
0.23286052,open,2021-07-02T11:46:00Z,197,649,45,891,846,109240[MyZeil],2021-07-02T11:47:00.234Z
0.20853859,open,2021-07-02T11:46:00Z,127,482,0,609,609,18494[Konrad-Adenauer-Straße],2021-07-02T11:47:00.234Z
0.36796537,open,2021-07-02T11:46:00Z,255,438,0,693,693,24278[Karstadt],2021-07-02T11:47:00.234Z
0.94400895,open,2021-07-02T12:06:00Z,843,50,0,893,893,24277[Börse],2021-07-02T12:07:02.240Z
0.28,open,2021-07-02T12:06:00Z,42,108,200,350,150,24276[Turmcenter],2021-07-02T12:07:02.240Z
0.46437347,open,2021-07-02T12:06:00Z,189,218,0,407,407,18944[Alte Oper],2021-07-02T12:07:02.240Z
0.23901099,open,2021-07-02T12:06:00Z,87,277,0,364,364,24281[Hauptbahnhof Süd],2021-07-02T12:07:02.240Z
0.7255871,open,2021-07-02T12:06:00Z,587,222,0,809,809,24279[Konstabler],2021-07-02T12:07:02.240Z
0.98122066,open,2021-07-02T12:06:00Z,418,8,0,426,426,18497[Hauptwache],2021-07-02T12:07:02.240Z
0.5882353,open,2021-07-02T12:06:00Z,400,280,0,680,680,18495[Am Gericht],2021-07-02T12:07:02.240Z
0.22576833,open,2021-07-02T12:06:00Z,191,655,45,891,846,109240[MyZeil],2021-07-02T12:07:02.240Z
0.21346469,open,2021-07-02T12:06:00Z,130,479,0,609,609,18494[Konrad-Adenauer-Straße],2021-07-02T12:07:02.240Z
0.36507937,open,2021-07-02T12:06:00Z,253,440,0,693,693,24278[Karstadt],2021-07-02T12:07:02.240Z
0.94400895,open,2021-07-02T12:37:00Z,843,50,0,893,893,24277[Börse],2021-07-02T12:42:01.032Z
0.27333334,open,2021-07-02T12:37:00Z,41,109,200,350,150,24276[Turmcenter],2021-07-02T12:42:01.032Z
0.43734643,open,2021-07-02T12:37:00Z,178,229,0,407,407,18944[Alte Oper],2021-07-02T12:42:01.032Z
0.1923077,open,2021-07-02T12:37:00Z,70,294,0,364,364,24281[Hauptbahnhof Süd],2021-07-02T12:42:01.032Z
0.7255871,open,2021-07-02T12:37:00Z,587,222,0,809,809,24279[Konstabler],2021-07-02T12:42:01.032Z
0.96713614,open,2021-07-02T12:37:00Z,412,14,0,426,426,18497[Hauptwache],2021-07-02T12:42:01.032Z
0.53382355,open,2021-07-02T12:37:00Z,363,317,0,680,680,18495[Am Gericht],2021-07-02T12:42:01.032Z
0.22340426,open,2021-07-02T12:37:00Z,189,657,45,891,846,109240[MyZeil],2021-07-02T12:42:01.032Z
0.1954023,open,2021-07-02T12:37:00Z,119,490,0,609,609,18494[Konrad-Adenauer-Straße],2021-07-02T12:42:01.032Z
0.34632036,open,2021-07-02T12:37:00Z,240,453,0,693,693,24278[Karstadt],2021-07-02T12:42:01.032Z
0.94400895,open,2021-07-02T13:02:00Z,843,50,0,893,893,24277[Börse],2021-07-02T13:07:02.485Z
0.24666667,open,2021-07-02T13:02:00Z,37,113,200,350,150,24276[Turmcenter],2021-07-02T13:07:02.485Z
0.4004914,open,2021-07-02T13:02:00Z,163,244,0,407,407,18944[Alte Oper],2021-07-02T13:07:02.485Z
0.15384616,open,2021-07-02T13:02:00Z,56,308,0,364,364,24281[Hauptbahnhof Süd],2021-07-02T13:07:02.485Z
0.7156984,open,2021-07-02T13:02:00Z,579,230,0,809,809,24279[Konstabler],2021-07-02T13:07:02.485Z
1,open,2021-07-02T13:02:00Z,426,0,0,426,426,18497[Hauptwache],2021-07-02T13:07:02.485Z
0.4985294,open,2021-07-02T13:02:00Z,339,341,0,680,680,18495[Am Gericht],2021-07-02T13:07:02.485Z
0.23640662,open,2021-07-02T13:02:00Z,200,646,45,891,846,109240[MyZeil],2021-07-02T13:07:02.485Z
0.18390805,open,2021-07-02T13:02:00Z,112,497,0,609,609,18494[Konrad-Adenauer-Straße],2021-07-02T13:07:02.485Z
0.33910534,open,2021-07-02T13:02:00Z,235,458,0,693,693,24278[Karstadt],2021-07-02T13:07:02.485Z
0.94400895,open,2021-07-02T13:22:00Z,843,50,0,893,893,24277[Börse],2021-07-02T13:27:01.151Z
0.3,open,2021-07-02T13:22:00Z,45,105,200,350,150,24276[Turmcenter],2021-07-02T13:27:01.151Z
0.37592137,open,2021-07-02T13:22:00Z,153,254,0,407,407,18944[Alte Oper],2021-07-02T13:27:01.151Z
0.13186814,open,2021-07-02T13:22:00Z,48,316,0,364,364,24281[Hauptbahnhof Süd],2021-07-02T13:27:01.151Z
0.7156984,open,2021-07-02T13:22:00Z,579,230,0,809,809,24279[Konstabler],2021-07-02T13:27:01.151Z
1,open,2021-07-02T13:22:00Z,426,0,0,426,426,18497[Hauptwache],2021-07-02T13:27:01.151Z
0.4897059,open,2021-07-02T13:22:00Z,333,347,0,680,680,18495[Am Gericht],2021-07-02T13:27:01.151Z
0.21985815,open,2021-07-02T13:22:00Z,186,660,45,891,846,109240[MyZeil],2021-07-02T13:27:01.151Z
0.17569786,open,2021-07-02T13:22:00Z,107,502,0,609,609,18494[Konrad-Adenauer-Straße],2021-07-02T13:27:01.151Z
0.34776336,open,2021-07-02T13:22:00Z,241,452,0,693,693,24278[Karstadt],2021-07-02T13:27:01.151Z
0.94400895,open,2021-07-02T13:37:00Z,843,50,0,893,893,24277[Börse],2021-07-02T13:42:00.837Z
0.29333332,open,2021-07-02T13:37:00Z,44,106,200,350,150,24276[Turmcenter],2021-07-02T13:42:00.837Z
0.34398034,open,2021-07-02T13:37:00Z,140,267,0,407,407,18944[Alte Oper],2021-07-02T13:42:00.837Z
0.12637363,open,2021-07-02T13:37:00Z,46,318,0,364,364,24281[Hauptbahnhof Süd],2021-07-02T13:42:00.837Z
0.7342398,open,2021-07-02T13:37:00Z,594,215,0,809,809,24279[Konstabler],2021-07-02T13:42:00.837Z
0.9976526,open,2021-07-02T13:37:00Z,425,1,0,426,426,18497[Hauptwache],2021-07-02T13:42:00.837Z
0.47941175,open,2021-07-02T13:37:00Z,326,354,0,680,680,18495[Am Gericht],2021-07-02T13:42:00.837Z
0.2104019,open,2021-07-02T13:37:00Z,178,668,45,891,846,109240[MyZeil],2021-07-02T13:42:00.837Z
0.18226601,open,2021-07-02T13:37:00Z,111,498,0,609,609,18494[Konrad-Adenauer-Straße],2021-07-02T13:42:00.837Z
0.34054834,open,2021-07-02T13:37:00Z,236,457,0,693,693,24278[Karstadt],2021-07-02T13:42:00.837Z
0.94400895,open,2021-07-02T13:47:00Z,843,50,0,893,893,24277[Börse],2021-07-02T13:52:01.780Z
0.28666666,open,2021-07-02T13:47:00Z,43,107,200,350,150,24276[Turmcenter],2021-07-02T13:52:01.780Z
0.34398034,open,2021-07-02T13:47:00Z,140,267,0,407,407,18944[Alte Oper],2021-07-02T13:52:01.780Z
0.11813187,open,2021-07-02T13:47:00Z,43,321,0,364,364,24281[Hauptbahnhof Süd],2021-07-02T13:52:01.780Z
0.73794806,open,2021-07-02T13:47:00Z,597,212,0,809,809,24279[Konstabler],2021-07-02T13:52:01.780Z
0.9976526,open,2021-07-02T13:47:00Z,425,1,0,426,426,18497[Hauptwache],2021-07-02T13:52:01.780Z
0.47205883,open,2021-07-02T13:47:00Z,321,359,0,680,680,18495[Am Gericht],2021-07-02T13:52:01.780Z
0.21631205,open,2021-07-02T13:47:00Z,183,663,45,891,846,109240[MyZeil],2021-07-02T13:52:01.780Z
0.18719211,open,2021-07-02T13:47:00Z,114,495,0,609,609,18494[Konrad-Adenauer-Straße],2021-07-02T13:52:01.780Z
0.33766234,open,2021-07-02T13:47:00Z,234,459,0,693,693,24278[Karstadt],2021-07-02T13:52:01.780Z
0.94400895,open,2021-07-02T13:57:00Z,843,50,0,893,893,24277[Börse],2021-07-02T14:02:00.605Z
0.30666667,open,2021-07-02T13:57:00Z,46,104,200,350,150,24276[Turmcenter],2021-07-02T14:02:00.605Z
0.34643734,open,2021-07-02T13:57:00Z,141,266,0,407,407,18944[Alte Oper],2021-07-02T14:02:00.605Z
0.115384616,open,2021-07-02T13:57:00Z,42,322,0,364,364,24281[Hauptbahnhof Süd],2021-07-02T14:02:00.605Z
0.73300374,open,2021-07-02T13:57:00Z,593,216,0,809,809,24279[Konstabler],2021-07-02T14:02:00.605Z
0.9929578,open,2021-07-02T13:57:00Z,423,3,0,426,426,18497[Hauptwache],2021-07-02T14:02:00.605Z
0.4764706,open,2021-07-02T13:57:00Z,324,356,0,680,680,18495[Am Gericht],2021-07-02T14:02:00.605Z
0.20803782,open,2021-07-02T13:57:00Z,176,670,45,891,846,109240[MyZeil],2021-07-02T14:02:00.605Z
0.19211823,open,2021-07-02T13:57:00Z,117,492,0,609,609,18494[Konrad-Adenauer-Straße],2021-07-02T14:02:00.605Z
0.33477634,open,2021-07-02T13:57:00Z,232,461,0,693,693,24278[Karstadt],2021-07-02T14:02:00.605Z
0.94400895,open,2021-07-02T14:18:00Z,843,50,0,893,893,24277[Börse],2021-07-02T14:22:01.472Z
0.26666668,open,2021-07-02T14:18:00Z,40,110,200,350,150,24276[Turmcenter],2021-07-02T14:22:01.472Z
0.31941032,open,2021-07-02T14:18:00Z,130,277,0,407,407,18944[Alte Oper],2021-07-02T14:22:01.472Z
0.10714286,open,2021-07-02T14:18:00Z,39,325,0,364,364,24281[Hauptbahnhof Süd],2021-07-02T14:22:01.472Z
0.7527812,open,2021-07-02T14:18:00Z,609,200,0,809,809,24279[Konstabler],2021-07-02T14:22:01.472Z
0.9976526,open,2021-07-02T14:18:00Z,425,1,0,426,426,18497[Hauptwache],2021-07-02T14:22:01.472Z
0.46029413,open,2021-07-02T14:18:00Z,313,367,0,680,680,18495[Am Gericht],2021-07-02T14:22:01.472Z
0.213948,open,2021-07-02T14:18:00Z,181,665,45,891,846,109240[MyZeil],2021-07-02T14:22:01.472Z
0.1954023,open,2021-07-02T14:18:00Z,119,490,0,609,609,18494[Konrad-Adenauer-Straße],2021-07-02T14:22:01.472Z
0.33044732,open,2021-07-02T14:18:00Z,229,464,0,693,693,24278[Karstadt],2021-07-02T14:22:01.472Z
0.94400895,open,2021-07-02T14:28:00Z,843,50,0,893,893,24277[Börse],2021-07-02T14:32:00.102Z
0.26666668,open,2021-07-02T14:28:00Z,40,110,200,350,150,24276[Turmcenter],2021-07-02T14:32:00.102Z
0.3144963,open,2021-07-02T14:28:00Z,128,279,0,407,407,18944[Alte Oper],2021-07-02T14:32:00.102Z
0.104395606,open,2021-07-02T14:28:00Z,38,326,0,364,364,24281[Hauptbahnhof Süd],2021-07-02T14:32:00.102Z
0.74536467,open,2021-07-02T14:28:00Z,603,206,0,809,809,24279[Konstabler],2021-07-02T14:32:00.102Z
0.9976526,open,2021-07-02T14:28:00Z,425,1,0,426,426,18497[Hauptwache],2021-07-02T14:32:00.102Z
0.45882353,open,2021-07-02T14:28:00Z,312,368,0,680,680,18495[Am Gericht],2021-07-02T14:32:00.102Z
0.21631205,open,2021-07-02T14:28:00Z,183,663,45,891,846,109240[MyZeil],2021-07-02T14:32:00.102Z
0.20197044,open,2021-07-02T14:28:00Z,123,486,0,609,609,18494[Konrad-Adenauer-Straße],2021-07-02T14:32:00.102Z
0.31746033,open,2021-07-02T14:28:00Z,220,473,0,693,693,24278[Karstadt],2021-07-02T14:32:00.102Z
0.94400895,open,2021-07-02T14:38:00Z,843,50,0,893,893,24277[Börse],2021-07-02T14:42:01.091Z
0.24,open,2021-07-02T14:38:00Z,36,114,200,350,150,24276[Turmcenter],2021-07-02T14:42:01.091Z
0.31203932,open,2021-07-02T14:38:00Z,127,280,0,407,407,18944[Alte Oper],2021-07-02T14:42:01.091Z
0.104395606,open,2021-07-02T14:38:00Z,38,326,0,364,364,24281[Hauptbahnhof Süd],2021-07-02T14:42:01.091Z
0.7342398,open,2021-07-02T14:38:00Z,594,215,0,809,809,24279[Konstabler],2021-07-02T14:42:01.091Z
0.9882629,open,2021-07-02T14:38:00Z,421,5,0,426,426,18497[Hauptwache],2021-07-02T14:42:01.091Z
0.45,open,2021-07-02T14:38:00Z,306,374,0,680,680,18495[Am Gericht],2021-07-02T14:42:01.091Z
0.21749409,open,2021-07-02T14:38:00Z,184,662,45,891,846,109240[MyZeil],2021-07-02T14:42:01.091Z
0.20361248,open,2021-07-02T14:38:00Z,124,485,0,609,609,18494[Konrad-Adenauer-Straße],2021-07-02T14:42:01.091Z
0.3073593,open,2021-07-02T14:38:00Z,213,480,0,693,693,24278[Karstadt],2021-07-02T14:42:01.091Z
0.94400895,open,2021-07-02T14:43:00Z,843,50,0,893,893,24277[Börse],2021-07-02T14:47:02.220Z
0.22,open,2021-07-02T14:43:00Z,33,117,200,350,150,24276[Turmcenter],2021-07-02T14:47:02.220Z
0.31203932,open,2021-07-02T14:43:00Z,127,280,0,407,407,18944[Alte Oper],2021-07-02T14:47:02.220Z
0.10164835,open,2021-07-02T14:43:00Z,37,327,0,364,364,24281[Hauptbahnhof Süd],2021-07-02T14:47:02.220Z
0.7404203,open,2021-07-02T14:43:00Z,599,210,0,809,809,24279[Konstabler],2021-07-02T14:47:02.220Z
0.9906103,open,2021-07-02T14:43:00Z,422,4,0,426,426,18497[Hauptwache],2021-07-02T14:47:02.220Z
0.44117647,open,2021-07-02T14:43:00Z,300,380,0,680,680,18495[Am Gericht],2021-07-02T14:47:02.220Z
0.2104019,open,2021-07-02T14:43:00Z,178,668,45,891,846,109240[MyZeil],2021-07-02T14:47:02.220Z
0.21674877,open,2021-07-02T14:43:00Z,132,477,0,609,609,18494[Konrad-Adenauer-Straße],2021-07-02T14:47:02.220Z
0.3102453,open,2021-07-02T14:43:00Z,215,478,0,693,693,24278[Karstadt],2021-07-02T14:47:02.220Z
0.94400895,open,2021-07-02T15:03:00Z,843,50,0,893,893,24277[Börse],2021-07-02T15:07:01.333Z
0.21333334,open,2021-07-02T15:03:00Z,32,118,200,350,150,24276[Turmcenter],2021-07-02T15:07:01.333Z
0.31695333,open,2021-07-02T15:03:00Z,129,278,0,407,407,18944[Alte Oper],2021-07-02T15:07:01.333Z
0.09065934,open,2021-07-02T15:03:00Z,33,331,0,364,364,24281[Hauptbahnhof Süd],2021-07-02T15:07:01.333Z
0.72929543,open,2021-07-02T15:03:00Z,590,219,0,809,809,24279[Konstabler],2021-07-02T15:07:01.333Z
0.9976526,open,2021-07-02T15:03:00Z,425,1,0,426,426,18497[Hauptwache],2021-07-02T15:07:01.333Z
0.45,open,2021-07-02T15:03:00Z,306,374,0,680,680,18495[Am Gericht],2021-07-02T15:07:01.333Z
0.20567375,open,2021-07-02T15:03:00Z,174,672,45,891,846,109240[MyZeil],2021-07-02T15:07:01.333Z
0.20197044,open,2021-07-02T15:03:00Z,123,486,0,609,609,18494[Konrad-Adenauer-Straße],2021-07-02T15:07:01.333Z
0.3073593,open,2021-07-02T15:03:00Z,213,480,0,693,693,24278[Karstadt],2021-07-02T15:07:01.333Z
0.94400895,open,2021-07-02T15:28:00Z,843,50,0,893,893,24277[Börse],2021-07-02T15:32:02.572Z
0.15333334,open,2021-07-02T15:28:00Z,23,127,200,350,150,24276[Turmcenter],2021-07-02T15:32:02.572Z
0.3071253,open,2021-07-02T15:28:00Z,125,282,0,407,407,18944[Alte Oper],2021-07-02T15:32:02.572Z
0.07967033,open,2021-07-02T15:28:00Z,29,335,0,364,364,24281[Hauptbahnhof Süd],2021-07-02T15:32:02.572Z
0.71940666,open,2021-07-02T15:28:00Z,582,227,0,809,809,24279[Konstabler],2021-07-02T15:32:02.572Z
0.97183096,open,2021-07-02T15:28:00Z,414,12,0,426,426,18497[Hauptwache],2021-07-02T15:32:02.572Z
0.41029412,open,2021-07-02T15:28:00Z,279,401,0,680,680,18495[Am Gericht],2021-07-02T15:32:02.572Z
0.20212767,open,2021-07-02T15:28:00Z,171,675,45,891,846,109240[MyZeil],2021-07-02T15:32:02.572Z
0.19211823,open,2021-07-02T15:28:00Z,117,492,0,609,609,18494[Konrad-Adenauer-Straße],2021-07-02T15:32:02.572Z
0.2958153,open,2021-07-02T15:28:00Z,205,488,0,693,693,24278[Karstadt],2021-07-02T15:32:02.572Z
0.94400895,open,2021-07-02T15:49:00Z,843,50,0,893,893,24277[Börse],2021-07-02T15:52:00.765Z
0.17333333,open,2021-07-02T15:49:00Z,26,124,200,350,150,24276[Turmcenter],2021-07-02T15:52:00.765Z
0.2997543,open,2021-07-02T15:49:00Z,122,285,0,407,407,18944[Alte Oper],2021-07-02T15:52:00.765Z
0.07417583,open,2021-07-02T15:49:00Z,27,337,0,364,364,24281[Hauptbahnhof Süd],2021-07-02T15:52:00.765Z
0.67985165,open,2021-07-02T15:49:00Z,550,259,0,809,809,24279[Konstabler],2021-07-02T15:52:00.765Z
0.9460094,open,2021-07-02T15:49:00Z,403,23,0,426,426,18497[Hauptwache],2021-07-02T15:52:00.765Z
0.41911766,open,2021-07-02T15:49:00Z,285,395,0,680,680,18495[Am Gericht],2021-07-02T15:52:00.765Z
0.19621749,open,2021-07-02T15:49:00Z,166,680,45,891,846,109240[MyZeil],2021-07-02T15:52:00.765Z
0.18883416,open,2021-07-02T15:49:00Z,115,494,0,609,609,18494[Konrad-Adenauer-Straße],2021-07-02T15:52:00.765Z
0.27561328,open,2021-07-02T15:49:00Z,191,502,0,693,693,24278[Karstadt],2021-07-02T15:52:00.765Z
0.94400895,open,2021-07-02T16:14:00Z,843,50,0,893,893,24277[Börse],2021-07-02T16:17:01.855Z
0.15333334,open,2021-07-02T16:14:00Z,23,127,200,350,150,24276[Turmcenter],2021-07-02T16:17:01.855Z
0.2874693,open,2021-07-02T16:14:00Z,117,290,0,407,407,18944[Alte Oper],2021-07-02T16:17:01.855Z
0.06318682,open,2021-07-02T16:14:00Z,23,341,0,364,364,24281[Hauptbahnhof Süd],2021-07-02T16:17:01.855Z
0.66254634,open,2021-07-02T16:14:00Z,536,273,0,809,809,24279[Konstabler],2021-07-02T16:17:01.855Z
0.9483568,open,2021-07-02T16:14:00Z,404,22,0,426,426,18497[Hauptwache],2021-07-02T16:17:01.855Z
0.4,open,2021-07-02T16:14:00Z,272,408,0,680,680,18495[Am Gericht],2021-07-02T16:17:01.855Z
0.20212767,open,2021-07-02T16:14:00Z,171,675,45,891,846,109240[MyZeil],2021-07-02T16:17:01.855Z
0.1904762,open,2021-07-02T16:14:00Z,116,493,0,609,609,18494[Konrad-Adenauer-Straße],2021-07-02T16:17:01.855Z
0.25829726,open,2021-07-02T16:14:00Z,179,514,0,693,693,24278[Karstadt],2021-07-02T16:17:01.855Z
0.94400895,open,2021-07-02T16:49:00Z,843,50,0,893,893,24277[Börse],2021-07-02T16:52:01.781Z
0.13,open,2021-07-02T16:49:00Z,26,174,150,350,200,24276[Turmcenter],2021-07-02T16:52:01.781Z
0.27027026,open,2021-07-02T16:49:00Z,110,297,0,407,407,18944[Alte Oper],2021-07-02T16:52:01.781Z
0.052197803,open,2021-07-02T16:49:00Z,19,345,0,364,364,24281[Hauptbahnhof Süd],2021-07-02T16:52:01.781Z
0.64029664,open,2021-07-02T16:49:00Z,518,291,0,809,809,24279[Konstabler],2021-07-02T16:52:01.781Z
0.92488265,open,2021-07-02T16:49:00Z,394,32,0,426,426,18497[Hauptwache],2021-07-02T16:52:01.781Z
0.40441176,open,2021-07-02T16:49:00Z,275,405,0,680,680,18495[Am Gericht],2021-07-02T16:52:01.781Z
0.19030733,open,2021-07-02T16:49:00Z,161,685,45,891,846,109240[MyZeil],2021-07-02T16:52:01.781Z
0.18555008,open,2021-07-02T16:49:00Z,113,496,0,609,609,18494[Konrad-Adenauer-Straße],2021-07-02T16:52:01.781Z
0.1991342,open,2021-07-02T16:49:00Z,138,555,0,693,693,24278[Karstadt],2021-07-02T16:52:01.781Z
0.94400895,open,2021-07-02T17:20:00Z,843,50,0,893,893,24277[Börse],2021-07-02T17:22:02.010Z
0.13,open,2021-07-02T17:20:00Z,26,174,150,350,200,24276[Turmcenter],2021-07-02T17:22:02.010Z
0.2899263,open,2021-07-02T17:20:00Z,118,289,0,407,407,18944[Alte Oper],2021-07-02T17:22:02.010Z
0.043956045,open,2021-07-02T17:20:00Z,16,348,0,364,364,24281[Hauptbahnhof Süd],2021-07-02T17:22:02.010Z
0.60321385,open,2021-07-02T17:20:00Z,488,321,0,809,809,24279[Konstabler],2021-07-02T17:22:02.010Z
0.91784036,open,2021-07-02T17:20:00Z,391,35,0,426,426,18497[Hauptwache],2021-07-02T17:22:02.010Z
0.4014706,open,2021-07-02T17:20:00Z,273,407,0,680,680,18495[Am Gericht],2021-07-02T17:22:02.010Z
0.17730497,open,2021-07-02T17:20:00Z,150,696,45,891,846,109240[MyZeil],2021-07-02T17:22:02.010Z
0.18390805,open,2021-07-02T17:20:00Z,112,497,0,609,609,18494[Konrad-Adenauer-Straße],2021-07-02T17:22:02.010Z
0.13419913,open,2021-07-02T17:20:00Z,93,600,0,693,693,24278[Karstadt],2021-07-02T17:22:02.010Z
0.94400895,open,2021-07-02T17:40:00Z,843,50,0,893,893,24277[Börse],2021-07-02T17:42:00.398Z
0.19,open,2021-07-02T17:40:00Z,38,162,150,350,200,24276[Turmcenter],2021-07-02T17:42:00.398Z
0.3022113,open,2021-07-02T17:40:00Z,123,284,0,407,407,18944[Alte Oper],2021-07-02T17:42:00.398Z
0.046703298,open,2021-07-02T17:40:00Z,17,347,0,364,364,24281[Hauptbahnhof Süd],2021-07-02T17:42:00.398Z
0.60321385,open,2021-07-02T17:40:00Z,488,321,0,809,809,24279[Konstabler],2021-07-02T17:42:00.398Z
0.91079813,open,2021-07-02T17:40:00Z,388,38,0,426,426,18497[Hauptwache],2021-07-02T17:42:00.398Z
0.4014706,open,2021-07-02T17:40:00Z,273,407,0,680,680,18495[Am Gericht],2021-07-02T17:42:00.398Z
0.16903073,open,2021-07-02T17:40:00Z,143,703,45,891,846,109240[MyZeil],2021-07-02T17:42:00.398Z
0.17569786,open,2021-07-02T17:40:00Z,107,502,0,609,609,18494[Konrad-Adenauer-Straße],2021-07-02T17:42:00.398Z
0,closed,2021-07-02T17:40:00Z,,614,0,0,0,24278[Karstadt],2021-07-02T17:42:00.398Z
0.94400895,open,2021-07-02T17:50:00Z,843,50,0,893,893,24277[Börse],2021-07-02T17:52:01.350Z
0.195,open,2021-07-02T17:50:00Z,39,161,150,350,200,24276[Turmcenter],2021-07-02T17:52:01.350Z
0.2997543,open,2021-07-02T17:50:00Z,122,285,0,407,407,18944[Alte Oper],2021-07-02T17:52:01.350Z
0.043956045,open,2021-07-02T17:50:00Z,16,348,0,364,364,24281[Hauptbahnhof Süd],2021-07-02T17:52:01.350Z
0.5970334,open,2021-07-02T17:50:00Z,483,326,0,809,809,24279[Konstabler],2021-07-02T17:52:01.350Z
0.9084507,open,2021-07-02T17:50:00Z,387,39,0,426,426,18497[Hauptwache],2021-07-02T17:52:01.350Z
0.40441176,open,2021-07-02T17:50:00Z,275,405,0,680,680,18495[Am Gericht],2021-07-02T17:52:01.350Z
0.1643026,open,2021-07-02T17:50:00Z,139,707,45,891,846,109240[MyZeil],2021-07-02T17:52:01.350Z
0.16748768,open,2021-07-02T17:50:00Z,102,507,0,609,609,18494[Konrad-Adenauer-Straße],2021-07-02T17:52:01.350Z
0,closed,2021-07-02T17:50:00Z,,614,0,0,0,24278[Karstadt],2021-07-02T17:52:01.350Z
0.94400895,open,2021-07-02T18:10:00Z,843,50,0,893,893,24277[Börse],2021-07-02T18:12:01.054Z
0.26,open,2021-07-02T18:10:00Z,52,148,150,350,200,24276[Turmcenter],2021-07-02T18:12:01.054Z
0.28501227,open,2021-07-02T18:10:00Z,116,291,0,407,407,18944[Alte Oper],2021-07-02T18:12:01.054Z
0.03846154,open,2021-07-02T18:10:00Z,14,350,0,364,364,24281[Hauptbahnhof Süd],2021-07-02T18:12:01.054Z
0.5723115,open,2021-07-02T18:10:00Z,463,346,0,809,809,24279[Konstabler],2021-07-02T18:12:01.054Z
0.899061,open,2021-07-02T18:10:00Z,383,43,0,426,426,18497[Hauptwache],2021-07-02T18:12:01.054Z
0.41764706,open,2021-07-02T18:10:00Z,284,396,0,680,680,18495[Am Gericht],2021-07-02T18:12:01.054Z
0.14775413,open,2021-07-02T18:10:00Z,125,721,45,891,846,109240[MyZeil],2021-07-02T18:12:01.054Z
0.14942528,open,2021-07-02T18:10:00Z,91,518,0,609,609,18494[Konrad-Adenauer-Straße],2021-07-02T18:12:01.054Z
0,closed,2021-07-02T18:10:00Z,,614,0,0,0,24278[Karstadt],2021-07-02T18:12:01.054Z
0.94400895,open,2021-07-02T18:36:00Z,843,50,0,893,893,24277[Börse],2021-07-02T18:37:00.308Z
0.265,open,2021-07-02T18:36:00Z,53,147,150,350,200,24276[Turmcenter],2021-07-02T18:37:00.308Z
0.26044226,open,2021-07-02T18:36:00Z,106,301,0,407,407,18944[Alte Oper],2021-07-02T18:37:00.308Z
0.032967035,open,2021-07-02T18:36:00Z,12,352,0,364,364,24281[Hauptbahnhof Süd],2021-07-02T18:37:00.308Z
0.56365883,open,2021-07-02T18:36:00Z,456,353,0,809,809,24279[Konstabler],2021-07-02T18:37:00.308Z
0.91549295,open,2021-07-02T18:36:00Z,390,36,0,426,426,18497[Hauptwache],2021-07-02T18:37:00.308Z
0.41470587,open,2021-07-02T18:36:00Z,282,398,0,680,680,18495[Am Gericht],2021-07-02T18:37:00.308Z
0.13829787,open,2021-07-02T18:36:00Z,117,729,45,891,846,109240[MyZeil],2021-07-02T18:37:00.308Z
0.13793103,open,2021-07-02T18:36:00Z,84,525,0,609,609,18494[Konrad-Adenauer-Straße],2021-07-02T18:37:00.308Z
0,closed,2021-07-02T18:36:00Z,,614,0,0,0,24278[Karstadt],2021-07-02T18:37:00.308Z
0.94400895,open,2021-07-02T18:51:00Z,843,50,0,893,893,24277[Börse],2021-07-02T18:52:02.876Z
0.29,open,2021-07-02T18:51:00Z,58,142,150,350,200,24276[Turmcenter],2021-07-02T18:52:02.876Z
0.27518427,open,2021-07-02T18:51:00Z,112,295,0,407,407,18944[Alte Oper],2021-07-02T18:52:02.876Z
0.03021978,open,2021-07-02T18:51:00Z,11,353,0,364,364,24281[Hauptbahnhof Süd],2021-07-02T18:52:02.876Z
0.5611867,open,2021-07-02T18:51:00Z,454,355,0,809,809,24279[Konstabler],2021-07-02T18:52:02.876Z
0.9366197,open,2021-07-02T18:51:00Z,399,27,0,426,426,18497[Hauptwache],2021-07-02T18:52:02.876Z
0.41764706,open,2021-07-02T18:51:00Z,284,396,0,680,680,18495[Am Gericht],2021-07-02T18:52:02.876Z
0.13711584,open,2021-07-02T18:51:00Z,116,730,45,891,846,109240[MyZeil],2021-07-02T18:52:02.876Z
0.14449918,open,2021-07-02T18:51:00Z,88,521,0,609,609,18494[Konrad-Adenauer-Straße],2021-07-02T18:52:02.876Z
0,closed,2021-07-02T18:51:00Z,,614,0,0,0,24278[Karstadt],2021-07-02T18:52:02.876Z
0.94400895,open,2021-07-02T19:06:00Z,843,50,0,893,893,24277[Börse],2021-07-02T19:07:00.815Z
0.265,open,2021-07-02T19:06:00Z,53,147,150,350,200,24276[Turmcenter],2021-07-02T19:07:00.815Z
0.25552824,open,2021-07-02T19:06:00Z,104,303,0,407,407,18944[Alte Oper],2021-07-02T19:07:00.815Z
0.027472528,open,2021-07-02T19:06:00Z,10,354,0,364,364,24281[Hauptbahnhof Süd],2021-07-02T19:07:00.815Z
0.55995053,open,2021-07-02T19:06:00Z,453,356,0,809,809,24279[Konstabler],2021-07-02T19:07:00.815Z
0.943662,open,2021-07-02T19:06:00Z,402,24,0,426,426,18497[Hauptwache],2021-07-02T19:07:00.815Z
0.41029412,open,2021-07-02T19:06:00Z,279,401,0,680,680,18495[Am Gericht],2021-07-02T19:07:00.815Z
0.12174941,open,2021-07-02T19:06:00Z,103,743,45,891,846,109240[MyZeil],2021-07-02T19:07:00.815Z
0.13793103,open,2021-07-02T19:06:00Z,84,525,0,609,609,18494[Konrad-Adenauer-Straße],2021-07-02T19:07:00.815Z
0,closed,2021-07-02T19:06:00Z,,614,0,0,0,24278[Karstadt],2021-07-02T19:07:00.815Z
0.94400895,open,2021-07-02T19:32:00Z,843,50,0,893,893,24277[Börse],2021-07-02T19:37:02.043Z
0.235,open,2021-07-02T19:32:00Z,47,153,150,350,200,24276[Turmcenter],2021-07-02T19:37:02.043Z
0.24815725,open,2021-07-02T19:32:00Z,101,306,0,407,407,18944[Alte Oper],2021-07-02T19:37:02.043Z
0.032967035,open,2021-07-02T19:32:00Z,12,352,0,364,364,24281[Hauptbahnhof Süd],2021-07-02T19:37:02.043Z
0.5562423,open,2021-07-02T19:32:00Z,450,359,0,809,809,24279[Konstabler],2021-07-02T19:37:02.043Z
0.96713614,open,2021-07-02T19:32:00Z,412,14,0,426,426,18497[Hauptwache],2021-07-02T19:37:02.043Z
0.40735295,open,2021-07-02T19:32:00Z,277,403,0,680,680,18495[Am Gericht],2021-07-02T19:37:02.043Z
0.11702128,open,2021-07-02T19:32:00Z,99,747,45,891,846,109240[MyZeil],2021-07-02T19:37:02.043Z
0.13136289,open,2021-07-02T19:32:00Z,80,529,0,609,609,18494[Konrad-Adenauer-Straße],2021-07-02T19:37:02.043Z
0,closed,2021-07-02T19:32:00Z,,614,0,0,0,24278[Karstadt],2021-07-02T19:37:02.043Z
0.94400895,open,2021-07-02T19:37:00Z,843,50,0,893,893,24277[Börse],2021-07-02T19:42:00.604Z
0.245,open,2021-07-02T19:37:00Z,49,151,150,350,200,24276[Turmcenter],2021-07-02T19:42:00.604Z
0.24570024,open,2021-07-02T19:37:00Z,100,307,0,407,407,18944[Alte Oper],2021-07-02T19:42:00.604Z
0.03021978,open,2021-07-02T19:37:00Z,11,353,0,364,364,24281[Hauptbahnhof Süd],2021-07-02T19:42:00.604Z
0.5611867,open,2021-07-02T19:37:00Z,454,355,0,809,809,24279[Konstabler],2021-07-02T19:42:00.604Z
0.97183096,open,2021-07-02T19:37:00Z,414,12,0,426,426,18497[Hauptwache],2021-07-02T19:42:00.604Z
0.40735295,open,2021-07-02T19:37:00Z,277,403,0,680,680,18495[Am Gericht],2021-07-02T19:42:00.604Z
0.11229315,open,2021-07-02T19:37:00Z,95,751,45,891,846,109240[MyZeil],2021-07-02T19:42:00.604Z
0.12972085,open,2021-07-02T19:37:00Z,79,530,0,609,609,18494[Konrad-Adenauer-Straße],2021-07-02T19:42:00.604Z
0,closed,2021-07-02T19:37:00Z,,614,0,0,0,24278[Karstadt],2021-07-02T19:42:00.604Z
0.94400895,open,2021-07-02T19:53:00Z,843,50,0,893,893,24277[Börse],2021-07-02T19:57:02.490Z
0.235,open,2021-07-02T19:53:00Z,47,153,150,350,200,24276[Turmcenter],2021-07-02T19:57:02.490Z
0.23095824,open,2021-07-02T19:53:00Z,94,313,0,407,407,18944[Alte Oper],2021-07-02T19:57:02.490Z
0.03021978,open,2021-07-02T19:53:00Z,11,353,0,364,364,24281[Hauptbahnhof Süd],2021-07-02T19:57:02.490Z
0.55377007,open,2021-07-02T19:53:00Z,448,361,0,809,809,24279[Konstabler],2021-07-02T19:57:02.490Z
0.9577465,open,2021-07-02T19:53:00Z,408,18,0,426,426,18497[Hauptwache],2021-07-02T19:57:02.490Z
0.39558825,open,2021-07-02T19:53:00Z,269,411,0,680,680,18495[Am Gericht],2021-07-02T19:57:02.490Z
0.11465721,open,2021-07-02T19:53:00Z,97,749,45,891,846,109240[MyZeil],2021-07-02T19:57:02.490Z
0.136289,open,2021-07-02T19:53:00Z,83,526,0,609,609,18494[Konrad-Adenauer-Straße],2021-07-02T19:57:02.490Z
0,closed,2021-07-02T19:53:00Z,,614,0,0,0,24278[Karstadt],2021-07-02T19:57:02.490Z
0.94400895,open,2021-07-02T20:13:00Z,843,50,0,893,893,24277[Börse],2021-07-02T20:17:02.077Z
0.19,open,2021-07-02T20:13:00Z,38,162,150,350,200,24276[Turmcenter],2021-07-02T20:17:02.077Z
0.2113022,open,2021-07-02T20:13:00Z,86,321,0,407,407,18944[Alte Oper],2021-07-02T20:17:02.077Z
0.03021978,open,2021-07-02T20:13:00Z,11,353,0,364,364,24281[Hauptbahnhof Süd],2021-07-02T20:17:02.077Z
0.5475896,open,2021-07-02T20:13:00Z,443,366,0,809,809,24279[Konstabler],2021-07-02T20:17:02.077Z
0.91784036,open,2021-07-02T20:13:00Z,391,35,0,426,426,18497[Hauptwache],2021-07-02T20:17:02.077Z
0.3779412,open,2021-07-02T20:13:00Z,257,423,0,680,680,18495[Am Gericht],2021-07-02T20:17:02.077Z
0.10874704,open,2021-07-02T20:13:00Z,92,754,45,891,846,109240[MyZeil],2021-07-02T20:17:02.077Z
0.12151067,open,2021-07-02T20:13:00Z,74,535,0,609,609,18494[Konrad-Adenauer-Straße],2021-07-02T20:17:02.077Z
0,closed,2021-07-02T20:13:00Z,,614,0,0,0,24278[Karstadt],2021-07-02T20:17:02.077Z
0.94400895,open,2021-07-02T20:29:00Z,843,50,0,893,893,24277[Börse],2021-07-02T20:32:01.123Z
0.19,open,2021-07-02T20:29:00Z,38,162,150,350,200,24276[Turmcenter],2021-07-02T20:32:01.123Z
0.1941032,open,2021-07-02T20:29:00Z,79,328,0,407,407,18944[Alte Oper],2021-07-02T20:32:01.123Z
0.024725275,open,2021-07-02T20:29:00Z,9,355,0,364,364,24281[Hauptbahnhof Süd],2021-07-02T20:32:01.123Z
0.5463535,open,2021-07-02T20:29:00Z,442,367,0,809,809,24279[Konstabler],2021-07-02T20:32:01.123Z
0.92723006,open,2021-07-02T20:29:00Z,395,31,0,426,426,18497[Hauptwache],2021-07-02T20:32:01.123Z
0.3779412,open,2021-07-02T20:29:00Z,257,423,0,680,680,18495[Am Gericht],2021-07-02T20:32:01.123Z
0.10520095,open,2021-07-02T20:29:00Z,89,757,45,891,846,109240[MyZeil],2021-07-02T20:32:01.123Z
0.106732346,open,2021-07-02T20:29:00Z,65,544,0,609,609,18494[Konrad-Adenauer-Straße],2021-07-02T20:32:01.123Z
0,closed,2021-07-02T20:29:00Z,,614,0,0,0,24278[Karstadt],2021-07-02T20:32:01.123Z
0.94400895,open,2021-07-02T20:39:00Z,843,50,0,893,893,24277[Börse],2021-07-02T20:42:02.283Z
0.19,open,2021-07-02T20:39:00Z,38,162,150,350,200,24276[Turmcenter],2021-07-02T20:42:02.283Z
0.18673219,open,2021-07-02T20:39:00Z,76,331,0,407,407,18944[Alte Oper],2021-07-02T20:42:02.283Z
0.024725275,open,2021-07-02T20:39:00Z,9,355,0,364,364,24281[Hauptbahnhof Süd],2021-07-02T20:42:02.283Z
0.5426452,open,2021-07-02T20:39:00Z,439,370,0,809,809,24279[Konstabler],2021-07-02T20:42:02.283Z
0.90375584,open,2021-07-02T20:39:00Z,385,41,0,426,426,18497[Hauptwache],2021-07-02T20:42:02.283Z
0.36617646,open,2021-07-02T20:39:00Z,249,431,0,680,680,18495[Am Gericht],2021-07-02T20:42:02.283Z
0.10165485,open,2021-07-02T20:39:00Z,86,760,45,891,846,109240[MyZeil],2021-07-02T20:42:02.283Z
0.100164205,open,2021-07-02T20:39:00Z,61,548,0,609,609,18494[Konrad-Adenauer-Straße],2021-07-02T20:42:02.283Z
0,closed,2021-07-02T20:39:00Z,,614,0,0,0,24278[Karstadt],2021-07-02T20:42:02.283Z
0.94400895,open,2021-07-02T20:49:00Z,843,50,0,893,893,24277[Börse],2021-07-02T20:52:01.682Z
0.125,open,2021-07-02T20:49:00Z,25,175,150,350,200,24276[Turmcenter],2021-07-02T20:52:01.682Z
0.19164619,open,2021-07-02T20:49:00Z,78,329,0,407,407,18944[Alte Oper],2021-07-02T20:52:01.682Z
0.024725275,open,2021-07-02T20:49:00Z,9,355,0,364,364,24281[Hauptbahnhof Süd],2021-07-02T20:52:01.682Z
0.53522867,open,2021-07-02T20:49:00Z,433,376,0,809,809,24279[Konstabler],2021-07-02T20:52:01.682Z
0.90140843,open,2021-07-02T20:49:00Z,384,42,0,426,426,18497[Hauptwache],2021-07-02T20:52:01.682Z
0.3514706,open,2021-07-02T20:49:00Z,239,441,0,680,680,18495[Am Gericht],2021-07-02T20:52:01.682Z
0.100472815,open,2021-07-02T20:49:00Z,85,761,45,891,846,109240[MyZeil],2021-07-02T20:52:01.682Z
0.09195402,open,2021-07-02T20:49:00Z,56,553,0,609,609,18494[Konrad-Adenauer-Straße],2021-07-02T20:52:01.682Z
0,closed,2021-07-02T20:49:00Z,,614,0,0,0,24278[Karstadt],2021-07-02T20:52:01.682Z
0.94400895,open,2021-07-02T21:05:00Z,843,50,0,893,893,24277[Börse],2021-07-02T21:07:01.475Z
0.065,open,2021-07-02T21:05:00Z,13,187,150,350,200,24276[Turmcenter],2021-07-02T21:07:01.475Z
0.17690417,open,2021-07-02T21:05:00Z,72,335,0,407,407,18944[Alte Oper],2021-07-02T21:07:01.475Z
0.024725275,open,2021-07-02T21:05:00Z,9,355,0,364,364,24281[Hauptbahnhof Süd],2021-07-02T21:07:01.475Z
0.5055624,open,2021-07-02T21:05:00Z,409,400,0,809,809,24279[Konstabler],2021-07-02T21:07:01.475Z
0.8967136,open,2021-07-02T21:05:00Z,382,44,0,426,426,18497[Hauptwache],2021-07-02T21:07:01.475Z
0.34264705,open,2021-07-02T21:05:00Z,233,447,0,680,680,18495[Am Gericht],2021-07-02T21:07:01.475Z
0.098108746,open,2021-07-02T21:05:00Z,83,763,45,891,846,109240[MyZeil],2021-07-02T21:07:01.475Z
0.093596056,open,2021-07-02T21:05:00Z,57,552,0,609,609,18494[Konrad-Adenauer-Straße],2021-07-02T21:07:01.475Z
0,closed,2021-07-02T21:05:00Z,,614,0,0,0,24278[Karstadt],2021-07-02T21:07:01.475Z
0.94400895,open,2021-07-02T21:26:00Z,843,50,0,893,893,24277[Börse],2021-07-02T21:27:00.230Z
0,open,2021-07-02T21:26:00Z,0,200,150,350,200,24276[Turmcenter],2021-07-02T21:27:00.230Z
0.14987715,open,2021-07-02T21:26:00Z,61,346,0,407,407,18944[Alte Oper],2021-07-02T21:27:00.230Z
0.03021978,open,2021-07-02T21:26:00Z,11,353,0,364,364,24281[Hauptbahnhof Süd],2021-07-02T21:27:00.230Z
0.47960445,open,2021-07-02T21:26:00Z,388,421,0,809,809,24279[Konstabler],2021-07-02T21:27:00.230Z
0.84976524,open,2021-07-02T21:26:00Z,362,64,0,426,426,18497[Hauptwache],2021-07-02T21:27:00.230Z
0.32058823,open,2021-07-02T21:26:00Z,218,462,0,680,680,18495[Am Gericht],2021-07-02T21:27:00.230Z
0.093380615,open,2021-07-02T21:26:00Z,79,767,45,891,846,109240[MyZeil],2021-07-02T21:27:00.230Z
0.07224959,open,2021-07-02T21:26:00Z,44,565,0,609,609,18494[Konrad-Adenauer-Straße],2021-07-02T21:27:00.230Z
0,closed,2021-07-02T21:26:00Z,,614,0,0,0,24278[Karstadt],2021-07-02T21:27:00.230Z
0.94400895,open,2021-07-02T21:41:00Z,843,50,0,893,893,24277[Börse],2021-07-02T21:42:00.649Z
0,open,2021-07-02T21:41:00Z,0,200,150,350,200,24276[Turmcenter],2021-07-02T21:42:00.649Z
0.14496315,open,2021-07-02T21:41:00Z,59,348,0,407,407,18944[Alte Oper],2021-07-02T21:42:00.649Z
0.03021978,open,2021-07-02T21:41:00Z,11,353,0,364,364,24281[Hauptbahnhof Süd],2021-07-02T21:42:00.649Z
0.46106303,open,2021-07-02T21:41:00Z,373,436,0,809,809,24279[Konstabler],2021-07-02T21:42:00.649Z
0.81220657,open,2021-07-02T21:41:00Z,346,80,0,426,426,18497[Hauptwache],2021-07-02T21:42:00.649Z
0.31176472,open,2021-07-02T21:41:00Z,212,468,0,680,680,18495[Am Gericht],2021-07-02T21:42:00.649Z
0.093380615,open,2021-07-02T21:41:00Z,79,767,45,891,846,109240[MyZeil],2021-07-02T21:42:00.649Z
0.0591133,open,2021-07-02T21:41:00Z,36,573,0,609,609,18494[Konrad-Adenauer-Straße],2021-07-02T21:42:00.649Z
0,closed,2021-07-02T21:41:00Z,,614,0,0,0,24278[Karstadt],2021-07-02T21:42:00.649Z
0.94400895,open,2021-07-02T22:02:00Z,843,50,0,893,893,24277[Börse],2021-07-02T22:07:00.842Z
0.01,open,2021-07-02T22:02:00Z,2,198,150,350,200,24276[Turmcenter],2021-07-02T22:07:00.842Z
0.14742015,open,2021-07-02T22:02:00Z,60,347,0,407,407,18944[Alte Oper],2021-07-02T22:07:00.842Z
0.027472528,open,2021-07-02T22:02:00Z,10,354,0,364,364,24281[Hauptbahnhof Süd],2021-07-02T22:07:00.842Z
0.45735475,open,2021-07-02T22:02:00Z,370,439,0,809,809,24279[Konstabler],2021-07-02T22:07:00.842Z
0.75352114,open,2021-07-02T22:02:00Z,321,105,0,426,426,18497[Hauptwache],2021-07-02T22:07:00.842Z
0,closed,2021-07-02T22:02:00Z,,477,0,0,0,18495[Am Gericht],2021-07-02T22:07:00.842Z
0.08983452,open,2021-07-02T22:02:00Z,76,770,45,891,846,109240[MyZeil],2021-07-02T22:07:00.842Z
0.054187194,open,2021-07-02T22:02:00Z,33,576,0,609,609,18494[Konrad-Adenauer-Straße],2021-07-02T22:07:00.842Z
0,closed,2021-07-02T22:02:00Z,,614,0,0,0,24278[Karstadt],2021-07-02T22:07:00.842Z
0.94400895,open,2021-07-02T22:28:00Z,843,50,0,893,893,24277[Börse],2021-07-02T22:32:02.935Z
0,open,2021-07-02T22:28:00Z,0,200,150,350,200,24276[Turmcenter],2021-07-02T22:32:02.935Z
0.12285012,open,2021-07-02T22:28:00Z,50,357,0,407,407,18944[Alte Oper],2021-07-02T22:32:02.935Z
0.03021978,open,2021-07-02T22:28:00Z,11,353,0,364,364,24281[Hauptbahnhof Süd],2021-07-02T22:32:02.935Z
0.44499382,open,2021-07-02T22:28:00Z,360,449,0,809,809,24279[Konstabler],2021-07-02T22:32:02.935Z
0.713615,open,2021-07-02T22:28:00Z,304,122,0,426,426,18497[Hauptwache],2021-07-02T22:32:02.935Z
0,closed,2021-07-02T22:28:00Z,,477,0,0,0,18495[Am Gericht],2021-07-02T22:32:02.935Z
0.093380615,open,2021-07-02T22:28:00Z,79,767,45,891,846,109240[MyZeil],2021-07-02T22:32:02.935Z
0.049261082,open,2021-07-02T22:28:00Z,30,579,0,609,609,18494[Konrad-Adenauer-Straße],2021-07-02T22:32:02.935Z
0,closed,2021-07-02T22:28:00Z,,614,0,0,0,24278[Karstadt],2021-07-02T22:32:02.935Z
0.94400895,open,2021-07-02T22:43:00Z,843,50,0,893,893,24277[Börse],2021-07-02T22:47:01.555Z
0,open,2021-07-02T22:43:00Z,0,200,150,350,200,24276[Turmcenter],2021-07-02T22:47:01.555Z
0.11302211,open,2021-07-02T22:43:00Z,46,361,0,407,407,18944[Alte Oper],2021-07-02T22:47:01.555Z
0.027472528,open,2021-07-02T22:43:00Z,10,354,0,364,364,24281[Hauptbahnhof Süd],2021-07-02T22:47:01.555Z
0.43510506,open,2021-07-02T22:43:00Z,352,457,0,809,809,24279[Konstabler],2021-07-02T22:47:01.555Z
0.685446,open,2021-07-02T22:43:00Z,292,134,0,426,426,18497[Hauptwache],2021-07-02T22:47:01.555Z
0,closed,2021-07-02T22:43:00Z,,477,0,0,0,18495[Am Gericht],2021-07-02T22:47:01.555Z
0.093380615,open,2021-07-02T22:43:00Z,79,767,45,891,846,109240[MyZeil],2021-07-02T22:47:01.555Z
0.04269294,open,2021-07-02T22:43:00Z,26,583,0,609,609,18494[Konrad-Adenauer-Straße],2021-07-02T22:47:01.555Z
0,closed,2021-07-02T22:43:00Z,,614,0,0,0,24278[Karstadt],2021-07-02T22:47:01.555Z
0.94400895,open,2021-07-02T22:53:00Z,843,50,0,893,893,24277[Börse],2021-07-02T22:57:01.410Z
0,open,2021-07-02T22:53:00Z,0,200,150,350,200,24276[Turmcenter],2021-07-02T22:57:01.410Z
0.1056511,open,2021-07-02T22:53:00Z,43,364,0,407,407,18944[Alte Oper],2021-07-02T22:57:01.410Z
0.027472528,open,2021-07-02T22:53:00Z,10,354,0,364,364,24281[Hauptbahnhof Süd],2021-07-02T22:57:01.410Z
0.42521632,open,2021-07-02T22:53:00Z,344,465,0,809,809,24279[Konstabler],2021-07-02T22:57:01.410Z
0.6690141,open,2021-07-02T22:53:00Z,285,141,0,426,426,18497[Hauptwache],2021-07-02T22:57:01.410Z
0,closed,2021-07-02T22:53:00Z,,477,0,0,0,18495[Am Gericht],2021-07-02T22:57:01.410Z
0.09219858,open,2021-07-02T22:53:00Z,78,768,45,891,846,109240[MyZeil],2021-07-02T22:57:01.410Z
0.039408866,open,2021-07-02T22:53:00Z,24,585,0,609,609,18494[Konrad-Adenauer-Straße],2021-07-02T22:57:01.410Z
0,closed,2021-07-02T22:53:00Z,,614,0,0,0,24278[Karstadt],2021-07-02T22:57:01.410Z
0.94400895,open,2021-07-02T23:19:00Z,843,50,0,893,893,24277[Börse],2021-07-02T23:22:01.996Z
0,open,2021-07-02T23:19:00Z,0,200,150,350,200,24276[Turmcenter],2021-07-02T23:22:01.996Z
0.095823094,open,2021-07-02T23:19:00Z,39,368,0,407,407,18944[Alte Oper],2021-07-02T23:22:01.996Z
0.027472528,open,2021-07-02T23:19:00Z,10,354,0,364,364,24281[Hauptbahnhof Süd],2021-07-02T23:22:01.996Z
0.4054388,open,2021-07-02T23:19:00Z,328,481,0,809,809,24279[Konstabler],2021-07-02T23:22:01.996Z
0.64788735,open,2021-07-02T23:19:00Z,276,150,0,426,426,18497[Hauptwache],2021-07-02T23:22:01.996Z
0,closed,2021-07-02T23:19:00Z,,477,0,0,0,18495[Am Gericht],2021-07-02T23:22:01.996Z
0.088652484,open,2021-07-02T23:19:00Z,75,771,45,891,846,109240[MyZeil],2021-07-02T23:22:01.996Z
0.039408866,open,2021-07-02T23:19:00Z,24,585,0,609,609,18494[Konrad-Adenauer-Straße],2021-07-02T23:22:01.996Z
0,closed,2021-07-02T23:19:00Z,,614,0,0,0,24278[Karstadt],2021-07-02T23:22:01.996Z
0.94400895,open,2021-07-02T23:34:00Z,843,50,0,893,893,24277[Börse],2021-07-02T23:37:00.103Z
0,open,2021-07-02T23:34:00Z,0,200,150,350,200,24276[Turmcenter],2021-07-02T23:37:00.103Z
0.09090909,open,2021-07-02T23:34:00Z,37,370,0,407,407,18944[Alte Oper],2021-07-02T23:37:00.103Z
0.027472528,open,2021-07-02T23:34:00Z,10,354,0,364,364,24281[Hauptbahnhof Süd],2021-07-02T23:37:00.103Z
0.39925835,open,2021-07-02T23:34:00Z,323,486,0,809,809,24279[Konstabler],2021-07-02T23:37:00.103Z
0.6173709,open,2021-07-02T23:34:00Z,263,163,0,426,426,18497[Hauptwache],2021-07-02T23:37:00.103Z
0,closed,2021-07-02T23:34:00Z,,477,0,0,0,18495[Am Gericht],2021-07-02T23:37:00.103Z
0.08747045,open,2021-07-02T23:34:00Z,74,772,45,891,846,109240[MyZeil],2021-07-02T23:37:00.103Z
0.03776683,open,2021-07-02T23:34:00Z,23,586,0,609,609,18494[Konrad-Adenauer-Straße],2021-07-02T23:37:00.103Z
0,closed,2021-07-02T23:34:00Z,,614,0,0,0,24278[Karstadt],2021-07-02T23:37:00.103Z
0.94400895,open,2021-07-02T23:39:00Z,843,50,0,893,893,24277[Börse],2021-07-02T23:42:01.859Z
0,open,2021-07-02T23:39:00Z,0,200,150,350,200,24276[Turmcenter],2021-07-02T23:42:01.859Z
0.083538085,open,2021-07-02T23:39:00Z,34,373,0,407,407,18944[Alte Oper],2021-07-02T23:42:01.859Z
0.027472528,open,2021-07-02T23:39:00Z,10,354,0,364,364,24281[Hauptbahnhof Süd],2021-07-02T23:42:01.859Z
0.39431396,open,2021-07-02T23:39:00Z,319,490,0,809,809,24279[Konstabler],2021-07-02T23:42:01.859Z
0.6126761,open,2021-07-02T23:39:00Z,261,165,0,426,426,18497[Hauptwache],2021-07-02T23:42:01.859Z
0,closed,2021-07-02T23:39:00Z,,477,0,0,0,18495[Am Gericht],2021-07-02T23:42:01.859Z
0.08747045,open,2021-07-02T23:39:00Z,74,772,45,891,846,109240[MyZeil],2021-07-02T23:42:01.859Z
0.039408866,open,2021-07-02T23:39:00Z,24,585,0,609,609,18494[Konrad-Adenauer-Straße],2021-07-02T23:42:01.859Z
0,closed,2021-07-02T23:39:00Z,,614,0,0,0,24278[Karstadt],2021-07-02T23:42:01.859Z
0.94400895,open,2021-07-02T23:49:00Z,843,50,0,893,893,24277[Börse],2021-07-02T23:52:02.332Z
0,open,2021-07-02T23:49:00Z,0,200,150,350,200,24276[Turmcenter],2021-07-02T23:52:02.332Z
0.083538085,open,2021-07-02T23:49:00Z,34,373,0,407,407,18944[Alte Oper],2021-07-02T23:52:02.332Z
0.024725275,open,2021-07-02T23:49:00Z,9,355,0,364,364,24281[Hauptbahnhof Süd],2021-07-02T23:52:02.332Z
0.3881335,open,2021-07-02T23:49:00Z,314,495,0,809,809,24279[Konstabler],2021-07-02T23:52:02.332Z
0.6032864,open,2021-07-02T23:49:00Z,257,169,0,426,426,18497[Hauptwache],2021-07-02T23:52:02.332Z
0,closed,2021-07-02T23:49:00Z,,477,0,0,0,18495[Am Gericht],2021-07-02T23:52:02.332Z
0.08510638,open,2021-07-02T23:49:00Z,72,774,45,891,846,109240[MyZeil],2021-07-02T23:52:02.332Z
0.036124796,open,2021-07-02T23:49:00Z,22,587,0,609,609,18494[Konrad-Adenauer-Straße],2021-07-02T23:52:02.332Z
0,closed,2021-07-02T23:49:00Z,,614,0,0,0,24278[Karstadt],2021-07-02T23:52:02.332Z
0.94400895,open,2021-07-03T00:35:00Z,843,50,0,893,893,24277[Börse],2021-07-03T00:37:02.784Z
0,open,2021-07-03T00:35:00Z,0,200,150,350,200,24276[Turmcenter],2021-07-03T00:37:02.784Z
0.049140047,open,2021-07-03T00:35:00Z,20,387,0,407,407,18944[Alte Oper],2021-07-03T00:37:02.784Z
0.024725275,open,2021-07-03T00:35:00Z,9,355,0,364,364,24281[Hauptbahnhof Süd],2021-07-03T00:37:02.784Z
0.35599506,open,2021-07-03T00:35:00Z,288,521,0,809,809,24279[Konstabler],2021-07-03T00:37:02.784Z
0.5399061,open,2021-07-03T00:35:00Z,230,196,0,426,426,18497[Hauptwache],2021-07-03T00:37:02.784Z
0,closed,2021-07-03T00:35:00Z,,477,0,0,0,18495[Am Gericht],2021-07-03T00:37:02.784Z
0.08392435,open,2021-07-03T00:35:00Z,71,775,45,891,846,109240[MyZeil],2021-07-03T00:37:02.784Z
0.02955665,open,2021-07-03T00:35:00Z,18,591,0,609,609,18494[Konrad-Adenauer-Straße],2021-07-03T00:37:02.784Z
0,closed,2021-07-03T00:35:00Z,,614,0,0,0,24278[Karstadt],2021-07-03T00:37:02.784Z
0.94400895,open,2021-07-03T01:35:00Z,843,50,0,893,893,24277[Börse],2021-07-03T01:37:02.939Z
0,open,2021-07-03T01:35:00Z,0,200,150,350,200,24276[Turmcenter],2021-07-03T01:37:02.939Z
0.034398034,open,2021-07-03T01:35:00Z,14,393,0,407,407,18944[Alte Oper],2021-07-03T01:37:02.939Z
0.021978023,open,2021-07-03T01:35:00Z,8,356,0,364,364,24281[Hauptbahnhof Süd],2021-07-03T01:37:02.939Z
0.31891224,open,2021-07-03T01:35:00Z,258,551,0,809,809,24279[Konstabler],2021-07-03T01:37:02.939Z
0.5070422,open,2021-07-03T01:35:00Z,216,210,0,426,426,18497[Hauptwache],2021-07-03T01:37:02.939Z
0,closed,2021-07-03T01:35:00Z,,477,0,0,0,18495[Am Gericht],2021-07-03T01:37:02.939Z
0.081560284,open,2021-07-03T01:35:00Z,69,777,45,891,846,109240[MyZeil],2021-07-03T01:37:02.939Z
0.031198686,open,2021-07-03T01:35:00Z,19,590,0,609,609,18494[Konrad-Adenauer-Straße],2021-07-03T01:37:02.939Z
0,closed,2021-07-03T01:35:00Z,,614,0,0,0,24278[Karstadt],2021-07-03T01:37:02.939Z
0.94400895,open,2021-07-03T02:05:00Z,843,50,0,893,893,24277[Börse],2021-07-03T02:07:02.914Z
0,open,2021-07-03T02:05:00Z,0,200,150,350,200,24276[Turmcenter],2021-07-03T02:07:02.914Z
0.027027028,open,2021-07-03T02:05:00Z,11,396,0,407,407,18944[Alte Oper],2021-07-03T02:07:02.914Z
0.021978023,open,2021-07-03T02:05:00Z,8,356,0,364,364,24281[Hauptbahnhof Süd],2021-07-03T02:07:02.914Z
0.302843,open,2021-07-03T02:05:00Z,245,564,0,809,809,24279[Konstabler],2021-07-03T02:07:02.914Z
0.5046948,open,2021-07-03T02:05:00Z,215,211,0,426,426,18497[Hauptwache],2021-07-03T02:07:02.914Z
0,closed,2021-07-03T02:05:00Z,,,0,0,0,18495[Am Gericht],2021-07-03T02:07:02.914Z
0.081560284,open,2021-07-03T02:05:00Z,69,777,45,891,846,109240[MyZeil],2021-07-03T02:07:02.914Z
0.02955665,open,2021-07-03T02:05:00Z,18,591,0,609,609,18494[Konrad-Adenauer-Straße],2021-07-03T02:07:02.914Z
0,closed,2021-07-03T02:05:00Z,,,0,0,0,24278[Karstadt],2021-07-03T02:07:02.914Z
0.94400895,open,2021-07-03T02:35:00Z,843,50,0,893,893,24277[Börse],2021-07-03T02:37:01.394Z
0,open,2021-07-03T02:35:00Z,0,200,150,350,200,24276[Turmcenter],2021-07-03T02:37:01.394Z
0.022113021,open,2021-07-03T02:35:00Z,9,398,0,407,407,18944[Alte Oper],2021-07-03T02:37:01.394Z
0.021978023,open,2021-07-03T02:35:00Z,8,356,0,364,364,24281[Hauptbahnhof Süd],2021-07-03T02:37:01.394Z
0.29666254,open,2021-07-03T02:35:00Z,240,569,0,809,809,24279[Konstabler],2021-07-03T02:37:01.394Z
0.4976526,open,2021-07-03T02:35:00Z,212,214,0,426,426,18497[Hauptwache],2021-07-03T02:37:01.394Z
0,closed,2021-07-03T02:35:00Z,,,0,0,0,18495[Am Gericht],2021-07-03T02:37:01.394Z
0.081560284,open,2021-07-03T02:35:00Z,69,777,45,891,846,109240[MyZeil],2021-07-03T02:37:01.394Z
0.026272578,open,2021-07-03T02:35:00Z,16,593,0,609,609,18494[Konrad-Adenauer-Straße],2021-07-03T02:37:01.394Z
0,closed,2021-07-03T02:35:00Z,,,0,0,0,24278[Karstadt],2021-07-03T02:37:01.394Z
0.94400895,open,2021-07-03T02:45:00Z,843,50,0,893,893,24277[Börse],2021-07-03T02:47:02.202Z
0,open,2021-07-03T02:45:00Z,0,200,150,350,200,24276[Turmcenter],2021-07-03T02:47:02.202Z
0.022113021,open,2021-07-03T02:45:00Z,9,398,0,407,407,18944[Alte Oper],2021-07-03T02:47:02.202Z
0.021978023,open,2021-07-03T02:45:00Z,8,356,0,364,364,24281[Hauptbahnhof Süd],2021-07-03T02:47:02.202Z
0.29295427,open,2021-07-03T02:45:00Z,237,572,0,809,809,24279[Konstabler],2021-07-03T02:47:02.202Z
0.49061033,open,2021-07-03T02:45:00Z,209,217,0,426,426,18497[Hauptwache],2021-07-03T02:47:02.202Z
0,closed,2021-07-03T02:45:00Z,,,0,0,0,18495[Am Gericht],2021-07-03T02:47:02.202Z
0.08037825,open,2021-07-03T02:45:00Z,68,778,45,891,846,109240[MyZeil],2021-07-03T02:47:02.202Z
0.022988506,open,2021-07-03T02:45:00Z,14,595,0,609,609,18494[Konrad-Adenauer-Straße],2021-07-03T02:47:02.202Z
0,closed,2021-07-03T02:45:00Z,,,0,0,0,24278[Karstadt],2021-07-03T02:47:02.202Z
0.94400895,open,2021-07-03T02:55:00Z,843,50,0,893,893,24277[Börse],2021-07-03T02:57:01.330Z
0,open,2021-07-03T02:55:00Z,0,200,150,350,200,24276[Turmcenter],2021-07-03T02:57:01.330Z
0.022113021,open,2021-07-03T02:55:00Z,9,398,0,407,407,18944[Alte Oper],2021-07-03T02:57:01.330Z
0.021978023,open,2021-07-03T02:55:00Z,8,356,0,364,364,24281[Hauptbahnhof Süd],2021-07-03T02:57:01.330Z
0.29419035,open,2021-07-03T02:55:00Z,238,571,0,809,809,24279[Konstabler],2021-07-03T02:57:01.330Z
0.48826292,open,2021-07-03T02:55:00Z,208,218,0,426,426,18497[Hauptwache],2021-07-03T02:57:01.330Z
0,closed,2021-07-03T02:55:00Z,,,0,0,0,18495[Am Gericht],2021-07-03T02:57:01.330Z
0.08037825,open,2021-07-03T02:55:00Z,68,778,45,891,846,109240[MyZeil],2021-07-03T02:57:01.330Z
0.022988506,open,2021-07-03T02:55:00Z,14,595,0,609,609,18494[Konrad-Adenauer-Straße],2021-07-03T02:57:01.330Z
0,closed,2021-07-03T02:55:00Z,,,0,0,0,24278[Karstadt],2021-07-03T02:57:01.330Z
0.94400895,open,2021-07-03T03:20:00Z,843,50,0,893,893,24277[Börse],2021-07-03T03:22:02.045Z
0,open,2021-07-03T03:20:00Z,0,200,150,350,200,24276[Turmcenter],2021-07-03T03:22:02.045Z
0.01965602,open,2021-07-03T03:20:00Z,8,399,0,407,407,18944[Alte Oper],2021-07-03T03:22:02.045Z
0.021978023,open,2021-07-03T03:20:00Z,8,356,0,364,364,24281[Hauptbahnhof Süd],2021-07-03T03:22:02.045Z
0.29048207,open,2021-07-03T03:20:00Z,235,574,0,809,809,24279[Konstabler],2021-07-03T03:22:02.045Z
0.48122066,open,2021-07-03T03:20:00Z,205,221,0,426,426,18497[Hauptwache],2021-07-03T03:22:02.045Z
0,closed,2021-07-03T03:20:00Z,,,0,0,0,18495[Am Gericht],2021-07-03T03:22:02.045Z
0.079905994,open,2021-07-03T03:20:00Z,68,783,45,896,851,109240[MyZeil],2021-07-03T03:22:02.045Z
0.02134647,open,2021-07-03T03:20:00Z,13,596,0,609,609,18494[Konrad-Adenauer-Straße],2021-07-03T03:22:02.045Z
0,closed,2021-07-03T03:20:00Z,,,0,0,0,24278[Karstadt],2021-07-03T03:22:02.045Z
0.94400895,open,2021-07-03T03:35:00Z,843,50,0,893,893,24277[Börse],2021-07-03T03:37:01.588Z
0,open,2021-07-03T03:35:00Z,0,200,150,350,200,24276[Turmcenter],2021-07-03T03:37:01.588Z
0.017199017,open,2021-07-03T03:35:00Z,7,400,0,407,407,18944[Alte Oper],2021-07-03T03:37:01.588Z
0.021978023,open,2021-07-03T03:35:00Z,8,356,0,364,364,24281[Hauptbahnhof Süd],2021-07-03T03:37:01.588Z
0.2867738,open,2021-07-03T03:35:00Z,232,577,0,809,809,24279[Konstabler],2021-07-03T03:37:01.588Z
0.48122066,open,2021-07-03T03:35:00Z,205,221,0,426,426,18497[Hauptwache],2021-07-03T03:37:01.588Z
0,closed,2021-07-03T03:35:00Z,,,0,0,0,18495[Am Gericht],2021-07-03T03:37:01.588Z
0.079905994,open,2021-07-03T03:35:00Z,68,783,45,896,851,109240[MyZeil],2021-07-03T03:37:01.588Z
0.02134647,open,2021-07-03T03:35:00Z,13,596,0,609,609,18494[Konrad-Adenauer-Straße],2021-07-03T03:37:01.588Z
0,closed,2021-07-03T03:35:00Z,,,0,0,0,24278[Karstadt],2021-07-03T03:37:01.588Z
0.94400895,open,2021-07-03T03:46:00Z,843,50,0,893,893,24277[Börse],2021-07-03T03:47:00.297Z
0,open,2021-07-03T03:46:00Z,0,200,150,350,200,24276[Turmcenter],2021-07-03T03:47:00.297Z
0.017199017,open,2021-07-03T03:46:00Z,7,400,0,407,407,18944[Alte Oper],2021-07-03T03:47:00.297Z
0.021978023,open,2021-07-03T03:46:00Z,8,356,0,364,364,24281[Hauptbahnhof Süd],2021-07-03T03:47:00.297Z
0.2867738,open,2021-07-03T03:46:00Z,232,577,0,809,809,24279[Konstabler],2021-07-03T03:47:00.297Z
0.48122066,open,2021-07-03T03:46:00Z,205,221,0,426,426,18497[Hauptwache],2021-07-03T03:47:00.297Z
0,closed,2021-07-03T03:46:00Z,,,0,0,0,18495[Am Gericht],2021-07-03T03:47:00.297Z
0.079905994,open,2021-07-03T03:46:00Z,68,783,45,896,851,109240[MyZeil],2021-07-03T03:47:00.297Z
0.02134647,open,2021-07-03T03:46:00Z,13,596,0,609,609,18494[Konrad-Adenauer-Straße],2021-07-03T03:47:00.297Z
0,closed,2021-07-03T03:46:00Z,,,0,0,0,24278[Karstadt],2021-07-03T03:47:00.297Z
0.94400895,open,2021-07-03T04:01:00Z,843,50,0,893,893,24277[Börse],2021-07-03T04:02:00.428Z
0,open,2021-07-03T04:01:00Z,0,200,150,350,200,24276[Turmcenter],2021-07-03T04:02:00.428Z
0.017199017,open,2021-07-03T04:01:00Z,7,400,0,407,407,18944[Alte Oper],2021-07-03T04:02:00.428Z
0.021978023,open,2021-07-03T04:01:00Z,8,356,0,364,364,24281[Hauptbahnhof Süd],2021-07-03T04:02:00.428Z
0.28182942,open,2021-07-03T04:01:00Z,228,581,0,809,809,24279[Konstabler],2021-07-03T04:02:00.428Z
0.47887325,open,2021-07-03T04:01:00Z,204,222,0,426,426,18497[Hauptwache],2021-07-03T04:02:00.428Z
0.2382353,open,2021-07-03T04:01:00Z,162,518,0,680,680,18495[Am Gericht],2021-07-03T04:02:00.428Z
0.079905994,open,2021-07-03T04:01:00Z,68,783,45,896,851,109240[MyZeil],2021-07-03T04:02:00.428Z
0.02134647,open,2021-07-03T04:01:00Z,13,596,0,609,609,18494[Konrad-Adenauer-Straße],2021-07-03T04:02:00.428Z
0,closed,2021-07-03T04:01:00Z,,,0,0,0,24278[Karstadt],2021-07-03T04:02:00.428Z
0.94400895,open,2021-07-03T04:31:00Z,843,50,0,893,893,24277[Börse],2021-07-03T04:32:01.589Z
0,open,2021-07-03T04:31:00Z,0,200,150,350,200,24276[Turmcenter],2021-07-03T04:32:01.589Z
0.014742015,open,2021-07-03T04:31:00Z,6,401,0,407,407,18944[Alte Oper],2021-07-03T04:32:01.589Z
0.024725275,open,2021-07-03T04:31:00Z,9,355,0,364,364,24281[Hauptbahnhof Süd],2021-07-03T04:32:01.589Z
0.27935722,open,2021-07-03T04:31:00Z,226,583,0,809,809,24279[Konstabler],2021-07-03T04:32:01.589Z
0.48356807,open,2021-07-03T04:31:00Z,206,220,0,426,426,18497[Hauptwache],2021-07-03T04:32:01.589Z
0.2382353,open,2021-07-03T04:31:00Z,162,518,0,680,680,18495[Am Gericht],2021-07-03T04:32:01.589Z
0.079905994,open,2021-07-03T04:31:00Z,68,783,45,896,851,109240[MyZeil],2021-07-03T04:32:01.589Z
0.019704433,open,2021-07-03T04:31:00Z,12,597,0,609,609,18494[Konrad-Adenauer-Straße],2021-07-03T04:32:01.589Z
0,closed,2021-07-03T04:31:00Z,,,0,0,0,24278[Karstadt],2021-07-03T04:32:01.589Z
0.94400895,open,2021-07-03T04:51:00Z,843,50,0,893,893,24277[Börse],2021-07-03T04:52:00.440Z
0,open,2021-07-03T04:51:00Z,0,200,150,350,200,24276[Turmcenter],2021-07-03T04:52:00.440Z
0.014742015,open,2021-07-03T04:51:00Z,6,401,0,407,407,18944[Alte Oper],2021-07-03T04:52:00.440Z
0.021978023,open,2021-07-03T04:51:00Z,8,356,0,364,364,24281[Hauptbahnhof Süd],2021-07-03T04:52:00.440Z
0.2694685,open,2021-07-03T04:51:00Z,218,591,0,809,809,24279[Konstabler],2021-07-03T04:52:00.440Z
0.48122066,open,2021-07-03T04:51:00Z,205,221,0,426,426,18497[Hauptwache],2021-07-03T04:52:00.440Z
0.23529412,open,2021-07-03T04:51:00Z,160,520,0,680,680,18495[Am Gericht],2021-07-03T04:52:00.440Z
0.0787309,open,2021-07-03T04:51:00Z,67,784,45,896,851,109240[MyZeil],2021-07-03T04:52:00.440Z
0.018062398,open,2021-07-03T04:51:00Z,11,598,0,609,609,18494[Konrad-Adenauer-Straße],2021-07-03T04:52:00.440Z
0.031746034,open,2021-07-03T04:51:00Z,22,671,0,693,693,24278[Karstadt],2021-07-03T04:52:00.440Z
0.94400895,open,2021-07-03T05:11:00Z,843,50,0,893,893,24277[Börse],2021-07-03T05:12:02.965Z
0,open,2021-07-03T05:11:00Z,0,200,150,350,200,24276[Turmcenter],2021-07-03T05:12:02.965Z
0.014742015,open,2021-07-03T05:11:00Z,6,401,0,407,407,18944[Alte Oper],2021-07-03T05:12:02.965Z
0.024725275,open,2021-07-03T05:11:00Z,9,355,0,364,364,24281[Hauptbahnhof Süd],2021-07-03T05:12:02.965Z
0.27070457,open,2021-07-03T05:11:00Z,219,590,0,809,809,24279[Konstabler],2021-07-03T05:12:02.965Z
0.48826292,open,2021-07-03T05:11:00Z,208,218,0,426,426,18497[Hauptwache],2021-07-03T05:12:02.965Z
0.2367647,open,2021-07-03T05:11:00Z,161,519,0,680,680,18495[Am Gericht],2021-07-03T05:12:02.965Z
0.07755582,open,2021-07-03T05:11:00Z,66,785,45,896,851,109240[MyZeil],2021-07-03T05:12:02.965Z
0.018062398,open,2021-07-03T05:11:00Z,11,598,0,609,609,18494[Konrad-Adenauer-Straße],2021-07-03T05:12:02.965Z
0.033189032,open,2021-07-03T05:11:00Z,23,670,0,693,693,24278[Karstadt],2021-07-03T05:12:02.965Z
0.94400895,open,2021-07-03T05:21:00Z,843,50,0,893,893,24277[Börse],2021-07-03T05:22:00.678Z
0,open,2021-07-03T05:21:00Z,0,200,150,350,200,24276[Turmcenter],2021-07-03T05:22:00.678Z
0.014742015,open,2021-07-03T05:21:00Z,6,401,0,407,407,18944[Alte Oper],2021-07-03T05:22:00.678Z
0.024725275,open,2021-07-03T05:21:00Z,9,355,0,364,364,24281[Hauptbahnhof Süd],2021-07-03T05:22:00.678Z
0.27070457,open,2021-07-03T05:21:00Z,219,590,0,809,809,24279[Konstabler],2021-07-03T05:22:00.678Z
0.48826292,open,2021-07-03T05:21:00Z,208,218,0,426,426,18497[Hauptwache],2021-07-03T05:22:00.678Z
0.2382353,open,2021-07-03T05:21:00Z,162,518,0,680,680,18495[Am Gericht],2021-07-03T05:22:00.678Z
0.07755582,open,2021-07-03T05:21:00Z,66,785,45,896,851,109240[MyZeil],2021-07-03T05:22:00.678Z
0.01642036,open,2021-07-03T05:21:00Z,10,599,0,609,609,18494[Konrad-Adenauer-Straße],2021-07-03T05:22:00.678Z
0.033189032,open,2021-07-03T05:21:00Z,23,670,0,693,693,24278[Karstadt],2021-07-03T05:22:00.678Z
0.94400895,open,2021-07-03T05:31:00Z,843,50,0,893,893,24277[Börse],2021-07-03T05:32:02.120Z
0,open,2021-07-03T05:31:00Z,0,200,150,350,200,24276[Turmcenter],2021-07-03T05:32:02.120Z
0.014742015,open,2021-07-03T05:31:00Z,6,401,0,407,407,18944[Alte Oper],2021-07-03T05:32:02.120Z
0.027472528,open,2021-07-03T05:31:00Z,10,354,0,364,364,24281[Hauptbahnhof Süd],2021-07-03T05:32:02.120Z
0.27070457,open,2021-07-03T05:31:00Z,219,590,0,809,809,24279[Konstabler],2021-07-03T05:32:02.120Z
0.48826292,open,2021-07-03T05:31:00Z,208,218,0,426,426,18497[Hauptwache],2021-07-03T05:32:02.120Z
0.2367647,open,2021-07-03T05:31:00Z,161,519,0,680,680,18495[Am Gericht],2021-07-03T05:32:02.120Z
0.07755582,open,2021-07-03T05:31:00Z,66,785,45,896,851,109240[MyZeil],2021-07-03T05:32:02.120Z
0.01642036,open,2021-07-03T05:31:00Z,10,599,0,609,609,18494[Konrad-Adenauer-Straße],2021-07-03T05:32:02.120Z
0.034632035,open,2021-07-03T05:31:00Z,24,669,0,693,693,24278[Karstadt],2021-07-03T05:32:02.120Z
0.94400895,open,2021-07-03T05:41:00Z,843,50,0,893,893,24277[Börse],2021-07-03T05:42:00.033Z
0,open,2021-07-03T05:41:00Z,0,200,150,350,200,24276[Turmcenter],2021-07-03T05:42:00.033Z
0.014742015,open,2021-07-03T05:41:00Z,6,401,0,407,407,18944[Alte Oper],2021-07-03T05:42:00.033Z
0.027472528,open,2021-07-03T05:41:00Z,10,354,0,364,364,24281[Hauptbahnhof Süd],2021-07-03T05:42:00.033Z
0.2694685,open,2021-07-03T05:41:00Z,218,591,0,809,809,24279[Konstabler],2021-07-03T05:42:00.033Z
0.48826292,open,2021-07-03T05:41:00Z,208,218,0,426,426,18497[Hauptwache],2021-07-03T05:42:00.033Z
0.2367647,open,2021-07-03T05:41:00Z,161,519,0,680,680,18495[Am Gericht],2021-07-03T05:42:00.033Z
0.07755582,open,2021-07-03T05:41:00Z,66,785,45,896,851,109240[MyZeil],2021-07-03T05:42:00.033Z
0.018062398,open,2021-07-03T05:41:00Z,11,598,0,609,609,18494[Konrad-Adenauer-Straße],2021-07-03T05:42:00.033Z
0.036075037,open,2021-07-03T05:41:00Z,25,668,0,693,693,24278[Karstadt],2021-07-03T05:42:00.033Z
0.94400895,open,2021-07-03T05:56:00Z,843,50,0,893,893,24277[Börse],2021-07-03T05:57:02.885Z
0,open,2021-07-03T05:56:00Z,0,200,150,350,200,24276[Turmcenter],2021-07-03T05:57:02.885Z
0.014742015,open,2021-07-03T05:56:00Z,6,401,0,407,407,18944[Alte Oper],2021-07-03T05:57:02.885Z
0.027472528,open,2021-07-03T05:56:00Z,10,354,0,364,364,24281[Hauptbahnhof Süd],2021-07-03T05:57:02.885Z
0.2694685,open,2021-07-03T05:56:00Z,218,591,0,809,809,24279[Konstabler],2021-07-03T05:57:02.885Z
0.49061033,open,2021-07-03T05:56:00Z,209,217,0,426,426,18497[Hauptwache],2021-07-03T05:57:02.885Z
0.2382353,open,2021-07-03T05:56:00Z,162,518,0,680,680,18495[Am Gericht],2021-07-03T05:57:02.885Z
0.08225617,open,2021-07-03T05:56:00Z,70,781,45,896,851,109240[MyZeil],2021-07-03T05:57:02.885Z
0.024630541,open,2021-07-03T05:56:00Z,15,594,0,609,609,18494[Konrad-Adenauer-Straße],2021-07-03T05:57:02.885Z
0.034632035,open,2021-07-03T05:56:00Z,24,669,0,693,693,24278[Karstadt],2021-07-03T05:57:02.885Z
0.94400895,open,2021-07-03T06:21:00Z,843,50,0,893,893,24277[Börse],2021-07-03T06:22:01.139Z
0,open,2021-07-03T06:21:00Z,0,200,150,350,200,24276[Turmcenter],2021-07-03T06:22:01.139Z
0.017199017,open,2021-07-03T06:21:00Z,7,400,0,407,407,18944[Alte Oper],2021-07-03T06:22:01.139Z
0.03021978,open,2021-07-03T06:21:00Z,11,353,0,364,364,24281[Hauptbahnhof Süd],2021-07-03T06:22:01.139Z
0.28182942,open,2021-07-03T06:21:00Z,228,581,0,809,809,24279[Konstabler],2021-07-03T06:22:01.139Z
0.49530515,open,2021-07-03T06:21:00Z,211,215,0,426,426,18497[Hauptwache],2021-07-03T06:22:01.139Z
0.24264705,open,2021-07-03T06:21:00Z,165,515,0,680,680,18495[Am Gericht],2021-07-03T06:22:01.139Z
0.08343126,open,2021-07-03T06:21:00Z,71,780,45,896,851,109240[MyZeil],2021-07-03T06:22:01.139Z
0.027914613,open,2021-07-03T06:21:00Z,17,592,0,609,609,18494[Konrad-Adenauer-Straße],2021-07-03T06:22:01.139Z
0.036075037,open,2021-07-03T06:21:00Z,25,668,0,693,693,24278[Karstadt],2021-07-03T06:22:01.139Z
0.94400895,open,2021-07-03T06:36:00Z,843,50,0,893,893,24277[Börse],2021-07-03T06:42:00.357Z
0.015,open,2021-07-03T06:36:00Z,3,197,150,350,200,24276[Turmcenter],2021-07-03T06:42:00.357Z
0.022113021,open,2021-07-03T06:36:00Z,9,398,0,407,407,18944[Alte Oper],2021-07-03T06:42:00.357Z
0.03021978,open,2021-07-03T06:36:00Z,11,353,0,364,364,24281[Hauptbahnhof Süd],2021-07-03T06:42:00.357Z
0.29295427,open,2021-07-03T06:36:00Z,237,572,0,809,809,24279[Konstabler],2021-07-03T06:42:00.357Z
0.5023474,open,2021-07-03T06:36:00Z,214,212,0,426,426,18497[Hauptwache],2021-07-03T06:42:00.357Z
0.24411765,open,2021-07-03T06:36:00Z,166,514,0,680,680,18495[Am Gericht],2021-07-03T06:42:00.357Z
0.08695652,open,2021-07-03T06:36:00Z,74,777,45,896,851,109240[MyZeil],2021-07-03T06:42:00.357Z
0.02955665,open,2021-07-03T06:36:00Z,18,591,0,609,609,18494[Konrad-Adenauer-Straße],2021-07-03T06:42:00.357Z
0.041847043,open,2021-07-03T06:36:00Z,29,664,0,693,693,24278[Karstadt],2021-07-03T06:42:00.357Z
0.94400895,open,2021-07-03T06:51:00Z,843,50,0,893,893,24277[Börse],2021-07-03T06:57:00.094Z
0.04,open,2021-07-03T06:51:00Z,8,192,150,350,200,24276[Turmcenter],2021-07-03T06:57:00.094Z
0.034398034,open,2021-07-03T06:51:00Z,14,393,0,407,407,18944[Alte Oper],2021-07-03T06:57:00.094Z
0.027472528,open,2021-07-03T06:51:00Z,10,354,0,364,364,24281[Hauptbahnhof Süd],2021-07-03T06:57:00.094Z
0.3090235,open,2021-07-03T06:51:00Z,250,559,0,809,809,24279[Konstabler],2021-07-03T06:57:00.094Z
0.5164319,open,2021-07-03T06:51:00Z,220,206,0,426,426,18497[Hauptwache],2021-07-03T06:57:00.094Z
0.24411765,open,2021-07-03T06:51:00Z,166,514,0,680,680,18495[Am Gericht],2021-07-03T06:57:00.094Z
0.08695652,open,2021-07-03T06:51:00Z,74,777,45,896,851,109240[MyZeil],2021-07-03T06:57:00.094Z
0.03284072,open,2021-07-03T06:51:00Z,20,589,0,609,609,18494[Konrad-Adenauer-Straße],2021-07-03T06:57:00.094Z
0.046176046,open,2021-07-03T06:51:00Z,32,661,0,693,693,24278[Karstadt],2021-07-03T06:57:00.094Z
0.94400895,open,2021-07-03T07:12:00Z,843,50,0,893,893,24277[Börse],2021-07-03T07:17:00.883Z
0.06,open,2021-07-03T07:12:00Z,12,188,150,350,200,24276[Turmcenter],2021-07-03T07:17:00.883Z
0.054054055,open,2021-07-03T07:12:00Z,22,385,0,407,407,18944[Alte Oper],2021-07-03T07:17:00.883Z
0.027472528,open,2021-07-03T07:12:00Z,10,354,0,364,364,24281[Hauptbahnhof Süd],2021-07-03T07:17:00.883Z
0.33498147,open,2021-07-03T07:12:00Z,271,538,0,809,809,24279[Konstabler],2021-07-03T07:17:00.883Z
0.53286386,open,2021-07-03T07:12:00Z,227,199,0,426,426,18497[Hauptwache],2021-07-03T07:17:00.883Z
0.24705882,open,2021-07-03T07:12:00Z,168,512,0,680,680,18495[Am Gericht],2021-07-03T07:17:00.883Z
0.0893067,open,2021-07-03T07:12:00Z,76,775,45,896,851,109240[MyZeil],2021-07-03T07:17:00.883Z
0.03776683,open,2021-07-03T07:12:00Z,23,586,0,609,609,18494[Konrad-Adenauer-Straße],2021-07-03T07:17:00.883Z
0.05050505,open,2021-07-03T07:12:00Z,35,658,0,693,693,24278[Karstadt],2021-07-03T07:17:00.883Z
0.94400895,open,2021-07-03T07:22:00Z,843,50,0,893,893,24277[Börse],2021-07-03T07:27:01.884Z
0.07,open,2021-07-03T07:22:00Z,14,186,150,350,200,24276[Turmcenter],2021-07-03T07:27:01.884Z
0.05896806,open,2021-07-03T07:22:00Z,24,383,0,407,407,18944[Alte Oper],2021-07-03T07:27:01.884Z
0.03021978,open,2021-07-03T07:22:00Z,11,353,0,364,364,24281[Hauptbahnhof Süd],2021-07-03T07:27:01.884Z
0.3498146,open,2021-07-03T07:22:00Z,283,526,0,809,809,24279[Konstabler],2021-07-03T07:27:01.884Z
0.54460096,open,2021-07-03T07:22:00Z,232,194,0,426,426,18497[Hauptwache],2021-07-03T07:27:01.884Z
0.24411765,open,2021-07-03T07:22:00Z,166,514,0,680,680,18495[Am Gericht],2021-07-03T07:27:01.884Z
0.09165687,open,2021-07-03T07:22:00Z,78,773,45,896,851,109240[MyZeil],2021-07-03T07:27:01.884Z
0.04597701,open,2021-07-03T07:22:00Z,28,581,0,609,609,18494[Konrad-Adenauer-Straße],2021-07-03T07:27:01.884Z
0.056277055,open,2021-07-03T07:22:00Z,39,654,0,693,693,24278[Karstadt],2021-07-03T07:27:01.884Z
0.94400895,open,2021-07-03T07:32:00Z,843,50,0,893,893,24277[Börse],2021-07-03T07:37:02.594Z
0.08,open,2021-07-03T07:32:00Z,16,184,150,350,200,24276[Turmcenter],2021-07-03T07:37:02.594Z
0.07371008,open,2021-07-03T07:32:00Z,30,377,0,407,407,18944[Alte Oper],2021-07-03T07:37:02.594Z
0.03021978,open,2021-07-03T07:32:00Z,11,353,0,364,364,24281[Hauptbahnhof Süd],2021-07-03T07:37:02.594Z
0.37824476,open,2021-07-03T07:32:00Z,306,503,0,809,809,24279[Konstabler],2021-07-03T07:37:02.594Z
0.57511735,open,2021-07-03T07:32:00Z,245,181,0,426,426,18497[Hauptwache],2021-07-03T07:37:02.594Z
0.24411765,open,2021-07-03T07:32:00Z,166,514,0,680,680,18495[Am Gericht],2021-07-03T07:37:02.594Z
0.095182136,open,2021-07-03T07:32:00Z,81,770,45,896,851,109240[MyZeil],2021-07-03T07:37:02.594Z
0.052545156,open,2021-07-03T07:32:00Z,32,577,0,609,609,18494[Konrad-Adenauer-Straße],2021-07-03T07:37:02.594Z
0.07359307,open,2021-07-03T07:32:00Z,51,642,0,693,693,24278[Karstadt],2021-07-03T07:37:02.594Z
0.94400895,open,2021-07-03T07:42:00Z,843,50,0,893,893,24277[Börse],2021-07-03T07:47:01.019Z
0.09,open,2021-07-03T07:42:00Z,18,182,150,350,200,24276[Turmcenter],2021-07-03T07:47:01.019Z
0.085995086,open,2021-07-03T07:42:00Z,35,372,0,407,407,18944[Alte Oper],2021-07-03T07:47:01.019Z
0.03021978,open,2021-07-03T07:42:00Z,11,353,0,364,364,24281[Hauptbahnhof Süd],2021-07-03T07:47:01.019Z
0.40667492,open,2021-07-03T07:42:00Z,329,480,0,809,809,24279[Konstabler],2021-07-03T07:47:01.019Z
0.58920187,open,2021-07-03T07:42:00Z,251,175,0,426,426,18497[Hauptwache],2021-07-03T07:47:01.019Z
0.2514706,open,2021-07-03T07:42:00Z,171,509,0,680,680,18495[Am Gericht],2021-07-03T07:47:01.019Z
0.09635723,open,2021-07-03T07:42:00Z,82,769,45,896,851,109240[MyZeil],2021-07-03T07:47:01.019Z
0.06732348,open,2021-07-03T07:42:00Z,41,568,0,609,609,18494[Konrad-Adenauer-Straße],2021-07-03T07:47:01.019Z
0.07936508,open,2021-07-03T07:42:00Z,55,638,0,693,693,24278[Karstadt],2021-07-03T07:47:01.019Z
0.94400895,open,2021-07-03T07:57:00Z,843,50,0,893,893,24277[Börse],2021-07-03T08:02:00.649Z
0.115,open,2021-07-03T07:57:00Z,23,177,150,350,200,24276[Turmcenter],2021-07-03T08:02:00.649Z
0.13267814,open,2021-07-03T07:57:00Z,54,353,0,407,407,18944[Alte Oper],2021-07-03T08:02:00.649Z
0.032967035,open,2021-07-03T07:57:00Z,12,352,0,364,364,24281[Hauptbahnhof Süd],2021-07-03T08:02:00.649Z
0.473424,open,2021-07-03T07:57:00Z,383,426,0,809,809,24279[Konstabler],2021-07-03T08:02:00.649Z
0.65258217,open,2021-07-03T07:57:00Z,278,148,0,426,426,18497[Hauptwache],2021-07-03T08:02:00.649Z
0.2602941,open,2021-07-03T07:57:00Z,177,503,0,680,680,18495[Am Gericht],2021-07-03T08:02:00.649Z
0.111633375,open,2021-07-03T07:57:00Z,95,756,45,896,851,109240[MyZeil],2021-07-03T08:02:00.649Z
0.09688013,open,2021-07-03T07:57:00Z,59,550,0,609,609,18494[Konrad-Adenauer-Straße],2021-07-03T08:02:00.649Z
0.12409812,open,2021-07-03T07:57:00Z,86,607,0,693,693,24278[Karstadt],2021-07-03T08:02:00.649Z
0.94400895,open,2021-07-03T08:22:00Z,843,50,0,893,893,24277[Börse],2021-07-03T08:27:01.480Z
0.135,open,2021-07-03T08:22:00Z,27,173,150,350,200,24276[Turmcenter],2021-07-03T08:27:01.480Z
0.22850123,open,2021-07-03T08:22:00Z,93,314,0,407,407,18944[Alte Oper],2021-07-03T08:27:01.480Z
0.03021978,open,2021-07-03T08:22:00Z,11,353,0,364,364,24281[Hauptbahnhof Süd],2021-07-03T08:27:01.480Z
0.5933251,open,2021-07-03T08:22:00Z,480,329,0,809,809,24279[Konstabler],2021-07-03T08:27:01.480Z
0.75117373,open,2021-07-03T08:22:00Z,320,106,0,426,426,18497[Hauptwache],2021-07-03T08:27:01.480Z
0.28529412,open,2021-07-03T08:22:00Z,194,486,0,680,680,18495[Am Gericht],2021-07-03T08:27:01.480Z
0.16686252,open,2021-07-03T08:22:00Z,142,709,45,896,851,109240[MyZeil],2021-07-03T08:27:01.480Z
0.13793103,open,2021-07-03T08:22:00Z,84,525,0,609,609,18494[Konrad-Adenauer-Straße],2021-07-03T08:27:01.480Z
0.2020202,open,2021-07-03T08:22:00Z,140,553,0,693,693,24278[Karstadt],2021-07-03T08:27:01.480Z
0.94400895,open,2021-07-03T08:37:00Z,843,50,0,893,893,24277[Börse],2021-07-03T08:42:01.875Z
0.135,open,2021-07-03T08:37:00Z,27,173,150,350,200,24276[Turmcenter],2021-07-03T08:42:01.875Z
0.27764127,open,2021-07-03T08:37:00Z,113,294,0,407,407,18944[Alte Oper],2021-07-03T08:42:01.875Z
0.03021978,open,2021-07-03T08:37:00Z,11,353,0,364,364,24281[Hauptbahnhof Süd],2021-07-03T08:42:01.875Z
0.66625464,open,2021-07-03T08:37:00Z,539,270,0,809,809,24279[Konstabler],2021-07-03T08:42:01.875Z
0.80046946,open,2021-07-03T08:37:00Z,341,85,0,426,426,18497[Hauptwache],2021-07-03T08:42:01.875Z
0.30588236,open,2021-07-03T08:37:00Z,208,472,0,680,680,18495[Am Gericht],2021-07-03T08:42:01.875Z
0.19506463,open,2021-07-03T08:37:00Z,166,685,45,896,851,109240[MyZeil],2021-07-03T08:42:01.875Z
0.16256158,open,2021-07-03T08:37:00Z,99,510,0,609,609,18494[Konrad-Adenauer-Straße],2021-07-03T08:42:01.875Z
0.23088023,open,2021-07-03T08:37:00Z,160,533,0,693,693,24278[Karstadt],2021-07-03T08:42:01.875Z
0.94400895,open,2021-07-03T08:47:00Z,843,50,0,893,893,24277[Börse],2021-07-03T08:52:02.766Z
0.15,open,2021-07-03T08:47:00Z,30,170,150,350,200,24276[Turmcenter],2021-07-03T08:52:02.766Z
0.2972973,open,2021-07-03T08:47:00Z,121,286,0,407,407,18944[Alte Oper],2021-07-03T08:52:02.766Z
0.032967035,open,2021-07-03T08:47:00Z,12,352,0,364,364,24281[Hauptbahnhof Süd],2021-07-03T08:52:02.766Z
0.70704573,open,2021-07-03T08:47:00Z,572,237,0,809,809,24279[Konstabler],2021-07-03T08:52:02.766Z
0.84976524,open,2021-07-03T08:47:00Z,362,64,0,426,426,18497[Hauptwache],2021-07-03T08:52:02.766Z
0.31764707,open,2021-07-03T08:47:00Z,216,464,0,680,680,18495[Am Gericht],2021-07-03T08:52:02.766Z
0.21269095,open,2021-07-03T08:47:00Z,181,670,45,896,851,109240[MyZeil],2021-07-03T08:52:02.766Z
0.20197044,open,2021-07-03T08:47:00Z,123,486,0,609,609,18494[Konrad-Adenauer-Straße],2021-07-03T08:52:02.766Z
0.25541127,open,2021-07-03T08:47:00Z,177,516,0,693,693,24278[Karstadt],2021-07-03T08:52:02.766Z
0.94400895,open,2021-07-03T08:57:00Z,843,50,0,893,893,24277[Börse],2021-07-03T09:02:00.607Z
0.165,open,2021-07-03T08:57:00Z,33,167,150,350,200,24276[Turmcenter],2021-07-03T09:02:00.607Z
0.3243243,open,2021-07-03T08:57:00Z,132,275,0,407,407,18944[Alte Oper],2021-07-03T09:02:00.607Z
0.041208792,open,2021-07-03T08:57:00Z,15,349,0,364,364,24281[Hauptbahnhof Süd],2021-07-03T09:02:00.607Z
0.7391842,open,2021-07-03T08:57:00Z,598,211,0,809,809,24279[Konstabler],2021-07-03T09:02:00.607Z
0.87323946,open,2021-07-03T08:57:00Z,372,54,0,426,426,18497[Hauptwache],2021-07-03T09:02:00.607Z
0.325,open,2021-07-03T08:57:00Z,221,459,0,680,680,18495[Am Gericht],2021-07-03T09:02:00.607Z
0.21974148,open,2021-07-03T08:57:00Z,187,664,45,896,851,109240[MyZeil],2021-07-03T09:02:00.607Z
0.21018063,open,2021-07-03T08:57:00Z,128,481,0,609,609,18494[Konrad-Adenauer-Straße],2021-07-03T09:02:00.607Z
0.27417028,open,2021-07-03T08:57:00Z,190,503,0,693,693,24278[Karstadt],2021-07-03T09:02:00.607Z
0.94400895,open,2021-07-03T09:22:00Z,843,50,0,893,893,24277[Börse],2021-07-03T09:27:01.083Z
0.165,open,2021-07-03T09:22:00Z,33,167,150,350,200,24276[Turmcenter],2021-07-03T09:27:01.083Z
0.3906634,open,2021-07-03T09:22:00Z,159,248,0,407,407,18944[Alte Oper],2021-07-03T09:27:01.083Z
0.043956045,open,2021-07-03T09:22:00Z,16,348,0,364,364,24281[Hauptbahnhof Süd],2021-07-03T09:27:01.083Z
0.8380717,open,2021-07-03T09:22:00Z,678,131,0,809,809,24279[Konstabler],2021-07-03T09:27:01.083Z
0.97887325,open,2021-07-03T09:22:00Z,417,9,0,426,426,18497[Hauptwache],2021-07-03T09:27:01.083Z
0.3617647,open,2021-07-03T09:22:00Z,246,434,0,680,680,18495[Am Gericht],2021-07-03T09:27:01.083Z
0.2596945,open,2021-07-03T09:22:00Z,221,630,45,896,851,109240[MyZeil],2021-07-03T09:27:01.083Z
0.23973727,open,2021-07-03T09:22:00Z,146,463,0,609,609,18494[Konrad-Adenauer-Straße],2021-07-03T09:27:01.083Z
0.33477634,open,2021-07-03T09:22:00Z,232,461,0,693,693,24278[Karstadt],2021-07-03T09:27:01.083Z
0.94400895,open,2021-07-03T09:37:00Z,843,50,0,893,893,24277[Börse],2021-07-03T09:42:00.786Z
0.175,open,2021-07-03T09:37:00Z,35,165,150,350,200,24276[Turmcenter],2021-07-03T09:42:00.786Z
0.43980345,open,2021-07-03T09:37:00Z,179,228,0,407,407,18944[Alte Oper],2021-07-03T09:42:00.786Z
0.035714287,open,2021-07-03T09:37:00Z,13,351,0,364,364,24281[Hauptbahnhof Süd],2021-07-03T09:42:00.786Z
0.86650187,open,2021-07-03T09:37:00Z,701,108,0,809,809,24279[Konstabler],2021-07-03T09:42:00.786Z
1,open,2021-07-03T09:37:00Z,426,0,0,426,426,18497[Hauptwache],2021-07-03T09:42:00.786Z
0.3735294,open,2021-07-03T09:37:00Z,254,426,0,680,680,18495[Am Gericht],2021-07-03T09:42:00.786Z
0.26909518,open,2021-07-03T09:37:00Z,229,622,45,896,851,109240[MyZeil],2021-07-03T09:42:00.786Z
0.27750412,open,2021-07-03T09:37:00Z,169,440,0,609,609,18494[Konrad-Adenauer-Straße],2021-07-03T09:42:00.786Z
0.36507937,open,2021-07-03T09:37:00Z,253,440,0,693,693,24278[Karstadt],2021-07-03T09:42:00.786Z
0.94400895,open,2021-07-03T09:53:00Z,843,50,0,893,893,24277[Börse],2021-07-03T09:57:01.320Z
0.16,open,2021-07-03T09:53:00Z,32,168,150,350,200,24276[Turmcenter],2021-07-03T09:57:01.320Z
0.47420147,open,2021-07-03T09:53:00Z,193,214,0,407,407,18944[Alte Oper],2021-07-03T09:57:01.320Z
0.03021978,open,2021-07-03T09:53:00Z,11,353,0,364,364,24281[Hauptbahnhof Süd],2021-07-03T09:57:01.320Z
0.9134734,open,2021-07-03T09:53:00Z,739,70,0,809,809,24279[Konstabler],2021-07-03T09:57:01.320Z
0.9976526,open,2021-07-03T09:53:00Z,425,1,0,426,426,18497[Hauptwache],2021-07-03T09:57:01.320Z
0.39411765,open,2021-07-03T09:53:00Z,268,412,0,680,680,18495[Am Gericht],2021-07-03T09:57:01.320Z
0.29847237,open,2021-07-03T09:53:00Z,254,597,45,896,851,109240[MyZeil],2021-07-03T09:57:01.320Z
0.28899837,open,2021-07-03T09:53:00Z,176,433,0,609,609,18494[Konrad-Adenauer-Straße],2021-07-03T09:57:01.320Z
0.39105338,open,2021-07-03T09:53:00Z,271,422,0,693,693,24278[Karstadt],2021-07-03T09:57:01.320Z
0.94400895,open,2021-07-03T10:13:00Z,843,50,0,893,893,24277[Börse],2021-07-03T10:17:01.178Z
0.195,open,2021-07-03T10:13:00Z,39,161,150,350,200,24276[Turmcenter],2021-07-03T10:17:01.178Z
0.5061425,open,2021-07-03T10:13:00Z,206,201,0,407,407,18944[Alte Oper],2021-07-03T10:17:01.178Z
0.03021978,open,2021-07-03T10:13:00Z,11,353,0,364,364,24281[Hauptbahnhof Süd],2021-07-03T10:17:01.178Z
0.9592089,open,2021-07-03T10:13:00Z,776,33,0,809,809,24279[Konstabler],2021-07-03T10:17:01.178Z
1,open,2021-07-03T10:13:00Z,426,0,0,426,426,18497[Hauptwache],2021-07-03T10:17:01.178Z
0.42205882,open,2021-07-03T10:13:00Z,287,393,0,680,680,18495[Am Gericht],2021-07-03T10:17:01.178Z
0.33372504,open,2021-07-03T10:13:00Z,284,567,45,896,851,109240[MyZeil],2021-07-03T10:17:01.178Z
0.3218391,open,2021-07-03T10:13:00Z,196,413,0,609,609,18494[Konrad-Adenauer-Straße],2021-07-03T10:17:01.178Z
0.3924964,open,2021-07-03T10:13:00Z,272,421,0,693,693,24278[Karstadt],2021-07-03T10:17:01.178Z
0.94400895,open,2021-07-03T10:28:00Z,843,50,0,893,893,24277[Börse],2021-07-03T10:32:01.125Z
0.22,open,2021-07-03T10:28:00Z,44,156,150,350,200,24276[Turmcenter],2021-07-03T10:32:01.125Z
0.5110565,open,2021-07-03T10:28:00Z,208,199,0,407,407,18944[Alte Oper],2021-07-03T10:32:01.125Z
0.027472528,open,2021-07-03T10:28:00Z,10,354,0,364,364,24281[Hauptbahnhof Süd],2021-07-03T10:32:01.125Z
0.99011123,open,2021-07-03T10:28:00Z,801,8,0,809,809,24279[Konstabler],2021-07-03T10:32:01.125Z
1,open,2021-07-03T10:28:00Z,426,0,0,426,426,18497[Hauptwache],2021-07-03T10:32:01.125Z
0.44558823,open,2021-07-03T10:28:00Z,303,377,0,680,680,18495[Am Gericht],2021-07-03T10:32:01.125Z
0.33254993,open,2021-07-03T10:28:00Z,283,568,45,896,851,109240[MyZeil],2021-07-03T10:32:01.125Z
0.34318554,open,2021-07-03T10:28:00Z,209,400,0,609,609,18494[Konrad-Adenauer-Straße],2021-07-03T10:32:01.125Z
0.3968254,open,2021-07-03T10:28:00Z,275,418,0,693,693,24278[Karstadt],2021-07-03T10:32:01.125Z
0.94400895,open,2021-07-03T10:38:00Z,843,50,0,893,893,24277[Börse],2021-07-03T10:42:02.218Z
0.225,open,2021-07-03T10:38:00Z,45,155,150,350,200,24276[Turmcenter],2021-07-03T10:42:02.218Z
0.53562653,open,2021-07-03T10:38:00Z,218,189,0,407,407,18944[Alte Oper],2021-07-03T10:42:02.218Z
0.027472528,open,2021-07-03T10:38:00Z,10,354,0,364,364,24281[Hauptbahnhof Süd],2021-07-03T10:42:02.218Z
0.9913473,open,2021-07-03T10:38:00Z,802,7,0,809,809,24279[Konstabler],2021-07-03T10:42:02.218Z
1,open,2021-07-03T10:38:00Z,426,0,0,426,426,18497[Hauptwache],2021-07-03T10:42:02.218Z
0.45735294,open,2021-07-03T10:38:00Z,311,369,0,680,680,18495[Am Gericht],2021-07-03T10:42:02.218Z
0.3349001,open,2021-07-03T10:38:00Z,285,566,45,896,851,109240[MyZeil],2021-07-03T10:42:02.218Z
0.3727422,open,2021-07-03T10:38:00Z,227,382,0,609,609,18494[Konrad-Adenauer-Straße],2021-07-03T10:42:02.218Z
0.3982684,open,2021-07-03T10:38:00Z,276,417,0,693,693,24278[Karstadt],2021-07-03T10:42:02.218Z
0.94400895,open,2021-07-03T10:53:00Z,843,50,0,893,893,24277[Börse],2021-07-03T10:57:00.223Z
0.265,open,2021-07-03T10:53:00Z,53,147,150,350,200,24276[Turmcenter],2021-07-03T10:57:00.223Z
0.53808355,open,2021-07-03T10:53:00Z,219,188,0,407,407,18944[Alte Oper],2021-07-03T10:57:00.223Z
0.03021978,open,2021-07-03T10:53:00Z,11,353,0,364,364,24281[Hauptbahnhof Süd],2021-07-03T10:57:00.223Z
1,open,2021-07-03T10:53:00Z,809,0,0,809,809,24279[Konstabler],2021-07-03T10:57:00.223Z
1,open,2021-07-03T10:53:00Z,426,0,0,426,426,18497[Hauptwache],2021-07-03T10:57:00.223Z
0.46911764,open,2021-07-03T10:53:00Z,319,361,0,680,680,18495[Am Gericht],2021-07-03T10:57:00.223Z
0.33842537,open,2021-07-03T10:53:00Z,288,563,45,896,851,109240[MyZeil],2021-07-03T10:57:00.223Z
0.38423645,open,2021-07-03T10:53:00Z,234,375,0,609,609,18494[Konrad-Adenauer-Straße],2021-07-03T10:57:00.223Z
0.4040404,open,2021-07-03T10:53:00Z,280,413,0,693,693,24278[Karstadt],2021-07-03T10:57:00.223Z
0.94400895,open,2021-07-03T11:08:00Z,843,50,0,893,893,24277[Börse],2021-07-03T11:12:00.277Z
0.28,open,2021-07-03T11:08:00Z,56,144,150,350,200,24276[Turmcenter],2021-07-03T11:12:00.277Z
0.5675676,open,2021-07-03T11:08:00Z,231,176,0,407,407,18944[Alte Oper],2021-07-03T11:12:00.277Z
0.024725275,open,2021-07-03T11:08:00Z,9,355,0,364,364,24281[Hauptbahnhof Süd],2021-07-03T11:12:00.277Z
0.99258345,open,2021-07-03T11:08:00Z,803,6,0,809,809,24279[Konstabler],2021-07-03T11:12:00.277Z
1,open,2021-07-03T11:08:00Z,426,0,0,426,426,18497[Hauptwache],2021-07-03T11:12:00.277Z
0.49558824,open,2021-07-03T11:08:00Z,337,343,0,680,680,18495[Am Gericht],2021-07-03T11:12:00.277Z
0.3472706,open,2021-07-03T11:08:00Z,299,562,45,906,861,109240[MyZeil],2021-07-03T11:12:00.277Z
0.3908046,open,2021-07-03T11:08:00Z,238,371,0,609,609,18494[Konrad-Adenauer-Straße],2021-07-03T11:12:00.277Z
0.42424244,open,2021-07-03T11:08:00Z,294,399,0,693,693,24278[Karstadt],2021-07-03T11:12:00.277Z
0.94400895,open,2021-07-03T11:18:00Z,843,50,0,893,893,24277[Börse],2021-07-03T11:22:00.851Z
0.285,open,2021-07-03T11:18:00Z,57,143,150,350,200,24276[Turmcenter],2021-07-03T11:22:00.851Z
0.57002455,open,2021-07-03T11:18:00Z,232,175,0,407,407,18944[Alte Oper],2021-07-03T11:22:00.851Z
0.027472528,open,2021-07-03T11:18:00Z,10,354,0,364,364,24281[Hauptbahnhof Süd],2021-07-03T11:22:00.851Z
1,open,2021-07-03T11:18:00Z,809,0,0,809,809,24279[Konstabler],2021-07-03T11:22:00.851Z
0.9976526,open,2021-07-03T11:18:00Z,425,1,0,426,426,18497[Hauptwache],2021-07-03T11:22:00.851Z
0.50441176,open,2021-07-03T11:18:00Z,343,337,0,680,680,18495[Am Gericht],2021-07-03T11:22:00.851Z
0.36817655,open,2021-07-03T11:18:00Z,317,544,45,906,861,109240[MyZeil],2021-07-03T11:22:00.851Z
0.41050902,open,2021-07-03T11:18:00Z,250,359,0,609,609,18494[Konrad-Adenauer-Straße],2021-07-03T11:22:00.851Z
0.43001443,open,2021-07-03T11:18:00Z,298,395,0,693,693,24278[Karstadt],2021-07-03T11:22:00.851Z
0.94400895,open,2021-07-03T11:33:00Z,843,50,0,893,893,24277[Börse],2021-07-03T11:37:00.526Z
0.27,open,2021-07-03T11:33:00Z,54,146,150,350,200,24276[Turmcenter],2021-07-03T11:37:00.526Z
0.6044226,open,2021-07-03T11:33:00Z,246,161,0,407,407,18944[Alte Oper],2021-07-03T11:37:00.526Z
0.024725275,open,2021-07-03T11:33:00Z,9,355,0,364,364,24281[Hauptbahnhof Süd],2021-07-03T11:37:00.526Z
0.99258345,open,2021-07-03T11:33:00Z,803,6,0,809,809,24279[Konstabler],2021-07-03T11:37:00.526Z
0.9906103,open,2021-07-03T11:33:00Z,422,4,0,426,426,18497[Hauptwache],2021-07-03T11:37:00.526Z
0.5294118,open,2021-07-03T11:33:00Z,360,320,0,680,680,18495[Am Gericht],2021-07-03T11:37:00.526Z
0.3728223,open,2021-07-03T11:33:00Z,321,540,45,906,861,109240[MyZeil],2021-07-03T11:37:00.526Z
0.42528737,open,2021-07-03T11:33:00Z,259,350,0,609,609,18494[Konrad-Adenauer-Straße],2021-07-03T11:37:00.526Z
0.46031746,open,2021-07-03T11:33:00Z,319,374,0,693,693,24278[Karstadt],2021-07-03T11:37:00.526Z
0.94400895,open,2021-07-03T11:44:00Z,843,50,0,893,893,24277[Börse],2021-07-03T11:47:02.794Z
0.28,open,2021-07-03T11:44:00Z,56,144,150,350,200,24276[Turmcenter],2021-07-03T11:47:02.794Z
0.5921376,open,2021-07-03T11:44:00Z,241,166,0,407,407,18944[Alte Oper],2021-07-03T11:47:02.794Z
0.021978023,open,2021-07-03T11:44:00Z,8,356,0,364,364,24281[Hauptbahnhof Süd],2021-07-03T11:47:02.794Z
0.99258345,open,2021-07-03T11:44:00Z,803,6,0,809,809,24279[Konstabler],2021-07-03T11:47:02.794Z
0.9882629,open,2021-07-03T11:44:00Z,421,5,0,426,426,18497[Hauptwache],2021-07-03T11:47:02.794Z
0.5323529,open,2021-07-03T11:44:00Z,362,318,0,680,680,18495[Am Gericht],2021-07-03T11:47:02.794Z
0.38559815,open,2021-07-03T11:44:00Z,332,529,45,906,861,109240[MyZeil],2021-07-03T11:47:02.794Z
0.44334975,open,2021-07-03T11:44:00Z,270,339,0,609,609,18494[Konrad-Adenauer-Straße],2021-07-03T11:47:02.794Z
0.47330448,open,2021-07-03T11:44:00Z,328,365,0,693,693,24278[Karstadt],2021-07-03T11:47:02.794Z
0.94400895,open,2021-07-03T11:54:00Z,843,50,0,893,893,24277[Börse],2021-07-03T11:57:00.414Z
0.275,open,2021-07-03T11:54:00Z,55,145,150,350,200,24276[Turmcenter],2021-07-03T11:57:00.414Z
0.6044226,open,2021-07-03T11:54:00Z,246,161,0,407,407,18944[Alte Oper],2021-07-03T11:57:00.414Z
0.01923077,open,2021-07-03T11:54:00Z,7,357,0,364,364,24281[Hauptbahnhof Süd],2021-07-03T11:57:00.414Z
0.99258345,open,2021-07-03T11:54:00Z,803,6,0,809,809,24279[Konstabler],2021-07-03T11:57:00.414Z
1,open,2021-07-03T11:54:00Z,426,0,0,426,426,18497[Hauptwache],2021-07-03T11:57:00.414Z
0.52794117,open,2021-07-03T11:54:00Z,359,321,0,680,680,18495[Am Gericht],2021-07-03T11:57:00.414Z
0.39488965,open,2021-07-03T11:54:00Z,340,521,45,906,861,109240[MyZeil],2021-07-03T11:57:00.414Z
0.4679803,open,2021-07-03T11:54:00Z,285,324,0,609,609,18494[Konrad-Adenauer-Straße],2021-07-03T11:57:00.414Z
0.48196247,open,2021-07-03T11:54:00Z,334,359,0,693,693,24278[Karstadt],2021-07-03T11:57:00.414Z
0.94400895,open,2021-07-03T12:29:00Z,843,50,0,893,893,24277[Börse],2021-07-03T12:32:02.242Z
0.29,open,2021-07-03T12:29:00Z,58,142,150,350,200,24276[Turmcenter],2021-07-03T12:32:02.242Z
0.6289926,open,2021-07-03T12:29:00Z,256,151,0,407,407,18944[Alte Oper],2021-07-03T12:32:02.242Z
0.016483517,open,2021-07-03T12:29:00Z,6,358,0,364,364,24281[Hauptbahnhof Süd],2021-07-03T12:32:02.242Z
0.986403,open,2021-07-03T12:29:00Z,798,11,0,809,809,24279[Konstabler],2021-07-03T12:32:02.242Z
0.9624413,open,2021-07-03T12:29:00Z,410,16,0,426,426,18497[Hauptwache],2021-07-03T12:32:02.242Z
0.54558825,open,2021-07-03T12:29:00Z,371,309,0,680,680,18495[Am Gericht],2021-07-03T12:32:02.242Z
0.4367015,open,2021-07-03T12:29:00Z,376,485,45,906,861,109240[MyZeil],2021-07-03T12:32:02.242Z
0.48768473,open,2021-07-03T12:29:00Z,297,312,0,609,609,18494[Konrad-Adenauer-Straße],2021-07-03T12:32:02.242Z
0.47763348,open,2021-07-03T12:29:00Z,331,362,0,693,693,24278[Karstadt],2021-07-03T12:32:02.242Z
0.94400895,open,2021-07-03T12:54:00Z,843,50,0,893,893,24277[Börse],2021-07-03T12:57:02.567Z
0.325,open,2021-07-03T12:54:00Z,65,135,150,350,200,24276[Turmcenter],2021-07-03T12:57:02.567Z
0.65110564,open,2021-07-03T12:54:00Z,265,142,0,407,407,18944[Alte Oper],2021-07-03T12:57:02.567Z
0.01923077,open,2021-07-03T12:54:00Z,7,357,0,364,364,24281[Hauptbahnhof Süd],2021-07-03T12:57:02.567Z
1,open,2021-07-03T12:54:00Z,809,0,0,809,809,24279[Konstabler],2021-07-03T12:57:02.567Z
1,open,2021-07-03T12:54:00Z,426,0,0,426,426,18497[Hauptwache],2021-07-03T12:57:02.567Z
0.59117645,open,2021-07-03T12:54:00Z,402,278,0,680,680,18495[Am Gericht],2021-07-03T12:57:02.567Z
0.4541231,open,2021-07-03T12:54:00Z,391,470,45,906,861,109240[MyZeil],2021-07-03T12:57:02.567Z
0.5106732,open,2021-07-03T12:54:00Z,311,298,0,609,609,18494[Konrad-Adenauer-Straße],2021-07-03T12:57:02.567Z
0.5194805,open,2021-07-03T12:54:00Z,360,333,0,693,693,24278[Karstadt],2021-07-03T12:57:02.567Z
0.94400895,open,2021-07-03T13:19:00Z,843,50,0,893,893,24277[Börse],2021-07-03T13:22:00.849Z
0.34,open,2021-07-03T13:19:00Z,68,132,150,350,200,24276[Turmcenter],2021-07-03T13:22:00.849Z
0.61179364,open,2021-07-03T13:19:00Z,249,158,0,407,407,18944[Alte Oper],2021-07-03T13:22:00.849Z
0.021978023,open,2021-07-03T13:19:00Z,8,356,0,364,364,24281[Hauptbahnhof Süd],2021-07-03T13:22:00.849Z
1,open,2021-07-03T13:19:00Z,809,0,0,809,809,24279[Konstabler],2021-07-03T13:22:00.849Z
1,open,2021-07-03T13:19:00Z,426,0,0,426,426,18497[Hauptwache],2021-07-03T13:22:00.849Z
0.6132353,open,2021-07-03T13:19:00Z,417,263,0,680,680,18495[Am Gericht],2021-07-03T13:22:00.849Z
0.45296168,open,2021-07-03T13:19:00Z,390,471,45,906,861,109240[MyZeil],2021-07-03T13:22:00.849Z
0.48768473,open,2021-07-03T13:19:00Z,297,312,0,609,609,18494[Konrad-Adenauer-Straße],2021-07-03T13:22:00.849Z
0.5367965,open,2021-07-03T13:19:00Z,372,321,0,693,693,24278[Karstadt],2021-07-03T13:22:00.849Z
0.94400895,open,2021-07-03T13:34:00Z,843,50,0,893,893,24277[Börse],2021-07-03T13:37:00.121Z
0.335,open,2021-07-03T13:34:00Z,67,133,150,350,200,24276[Turmcenter],2021-07-03T13:37:00.121Z
0.5675676,open,2021-07-03T13:34:00Z,231,176,0,407,407,18944[Alte Oper],2021-07-03T13:37:00.121Z
0.024725275,open,2021-07-03T13:34:00Z,9,355,0,364,364,24281[Hauptbahnhof Süd],2021-07-03T13:37:00.121Z
0.99258345,open,2021-07-03T13:34:00Z,803,6,0,809,809,24279[Konstabler],2021-07-03T13:37:00.121Z
1,open,2021-07-03T13:34:00Z,426,0,0,426,426,18497[Hauptwache],2021-07-03T13:37:00.121Z
0.64411765,open,2021-07-03T13:34:00Z,438,242,0,680,680,18495[Am Gericht],2021-07-03T13:37:00.121Z
0.45180023,open,2021-07-03T13:34:00Z,389,472,45,906,861,109240[MyZeil],2021-07-03T13:37:00.121Z
0.50246304,open,2021-07-03T13:34:00Z,306,303,0,609,609,18494[Konrad-Adenauer-Straße],2021-07-03T13:37:00.121Z
0.5526695,open,2021-07-03T13:34:00Z,383,310,0,693,693,24278[Karstadt],2021-07-03T13:37:00.121Z
0.94400895,open,2021-07-03T13:40:00Z,843,50,0,893,893,24277[Börse],2021-07-03T13:42:02.554Z
0.34,open,2021-07-03T13:40:00Z,68,132,150,350,200,24276[Turmcenter],2021-07-03T13:42:02.554Z
0.56265354,open,2021-07-03T13:40:00Z,229,178,0,407,407,18944[Alte Oper],2021-07-03T13:42:02.554Z
0.024725275,open,2021-07-03T13:40:00Z,9,355,0,364,364,24281[Hauptbahnhof Süd],2021-07-03T13:42:02.554Z
0.98887515,open,2021-07-03T13:40:00Z,800,9,0,809,809,24279[Konstabler],2021-07-03T13:42:02.554Z
1,open,2021-07-03T13:40:00Z,426,0,0,426,426,18497[Hauptwache],2021-07-03T13:42:02.554Z
0.65294117,open,2021-07-03T13:40:00Z,444,236,0,680,680,18495[Am Gericht],2021-07-03T13:42:02.554Z
0.46573752,open,2021-07-03T13:40:00Z,401,460,45,906,861,109240[MyZeil],2021-07-03T13:42:02.554Z
0.49425286,open,2021-07-03T13:40:00Z,301,308,0,609,609,18494[Konrad-Adenauer-Straße],2021-07-03T13:42:02.554Z
0.5497835,open,2021-07-03T13:40:00Z,381,312,0,693,693,24278[Karstadt],2021-07-03T13:42:02.554Z
0.94400895,open,2021-07-03T13:50:00Z,843,50,0,893,893,24277[Börse],2021-07-03T13:52:01.844Z
0.35,open,2021-07-03T13:50:00Z,70,130,150,350,200,24276[Turmcenter],2021-07-03T13:52:01.844Z
0.55528253,open,2021-07-03T13:50:00Z,226,181,0,407,407,18944[Alte Oper],2021-07-03T13:52:01.844Z
0.027472528,open,2021-07-03T13:50:00Z,10,354,0,364,364,24281[Hauptbahnhof Süd],2021-07-03T13:52:01.844Z
0.99258345,open,2021-07-03T13:50:00Z,803,6,0,809,809,24279[Konstabler],2021-07-03T13:52:01.844Z
1,open,2021-07-03T13:50:00Z,426,0,0,426,426,18497[Hauptwache],2021-07-03T13:52:01.844Z
0.65882355,open,2021-07-03T13:50:00Z,448,232,0,680,680,18495[Am Gericht],2021-07-03T13:52:01.844Z
0.45876887,open,2021-07-03T13:50:00Z,395,466,45,906,861,109240[MyZeil],2021-07-03T13:52:01.844Z
0.50246304,open,2021-07-03T13:50:00Z,306,303,0,609,609,18494[Konrad-Adenauer-Straße],2021-07-03T13:52:01.844Z
0.53535354,open,2021-07-03T13:50:00Z,371,322,0,693,693,24278[Karstadt],2021-07-03T13:52:01.844Z
0.94400895,open,2021-07-03T14:10:00Z,843,50,0,893,893,24277[Börse],2021-07-03T14:12:01.463Z
0.345,open,2021-07-03T14:10:00Z,69,131,150,350,200,24276[Turmcenter],2021-07-03T14:12:01.463Z
0.55036855,open,2021-07-03T14:10:00Z,224,183,0,407,407,18944[Alte Oper],2021-07-03T14:12:01.463Z
0.027472528,open,2021-07-03T14:10:00Z,10,354,0,364,364,24281[Hauptbahnhof Süd],2021-07-03T14:12:01.463Z
0.9913473,open,2021-07-03T14:10:00Z,802,7,0,809,809,24279[Konstabler],2021-07-03T14:12:01.463Z
1,open,2021-07-03T14:10:00Z,426,0,0,426,426,18497[Hauptwache],2021-07-03T14:12:01.463Z
0.6882353,open,2021-07-03T14:10:00Z,468,212,0,680,680,18495[Am Gericht],2021-07-03T14:12:01.463Z
0.4680604,open,2021-07-03T14:10:00Z,403,458,45,906,861,109240[MyZeil],2021-07-03T14:12:01.463Z
0.51724136,open,2021-07-03T14:10:00Z,315,294,0,609,609,18494[Konrad-Adenauer-Straße],2021-07-03T14:12:01.463Z
0.53968257,open,2021-07-03T14:10:00Z,374,319,0,693,693,24278[Karstadt],2021-07-03T14:12:01.463Z
0.94400895,open,2021-07-03T14:25:00Z,843,50,0,893,893,24277[Börse],2021-07-03T14:27:01.042Z
0.35,open,2021-07-03T14:25:00Z,70,130,150,350,200,24276[Turmcenter],2021-07-03T14:27:01.042Z
0.5257985,open,2021-07-03T14:25:00Z,214,193,0,407,407,18944[Alte Oper],2021-07-03T14:27:01.042Z
0.032967035,open,2021-07-03T14:25:00Z,12,352,0,364,364,24281[Hauptbahnhof Süd],2021-07-03T14:27:01.042Z
1,open,2021-07-03T14:25:00Z,809,0,0,809,809,24279[Konstabler],2021-07-03T14:27:01.042Z
1,open,2021-07-03T14:25:00Z,426,0,0,426,426,18497[Hauptwache],2021-07-03T14:27:01.042Z
0.6911765,open,2021-07-03T14:25:00Z,470,210,0,680,680,18495[Am Gericht],2021-07-03T14:27:01.042Z
0.47270617,open,2021-07-03T14:25:00Z,407,454,45,906,861,109240[MyZeil],2021-07-03T14:27:01.042Z
0.50574714,open,2021-07-03T14:25:00Z,308,301,0,609,609,18494[Konrad-Adenauer-Straße],2021-07-03T14:27:01.042Z
0.55122656,open,2021-07-03T14:25:00Z,382,311,0,693,693,24278[Karstadt],2021-07-03T14:27:01.042Z
0.94400895,open,2021-07-03T14:35:00Z,843,50,0,893,893,24277[Börse],2021-07-03T14:37:00.088Z
0.335,open,2021-07-03T14:35:00Z,67,133,150,350,200,24276[Turmcenter],2021-07-03T14:37:00.088Z
0.5110565,open,2021-07-03T14:35:00Z,208,199,0,407,407,18944[Alte Oper],2021-07-03T14:37:00.088Z
0.032967035,open,2021-07-03T14:35:00Z,12,352,0,364,364,24281[Hauptbahnhof Süd],2021-07-03T14:37:00.088Z
0.99381953,open,2021-07-03T14:35:00Z,804,5,0,809,809,24279[Konstabler],2021-07-03T14:37:00.088Z
1,open,2021-07-03T14:35:00Z,426,0,0,426,426,18497[Hauptwache],2021-07-03T14:37:00.088Z
0.7058824,open,2021-07-03T14:35:00Z,480,200,0,680,680,18495[Am Gericht],2021-07-03T14:37:00.088Z
0.4599303,open,2021-07-03T14:35:00Z,396,465,45,906,861,109240[MyZeil],2021-07-03T14:37:00.088Z
0.500821,open,2021-07-03T14:35:00Z,305,304,0,609,609,18494[Konrad-Adenauer-Straße],2021-07-03T14:37:00.088Z
0.55411255,open,2021-07-03T14:35:00Z,384,309,0,693,693,24278[Karstadt],2021-07-03T14:37:00.088Z
0.94400895,open,2021-07-03T14:45:00Z,843,50,0,893,893,24277[Börse],2021-07-03T14:47:00.143Z
0.285,open,2021-07-03T14:45:00Z,57,143,150,350,200,24276[Turmcenter],2021-07-03T14:47:00.143Z
0.5036855,open,2021-07-03T14:45:00Z,205,202,0,407,407,18944[Alte Oper],2021-07-03T14:47:00.143Z
0.032967035,open,2021-07-03T14:45:00Z,12,352,0,364,364,24281[Hauptbahnhof Süd],2021-07-03T14:47:00.143Z
1,open,2021-07-03T14:45:00Z,809,0,0,809,809,24279[Konstabler],2021-07-03T14:47:00.143Z
1,open,2021-07-03T14:45:00Z,426,0,0,426,426,18497[Hauptwache],2021-07-03T14:47:00.143Z
0.69411767,open,2021-07-03T14:45:00Z,472,208,0,680,680,18495[Am Gericht],2021-07-03T14:47:00.143Z
0.4506388,open,2021-07-03T14:45:00Z,388,473,45,906,861,109240[MyZeil],2021-07-03T14:47:00.143Z
0.47947454,open,2021-07-03T14:45:00Z,292,317,0,609,609,18494[Konrad-Adenauer-Straße],2021-07-03T14:47:00.143Z
0.55122656,open,2021-07-03T14:45:00Z,382,311,0,693,693,24278[Karstadt],2021-07-03T14:47:00.143Z
0.94400895,open,2021-07-03T14:55:00Z,843,50,0,893,893,24277[Börse],2021-07-03T14:57:02.892Z
0.265,open,2021-07-03T14:55:00Z,53,147,150,350,200,24276[Turmcenter],2021-07-03T14:57:02.892Z
0.48157248,open,2021-07-03T14:55:00Z,196,211,0,407,407,18944[Alte Oper],2021-07-03T14:57:02.892Z
0.032967035,open,2021-07-03T14:55:00Z,12,352,0,364,364,24281[Hauptbahnhof Süd],2021-07-03T14:57:02.892Z
1,open,2021-07-03T14:55:00Z,809,0,0,809,809,24279[Konstabler],2021-07-03T14:57:02.892Z
1,open,2021-07-03T14:55:00Z,426,0,0,426,426,18497[Hauptwache],2021-07-03T14:57:02.892Z
0.7102941,open,2021-07-03T14:55:00Z,483,197,0,680,680,18495[Am Gericht],2021-07-03T14:57:02.892Z
0.43786296,open,2021-07-03T14:55:00Z,377,484,45,906,861,109240[MyZeil],2021-07-03T14:57:02.892Z
0.4827586,open,2021-07-03T14:55:00Z,294,315,0,609,609,18494[Konrad-Adenauer-Straße],2021-07-03T14:57:02.892Z
0.56277055,open,2021-07-03T14:55:00Z,390,303,0,693,693,24278[Karstadt],2021-07-03T14:57:02.892Z
0.94400895,open,2021-07-03T15:25:00Z,843,50,0,893,893,24277[Börse],2021-07-03T15:27:00.316Z
0.24,open,2021-07-03T15:25:00Z,48,152,150,350,200,24276[Turmcenter],2021-07-03T15:27:00.316Z
0.47420147,open,2021-07-03T15:25:00Z,193,214,0,407,407,18944[Alte Oper],2021-07-03T15:27:00.316Z
0.032967035,open,2021-07-03T15:25:00Z,12,352,0,364,364,24281[Hauptbahnhof Süd],2021-07-03T15:27:00.316Z
0.9802225,open,2021-07-03T15:25:00Z,793,16,0,809,809,24279[Konstabler],2021-07-03T15:27:00.316Z
0.97652584,open,2021-07-03T15:25:00Z,416,10,0,426,426,18497[Hauptwache],2021-07-03T15:27:00.316Z
0.7,open,2021-07-03T15:25:00Z,476,204,0,680,680,18495[Am Gericht],2021-07-03T15:27:00.316Z
0.40998837,open,2021-07-03T15:25:00Z,353,508,45,906,861,109240[MyZeil],2021-07-03T15:27:00.316Z
0.45155993,open,2021-07-03T15:25:00Z,275,334,0,609,609,18494[Konrad-Adenauer-Straße],2021-07-03T15:27:00.316Z
0.52380955,open,2021-07-03T15:25:00Z,363,330,0,693,693,24278[Karstadt],2021-07-03T15:27:00.316Z
0.94400895,open,2021-07-03T15:41:00Z,843,50,0,893,893,24277[Börse],2021-07-03T15:42:02.487Z
0.235,open,2021-07-03T15:41:00Z,47,153,150,350,200,24276[Turmcenter],2021-07-03T15:42:02.487Z
0.44717446,open,2021-07-03T15:41:00Z,182,225,0,407,407,18944[Alte Oper],2021-07-03T15:42:02.487Z
0.03021978,open,2021-07-03T15:41:00Z,11,353,0,364,364,24281[Hauptbahnhof Süd],2021-07-03T15:42:02.487Z
0.9629172,open,2021-07-03T15:41:00Z,779,30,0,809,809,24279[Konstabler],2021-07-03T15:42:02.487Z
1,open,2021-07-03T15:41:00Z,426,0,0,426,426,18497[Hauptwache],2021-07-03T15:42:02.487Z
0.7132353,open,2021-07-03T15:41:00Z,485,195,0,680,680,18495[Am Gericht],2021-07-03T15:42:02.487Z
0.40650406,open,2021-07-03T15:41:00Z,350,511,45,906,861,109240[MyZeil],2021-07-03T15:42:02.487Z
0.42692938,open,2021-07-03T15:41:00Z,260,349,0,609,609,18494[Konrad-Adenauer-Straße],2021-07-03T15:42:02.487Z
0.4963925,open,2021-07-03T15:41:00Z,344,349,0,693,693,24278[Karstadt],2021-07-03T15:42:02.487Z
0.94400895,open,2021-07-03T15:56:00Z,843,50,0,893,893,24277[Börse],2021-07-03T15:57:01.613Z
0.23,open,2021-07-03T15:56:00Z,46,154,150,350,200,24276[Turmcenter],2021-07-03T15:57:01.613Z
0.43980345,open,2021-07-03T15:56:00Z,179,228,0,407,407,18944[Alte Oper],2021-07-03T15:57:01.613Z
0.032967035,open,2021-07-03T15:56:00Z,12,352,0,364,364,24281[Hauptbahnhof Süd],2021-07-03T15:57:01.613Z
0.9653894,open,2021-07-03T15:56:00Z,781,28,0,809,809,24279[Konstabler],2021-07-03T15:57:01.613Z
1,open,2021-07-03T15:56:00Z,426,0,0,426,426,18497[Hauptwache],2021-07-03T15:57:01.613Z
0.7132353,open,2021-07-03T15:56:00Z,485,195,0,680,680,18495[Am Gericht],2021-07-03T15:57:01.613Z
0.37746805,open,2021-07-03T15:56:00Z,325,536,45,906,861,109240[MyZeil],2021-07-03T15:57:01.613Z
0.41215107,open,2021-07-03T15:56:00Z,251,358,0,609,609,18494[Konrad-Adenauer-Straße],2021-07-03T15:57:01.613Z
0.46608946,open,2021-07-03T15:56:00Z,323,370,0,693,693,24278[Karstadt],2021-07-03T15:57:01.613Z
0.94400895,open,2021-07-03T16:21:00Z,843,50,0,893,893,24277[Börse],2021-07-03T16:27:01.467Z
0.295,open,2021-07-03T16:21:00Z,59,141,150,350,200,24276[Turmcenter],2021-07-03T16:27:01.467Z
0.4226044,open,2021-07-03T16:21:00Z,172,235,0,407,407,18944[Alte Oper],2021-07-03T16:27:01.467Z
0.03021978,open,2021-07-03T16:21:00Z,11,353,0,364,364,24281[Hauptbahnhof Süd],2021-07-03T16:27:01.467Z
0.9579728,open,2021-07-03T16:21:00Z,775,34,0,809,809,24279[Konstabler],2021-07-03T16:27:01.467Z
1,open,2021-07-03T16:21:00Z,426,0,0,426,426,18497[Hauptwache],2021-07-03T16:27:01.467Z
0.6970588,open,2021-07-03T16:21:00Z,474,206,0,680,680,18495[Am Gericht],2021-07-03T16:27:01.467Z
0.33914053,open,2021-07-03T16:21:00Z,292,569,45,906,861,109240[MyZeil],2021-07-03T16:27:01.467Z
0.39901477,open,2021-07-03T16:21:00Z,243,366,0,609,609,18494[Konrad-Adenauer-Straße],2021-07-03T16:27:01.467Z
0.4011544,open,2021-07-03T16:21:00Z,278,415,0,693,693,24278[Karstadt],2021-07-03T16:27:01.467Z
0.94400895,open,2021-07-03T16:52:00Z,843,50,0,893,893,24277[Börse],2021-07-03T16:57:00.477Z
0.335,open,2021-07-03T16:52:00Z,67,133,150,350,200,24276[Turmcenter],2021-07-03T16:57:00.477Z
0.43488944,open,2021-07-03T16:52:00Z,177,230,0,407,407,18944[Alte Oper],2021-07-03T16:57:00.477Z
0.032967035,open,2021-07-03T16:52:00Z,12,352,0,364,364,24281[Hauptbahnhof Süd],2021-07-03T16:57:00.477Z
0.9357231,open,2021-07-03T16:52:00Z,757,52,0,809,809,24279[Konstabler],2021-07-03T16:57:00.477Z
1,open,2021-07-03T16:52:00Z,426,0,0,426,426,18497[Hauptwache],2021-07-03T16:57:00.477Z
0.69264704,open,2021-07-03T16:52:00Z,471,209,0,680,680,18495[Am Gericht],2021-07-03T16:57:00.477Z
0.31374854,open,2021-07-03T16:52:00Z,267,584,45,896,851,109240[MyZeil],2021-07-03T16:57:00.477Z
0.3908046,open,2021-07-03T16:52:00Z,238,371,0,609,609,18494[Konrad-Adenauer-Straße],2021-07-03T16:57:00.477Z
0.33333334,open,2021-07-03T16:52:00Z,231,462,0,693,693,24278[Karstadt],2021-07-03T16:57:00.477Z
0.94400895,open,2021-07-03T17:22:00Z,843,50,0,893,893,24277[Börse],2021-07-03T17:27:01.309Z
0.385,open,2021-07-03T17:22:00Z,77,123,150,350,200,24276[Turmcenter],2021-07-03T17:27:01.309Z
0.45208845,open,2021-07-03T17:22:00Z,184,223,0,407,407,18944[Alte Oper],2021-07-03T17:27:01.309Z
0.035714287,open,2021-07-03T17:22:00Z,13,351,0,364,364,24281[Hauptbahnhof Süd],2021-07-03T17:27:01.309Z
0.8875154,open,2021-07-03T17:22:00Z,718,91,0,809,809,24279[Konstabler],2021-07-03T17:27:01.309Z
0.97887325,open,2021-07-03T17:22:00Z,417,9,0,426,426,18497[Hauptwache],2021-07-03T17:27:01.309Z
0.6720588,open,2021-07-03T17:22:00Z,457,223,0,680,680,18495[Am Gericht],2021-07-03T17:27:01.309Z
0.25499412,open,2021-07-03T17:22:00Z,217,634,45,896,851,109240[MyZeil],2021-07-03T17:27:01.309Z
0.33825943,open,2021-07-03T17:22:00Z,206,403,0,609,609,18494[Konrad-Adenauer-Straße],2021-07-03T17:27:01.309Z
0.23809524,open,2021-07-03T17:22:00Z,165,528,0,693,693,24278[Karstadt],2021-07-03T17:27:01.309Z
0.94400895,open,2021-07-03T17:37:00Z,843,50,0,893,893,24277[Börse],2021-07-03T17:42:01.786Z
0.445,open,2021-07-03T17:37:00Z,89,111,150,350,200,24276[Turmcenter],2021-07-03T17:42:01.786Z
0.44963145,open,2021-07-03T17:37:00Z,183,224,0,407,407,18944[Alte Oper],2021-07-03T17:42:01.786Z
0.032967035,open,2021-07-03T17:37:00Z,12,352,0,364,364,24281[Hauptbahnhof Süd],2021-07-03T17:42:01.786Z
0.88627934,open,2021-07-03T17:37:00Z,717,92,0,809,809,24279[Konstabler],2021-07-03T17:42:01.786Z
1,open,2021-07-03T17:37:00Z,426,0,0,426,426,18497[Hauptwache],2021-07-03T17:42:01.786Z
0.6720588,open,2021-07-03T17:37:00Z,457,223,0,680,680,18495[Am Gericht],2021-07-03T17:42:01.786Z
0.2573443,open,2021-07-03T17:37:00Z,219,632,45,896,851,109240[MyZeil],2021-07-03T17:42:01.786Z
0.33333334,open,2021-07-03T17:37:00Z,203,406,0,609,609,18494[Konrad-Adenauer-Straße],2021-07-03T17:42:01.786Z
0,closed,2021-07-03T17:37:00Z,,540,0,0,0,24278[Karstadt],2021-07-03T17:42:01.786Z
0.94400895,open,2021-07-03T17:47:00Z,843,50,0,893,893,24277[Börse],2021-07-03T17:52:02.077Z
0.46,open,2021-07-03T17:47:00Z,92,108,150,350,200,24276[Turmcenter],2021-07-03T17:52:02.077Z
0.43980345,open,2021-07-03T17:47:00Z,179,228,0,407,407,18944[Alte Oper],2021-07-03T17:52:02.077Z
0.032967035,open,2021-07-03T17:47:00Z,12,352,0,364,364,24281[Hauptbahnhof Süd],2021-07-03T17:52:02.077Z
0.88627934,open,2021-07-03T17:47:00Z,717,92,0,809,809,24279[Konstabler],2021-07-03T17:52:02.077Z
0.97887325,open,2021-07-03T17:47:00Z,417,9,0,426,426,18497[Hauptwache],2021-07-03T17:52:02.077Z
0.6573529,open,2021-07-03T17:47:00Z,447,233,0,680,680,18495[Am Gericht],2021-07-03T17:52:02.077Z
0.2479436,open,2021-07-03T17:47:00Z,211,640,45,896,851,109240[MyZeil],2021-07-03T17:52:02.077Z
0.32019705,open,2021-07-03T17:47:00Z,195,414,0,609,609,18494[Konrad-Adenauer-Straße],2021-07-03T17:52:02.077Z
0,closed,2021-07-03T17:47:00Z,,540,0,0,0,24278[Karstadt],2021-07-03T17:52:02.077Z
0.94400895,open,2021-07-03T18:03:00Z,843,50,0,893,893,24277[Börse],2021-07-03T18:07:01.673Z
0.47,open,2021-07-03T18:03:00Z,94,106,150,350,200,24276[Turmcenter],2021-07-03T18:07:01.673Z
0.44717446,open,2021-07-03T18:03:00Z,182,225,0,407,407,18944[Alte Oper],2021-07-03T18:07:01.673Z
0.035714287,open,2021-07-03T18:03:00Z,13,351,0,364,364,24281[Hauptbahnhof Süd],2021-07-03T18:07:01.673Z
0.8615575,open,2021-07-03T18:03:00Z,697,112,0,809,809,24279[Konstabler],2021-07-03T18:07:01.673Z
0.9624413,open,2021-07-03T18:03:00Z,410,16,0,426,426,18497[Hauptwache],2021-07-03T18:07:01.673Z
0.61470586,open,2021-07-03T18:03:00Z,418,262,0,680,680,18495[Am Gericht],2021-07-03T18:07:01.673Z
0.24559341,open,2021-07-03T18:03:00Z,209,642,45,896,851,109240[MyZeil],2021-07-03T18:07:01.673Z
0.28407225,open,2021-07-03T18:03:00Z,173,436,0,609,609,18494[Konrad-Adenauer-Straße],2021-07-03T18:07:01.673Z
0,closed,2021-07-03T18:03:00Z,,540,0,0,0,24278[Karstadt],2021-07-03T18:07:01.673Z
0.94400895,open,2021-07-03T18:33:00Z,843,50,0,893,893,24277[Börse],2021-07-03T18:37:00.344Z
0.5,open,2021-07-03T18:33:00Z,100,100,150,350,200,24276[Turmcenter],2021-07-03T18:37:00.344Z
0.4127764,open,2021-07-03T18:33:00Z,168,239,0,407,407,18944[Alte Oper],2021-07-03T18:37:00.344Z
0.024725275,open,2021-07-03T18:33:00Z,9,355,0,364,364,24281[Hauptbahnhof Süd],2021-07-03T18:37:00.344Z
0.7948084,open,2021-07-03T18:33:00Z,643,166,0,809,809,24279[Konstabler],2021-07-03T18:37:00.344Z
0.97887325,open,2021-07-03T18:33:00Z,417,9,0,426,426,18497[Hauptwache],2021-07-03T18:37:00.344Z
0.56911767,open,2021-07-03T18:33:00Z,387,293,0,680,680,18495[Am Gericht],2021-07-03T18:37:00.344Z
0.21151586,open,2021-07-03T18:33:00Z,180,671,45,896,851,109240[MyZeil],2021-07-03T18:37:00.344Z
0.23973727,open,2021-07-03T18:33:00Z,146,463,0,609,609,18494[Konrad-Adenauer-Straße],2021-07-03T18:37:00.344Z
0,closed,2021-07-03T18:33:00Z,,540,0,0,0,24278[Karstadt],2021-07-03T18:37:00.344Z
0.94400895,open,2021-07-03T18:43:00Z,843,50,0,893,893,24277[Börse],2021-07-03T18:47:02.253Z
0.51,open,2021-07-03T18:43:00Z,102,98,150,350,200,24276[Turmcenter],2021-07-03T18:47:02.253Z
0.41031942,open,2021-07-03T18:43:00Z,167,240,0,407,407,18944[Alte Oper],2021-07-03T18:47:02.253Z
0.024725275,open,2021-07-03T18:43:00Z,9,355,0,364,364,24281[Hauptbahnhof Süd],2021-07-03T18:47:02.253Z
0.7923362,open,2021-07-03T18:43:00Z,641,168,0,809,809,24279[Konstabler],2021-07-03T18:47:02.253Z
0.98122066,open,2021-07-03T18:43:00Z,418,8,0,426,426,18497[Hauptwache],2021-07-03T18:47:02.253Z
0.5632353,open,2021-07-03T18:43:00Z,383,297,0,680,680,18495[Am Gericht],2021-07-03T18:47:02.253Z
0.20564042,open,2021-07-03T18:43:00Z,175,676,45,896,851,109240[MyZeil],2021-07-03T18:47:02.253Z
0.23316912,open,2021-07-03T18:43:00Z,142,467,0,609,609,18494[Konrad-Adenauer-Straße],2021-07-03T18:47:02.253Z
0,closed,2021-07-03T18:43:00Z,,540,0,0,0,24278[Karstadt],2021-07-03T18:47:02.253Z
0.94400895,open,2021-07-03T18:59:00Z,843,50,0,893,893,24277[Börse],2021-07-03T19:02:00.918Z
0.515,open,2021-07-03T18:59:00Z,103,97,150,350,200,24276[Turmcenter],2021-07-03T19:02:00.918Z
0.4078624,open,2021-07-03T18:59:00Z,166,241,0,407,407,18944[Alte Oper],2021-07-03T19:02:00.918Z
0.027472528,open,2021-07-03T18:59:00Z,10,354,0,364,364,24281[Hauptbahnhof Süd],2021-07-03T19:02:00.918Z
0.7972806,open,2021-07-03T18:59:00Z,645,164,0,809,809,24279[Konstabler],2021-07-03T19:02:00.918Z
0.9929578,open,2021-07-03T18:59:00Z,423,3,0,426,426,18497[Hauptwache],2021-07-03T19:02:00.918Z
0.5441176,open,2021-07-03T18:59:00Z,370,310,0,680,680,18495[Am Gericht],2021-07-03T19:02:00.918Z
0.19153936,open,2021-07-03T18:59:00Z,163,688,45,896,851,109240[MyZeil],2021-07-03T19:02:00.918Z
0.22167487,open,2021-07-03T18:59:00Z,135,474,0,609,609,18494[Konrad-Adenauer-Straße],2021-07-03T19:02:00.918Z
0,closed,2021-07-03T18:59:00Z,,540,0,0,0,24278[Karstadt],2021-07-03T19:02:00.918Z
0.94400895,open,2021-07-03T19:14:00Z,843,50,0,893,893,24277[Börse],2021-07-03T19:17:00.707Z
0.505,open,2021-07-03T19:14:00Z,101,99,150,350,200,24276[Turmcenter],2021-07-03T19:17:00.707Z
0.3857494,open,2021-07-03T19:14:00Z,157,250,0,407,407,18944[Alte Oper],2021-07-03T19:17:00.707Z
0.027472528,open,2021-07-03T19:14:00Z,10,354,0,364,364,24281[Hauptbahnhof Süd],2021-07-03T19:17:00.707Z
0.78615576,open,2021-07-03T19:14:00Z,636,173,0,809,809,24279[Konstabler],2021-07-03T19:17:00.707Z
1,open,2021-07-03T19:14:00Z,426,0,0,426,426,18497[Hauptwache],2021-07-03T19:17:00.707Z
0.5352941,open,2021-07-03T19:14:00Z,364,316,0,680,680,18495[Am Gericht],2021-07-03T19:17:00.707Z
0.1786134,open,2021-07-03T19:14:00Z,152,699,45,896,851,109240[MyZeil],2021-07-03T19:17:00.707Z
0.1954023,open,2021-07-03T19:14:00Z,119,490,0,609,609,18494[Konrad-Adenauer-Straße],2021-07-03T19:17:00.707Z
0,closed,2021-07-03T19:14:00Z,,540,0,0,0,24278[Karstadt],2021-07-03T19:17:00.707Z
0.94400895,open,2021-07-03T19:24:00Z,843,50,0,893,893,24277[Börse],2021-07-03T19:27:00.054Z
0.48,open,2021-07-03T19:24:00Z,96,104,150,350,200,24276[Turmcenter],2021-07-03T19:27:00.054Z
0.38083538,open,2021-07-03T19:24:00Z,155,252,0,407,407,18944[Alte Oper],2021-07-03T19:27:00.054Z
0.03021978,open,2021-07-03T19:24:00Z,11,353,0,364,364,24281[Hauptbahnhof Süd],2021-07-03T19:27:00.054Z
0.76885045,open,2021-07-03T19:24:00Z,622,187,0,809,809,24279[Konstabler],2021-07-03T19:27:00.054Z
0.9882629,open,2021-07-03T19:24:00Z,421,5,0,426,426,18497[Hauptwache],2021-07-03T19:27:00.054Z
0.5235294,open,2021-07-03T19:24:00Z,356,324,0,680,680,18495[Am Gericht],2021-07-03T19:27:00.054Z
0.17156287,open,2021-07-03T19:24:00Z,146,705,45,896,851,109240[MyZeil],2021-07-03T19:27:00.054Z
0.18883416,open,2021-07-03T19:24:00Z,115,494,0,609,609,18494[Konrad-Adenauer-Straße],2021-07-03T19:27:00.054Z
0,closed,2021-07-03T19:24:00Z,,540,0,0,0,24278[Karstadt],2021-07-03T19:27:00.054Z
0.94400895,open,2021-07-03T19:40:00Z,843,50,0,893,893,24277[Börse],2021-07-03T19:42:01.212Z
0.46,open,2021-07-03T19:40:00Z,92,108,150,350,200,24276[Turmcenter],2021-07-03T19:42:01.212Z
0.37100738,open,2021-07-03T19:40:00Z,151,256,0,407,407,18944[Alte Oper],2021-07-03T19:42:01.212Z
0.027472528,open,2021-07-03T19:40:00Z,10,354,0,364,364,24281[Hauptbahnhof Süd],2021-07-03T19:42:01.212Z
0.7577256,open,2021-07-03T19:40:00Z,613,196,0,809,809,24279[Konstabler],2021-07-03T19:42:01.212Z
0.9929578,open,2021-07-03T19:40:00Z,423,3,0,426,426,18497[Hauptwache],2021-07-03T19:42:01.212Z
0.4867647,open,2021-07-03T19:40:00Z,331,349,0,680,680,18495[Am Gericht],2021-07-03T19:42:01.212Z
0.16098708,open,2021-07-03T19:40:00Z,137,714,45,896,851,109240[MyZeil],2021-07-03T19:42:01.212Z
0.16091955,open,2021-07-03T19:40:00Z,98,511,0,609,609,18494[Konrad-Adenauer-Straße],2021-07-03T19:42:01.212Z
0,closed,2021-07-03T19:40:00Z,,540,0,0,0,24278[Karstadt],2021-07-03T19:42:01.212Z
0.94400895,open,2021-07-03T19:45:00Z,843,50,0,893,893,24277[Börse],2021-07-03T19:47:02.430Z
0.42,open,2021-07-03T19:45:00Z,84,116,150,350,200,24276[Turmcenter],2021-07-03T19:47:02.430Z
0.36855036,open,2021-07-03T19:45:00Z,150,257,0,407,407,18944[Alte Oper],2021-07-03T19:47:02.430Z
0.027472528,open,2021-07-03T19:45:00Z,10,354,0,364,364,24281[Hauptbahnhof Süd],2021-07-03T19:47:02.430Z
0.76019776,open,2021-07-03T19:45:00Z,615,194,0,809,809,24279[Konstabler],2021-07-03T19:47:02.430Z
0.9600939,open,2021-07-03T19:45:00Z,409,17,0,426,426,18497[Hauptwache],2021-07-03T19:47:02.430Z
0.4897059,open,2021-07-03T19:45:00Z,333,347,0,680,680,18495[Am Gericht],2021-07-03T19:47:02.430Z
0.15981199,open,2021-07-03T19:45:00Z,136,715,45,896,851,109240[MyZeil],2021-07-03T19:47:02.430Z
0.16420361,open,2021-07-03T19:45:00Z,100,509,0,609,609,18494[Konrad-Adenauer-Straße],2021-07-03T19:47:02.430Z
0,closed,2021-07-03T19:45:00Z,,540,0,0,0,24278[Karstadt],2021-07-03T19:47:02.430Z
0.94400895,open,2021-07-03T20:12:00Z,843,50,0,893,893,24277[Börse],2021-07-03T20:17:00.148Z
0.36,open,2021-07-03T20:12:00Z,72,128,150,350,200,24276[Turmcenter],2021-07-03T20:17:00.148Z
0.35380834,open,2021-07-03T20:12:00Z,144,263,0,407,407,18944[Alte Oper],2021-07-03T20:17:00.148Z
0.03021978,open,2021-07-03T20:12:00Z,11,353,0,364,364,24281[Hauptbahnhof Süd],2021-07-03T20:17:00.148Z
0.76267,open,2021-07-03T20:12:00Z,617,192,0,809,809,24279[Konstabler],2021-07-03T20:17:00.148Z
1,open,2021-07-03T20:12:00Z,426,0,0,426,426,18497[Hauptwache],2021-07-03T20:17:00.148Z
0.45441177,open,2021-07-03T20:12:00Z,309,371,0,680,680,18495[Am Gericht],2021-07-03T20:17:00.148Z
0.15158637,open,2021-07-03T20:12:00Z,129,722,45,896,851,109240[MyZeil],2021-07-03T20:17:00.148Z
0.15599343,open,2021-07-03T20:12:00Z,95,514,0,609,609,18494[Konrad-Adenauer-Straße],2021-07-03T20:17:00.148Z
0,closed,2021-07-03T20:12:00Z,,540,0,0,0,24278[Karstadt],2021-07-03T20:17:00.148Z
0.94400895,open,2021-07-03T20:27:00Z,843,50,0,893,893,24277[Börse],2021-07-03T20:32:01.307Z
0.35,open,2021-07-03T20:27:00Z,70,130,150,350,200,24276[Turmcenter],2021-07-03T20:32:01.307Z
0.34398034,open,2021-07-03T20:27:00Z,140,267,0,407,407,18944[Alte Oper],2021-07-03T20:32:01.307Z
0.03021978,open,2021-07-03T20:27:00Z,11,353,0,364,364,24281[Hauptbahnhof Süd],2021-07-03T20:32:01.307Z
0.76019776,open,2021-07-03T20:27:00Z,615,194,0,809,809,24279[Konstabler],2021-07-03T20:32:01.307Z
0.9906103,open,2021-07-03T20:27:00Z,422,4,0,426,426,18497[Hauptwache],2021-07-03T20:32:01.307Z
0.42794117,open,2021-07-03T20:27:00Z,291,389,0,680,680,18495[Am Gericht],2021-07-03T20:32:01.307Z
0.14688602,open,2021-07-03T20:27:00Z,125,726,45,896,851,109240[MyZeil],2021-07-03T20:32:01.307Z
0.16748768,open,2021-07-03T20:27:00Z,102,507,0,609,609,18494[Konrad-Adenauer-Straße],2021-07-03T20:32:01.307Z
0,closed,2021-07-03T20:27:00Z,,540,0,0,0,24278[Karstadt],2021-07-03T20:32:01.307Z
0.9206349,open,2021-07-03T20:38:00Z,290,25,0,315,315,18493[Junghofstraße],2021-07-03T20:42:00.970Z
0.94400895,open,2021-07-03T20:38:00Z,843,50,0,893,893,24277[Börse],2021-07-03T20:42:00.970Z
0.345,open,2021-07-03T20:38:00Z,69,131,150,350,200,24276[Turmcenter],2021-07-03T20:42:00.970Z
0.33906633,open,2021-07-03T20:38:00Z,138,269,0,407,407,18944[Alte Oper],2021-07-03T20:42:00.970Z
0,closed,2021-07-03T20:38:00Z,,,0,0,0,24282[Moselstraße],2021-07-03T20:42:00.970Z
0.67147434,open,2021-07-03T20:38:00Z,419,205,0,624,624,18499[Westend],2021-07-03T20:42:00.970Z
0.97636366,open,2021-07-03T20:38:00Z,537,13,0,550,550,18500[Trianon],2021-07-03T20:42:00.970Z
0.027472528,open,2021-07-03T20:38:00Z,10,354,0,364,364,24281[Hauptbahnhof Süd],2021-07-03T20:42:00.970Z
0.44204852,open,2021-07-03T20:38:00Z,164,207,0,371,371,105480[Am Theater],2021-07-03T20:42:00.970Z
0.98888886,open,2021-07-03T20:38:00Z,89,1,0,90,90,18498[Interconti],2021-07-03T20:42:00.970Z
0.5807292,open,2021-07-03T20:38:00Z,223,161,0,384,384,105479[Baseler Platz],2021-07-03T20:42:00.970Z
0.7540173,open,2021-07-03T20:38:00Z,610,199,0,809,809,24279[Konstabler],2021-07-03T20:42:00.970Z
0.9835681,open,2021-07-03T20:38:00Z,419,7,0,426,426,18497[Hauptwache],2021-07-03T20:42:00.970Z
0,closed,2021-07-03T20:38:00Z,,,0,0,0,24280[Kaiserplatz],2021-07-03T20:42:00.970Z
0.42794117,open,2021-07-03T20:38:00Z,291,389,0,680,680,18495[Am Gericht],2021-07-03T20:42:00.970Z
0.1386604,open,2021-07-03T20:38:00Z,118,733,45,896,851,109240[MyZeil],2021-07-03T20:42:00.970Z
0.16256158,open,2021-07-03T20:38:00Z,99,510,0,609,609,18494[Konrad-Adenauer-Straße],2021-07-03T20:42:00.970Z
0,closed,2021-07-03T20:38:00Z,,540,0,0,0,24278[Karstadt],2021-07-03T20:42:00.970Z
0.9206349,open,2021-07-03T20:47:00Z,290,25,0,315,315,18493[Junghofstraße],2021-07-03T20:52:00.487Z
0.94400895,open,2021-07-03T20:47:00Z,843,50,0,893,893,24277[Börse],2021-07-03T20:52:00.487Z
0.32,open,2021-07-03T20:47:00Z,64,136,150,350,200,24276[Turmcenter],2021-07-03T20:52:00.487Z
0.3144963,open,2021-07-03T20:47:00Z,128,279,0,407,407,18944[Alte Oper],2021-07-03T20:52:00.487Z
0,closed,2021-07-03T20:47:00Z,,,0,0,0,24282[Moselstraße],2021-07-03T20:52:00.487Z
0.67147434,open,2021-07-03T20:47:00Z,419,205,0,624,624,18499[Westend],2021-07-03T20:52:00.487Z
0.97636366,open,2021-07-03T20:47:00Z,537,13,0,550,550,18500[Trianon],2021-07-03T20:52:00.487Z
0.027472528,open,2021-07-03T20:47:00Z,10,354,0,364,364,24281[Hauptbahnhof Süd],2021-07-03T20:52:00.487Z
0.44204852,open,2021-07-03T20:47:00Z,164,207,0,371,371,105480[Am Theater],2021-07-03T20:52:00.487Z
0.98888886,open,2021-07-03T20:47:00Z,89,1,0,90,90,18498[Interconti],2021-07-03T20:52:00.487Z
0.5807292,open,2021-07-03T20:47:00Z,223,161,0,384,384,105479[Baseler Platz],2021-07-03T20:52:00.487Z
0.7478368,open,2021-07-03T20:47:00Z,605,204,0,809,809,24279[Konstabler],2021-07-03T20:52:00.487Z
0.96478873,open,2021-07-03T20:47:00Z,411,15,0,426,426,18497[Hauptwache],2021-07-03T20:52:00.487Z
0,closed,2021-07-03T20:47:00Z,,,0,0,0,24280[Kaiserplatz],2021-07-03T20:52:00.487Z
0.41617647,open,2021-07-03T20:47:00Z,283,397,0,680,680,18495[Am Gericht],2021-07-03T20:52:00.487Z
0.13396005,open,2021-07-03T20:47:00Z,114,737,45,896,851,109240[MyZeil],2021-07-03T20:52:00.487Z
0.14285715,open,2021-07-03T20:47:00Z,87,522,0,609,609,18494[Konrad-Adenauer-Straße],2021-07-03T20:52:00.487Z
0,closed,2021-07-03T20:47:00Z,,540,0,0,0,24278[Karstadt],2021-07-03T20:52:00.487Z
0.94400895,open,2021-07-03T21:09:00Z,843,50,0,893,893,24277[Börse],2021-07-03T21:12:02.106Z
0.265,open,2021-07-03T21:09:00Z,53,147,150,350,200,24276[Turmcenter],2021-07-03T21:12:02.106Z
0.2972973,open,2021-07-03T21:09:00Z,121,286,0,407,407,18944[Alte Oper],2021-07-03T21:12:02.106Z
0,closed,2021-07-03T21:09:00Z,,,0,0,0,24282[Moselstraße],2021-07-03T21:12:02.106Z
0.021978023,open,2021-07-03T21:09:00Z,8,356,0,364,364,24281[Hauptbahnhof Süd],2021-07-03T21:12:02.106Z
0.44204852,open,2021-07-03T21:09:00Z,164,207,0,371,371,105480[Am Theater],2021-07-03T21:12:02.106Z
0.74660075,open,2021-07-03T21:09:00Z,604,205,0,809,809,24279[Konstabler],2021-07-03T21:12:02.106Z
0.95539904,open,2021-07-03T21:09:00Z,407,19,0,426,426,18497[Hauptwache],2021-07-03T21:12:02.106Z
0,closed,2021-07-03T21:09:00Z,,,0,0,0,24280[Kaiserplatz],2021-07-03T21:12:02.106Z
0.4,open,2021-07-03T21:09:00Z,272,408,0,680,680,18495[Am Gericht],2021-07-03T21:12:02.106Z
0.12573443,open,2021-07-03T21:09:00Z,107,744,45,896,851,109240[MyZeil],2021-07-03T21:12:02.106Z
0.14449918,open,2021-07-03T21:09:00Z,88,521,0,609,609,18494[Konrad-Adenauer-Straße],2021-07-03T21:12:02.106Z
0,closed,2021-07-03T21:09:00Z,,540,0,0,0,24278[Karstadt],2021-07-03T21:12:02.106Z
0.94400895,open,2021-07-03T21:29:00Z,843,50,0,893,893,24277[Börse],2021-07-03T21:32:00.520Z
0.225,open,2021-07-03T21:29:00Z,45,155,150,350,200,24276[Turmcenter],2021-07-03T21:32:00.520Z
0.27272728,open,2021-07-03T21:29:00Z,111,296,0,407,407,18944[Alte Oper],2021-07-03T21:32:00.520Z
0.024725275,open,2021-07-03T21:29:00Z,9,355,0,364,364,24281[Hauptbahnhof Süd],2021-07-03T21:32:00.520Z
0.7045736,open,2021-07-03T21:29:00Z,570,239,0,809,809,24279[Konstabler],2021-07-03T21:32:00.520Z
0.899061,open,2021-07-03T21:29:00Z,383,43,0,426,426,18497[Hauptwache],2021-07-03T21:32:00.520Z
0.37941176,open,2021-07-03T21:29:00Z,258,422,0,680,680,18495[Am Gericht],2021-07-03T21:32:00.520Z
0.117508814,open,2021-07-03T21:29:00Z,100,751,45,896,851,109240[MyZeil],2021-07-03T21:32:00.520Z
0.13464697,open,2021-07-03T21:29:00Z,82,527,0,609,609,18494[Konrad-Adenauer-Straße],2021-07-03T21:32:00.520Z
0,closed,2021-07-03T21:29:00Z,,540,0,0,0,24278[Karstadt],2021-07-03T21:32:00.520Z
0.94400895,open,2021-07-03T21:50:00Z,843,50,0,893,893,24277[Börse],2021-07-03T21:52:02.370Z
0.195,open,2021-07-03T21:50:00Z,39,161,150,350,200,24276[Turmcenter],2021-07-03T21:52:02.370Z
0.24570024,open,2021-07-03T21:50:00Z,100,307,0,407,407,18944[Alte Oper],2021-07-03T21:52:02.370Z
0.027472528,open,2021-07-03T21:50:00Z,10,354,0,364,364,24281[Hauptbahnhof Süd],2021-07-03T21:52:02.370Z
0.66501856,open,2021-07-03T21:50:00Z,538,271,0,809,809,24279[Konstabler],2021-07-03T21:52:02.370Z
0.9061033,open,2021-07-03T21:50:00Z,386,40,0,426,426,18497[Hauptwache],2021-07-03T21:52:02.370Z
0.3485294,open,2021-07-03T21:50:00Z,237,443,0,680,680,18495[Am Gericht],2021-07-03T21:52:02.370Z
0.117508814,open,2021-07-03T21:50:00Z,100,751,45,896,851,109240[MyZeil],2021-07-03T21:52:02.370Z
0.13793103,open,2021-07-03T21:50:00Z,84,525,0,609,609,18494[Konrad-Adenauer-Straße],2021-07-03T21:52:02.370Z
0,closed,2021-07-03T21:50:00Z,,540,0,0,0,24278[Karstadt],2021-07-03T21:52:02.370Z
0.94400895,open,2021-07-03T22:05:00Z,843,50,0,893,893,24277[Börse],2021-07-03T22:07:00.604Z
0.175,open,2021-07-03T22:05:00Z,35,165,150,350,200,24276[Turmcenter],2021-07-03T22:07:00.604Z
0.23341523,open,2021-07-03T22:05:00Z,95,312,0,407,407,18944[Alte Oper],2021-07-03T22:07:00.604Z
0.03021978,open,2021-07-03T22:05:00Z,11,353,0,364,364,24281[Hauptbahnhof Süd],2021-07-03T22:07:00.604Z
0.64771324,open,2021-07-03T22:05:00Z,524,285,0,809,809,24279[Konstabler],2021-07-03T22:07:00.604Z
0.90375584,open,2021-07-03T22:05:00Z,385,41,0,426,426,18497[Hauptwache],2021-07-03T22:07:00.604Z
0,closed,2021-07-03T22:05:00Z,,443,0,0,0,18495[Am Gericht],2021-07-03T22:07:00.604Z
0.117508814,open,2021-07-03T22:05:00Z,100,751,45,896,851,109240[MyZeil],2021-07-03T22:07:00.604Z
0.13300492,open,2021-07-03T22:05:00Z,81,528,0,609,609,18494[Konrad-Adenauer-Straße],2021-07-03T22:07:00.604Z
0,closed,2021-07-03T22:05:00Z,,540,0,0,0,24278[Karstadt],2021-07-03T22:07:00.604Z
0.94400895,open,2021-07-03T22:25:00Z,843,50,0,893,893,24277[Börse],2021-07-03T22:27:01.848Z
0.155,open,2021-07-03T22:25:00Z,31,169,150,350,200,24276[Turmcenter],2021-07-03T22:27:01.848Z
0.20884521,open,2021-07-03T22:25:00Z,85,322,0,407,407,18944[Alte Oper],2021-07-03T22:27:01.848Z
0.03021978,open,2021-07-03T22:25:00Z,11,353,0,364,364,24281[Hauptbahnhof Süd],2021-07-03T22:27:01.848Z
0.6304079,open,2021-07-03T22:25:00Z,510,299,0,809,809,24279[Konstabler],2021-07-03T22:27:01.848Z
0.8873239,open,2021-07-03T22:25:00Z,378,48,0,426,426,18497[Hauptwache],2021-07-03T22:27:01.848Z
0,closed,2021-07-03T22:25:00Z,,443,0,0,0,18495[Am Gericht],2021-07-03T22:27:01.848Z
0.11985899,open,2021-07-03T22:25:00Z,102,749,45,896,851,109240[MyZeil],2021-07-03T22:27:01.848Z
0.12315271,open,2021-07-03T22:25:00Z,75,534,0,609,609,18494[Konrad-Adenauer-Straße],2021-07-03T22:27:01.848Z
0,closed,2021-07-03T22:25:00Z,,540,0,0,0,24278[Karstadt],2021-07-03T22:27:01.848Z
0.94400895,open,2021-07-03T22:35:00Z,843,50,0,893,893,24277[Börse],2021-07-03T22:37:00.168Z
0.15,open,2021-07-03T22:35:00Z,30,170,150,350,200,24276[Turmcenter],2021-07-03T22:37:00.168Z
0.1990172,open,2021-07-03T22:35:00Z,81,326,0,407,407,18944[Alte Oper],2021-07-03T22:37:00.168Z
0.024725275,open,2021-07-03T22:35:00Z,9,355,0,364,364,24281[Hauptbahnhof Süd],2021-07-03T22:37:00.168Z
0.6044499,open,2021-07-03T22:35:00Z,489,320,0,809,809,24279[Konstabler],2021-07-03T22:37:00.168Z
0.8802817,open,2021-07-03T22:35:00Z,375,51,0,426,426,18497[Hauptwache],2021-07-03T22:37:00.168Z
0,closed,2021-07-03T22:35:00Z,,443,0,0,0,18495[Am Gericht],2021-07-03T22:37:00.168Z
0.117508814,open,2021-07-03T22:35:00Z,100,751,45,896,851,109240[MyZeil],2021-07-03T22:37:00.168Z
0.1182266,open,2021-07-03T22:35:00Z,72,537,0,609,609,18494[Konrad-Adenauer-Straße],2021-07-03T22:37:00.168Z
0,closed,2021-07-03T22:35:00Z,,540,0,0,0,24278[Karstadt],2021-07-03T22:37:00.168Z
0.94400895,open,2021-07-03T22:51:00Z,843,50,0,893,893,24277[Börse],2021-07-03T22:52:02.761Z
0.14,open,2021-07-03T22:51:00Z,28,172,150,350,200,24276[Turmcenter],2021-07-03T22:52:02.761Z
0.16216215,open,2021-07-03T22:51:00Z,66,341,0,407,407,18944[Alte Oper],2021-07-03T22:52:02.761Z
0.024725275,open,2021-07-03T22:51:00Z,9,355,0,364,364,24281[Hauptbahnhof Süd],2021-07-03T22:52:02.761Z
0.56736714,open,2021-07-03T22:51:00Z,459,350,0,809,809,24279[Konstabler],2021-07-03T22:52:02.761Z
0.86619717,open,2021-07-03T22:51:00Z,369,57,0,426,426,18497[Hauptwache],2021-07-03T22:52:02.761Z
0,closed,2021-07-03T22:51:00Z,,443,0,0,0,18495[Am Gericht],2021-07-03T22:52:02.761Z
0.11398355,open,2021-07-03T22:51:00Z,97,754,45,896,851,109240[MyZeil],2021-07-03T22:52:02.761Z
0.113300495,open,2021-07-03T22:51:00Z,69,540,0,609,609,18494[Konrad-Adenauer-Straße],2021-07-03T22:52:02.761Z
0,closed,2021-07-03T22:51:00Z,,540,0,0,0,24278[Karstadt],2021-07-03T22:52:02.761Z
0.94400895,open,2021-07-03T23:06:00Z,843,50,0,893,893,24277[Börse],2021-07-03T23:07:00.965Z
0.135,open,2021-07-03T23:06:00Z,27,173,150,350,200,24276[Turmcenter],2021-07-03T23:07:00.965Z
0.13022113,open,2021-07-03T23:06:00Z,53,354,0,407,407,18944[Alte Oper],2021-07-03T23:07:00.965Z
0.024725275,open,2021-07-03T23:06:00Z,9,355,0,364,364,24281[Hauptbahnhof Süd],2021-07-03T23:07:00.965Z
0.53646475,open,2021-07-03T23:06:00Z,434,375,0,809,809,24279[Konstabler],2021-07-03T23:07:00.965Z
0.8356807,open,2021-07-03T23:06:00Z,356,70,0,426,426,18497[Hauptwache],2021-07-03T23:07:00.965Z
0,closed,2021-07-03T23:06:00Z,,443,0,0,0,18495[Am Gericht],2021-07-03T23:07:00.965Z
0.11515864,open,2021-07-03T23:06:00Z,98,753,45,896,851,109240[MyZeil],2021-07-03T23:07:00.965Z
0.10180624,open,2021-07-03T23:06:00Z,62,547,0,609,609,18494[Konrad-Adenauer-Straße],2021-07-03T23:07:00.965Z
0,closed,2021-07-03T23:06:00Z,,540,0,0,0,24278[Karstadt],2021-07-03T23:07:00.965Z
0.94400895,open,2021-07-03T23:16:00Z,843,50,0,893,893,24277[Börse],2021-07-03T23:22:01.412Z
0.11,open,2021-07-03T23:16:00Z,22,178,150,350,200,24276[Turmcenter],2021-07-03T23:22:01.412Z
0.13022113,open,2021-07-03T23:16:00Z,53,354,0,407,407,18944[Alte Oper],2021-07-03T23:22:01.412Z
0.024725275,open,2021-07-03T23:16:00Z,9,355,0,364,364,24281[Hauptbahnhof Süd],2021-07-03T23:22:01.412Z
0.52657604,open,2021-07-03T23:16:00Z,426,383,0,809,809,24279[Konstabler],2021-07-03T23:22:01.412Z
0.80985916,open,2021-07-03T23:16:00Z,345,81,0,426,426,18497[Hauptwache],2021-07-03T23:22:01.412Z
0,closed,2021-07-03T23:16:00Z,,443,0,0,0,18495[Am Gericht],2021-07-03T23:22:01.412Z
0.11515864,open,2021-07-03T23:16:00Z,98,753,45,896,851,109240[MyZeil],2021-07-03T23:22:01.412Z
0.0952381,open,2021-07-03T23:16:00Z,58,551,0,609,609,18494[Konrad-Adenauer-Straße],2021-07-03T23:22:01.412Z
0,closed,2021-07-03T23:16:00Z,,540,0,0,0,24278[Karstadt],2021-07-03T23:22:01.412Z
0.94400895,open,2021-07-03T23:32:00Z,843,50,0,893,893,24277[Börse],2021-07-03T23:37:00.428Z
0.09,open,2021-07-03T23:32:00Z,18,182,150,350,200,24276[Turmcenter],2021-07-03T23:37:00.428Z
0.11302211,open,2021-07-03T23:32:00Z,46,361,0,407,407,18944[Alte Oper],2021-07-03T23:37:00.428Z
0.024725275,open,2021-07-03T23:32:00Z,9,355,0,364,364,24281[Hauptbahnhof Süd],2021-07-03T23:37:00.428Z
0.50061804,open,2021-07-03T23:32:00Z,405,404,0,809,809,24279[Konstabler],2021-07-03T23:37:00.428Z
0.7699531,open,2021-07-03T23:32:00Z,328,98,0,426,426,18497[Hauptwache],2021-07-03T23:37:00.428Z
0,closed,2021-07-03T23:32:00Z,,443,0,0,0,18495[Am Gericht],2021-07-03T23:37:00.428Z
0.110458285,open,2021-07-03T23:32:00Z,94,757,45,896,851,109240[MyZeil],2021-07-03T23:37:00.428Z
0.08538588,open,2021-07-03T23:32:00Z,52,557,0,609,609,18494[Konrad-Adenauer-Straße],2021-07-03T23:37:00.428Z
0,closed,2021-07-03T23:32:00Z,,540,0,0,0,24278[Karstadt],2021-07-03T23:37:00.428Z
0.94400895,open,2021-07-03T23:42:00Z,843,50,0,893,893,24277[Börse],2021-07-03T23:47:01.358Z
0.07,open,2021-07-03T23:42:00Z,14,186,150,350,200,24276[Turmcenter],2021-07-03T23:47:01.358Z
0.1031941,open,2021-07-03T23:42:00Z,42,365,0,407,407,18944[Alte Oper],2021-07-03T23:47:01.358Z
0.024725275,open,2021-07-03T23:42:00Z,9,355,0,364,364,24281[Hauptbahnhof Süd],2021-07-03T23:47:01.358Z
0.4894932,open,2021-07-03T23:42:00Z,396,413,0,809,809,24279[Konstabler],2021-07-03T23:47:01.358Z
0.7394366,open,2021-07-03T23:42:00Z,315,111,0,426,426,18497[Hauptwache],2021-07-03T23:47:01.358Z
0,closed,2021-07-03T23:42:00Z,,443,0,0,0,18495[Am Gericht],2021-07-03T23:47:01.358Z
0.10810811,open,2021-07-03T23:42:00Z,92,759,45,896,851,109240[MyZeil],2021-07-03T23:47:01.358Z
0.08210181,open,2021-07-03T23:42:00Z,50,559,0,609,609,18494[Konrad-Adenauer-Straße],2021-07-03T23:47:01.358Z
0,closed,2021-07-03T23:42:00Z,,540,0,0,0,24278[Karstadt],2021-07-03T23:47:01.358Z
0.94400895,open,2021-07-03T23:52:00Z,843,50,0,893,893,24277[Börse],2021-07-03T23:57:00.039Z
0.055,open,2021-07-03T23:52:00Z,11,189,150,350,200,24276[Turmcenter],2021-07-03T23:57:00.039Z
0.1007371,open,2021-07-03T23:52:00Z,41,366,0,407,407,18944[Alte Oper],2021-07-03T23:57:00.039Z
0.024725275,open,2021-07-03T23:52:00Z,9,355,0,364,364,24281[Hauptbahnhof Süd],2021-07-03T23:57:00.039Z
0.48207664,open,2021-07-03T23:52:00Z,390,419,0,809,809,24279[Konstabler],2021-07-03T23:57:00.039Z
0.7300469,open,2021-07-03T23:52:00Z,311,115,0,426,426,18497[Hauptwache],2021-07-03T23:57:00.039Z
0,closed,2021-07-03T23:52:00Z,,443,0,0,0,18495[Am Gericht],2021-07-03T23:57:00.039Z
0.10693302,open,2021-07-03T23:52:00Z,91,760,45,896,851,109240[MyZeil],2021-07-03T23:57:00.039Z
0.07553366,open,2021-07-03T23:52:00Z,46,563,0,609,609,18494[Konrad-Adenauer-Straße],2021-07-03T23:57:00.039Z
0,closed,2021-07-03T23:52:00Z,,540,0,0,0,24278[Karstadt],2021-07-03T23:57:00.039Z
0.94400895,open,2021-07-04T01:03:00Z,843,50,0,893,893,24277[Börse],2021-07-04T01:07:00.418Z
0.04,open,2021-07-04T01:03:00Z,8,192,150,350,200,24276[Turmcenter],2021-07-04T01:07:00.418Z
0.041769043,open,2021-07-04T01:03:00Z,17,390,0,407,407,18944[Alte Oper],2021-07-04T01:07:00.418Z
0.027472528,open,2021-07-04T01:03:00Z,10,354,0,364,364,24281[Hauptbahnhof Süd],2021-07-04T01:07:00.418Z
0.38442522,open,2021-07-04T01:03:00Z,311,498,0,809,809,24279[Konstabler],2021-07-04T01:07:00.418Z
0.5798122,open,2021-07-04T01:03:00Z,247,179,0,426,426,18497[Hauptwache],2021-07-04T01:07:00.418Z
0,closed,2021-07-04T01:03:00Z,,443,0,0,0,18495[Am Gericht],2021-07-04T01:07:00.418Z
0.104582846,open,2021-07-04T01:03:00Z,89,762,45,896,851,109240[MyZeil],2021-07-04T01:07:00.418Z
0.044334974,open,2021-07-04T01:03:00Z,27,582,0,609,609,18494[Konrad-Adenauer-Straße],2021-07-04T01:07:00.418Z
0,closed,2021-07-04T01:03:00Z,,540,0,0,0,24278[Karstadt],2021-07-04T01:07:00.418Z
0.94400895,open,2021-07-04T02:28:00Z,843,50,0,893,893,24277[Börse],2021-07-04T02:32:02.514Z
0.04,open,2021-07-04T02:28:00Z,8,192,150,350,200,24276[Turmcenter],2021-07-04T02:32:02.514Z
0.022113021,open,2021-07-04T02:28:00Z,9,398,0,407,407,18944[Alte Oper],2021-07-04T02:32:02.514Z
0.021978023,open,2021-07-04T02:28:00Z,8,356,0,364,364,24281[Hauptbahnhof Süd],2021-07-04T02:32:02.514Z
0.3300371,open,2021-07-04T02:28:00Z,267,542,0,809,809,24279[Konstabler],2021-07-04T02:32:02.514Z
0.5070422,open,2021-07-04T02:28:00Z,216,210,0,426,426,18497[Hauptwache],2021-07-04T02:32:02.514Z
0,closed,2021-07-04T02:28:00Z,,,0,0,0,18495[Am Gericht],2021-07-04T02:32:02.514Z
0.0987074,open,2021-07-04T02:28:00Z,84,767,45,896,851,109240[MyZeil],2021-07-04T02:32:02.514Z
0.022988506,open,2021-07-04T02:28:00Z,14,595,0,609,609,18494[Konrad-Adenauer-Straße],2021-07-04T02:32:02.514Z
0,closed,2021-07-04T02:28:00Z,,,0,0,0,24278[Karstadt],2021-07-04T02:32:02.514Z
0.94400895,open,2021-07-04T02:43:00Z,843,50,0,893,893,24277[Börse],2021-07-04T02:47:00.161Z
0.04,open,2021-07-04T02:43:00Z,8,192,150,350,200,24276[Turmcenter],2021-07-04T02:47:00.161Z
0.01965602,open,2021-07-04T02:43:00Z,8,399,0,407,407,18944[Alte Oper],2021-07-04T02:47:00.161Z
0.021978023,open,2021-07-04T02:43:00Z,8,356,0,364,364,24281[Hauptbahnhof Süd],2021-07-04T02:47:00.161Z
0.32014832,open,2021-07-04T02:43:00Z,259,550,0,809,809,24279[Konstabler],2021-07-04T02:47:00.161Z
0.4976526,open,2021-07-04T02:43:00Z,212,214,0,426,426,18497[Hauptwache],2021-07-04T02:47:00.161Z
0,closed,2021-07-04T02:43:00Z,,,0,0,0,18495[Am Gericht],2021-07-04T02:47:00.161Z
0.09635723,open,2021-07-04T02:43:00Z,82,769,45,896,851,109240[MyZeil],2021-07-04T02:47:00.161Z
0.019704433,open,2021-07-04T02:43:00Z,12,597,0,609,609,18494[Konrad-Adenauer-Straße],2021-07-04T02:47:00.161Z
0,closed,2021-07-04T02:43:00Z,,,0,0,0,24278[Karstadt],2021-07-04T02:47:00.161Z
0.94400895,open,2021-07-04T02:53:00Z,843,50,0,893,893,24277[Börse],2021-07-04T02:57:02.471Z
0.04,open,2021-07-04T02:53:00Z,8,192,150,350,200,24276[Turmcenter],2021-07-04T02:57:02.471Z
0.01965602,open,2021-07-04T02:53:00Z,8,399,0,407,407,18944[Alte Oper],2021-07-04T02:57:02.471Z
0.021978023,open,2021-07-04T02:53:00Z,8,356,0,364,364,24281[Hauptbahnhof Süd],2021-07-04T02:57:02.471Z
0.31149566,open,2021-07-04T02:53:00Z,252,557,0,809,809,24279[Konstabler],2021-07-04T02:57:02.471Z
0.49530515,open,2021-07-04T02:53:00Z,211,215,0,426,426,18497[Hauptwache],2021-07-04T02:57:02.471Z
0,closed,2021-07-04T02:53:00Z,,,0,0,0,18495[Am Gericht],2021-07-04T02:57:02.471Z
0.09635723,open,2021-07-04T02:53:00Z,82,769,45,896,851,109240[MyZeil],2021-07-04T02:57:02.471Z
0.01642036,open,2021-07-04T02:53:00Z,10,599,0,609,609,18494[Konrad-Adenauer-Straße],2021-07-04T02:57:02.471Z
0,closed,2021-07-04T02:53:00Z,,,0,0,0,24278[Karstadt],2021-07-04T02:57:02.471Z
0.94400895,open,2021-07-04T03:18:00Z,843,50,0,893,893,24277[Börse],2021-07-04T03:22:00.145Z
0.04,open,2021-07-04T03:18:00Z,8,192,150,350,200,24276[Turmcenter],2021-07-04T03:22:00.145Z
0.014742015,open,2021-07-04T03:18:00Z,6,401,0,407,407,18944[Alte Oper],2021-07-04T03:22:00.145Z
0.021978023,open,2021-07-04T03:18:00Z,8,356,0,364,364,24281[Hauptbahnhof Süd],2021-07-04T03:22:00.145Z
0.30037084,open,2021-07-04T03:18:00Z,243,566,0,809,809,24279[Konstabler],2021-07-04T03:22:00.145Z
0.48356807,open,2021-07-04T03:18:00Z,206,220,0,426,426,18497[Hauptwache],2021-07-04T03:22:00.145Z
0,closed,2021-07-04T03:18:00Z,,,0,0,0,18495[Am Gericht],2021-07-04T03:22:00.145Z
0.095182136,open,2021-07-04T03:18:00Z,81,770,45,896,851,109240[MyZeil],2021-07-04T03:22:00.145Z
0.011494253,open,2021-07-04T03:18:00Z,7,602,0,609,609,18494[Konrad-Adenauer-Straße],2021-07-04T03:22:00.145Z
0,closed,2021-07-04T03:18:00Z,,,0,0,0,24278[Karstadt],2021-07-04T03:22:00.145Z
0.94400895,open,2021-07-04T03:38:00Z,843,50,0,893,893,24277[Börse],2021-07-04T03:42:00.054Z
0.04,open,2021-07-04T03:38:00Z,8,192,150,350,200,24276[Turmcenter],2021-07-04T03:42:00.054Z
0.014742015,open,2021-07-04T03:38:00Z,6,401,0,407,407,18944[Alte Oper],2021-07-04T03:42:00.054Z
0.021978023,open,2021-07-04T03:38:00Z,8,356,0,364,364,24281[Hauptbahnhof Süd],2021-07-04T03:42:00.054Z
0.29171818,open,2021-07-04T03:38:00Z,236,573,0,809,809,24279[Konstabler],2021-07-04T03:42:00.054Z
0.47887325,open,2021-07-04T03:38:00Z,204,222,0,426,426,18497[Hauptwache],2021-07-04T03:42:00.054Z
0,closed,2021-07-04T03:38:00Z,,,0,0,0,18495[Am Gericht],2021-07-04T03:42:00.054Z
0.095182136,open,2021-07-04T03:38:00Z,81,770,45,896,851,109240[MyZeil],2021-07-04T03:42:00.054Z
0.011494253,open,2021-07-04T03:38:00Z,7,602,0,609,609,18494[Konrad-Adenauer-Straße],2021-07-04T03:42:00.054Z
0,closed,2021-07-04T03:38:00Z,,,0,0,0,24278[Karstadt],2021-07-04T03:42:00.054Z
0.94400895,open,2021-07-04T03:48:00Z,843,50,0,893,893,24277[Börse],2021-07-04T03:52:00.771Z
0.04,open,2021-07-04T03:48:00Z,8,192,150,350,200,24276[Turmcenter],2021-07-04T03:52:00.771Z
0.017199017,open,2021-07-04T03:48:00Z,7,400,0,407,407,18944[Alte Oper],2021-07-04T03:52:00.771Z
0.021978023,open,2021-07-04T03:48:00Z,8,356,0,364,364,24281[Hauptbahnhof Süd],2021-07-04T03:52:00.771Z
0.29048207,open,2021-07-04T03:48:00Z,235,574,0,809,809,24279[Konstabler],2021-07-04T03:52:00.771Z
0.4765258,open,2021-07-04T03:48:00Z,203,223,0,426,426,18497[Hauptwache],2021-07-04T03:52:00.771Z
0,closed,2021-07-04T03:48:00Z,,,0,0,0,18495[Am Gericht],2021-07-04T03:52:00.771Z
0.095182136,open,2021-07-04T03:48:00Z,81,770,45,896,851,109240[MyZeil],2021-07-04T03:52:00.771Z
0.011494253,open,2021-07-04T03:48:00Z,7,602,0,609,609,18494[Konrad-Adenauer-Straße],2021-07-04T03:52:00.771Z
0,closed,2021-07-04T03:48:00Z,,,0,0,0,24278[Karstadt],2021-07-04T03:52:00.771Z
0.94400895,open,2021-07-04T04:03:00Z,843,50,0,893,893,24277[Börse],2021-07-04T04:07:01.334Z
0.04,open,2021-07-04T04:03:00Z,8,192,150,350,200,24276[Turmcenter],2021-07-04T04:07:01.334Z
0.017199017,open,2021-07-04T04:03:00Z,7,400,0,407,407,18944[Alte Oper],2021-07-04T04:07:01.334Z
0.021978023,open,2021-07-04T04:03:00Z,8,356,0,364,364,24281[Hauptbahnhof Süd],2021-07-04T04:07:01.334Z
0.29048207,open,2021-07-04T04:03:00Z,235,574,0,809,809,24279[Konstabler],2021-07-04T04:07:01.334Z
0.46948355,open,2021-07-04T04:03:00Z,200,226,0,426,426,18497[Hauptwache],2021-07-04T04:07:01.334Z
0.22058824,open,2021-07-04T04:03:00Z,150,530,0,680,680,18495[Am Gericht],2021-07-04T04:07:01.334Z
0.095182136,open,2021-07-04T04:03:00Z,81,770,45,896,851,109240[MyZeil],2021-07-04T04:07:01.334Z
0.011494253,open,2021-07-04T04:03:00Z,7,602,0,609,609,18494[Konrad-Adenauer-Straße],2021-07-04T04:07:01.334Z
0,closed,2021-07-04T04:03:00Z,,,0,0,0,24278[Karstadt],2021-07-04T04:07:01.334Z
0.94400895,open,2021-07-04T04:33:00Z,843,50,0,893,893,24277[Börse],2021-07-04T04:37:01.074Z
0.035,open,2021-07-04T04:33:00Z,7,193,150,350,200,24276[Turmcenter],2021-07-04T04:37:01.074Z
0.014742015,open,2021-07-04T04:33:00Z,6,401,0,407,407,18944[Alte Oper],2021-07-04T04:37:01.074Z
0.021978023,open,2021-07-04T04:33:00Z,8,356,0,364,364,24281[Hauptbahnhof Süd],2021-07-04T04:37:01.074Z
0.2855377,open,2021-07-04T04:33:00Z,231,578,0,809,809,24279[Konstabler],2021-07-04T04:37:01.074Z
0.46478873,open,2021-07-04T04:33:00Z,198,228,0,426,426,18497[Hauptwache],2021-07-04T04:37:01.074Z
0.22352941,open,2021-07-04T04:33:00Z,152,528,0,680,680,18495[Am Gericht],2021-07-04T04:37:01.074Z
0.095182136,open,2021-07-04T04:33:00Z,81,770,45,896,851,109240[MyZeil],2021-07-04T04:37:01.074Z
0.011494253,open,2021-07-04T04:33:00Z,7,602,0,609,609,18494[Konrad-Adenauer-Straße],2021-07-04T04:37:01.074Z
0,closed,2021-07-04T04:33:00Z,,,0,0,0,24278[Karstadt],2021-07-04T04:37:01.074Z
0.94400895,open,2021-07-04T04:54:00Z,843,50,0,893,893,24277[Börse],2021-07-04T04:57:00.954Z
0.035,open,2021-07-04T04:54:00Z,7,193,150,350,200,24276[Turmcenter],2021-07-04T04:57:00.954Z
0.014742015,open,2021-07-04T04:54:00Z,6,401,0,407,407,18944[Alte Oper],2021-07-04T04:57:00.954Z
0.021978023,open,2021-07-04T04:54:00Z,8,356,0,364,364,24281[Hauptbahnhof Süd],2021-07-04T04:57:00.954Z
0.2843016,open,2021-07-04T04:54:00Z,230,579,0,809,809,24279[Konstabler],2021-07-04T04:57:00.954Z
0.46244133,open,2021-07-04T04:54:00Z,197,229,0,426,426,18497[Hauptwache],2021-07-04T04:57:00.954Z
0.22352941,open,2021-07-04T04:54:00Z,152,528,0,680,680,18495[Am Gericht],2021-07-04T04:57:00.954Z
0.095182136,open,2021-07-04T04:54:00Z,81,770,45,896,851,109240[MyZeil],2021-07-04T04:57:00.954Z
0.011494253,open,2021-07-04T04:54:00Z,7,602,0,609,609,18494[Konrad-Adenauer-Straße],2021-07-04T04:57:00.954Z
0,closed,2021-07-04T04:54:00Z,,,0,0,0,24278[Karstadt],2021-07-04T04:57:00.954Z
0.94400895,open,2021-07-04T05:09:00Z,843,50,0,893,893,24277[Börse],2021-07-04T05:12:01.222Z
0.035,open,2021-07-04T05:09:00Z,7,193,150,350,200,24276[Turmcenter],2021-07-04T05:12:01.222Z
0.012285012,open,2021-07-04T05:09:00Z,5,402,0,407,407,18944[Alte Oper],2021-07-04T05:12:01.222Z
0.021978023,open,2021-07-04T05:09:00Z,8,356,0,364,364,24281[Hauptbahnhof Süd],2021-07-04T05:12:01.222Z
0.27935722,open,2021-07-04T05:09:00Z,226,583,0,809,809,24279[Konstabler],2021-07-04T05:12:01.222Z
0.46244133,open,2021-07-04T05:09:00Z,197,229,0,426,426,18497[Hauptwache],2021-07-04T05:12:01.222Z
0.22352941,open,2021-07-04T05:09:00Z,152,528,0,680,680,18495[Am Gericht],2021-07-04T05:12:01.222Z
0.095182136,open,2021-07-04T05:09:00Z,81,770,45,896,851,109240[MyZeil],2021-07-04T05:12:01.222Z
0.011494253,open,2021-07-04T05:09:00Z,7,602,0,609,609,18494[Konrad-Adenauer-Straße],2021-07-04T05:12:01.222Z
0,closed,2021-07-04T05:09:00Z,,,0,0,0,24278[Karstadt],2021-07-04T05:12:01.222Z
0.94400895,open,2021-07-04T05:23:00Z,843,50,0,893,893,24277[Börse],2021-07-04T05:27:00.640Z
0.035,open,2021-07-04T05:23:00Z,7,193,150,350,200,24276[Turmcenter],2021-07-04T05:27:00.640Z
0.012285012,open,2021-07-04T05:23:00Z,5,402,0,407,407,18944[Alte Oper],2021-07-04T05:27:00.640Z
0.021978023,open,2021-07-04T05:23:00Z,8,356,0,364,364,24281[Hauptbahnhof Süd],2021-07-04T05:27:00.640Z
0.27688503,open,2021-07-04T05:23:00Z,224,585,0,809,809,24279[Konstabler],2021-07-04T05:27:00.640Z
0.46244133,open,2021-07-04T05:23:00Z,197,229,0,426,426,18497[Hauptwache],2021-07-04T05:27:00.640Z
0.22205882,open,2021-07-04T05:23:00Z,151,529,0,680,680,18495[Am Gericht],2021-07-04T05:27:00.640Z
0.09283196,open,2021-07-04T05:23:00Z,79,772,45,896,851,109240[MyZeil],2021-07-04T05:27:00.640Z
0.011494253,open,2021-07-04T05:23:00Z,7,602,0,609,609,18494[Konrad-Adenauer-Straße],2021-07-04T05:27:00.640Z
0,closed,2021-07-04T05:23:00Z,,,0,0,0,24278[Karstadt],2021-07-04T05:27:00.640Z
0.94400895,open,2021-07-04T05:34:00Z,843,50,0,893,893,24277[Börse],2021-07-04T05:37:01.577Z
0.035,open,2021-07-04T05:34:00Z,7,193,150,350,200,24276[Turmcenter],2021-07-04T05:37:01.577Z
0.012285012,open,2021-07-04T05:34:00Z,5,402,0,407,407,18944[Alte Oper],2021-07-04T05:37:01.577Z
0.021978023,open,2021-07-04T05:34:00Z,8,356,0,364,364,24281[Hauptbahnhof Süd],2021-07-04T05:37:01.577Z
0.27688503,open,2021-07-04T05:34:00Z,224,585,0,809,809,24279[Konstabler],2021-07-04T05:37:01.577Z
0.46244133,open,2021-07-04T05:34:00Z,197,229,0,426,426,18497[Hauptwache],2021-07-04T05:37:01.577Z
0.21764706,open,2021-07-04T05:34:00Z,148,532,0,680,680,18495[Am Gericht],2021-07-04T05:37:01.577Z
0.09283196,open,2021-07-04T05:34:00Z,79,772,45,896,851,109240[MyZeil],2021-07-04T05:37:01.577Z
0.009852217,open,2021-07-04T05:34:00Z,6,603,0,609,609,18494[Konrad-Adenauer-Straße],2021-07-04T05:37:01.577Z
0,closed,2021-07-04T05:34:00Z,,,0,0,0,24278[Karstadt],2021-07-04T05:37:01.577Z
0.94400895,open,2021-07-04T05:44:00Z,843,50,0,893,893,24277[Börse],2021-07-04T05:47:00.044Z
0.035,open,2021-07-04T05:44:00Z,7,193,150,350,200,24276[Turmcenter],2021-07-04T05:47:00.044Z
0.012285012,open,2021-07-04T05:44:00Z,5,402,0,407,407,18944[Alte Oper],2021-07-04T05:47:00.044Z
0.021978023,open,2021-07-04T05:44:00Z,8,356,0,364,364,24281[Hauptbahnhof Süd],2021-07-04T05:47:00.044Z
0.27688503,open,2021-07-04T05:44:00Z,224,585,0,809,809,24279[Konstabler],2021-07-04T05:47:00.044Z
0.46244133,open,2021-07-04T05:44:00Z,197,229,0,426,426,18497[Hauptwache],2021-07-04T05:47:00.044Z
0.21764706,open,2021-07-04T05:44:00Z,148,532,0,680,680,18495[Am Gericht],2021-07-04T05:47:00.044Z
0.09283196,open,2021-07-04T05:44:00Z,79,772,45,896,851,109240[MyZeil],2021-07-04T05:47:00.044Z
0.00821018,open,2021-07-04T05:44:00Z,5,604,0,609,609,18494[Konrad-Adenauer-Straße],2021-07-04T05:47:00.044Z
0,closed,2021-07-04T05:44:00Z,,,0,0,0,24278[Karstadt],2021-07-04T05:47:00.044Z
0.94400895,open,2021-07-04T05:54:00Z,843,50,0,893,893,24277[Börse],2021-07-04T05:57:01.033Z
0.035,open,2021-07-04T05:54:00Z,7,193,150,350,200,24276[Turmcenter],2021-07-04T05:57:01.033Z
0.012285012,open,2021-07-04T05:54:00Z,5,402,0,407,407,18944[Alte Oper],2021-07-04T05:57:01.033Z
0.021978023,open,2021-07-04T05:54:00Z,8,356,0,364,364,24281[Hauptbahnhof Süd],2021-07-04T05:57:01.033Z
0.27564895,open,2021-07-04T05:54:00Z,223,586,0,809,809,24279[Konstabler],2021-07-04T05:57:01.033Z
0.46244133,open,2021-07-04T05:54:00Z,197,229,0,426,426,18497[Hauptwache],2021-07-04T05:57:01.033Z
0.21764706,open,2021-07-04T05:54:00Z,148,532,0,680,680,18495[Am Gericht],2021-07-04T05:57:01.033Z
0.09400705,open,2021-07-04T05:54:00Z,80,771,45,896,851,109240[MyZeil],2021-07-04T05:57:01.033Z
0.00821018,open,2021-07-04T05:54:00Z,5,604,0,609,609,18494[Konrad-Adenauer-Straße],2021-07-04T05:57:01.033Z
0,closed,2021-07-04T05:54:00Z,,,0,0,0,24278[Karstadt],2021-07-04T05:57:01.033Z
0.94400895,open,2021-07-04T06:24:00Z,843,50,0,893,893,24277[Börse],2021-07-04T06:27:02.973Z
0.035,open,2021-07-04T06:24:00Z,7,193,150,350,200,24276[Turmcenter],2021-07-04T06:27:02.973Z
0.0073710075,open,2021-07-04T06:24:00Z,3,404,0,407,407,18944[Alte Oper],2021-07-04T06:27:02.973Z
0.021978023,open,2021-07-04T06:24:00Z,8,356,0,364,364,24281[Hauptbahnhof Süd],2021-07-04T06:27:02.973Z
0.27194068,open,2021-07-04T06:24:00Z,220,589,0,809,809,24279[Konstabler],2021-07-04T06:27:02.973Z
0.46244133,open,2021-07-04T06:24:00Z,197,229,0,426,426,18497[Hauptwache],2021-07-04T06:27:02.973Z
0.21617647,open,2021-07-04T06:24:00Z,147,533,0,680,680,18495[Am Gericht],2021-07-04T06:27:02.973Z
0.09283196,open,2021-07-04T06:24:00Z,79,772,45,896,851,109240[MyZeil],2021-07-04T06:27:02.973Z
0.0049261083,open,2021-07-04T06:24:00Z,3,606,0,609,609,18494[Konrad-Adenauer-Straße],2021-07-04T06:27:02.973Z
0,closed,2021-07-04T06:24:00Z,,,0,0,0,24278[Karstadt],2021-07-04T06:27:02.973Z
0.94400895,open,2021-07-04T06:44:00Z,843,50,0,893,893,24277[Börse],2021-07-04T06:47:02.148Z
0.045,open,2021-07-04T06:44:00Z,9,191,150,350,200,24276[Turmcenter],2021-07-04T06:47:02.148Z
0.00982801,open,2021-07-04T06:44:00Z,4,403,0,407,407,18944[Alte Oper],2021-07-04T06:47:02.148Z
0.021978023,open,2021-07-04T06:44:00Z,8,356,0,364,364,24281[Hauptbahnhof Süd],2021-07-04T06:47:02.148Z
0.26823238,open,2021-07-04T06:44:00Z,217,592,0,809,809,24279[Konstabler],2021-07-04T06:47:02.148Z
0.46478873,open,2021-07-04T06:44:00Z,198,228,0,426,426,18497[Hauptwache],2021-07-04T06:47:02.148Z
0.21617647,open,2021-07-04T06:44:00Z,147,533,0,680,680,18495[Am Gericht],2021-07-04T06:47:02.148Z
0.09635723,open,2021-07-04T06:44:00Z,82,769,45,896,851,109240[MyZeil],2021-07-04T06:47:02.148Z
0.0065681445,open,2021-07-04T06:44:00Z,4,605,0,609,609,18494[Konrad-Adenauer-Straße],2021-07-04T06:47:02.148Z
0,closed,2021-07-04T06:44:00Z,,,0,0,0,24278[Karstadt],2021-07-04T06:47:02.148Z
0.94400895,open,2021-07-04T07:05:00Z,843,50,0,893,893,24277[Börse],2021-07-04T07:07:02.180Z
0.055,open,2021-07-04T07:05:00Z,11,189,150,350,200,24276[Turmcenter],2021-07-04T07:07:02.180Z
0.00982801,open,2021-07-04T07:05:00Z,4,403,0,407,407,18944[Alte Oper],2021-07-04T07:07:02.180Z
0.021978023,open,2021-07-04T07:05:00Z,8,356,0,364,364,24281[Hauptbahnhof Süd],2021-07-04T07:07:02.180Z
0.2694685,open,2021-07-04T07:05:00Z,218,591,0,809,809,24279[Konstabler],2021-07-04T07:07:02.180Z
0.46713614,open,2021-07-04T07:05:00Z,199,227,0,426,426,18497[Hauptwache],2021-07-04T07:07:02.180Z
0.21470588,open,2021-07-04T07:05:00Z,146,534,0,680,680,18495[Am Gericht],2021-07-04T07:07:02.180Z
0.0987074,open,2021-07-04T07:05:00Z,84,767,45,896,851,109240[MyZeil],2021-07-04T07:07:02.180Z
0.0065681445,open,2021-07-04T07:05:00Z,4,605,0,609,609,18494[Konrad-Adenauer-Straße],2021-07-04T07:07:02.180Z
0,closed,2021-07-04T07:05:00Z,,,0,0,0,24278[Karstadt],2021-07-04T07:07:02.180Z
0.94400895,open,2021-07-04T07:20:00Z,843,50,0,893,893,24277[Börse],2021-07-04T07:22:00.184Z
0.055,open,2021-07-04T07:20:00Z,11,189,150,350,200,24276[Turmcenter],2021-07-04T07:22:00.184Z
0.012285012,open,2021-07-04T07:20:00Z,5,402,0,407,407,18944[Alte Oper],2021-07-04T07:22:00.184Z
0.021978023,open,2021-07-04T07:20:00Z,8,356,0,364,364,24281[Hauptbahnhof Süd],2021-07-04T07:22:00.184Z
0.2645241,open,2021-07-04T07:20:00Z,214,595,0,809,809,24279[Konstabler],2021-07-04T07:22:00.184Z
0.46478873,open,2021-07-04T07:20:00Z,198,228,0,426,426,18497[Hauptwache],2021-07-04T07:22:00.184Z
0.21470588,open,2021-07-04T07:20:00Z,146,534,0,680,680,18495[Am Gericht],2021-07-04T07:22:00.184Z
0.09635723,open,2021-07-04T07:20:00Z,82,769,45,896,851,109240[MyZeil],2021-07-04T07:22:00.184Z
0.0049261083,open,2021-07-04T07:20:00Z,3,606,0,609,609,18494[Konrad-Adenauer-Straße],2021-07-04T07:22:00.184Z
0,closed,2021-07-04T07:20:00Z,,,0,0,0,24278[Karstadt],2021-07-04T07:22:00.184Z
0.94400895,open,2021-07-04T07:29:00Z,843,50,0,893,893,24277[Börse],2021-07-04T07:32:00.776Z
0.055,open,2021-07-04T07:29:00Z,11,189,150,350,200,24276[Turmcenter],2021-07-04T07:32:00.776Z
0.00982801,open,2021-07-04T07:29:00Z,4,403,0,407,407,18944[Alte Oper],2021-07-04T07:32:00.776Z
0.021978023,open,2021-07-04T07:29:00Z,8,356,0,364,364,24281[Hauptbahnhof Süd],2021-07-04T07:32:00.776Z
0.2669963,open,2021-07-04T07:29:00Z,216,593,0,809,809,24279[Konstabler],2021-07-04T07:32:00.776Z
0.46478873,open,2021-07-04T07:29:00Z,198,228,0,426,426,18497[Hauptwache],2021-07-04T07:32:00.776Z
0.21470588,open,2021-07-04T07:29:00Z,146,534,0,680,680,18495[Am Gericht],2021-07-04T07:32:00.776Z
0.0987074,open,2021-07-04T07:29:00Z,84,767,45,896,851,109240[MyZeil],2021-07-04T07:32:00.776Z
0.0032840723,open,2021-07-04T07:29:00Z,2,607,0,609,609,18494[Konrad-Adenauer-Straße],2021-07-04T07:32:00.776Z
0,closed,2021-07-04T07:29:00Z,,,0,0,0,24278[Karstadt],2021-07-04T07:32:00.776Z
0.94400895,open,2021-07-04T07:45:00Z,843,50,0,893,893,24277[Börse],2021-07-04T07:47:00.729Z
0.055,open,2021-07-04T07:45:00Z,11,189,150,350,200,24276[Turmcenter],2021-07-04T07:47:00.729Z
0.00982801,open,2021-07-04T07:45:00Z,4,403,0,407,407,18944[Alte Oper],2021-07-04T07:47:00.729Z
0.01923077,open,2021-07-04T07:45:00Z,7,357,0,364,364,24281[Hauptbahnhof Süd],2021-07-04T07:47:00.729Z
0.27070457,open,2021-07-04T07:45:00Z,219,590,0,809,809,24279[Konstabler],2021-07-04T07:47:00.729Z
0.46948355,open,2021-07-04T07:45:00Z,200,226,0,426,426,18497[Hauptwache],2021-07-04T07:47:00.729Z
0.21029411,open,2021-07-04T07:45:00Z,143,537,0,680,680,18495[Am Gericht],2021-07-04T07:47:00.729Z
0.09753232,open,2021-07-04T07:45:00Z,83,768,45,896,851,109240[MyZeil],2021-07-04T07:47:00.729Z
0.0016420361,open,2021-07-04T07:45:00Z,1,608,0,609,609,18494[Konrad-Adenauer-Straße],2021-07-04T07:47:00.729Z
0,closed,2021-07-04T07:45:00Z,,,0,0,0,24278[Karstadt],2021-07-04T07:47:00.729Z
0.94400895,open,2021-07-04T07:50:00Z,843,50,0,893,893,24277[Börse],2021-07-04T07:52:00.067Z
0.055,open,2021-07-04T07:50:00Z,11,189,150,350,200,24276[Turmcenter],2021-07-04T07:52:00.067Z
0.00982801,open,2021-07-04T07:50:00Z,4,403,0,407,407,18944[Alte Oper],2021-07-04T07:52:00.067Z
0.01923077,open,2021-07-04T07:50:00Z,7,357,0,364,364,24281[Hauptbahnhof Süd],2021-07-04T07:52:00.067Z
0.2694685,open,2021-07-04T07:50:00Z,218,591,0,809,809,24279[Konstabler],2021-07-04T07:52:00.067Z
0.471831,open,2021-07-04T07:50:00Z,201,225,0,426,426,18497[Hauptwache],2021-07-04T07:52:00.067Z
0.21029411,open,2021-07-04T07:50:00Z,143,537,0,680,680,18495[Am Gericht],2021-07-04T07:52:00.067Z
0.0987074,open,2021-07-04T07:50:00Z,84,767,45,896,851,109240[MyZeil],2021-07-04T07:52:00.067Z
0.0032840723,open,2021-07-04T07:50:00Z,2,607,0,609,609,18494[Konrad-Adenauer-Straße],2021-07-04T07:52:00.067Z
0,closed,2021-07-04T07:50:00Z,,,0,0,0,24278[Karstadt],2021-07-04T07:52:00.067Z
0.94400895,open,2021-07-04T08:10:00Z,843,50,0,893,893,24277[Börse],2021-07-04T08:12:00.449Z
0.05,open,2021-07-04T08:10:00Z,10,190,150,350,200,24276[Turmcenter],2021-07-04T08:12:00.449Z
0.022113021,open,2021-07-04T08:10:00Z,9,398,0,407,407,18944[Alte Oper],2021-07-04T08:12:00.449Z
0.021978023,open,2021-07-04T08:10:00Z,8,356,0,364,364,24281[Hauptbahnhof Süd],2021-07-04T08:12:00.449Z
0.27070457,open,2021-07-04T08:10:00Z,219,590,0,809,809,24279[Konstabler],2021-07-04T08:12:00.449Z
0.48826292,open,2021-07-04T08:10:00Z,208,218,0,426,426,18497[Hauptwache],2021-07-04T08:12:00.449Z
0.21029411,open,2021-07-04T08:10:00Z,143,537,0,680,680,18495[Am Gericht],2021-07-04T08:12:00.449Z
0.095182136,open,2021-07-04T08:10:00Z,81,770,45,896,851,109240[MyZeil],2021-07-04T08:12:00.449Z
0,open,2021-07-04T08:10:00Z,0,609,0,609,609,18494[Konrad-Adenauer-Straße],2021-07-04T08:12:00.449Z
0,closed,2021-07-04T08:10:00Z,,,0,0,0,24278[Karstadt],2021-07-04T08:12:00.449Z
0.94400895,open,2021-07-04T08:30:00Z,843,50,0,893,893,24277[Börse],2021-07-04T08:32:01.773Z
0.05,open,2021-07-04T08:30:00Z,10,190,150,350,200,24276[Turmcenter],2021-07-04T08:32:01.773Z
0.03685504,open,2021-07-04T08:30:00Z,15,392,0,407,407,18944[Alte Oper],2021-07-04T08:32:01.773Z
0.013736264,open,2021-07-04T08:30:00Z,5,359,0,364,364,24281[Hauptbahnhof Süd],2021-07-04T08:32:01.773Z
0.2694685,open,2021-07-04T08:30:00Z,218,591,0,809,809,24279[Konstabler],2021-07-04T08:32:01.773Z
0.4976526,open,2021-07-04T08:30:00Z,212,214,0,426,426,18497[Hauptwache],2021-07-04T08:32:01.773Z
0.21029411,open,2021-07-04T08:30:00Z,143,537,0,680,680,18495[Am Gericht],2021-07-04T08:32:01.773Z
0.0987074,open,2021-07-04T08:30:00Z,84,767,45,896,851,109240[MyZeil],2021-07-04T08:32:01.773Z
0,open,2021-07-04T08:30:00Z,0,609,0,609,609,18494[Konrad-Adenauer-Straße],2021-07-04T08:32:01.773Z
0,closed,2021-07-04T08:30:00Z,,,0,0,0,24278[Karstadt],2021-07-04T08:32:01.773Z
0.94400895,open,2021-07-04T08:40:00Z,843,50,0,893,893,24277[Börse],2021-07-04T08:42:02.448Z
0.05,open,2021-07-04T08:40:00Z,10,190,150,350,200,24276[Turmcenter],2021-07-04T08:42:02.448Z
0.03685504,open,2021-07-04T08:40:00Z,15,392,0,407,407,18944[Alte Oper],2021-07-04T08:42:02.448Z
0.013736264,open,2021-07-04T08:40:00Z,5,359,0,364,364,24281[Hauptbahnhof Süd],2021-07-04T08:42:02.448Z
0.2694685,open,2021-07-04T08:40:00Z,218,591,0,809,809,24279[Konstabler],2021-07-04T08:42:02.448Z
0.5046948,open,2021-07-04T08:40:00Z,215,211,0,426,426,18497[Hauptwache],2021-07-04T08:42:02.448Z
0.21029411,open,2021-07-04T08:40:00Z,143,537,0,680,680,18495[Am Gericht],2021-07-04T08:42:02.448Z
0.09283196,open,2021-07-04T08:40:00Z,79,772,45,896,851,109240[MyZeil],2021-07-04T08:42:02.448Z
0,open,2021-07-04T08:40:00Z,0,609,0,609,609,18494[Konrad-Adenauer-Straße],2021-07-04T08:42:02.448Z
0,closed,2021-07-04T08:40:00Z,,,0,0,0,24278[Karstadt],2021-07-04T08:42:02.448Z
0.94400895,open,2021-07-04T08:50:00Z,843,50,0,893,893,24277[Börse],2021-07-04T08:52:02.050Z
0.05,open,2021-07-04T08:50:00Z,10,190,150,350,200,24276[Turmcenter],2021-07-04T08:52:02.050Z
0.03685504,open,2021-07-04T08:50:00Z,15,392,0,407,407,18944[Alte Oper],2021-07-04T08:52:02.050Z
0.013736264,open,2021-07-04T08:50:00Z,5,359,0,364,364,24281[Hauptbahnhof Süd],2021-07-04T08:52:02.050Z
0.27070457,open,2021-07-04T08:50:00Z,219,590,0,809,809,24279[Konstabler],2021-07-04T08:52:02.050Z
0.52816904,open,2021-07-04T08:50:00Z,225,201,0,426,426,18497[Hauptwache],2021-07-04T08:52:02.050Z
0.21029411,open,2021-07-04T08:50:00Z,143,537,0,680,680,18495[Am Gericht],2021-07-04T08:52:02.050Z
0.09283196,open,2021-07-04T08:50:00Z,79,772,45,896,851,109240[MyZeil],2021-07-04T08:52:02.050Z
0,open,2021-07-04T08:50:00Z,0,609,0,609,609,18494[Konrad-Adenauer-Straße],2021-07-04T08:52:02.050Z
0,closed,2021-07-04T08:50:00Z,,,0,0,0,24278[Karstadt],2021-07-04T08:52:02.050Z
0.94400895,open,2021-07-04T09:15:00Z,843,50,0,893,893,24277[Börse],2021-07-04T09:17:01.131Z
0.05,open,2021-07-04T09:15:00Z,10,190,150,350,200,24276[Turmcenter],2021-07-04T09:17:01.131Z
0.034398034,open,2021-07-04T09:15:00Z,14,393,0,407,407,18944[Alte Oper],2021-07-04T09:17:01.131Z
0.013736264,open,2021-07-04T09:15:00Z,5,359,0,364,364,24281[Hauptbahnhof Süd],2021-07-04T09:17:01.131Z
0.27317676,open,2021-07-04T09:15:00Z,221,588,0,809,809,24279[Konstabler],2021-07-04T09:17:01.131Z
0.5492958,open,2021-07-04T09:15:00Z,234,192,0,426,426,18497[Hauptwache],2021-07-04T09:17:01.131Z
0.21176471,open,2021-07-04T09:15:00Z,144,536,0,680,680,18495[Am Gericht],2021-07-04T09:17:01.131Z
0.09165687,open,2021-07-04T09:15:00Z,78,773,45,896,851,109240[MyZeil],2021-07-04T09:17:01.131Z
0.0032840723,open,2021-07-04T09:15:00Z,2,607,0,609,609,18494[Konrad-Adenauer-Straße],2021-07-04T09:17:01.131Z
0,closed,2021-07-04T09:15:00Z,,,0,0,0,24278[Karstadt],2021-07-04T09:17:01.131Z
0.94400895,open,2021-07-04T09:35:00Z,843,50,0,893,893,24277[Börse],2021-07-04T09:37:00.083Z
0.045,open,2021-07-04T09:35:00Z,9,191,150,350,200,24276[Turmcenter],2021-07-04T09:37:00.083Z
0.044226043,open,2021-07-04T09:35:00Z,18,389,0,407,407,18944[Alte Oper],2021-07-04T09:37:00.083Z
0.016483517,open,2021-07-04T09:35:00Z,6,358,0,364,364,24281[Hauptbahnhof Süd],2021-07-04T09:37:00.083Z
0.27812114,open,2021-07-04T09:35:00Z,225,584,0,809,809,24279[Konstabler],2021-07-04T09:37:00.083Z
0.58685446,open,2021-07-04T09:35:00Z,250,176,0,426,426,18497[Hauptwache],2021-07-04T09:37:00.083Z
0.21029411,open,2021-07-04T09:35:00Z,143,537,0,680,680,18495[Am Gericht],2021-07-04T09:37:00.083Z
0.08813161,open,2021-07-04T09:35:00Z,75,776,45,896,851,109240[MyZeil],2021-07-04T09:37:00.083Z
0.0065681445,open,2021-07-04T09:35:00Z,4,605,0,609,609,18494[Konrad-Adenauer-Straße],2021-07-04T09:37:00.083Z
0,closed,2021-07-04T09:35:00Z,,,0,0,0,24278[Karstadt],2021-07-04T09:37:00.083Z
0.94400895,open,2021-07-04T09:40:00Z,843,50,0,893,893,24277[Börse],2021-07-04T09:42:02.252Z
0.05,open,2021-07-04T09:40:00Z,10,190,150,350,200,24276[Turmcenter],2021-07-04T09:42:02.252Z
0.044226043,open,2021-07-04T09:40:00Z,18,389,0,407,407,18944[Alte Oper],2021-07-04T09:42:02.252Z
0.016483517,open,2021-07-04T09:40:00Z,6,358,0,364,364,24281[Hauptbahnhof Süd],2021-07-04T09:42:02.252Z
0.27935722,open,2021-07-04T09:40:00Z,226,583,0,809,809,24279[Konstabler],2021-07-04T09:42:02.252Z
0.58685446,open,2021-07-04T09:40:00Z,250,176,0,426,426,18497[Hauptwache],2021-07-04T09:42:02.252Z
0.21176471,open,2021-07-04T09:40:00Z,144,536,0,680,680,18495[Am Gericht],2021-07-04T09:42:02.252Z
0.0893067,open,2021-07-04T09:40:00Z,76,775,45,896,851,109240[MyZeil],2021-07-04T09:42:02.252Z
0.0065681445,open,2021-07-04T09:40:00Z,4,605,0,609,609,18494[Konrad-Adenauer-Straße],2021-07-04T09:42:02.252Z
0,closed,2021-07-04T09:40:00Z,,,0,0,0,24278[Karstadt],2021-07-04T09:42:02.252Z
0.94400895,open,2021-07-04T09:55:00Z,843,50,0,893,893,24277[Börse],2021-07-04T09:57:00.161Z
0.055,open,2021-07-04T09:55:00Z,11,189,150,350,200,24276[Turmcenter],2021-07-04T09:57:00.161Z
0.046683047,open,2021-07-04T09:55:00Z,19,388,0,407,407,18944[Alte Oper],2021-07-04T09:57:00.161Z
0.021978023,open,2021-07-04T09:55:00Z,8,356,0,364,364,24281[Hauptbahnhof Süd],2021-07-04T09:57:00.161Z
0.27935722,open,2021-07-04T09:55:00Z,226,583,0,809,809,24279[Konstabler],2021-07-04T09:57:00.161Z
0.59859157,open,2021-07-04T09:55:00Z,255,171,0,426,426,18497[Hauptwache],2021-07-04T09:57:00.161Z
0.21323529,open,2021-07-04T09:55:00Z,145,535,0,680,680,18495[Am Gericht],2021-07-04T09:57:00.161Z
0.08460634,open,2021-07-04T09:55:00Z,72,779,45,896,851,109240[MyZeil],2021-07-04T09:57:00.161Z
0,open,2021-07-04T09:55:00Z,0,609,0,609,609,18494[Konrad-Adenauer-Straße],2021-07-04T09:57:00.161Z
0,closed,2021-07-04T09:55:00Z,,,0,0,0,24278[Karstadt],2021-07-04T09:57:00.161Z
0.94400895,open,2021-07-04T10:15:00Z,843,50,0,893,893,24277[Börse],2021-07-04T10:17:01.166Z
0.055,open,2021-07-04T10:15:00Z,11,189,150,350,200,24276[Turmcenter],2021-07-04T10:17:01.166Z
0.06142506,open,2021-07-04T10:15:00Z,25,382,0,407,407,18944[Alte Oper],2021-07-04T10:17:01.166Z
0.016483517,open,2021-07-04T10:15:00Z,6,358,0,364,364,24281[Hauptbahnhof Süd],2021-07-04T10:17:01.166Z
0.289246,open,2021-07-04T10:15:00Z,234,575,0,809,809,24279[Konstabler],2021-07-04T10:17:01.166Z
0.59624416,open,2021-07-04T10:15:00Z,254,172,0,426,426,18497[Hauptwache],2021-07-04T10:17:01.166Z
0.21176471,open,2021-07-04T10:15:00Z,144,536,0,680,680,18495[Am Gericht],2021-07-04T10:17:01.166Z
0.08578143,open,2021-07-04T10:15:00Z,73,778,45,896,851,109240[MyZeil],2021-07-04T10:17:01.166Z
0,open,2021-07-04T10:15:00Z,0,609,0,609,609,18494[Konrad-Adenauer-Straße],2021-07-04T10:17:01.166Z
0,closed,2021-07-04T10:15:00Z,,,0,0,0,24278[Karstadt],2021-07-04T10:17:01.166Z
0.94400895,open,2021-07-04T10:31:00Z,843,50,0,893,893,24277[Börse],2021-07-04T10:32:02.616Z
0.055,open,2021-07-04T10:31:00Z,11,189,150,350,200,24276[Turmcenter],2021-07-04T10:32:02.616Z
0.07125307,open,2021-07-04T10:31:00Z,29,378,0,407,407,18944[Alte Oper],2021-07-04T10:32:02.616Z
0.027472528,open,2021-07-04T10:31:00Z,10,354,0,364,364,24281[Hauptbahnhof Süd],2021-07-04T10:32:02.616Z
0.29789865,open,2021-07-04T10:31:00Z,241,568,0,809,809,24279[Konstabler],2021-07-04T10:32:02.616Z
0.6079812,open,2021-07-04T10:31:00Z,259,167,0,426,426,18497[Hauptwache],2021-07-04T10:32:02.616Z
0.22352941,open,2021-07-04T10:31:00Z,152,528,0,680,680,18495[Am Gericht],2021-07-04T10:32:02.616Z
0.08460634,open,2021-07-04T10:31:00Z,72,779,45,896,851,109240[MyZeil],2021-07-04T10:32:02.616Z
0,open,2021-07-04T10:31:00Z,0,609,0,609,609,18494[Konrad-Adenauer-Straße],2021-07-04T10:32:02.616Z
0,closed,2021-07-04T10:31:00Z,,,0,0,0,24278[Karstadt],2021-07-04T10:32:02.616Z
0.94400895,open,2021-07-04T10:41:00Z,843,50,0,893,893,24277[Börse],2021-07-04T10:42:00.882Z
0.065,open,2021-07-04T10:41:00Z,13,187,150,350,200,24276[Turmcenter],2021-07-04T10:42:00.882Z
0.07125307,open,2021-07-04T10:41:00Z,29,378,0,407,407,18944[Alte Oper],2021-07-04T10:42:00.882Z
0.027472528,open,2021-07-04T10:41:00Z,10,354,0,364,364,24281[Hauptbahnhof Süd],2021-07-04T10:42:00.882Z
0.3090235,open,2021-07-04T10:41:00Z,250,559,0,809,809,24279[Konstabler],2021-07-04T10:42:00.882Z
0.6197183,open,2021-07-04T10:41:00Z,264,162,0,426,426,18497[Hauptwache],2021-07-04T10:42:00.882Z
0.22794117,open,2021-07-04T10:41:00Z,155,525,0,680,680,18495[Am Gericht],2021-07-04T10:42:00.882Z
0.08343126,open,2021-07-04T10:41:00Z,71,780,45,896,851,109240[MyZeil],2021-07-04T10:42:00.882Z
0,open,2021-07-04T10:41:00Z,0,609,0,609,609,18494[Konrad-Adenauer-Straße],2021-07-04T10:42:00.882Z
0,closed,2021-07-04T10:41:00Z,,,0,0,0,24278[Karstadt],2021-07-04T10:42:00.882Z
0.94400895,open,2021-07-04T10:56:00Z,843,50,0,893,893,24277[Börse],2021-07-04T10:57:00.589Z
0.075,open,2021-07-04T10:56:00Z,15,185,150,350,200,24276[Turmcenter],2021-07-04T10:57:00.589Z
0.083538085,open,2021-07-04T10:56:00Z,34,373,0,407,407,18944[Alte Oper],2021-07-04T10:57:00.589Z
0.016483517,open,2021-07-04T10:56:00Z,6,358,0,364,364,24281[Hauptbahnhof Süd],2021-07-04T10:57:00.589Z
0.31273177,open,2021-07-04T10:56:00Z,253,556,0,809,809,24279[Konstabler],2021-07-04T10:57:00.589Z
0.6150235,open,2021-07-04T10:56:00Z,262,164,0,426,426,18497[Hauptwache],2021-07-04T10:57:00.589Z
0.22794117,open,2021-07-04T10:56:00Z,155,525,0,680,680,18495[Am Gericht],2021-07-04T10:57:00.589Z
0.08343126,open,2021-07-04T10:56:00Z,71,780,45,896,851,109240[MyZeil],2021-07-04T10:57:00.589Z
0.0016420361,open,2021-07-04T10:56:00Z,1,608,0,609,609,18494[Konrad-Adenauer-Straße],2021-07-04T10:57:00.589Z
0,closed,2021-07-04T10:56:00Z,,,0,0,0,24278[Karstadt],2021-07-04T10:57:00.589Z
0.94400895,open,2021-07-04T11:11:00Z,843,50,0,893,893,24277[Börse],2021-07-04T11:12:01.831Z
0.085,open,2021-07-04T11:11:00Z,17,183,150,350,200,24276[Turmcenter],2021-07-04T11:12:01.831Z
0.09090909,open,2021-07-04T11:11:00Z,37,370,0,407,407,18944[Alte Oper],2021-07-04T11:12:01.831Z
0.010989011,open,2021-07-04T11:11:00Z,4,360,0,364,364,24281[Hauptbahnhof Süd],2021-07-04T11:12:01.831Z
0.32138443,open,2021-07-04T11:11:00Z,260,549,0,809,809,24279[Konstabler],2021-07-04T11:12:01.831Z
0.62441313,open,2021-07-04T11:11:00Z,266,160,0,426,426,18497[Hauptwache],2021-07-04T11:12:01.831Z
0.23088235,open,2021-07-04T11:11:00Z,157,523,0,680,680,18495[Am Gericht],2021-07-04T11:12:01.831Z
0.08695652,open,2021-07-04T11:11:00Z,74,777,45,896,851,109240[MyZeil],2021-07-04T11:12:01.831Z
0.0016420361,open,2021-07-04T11:11:00Z,1,608,0,609,609,18494[Konrad-Adenauer-Straße],2021-07-04T11:12:01.831Z
0,closed,2021-07-04T11:11:00Z,,,0,0,0,24278[Karstadt],2021-07-04T11:12:01.831Z
0.94400895,open,2021-07-04T11:26:00Z,843,50,0,893,893,24277[Börse],2021-07-04T11:27:02.829Z
0.1,open,2021-07-04T11:26:00Z,20,180,150,350,200,24276[Turmcenter],2021-07-04T11:27:02.829Z
0.098280095,open,2021-07-04T11:26:00Z,40,367,0,407,407,18944[Alte Oper],2021-07-04T11:27:02.829Z
0.010989011,open,2021-07-04T11:26:00Z,4,360,0,364,364,24281[Hauptbahnhof Süd],2021-07-04T11:27:02.829Z
0.3275649,open,2021-07-04T11:26:00Z,265,544,0,809,809,24279[Konstabler],2021-07-04T11:27:02.829Z
0.63849765,open,2021-07-04T11:26:00Z,272,154,0,426,426,18497[Hauptwache],2021-07-04T11:27:02.829Z
0.23382352,open,2021-07-04T11:26:00Z,159,521,0,680,680,18495[Am Gericht],2021-07-04T11:27:02.829Z
0.08578143,open,2021-07-04T11:26:00Z,73,778,45,896,851,109240[MyZeil],2021-07-04T11:27:02.829Z
0.0016420361,open,2021-07-04T11:26:00Z,1,608,0,609,609,18494[Konrad-Adenauer-Straße],2021-07-04T11:27:02.829Z
0,closed,2021-07-04T11:26:00Z,,,0,0,0,24278[Karstadt],2021-07-04T11:27:02.829Z
0.94400895,open,2021-07-04T11:46:00Z,843,50,0,893,893,24277[Börse],2021-07-04T11:47:01.926Z
0.12,open,2021-07-04T11:46:00Z,24,176,150,350,200,24276[Turmcenter],2021-07-04T11:47:01.926Z
0.1007371,open,2021-07-04T11:46:00Z,41,366,0,407,407,18944[Alte Oper],2021-07-04T11:47:01.926Z
0.01923077,open,2021-07-04T11:46:00Z,7,357,0,364,364,24281[Hauptbahnhof Süd],2021-07-04T11:47:01.926Z
0.3473424,open,2021-07-04T11:46:00Z,281,528,0,809,809,24279[Konstabler],2021-07-04T11:47:01.926Z
0.6619718,open,2021-07-04T11:46:00Z,282,144,0,426,426,18497[Hauptwache],2021-07-04T11:47:01.926Z
0.23970588,open,2021-07-04T11:46:00Z,163,517,0,680,680,18495[Am Gericht],2021-07-04T11:47:01.926Z
0.08578143,open,2021-07-04T11:46:00Z,73,778,45,896,851,109240[MyZeil],2021-07-04T11:47:01.926Z
0.0032840723,open,2021-07-04T11:46:00Z,2,607,0,609,609,18494[Konrad-Adenauer-Straße],2021-07-04T11:47:01.926Z
0,closed,2021-07-04T11:46:00Z,,,0,0,0,24278[Karstadt],2021-07-04T11:47:01.926Z
0.94400895,open,2021-07-04T12:27:00Z,843,50,0,893,893,24277[Börse],2021-07-04T12:32:02.017Z
0.165,open,2021-07-04T12:27:00Z,33,167,150,350,200,24276[Turmcenter],2021-07-04T12:32:02.017Z
0.1056511,open,2021-07-04T12:27:00Z,43,364,0,407,407,18944[Alte Oper],2021-07-04T12:32:02.017Z
0.021978023,open,2021-07-04T12:27:00Z,8,356,0,364,364,24281[Hauptbahnhof Süd],2021-07-04T12:32:02.017Z
0.3522868,open,2021-07-04T12:27:00Z,285,524,0,809,809,24279[Konstabler],2021-07-04T12:32:02.017Z
0.67840374,open,2021-07-04T12:27:00Z,289,137,0,426,426,18497[Hauptwache],2021-07-04T12:32:02.017Z
0.23529412,open,2021-07-04T12:27:00Z,160,520,0,680,680,18495[Am Gericht],2021-07-04T12:32:02.017Z
0.09048179,open,2021-07-04T12:27:00Z,77,774,45,896,851,109240[MyZeil],2021-07-04T12:32:02.017Z
0.009852217,open,2021-07-04T12:27:00Z,6,603,0,609,609,18494[Konrad-Adenauer-Straße],2021-07-04T12:32:02.017Z
0,closed,2021-07-04T12:27:00Z,,,0,0,0,24278[Karstadt],2021-07-04T12:32:02.017Z
0.94400895,open,2021-07-04T12:52:00Z,843,50,0,893,893,24277[Börse],2021-07-04T12:57:01.773Z
0.21,open,2021-07-04T12:52:00Z,42,158,150,350,200,24276[Turmcenter],2021-07-04T12:57:01.773Z
0.1031941,open,2021-07-04T12:52:00Z,42,365,0,407,407,18944[Alte Oper],2021-07-04T12:57:01.773Z
0.024725275,open,2021-07-04T12:52:00Z,9,355,0,364,364,24281[Hauptbahnhof Süd],2021-07-04T12:57:01.773Z
0.35352287,open,2021-07-04T12:52:00Z,286,523,0,809,809,24279[Konstabler],2021-07-04T12:57:01.773Z
0.685446,open,2021-07-04T12:52:00Z,292,134,0,426,426,18497[Hauptwache],2021-07-04T12:57:01.773Z
0.23970588,open,2021-07-04T12:52:00Z,163,517,0,680,680,18495[Am Gericht],2021-07-04T12:57:01.773Z
0.08813161,open,2021-07-04T12:52:00Z,75,776,45,896,851,109240[MyZeil],2021-07-04T12:57:01.773Z
0.0049261083,open,2021-07-04T12:52:00Z,3,606,0,609,609,18494[Konrad-Adenauer-Straße],2021-07-04T12:57:01.773Z
0,closed,2021-07-04T12:52:00Z,,,0,0,0,24278[Karstadt],2021-07-04T12:57:01.773Z
0.94400895,open,2021-07-04T13:17:00Z,843,50,0,893,893,24277[Börse],2021-07-04T13:22:02.275Z
0.22,open,2021-07-04T13:17:00Z,44,156,150,350,200,24276[Turmcenter],2021-07-04T13:22:02.275Z
0.06633907,open,2021-07-04T13:17:00Z,27,380,0,407,407,18944[Alte Oper],2021-07-04T13:22:02.275Z
0.01923077,open,2021-07-04T13:17:00Z,7,357,0,364,364,24281[Hauptbahnhof Süd],2021-07-04T13:22:02.275Z
0.33374536,open,2021-07-04T13:17:00Z,270,539,0,809,809,24279[Konstabler],2021-07-04T13:22:02.275Z
0.6737089,open,2021-07-04T13:17:00Z,287,139,0,426,426,18497[Hauptwache],2021-07-04T13:22:02.275Z
0.2367647,open,2021-07-04T13:17:00Z,161,519,0,680,680,18495[Am Gericht],2021-07-04T13:22:02.275Z
0.08578143,open,2021-07-04T13:17:00Z,73,778,45,896,851,109240[MyZeil],2021-07-04T13:22:02.275Z
0.0049261083,open,2021-07-04T13:17:00Z,3,606,0,609,609,18494[Konrad-Adenauer-Straße],2021-07-04T13:22:02.275Z
0,closed,2021-07-04T13:17:00Z,,,0,0,0,24278[Karstadt],2021-07-04T13:22:02.275Z
0.94400895,open,2021-07-04T13:32:00Z,843,50,0,893,893,24277[Börse],2021-07-04T13:37:00.752Z
0.22,open,2021-07-04T13:32:00Z,44,156,150,350,200,24276[Turmcenter],2021-07-04T13:37:00.752Z
0.05159705,open,2021-07-04T13:32:00Z,21,386,0,407,407,18944[Alte Oper],2021-07-04T13:37:00.752Z
0.016483517,open,2021-07-04T13:32:00Z,6,358,0,364,364,24281[Hauptbahnhof Süd],2021-07-04T13:37:00.752Z
0.3300371,open,2021-07-04T13:32:00Z,267,542,0,809,809,24279[Konstabler],2021-07-04T13:37:00.752Z
0.65023476,open,2021-07-04T13:32:00Z,277,149,0,426,426,18497[Hauptwache],2021-07-04T13:37:00.752Z
0.23382352,open,2021-07-04T13:32:00Z,159,521,0,680,680,18495[Am Gericht],2021-07-04T13:37:00.752Z
0.08813161,open,2021-07-04T13:32:00Z,75,776,45,896,851,109240[MyZeil],2021-07-04T13:37:00.752Z
0.0032840723,open,2021-07-04T13:32:00Z,2,607,0,609,609,18494[Konrad-Adenauer-Straße],2021-07-04T13:37:00.752Z
0,closed,2021-07-04T13:32:00Z,,,0,0,0,24278[Karstadt],2021-07-04T13:37:00.752Z
0.94400895,open,2021-07-04T13:42:00Z,843,50,0,893,893,24277[Börse],2021-07-04T13:47:01.309Z
0.225,open,2021-07-04T13:42:00Z,45,155,150,350,200,24276[Turmcenter],2021-07-04T13:47:01.309Z
0.044226043,open,2021-07-04T13:42:00Z,18,389,0,407,407,18944[Alte Oper],2021-07-04T13:47:01.309Z
0.01923077,open,2021-07-04T13:42:00Z,7,357,0,364,364,24281[Hauptbahnhof Süd],2021-07-04T13:47:01.309Z
0.32385662,open,2021-07-04T13:42:00Z,262,547,0,809,809,24279[Konstabler],2021-07-04T13:47:01.309Z
0.64788735,open,2021-07-04T13:42:00Z,276,150,0,426,426,18497[Hauptwache],2021-07-04T13:47:01.309Z
0.225,open,2021-07-04T13:42:00Z,153,527,0,680,680,18495[Am Gericht],2021-07-04T13:47:01.309Z
0.08695652,open,2021-07-04T13:42:00Z,74,777,45,896,851,109240[MyZeil],2021-07-04T13:47:01.309Z
0.0049261083,open,2021-07-04T13:42:00Z,3,606,0,609,609,18494[Konrad-Adenauer-Straße],2021-07-04T13:47:01.309Z
0,closed,2021-07-04T13:42:00Z,,,0,0,0,24278[Karstadt],2021-07-04T13:47:01.309Z
0.94400895,open,2021-07-04T13:52:00Z,843,50,0,893,893,24277[Börse],2021-07-04T13:57:00.020Z
0.215,open,2021-07-04T13:52:00Z,43,157,150,350,200,24276[Turmcenter],2021-07-04T13:57:00.020Z
0.041769043,open,2021-07-04T13:52:00Z,17,390,0,407,407,18944[Alte Oper],2021-07-04T13:57:00.020Z
0.016483517,open,2021-07-04T13:52:00Z,6,358,0,364,364,24281[Hauptbahnhof Süd],2021-07-04T13:57:00.020Z
0.32014832,open,2021-07-04T13:52:00Z,259,550,0,809,809,24279[Konstabler],2021-07-04T13:57:00.020Z
0.63615024,open,2021-07-04T13:52:00Z,271,155,0,426,426,18497[Hauptwache],2021-07-04T13:57:00.020Z
0.22647059,open,2021-07-04T13:52:00Z,154,526,0,680,680,18495[Am Gericht],2021-07-04T13:57:00.020Z
0.08578143,open,2021-07-04T13:52:00Z,73,778,45,896,851,109240[MyZeil],2021-07-04T13:57:00.020Z
0.0032840723,open,2021-07-04T13:52:00Z,2,607,0,609,609,18494[Konrad-Adenauer-Straße],2021-07-04T13:57:00.020Z
0,closed,2021-07-04T13:52:00Z,,,0,0,0,24278[Karstadt],2021-07-04T13:57:00.020Z
0.94400895,open,2021-07-04T14:13:00Z,843,50,0,893,893,24277[Börse],2021-07-04T14:17:01.961Z
0.215,open,2021-07-04T14:13:00Z,43,157,150,350,200,24276[Turmcenter],2021-07-04T14:17:01.961Z
0.03685504,open,2021-07-04T14:13:00Z,15,392,0,407,407,18944[Alte Oper],2021-07-04T14:17:01.961Z
0.013736264,open,2021-07-04T14:13:00Z,5,359,0,364,364,24281[Hauptbahnhof Süd],2021-07-04T14:17:01.961Z
0.31025958,open,2021-07-04T14:13:00Z,251,558,0,809,809,24279[Konstabler],2021-07-04T14:17:01.961Z
0.6220657,open,2021-07-04T14:13:00Z,265,161,0,426,426,18497[Hauptwache],2021-07-04T14:17:01.961Z
0.2367647,open,2021-07-04T14:13:00Z,161,519,0,680,680,18495[Am Gericht],2021-07-04T14:17:01.961Z
0.08578143,open,2021-07-04T14:13:00Z,73,778,45,896,851,109240[MyZeil],2021-07-04T14:17:01.961Z
0.014778325,open,2021-07-04T14:13:00Z,9,600,0,609,609,18494[Konrad-Adenauer-Straße],2021-07-04T14:17:01.961Z
0,closed,2021-07-04T14:13:00Z,,,0,0,0,24278[Karstadt],2021-07-04T14:17:01.961Z
0.94400895,open,2021-07-04T14:23:00Z,843,50,0,893,893,24277[Börse],2021-07-04T14:27:00.907Z
0.21,open,2021-07-04T14:23:00Z,42,158,150,350,200,24276[Turmcenter],2021-07-04T14:27:00.907Z
0.034398034,open,2021-07-04T14:23:00Z,14,393,0,407,407,18944[Alte Oper],2021-07-04T14:27:00.907Z
0.013736264,open,2021-07-04T14:23:00Z,5,359,0,364,364,24281[Hauptbahnhof Süd],2021-07-04T14:27:00.907Z
0.31396785,open,2021-07-04T14:23:00Z,254,555,0,809,809,24279[Konstabler],2021-07-04T14:27:00.907Z
0.6126761,open,2021-07-04T14:23:00Z,261,165,0,426,426,18497[Hauptwache],2021-07-04T14:27:00.907Z
0.2485294,open,2021-07-04T14:23:00Z,169,511,0,680,680,18495[Am Gericht],2021-07-04T14:27:00.907Z
0.08225617,open,2021-07-04T14:23:00Z,70,781,45,896,851,109240[MyZeil],2021-07-04T14:27:00.907Z
0.014778325,open,2021-07-04T14:23:00Z,9,600,0,609,609,18494[Konrad-Adenauer-Straße],2021-07-04T14:27:00.907Z
0,closed,2021-07-04T14:23:00Z,,,0,0,0,24278[Karstadt],2021-07-04T14:27:00.907Z
0.94400895,open,2021-07-04T14:33:00Z,843,50,0,893,893,24277[Börse],2021-07-04T14:37:02.274Z
0.195,open,2021-07-04T14:33:00Z,39,161,150,350,200,24276[Turmcenter],2021-07-04T14:37:02.274Z
0.03194103,open,2021-07-04T14:33:00Z,13,394,0,407,407,18944[Alte Oper],2021-07-04T14:37:02.274Z
0.013736264,open,2021-07-04T14:33:00Z,5,359,0,364,364,24281[Hauptbahnhof Süd],2021-07-04T14:37:02.274Z
0.31520396,open,2021-07-04T14:33:00Z,255,554,0,809,809,24279[Konstabler],2021-07-04T14:37:02.274Z
0.6032864,open,2021-07-04T14:33:00Z,257,169,0,426,426,18497[Hauptwache],2021-07-04T14:37:02.274Z
0.2514706,open,2021-07-04T14:33:00Z,171,509,0,680,680,18495[Am Gericht],2021-07-04T14:37:02.274Z
0.08578143,open,2021-07-04T14:33:00Z,73,778,45,896,851,109240[MyZeil],2021-07-04T14:37:02.274Z
0.01642036,open,2021-07-04T14:33:00Z,10,599,0,609,609,18494[Konrad-Adenauer-Straße],2021-07-04T14:37:02.274Z
0,closed,2021-07-04T14:33:00Z,,,0,0,0,24278[Karstadt],2021-07-04T14:37:02.274Z
0.94400895,open,2021-07-04T14:48:00Z,843,50,0,893,893,24277[Börse],2021-07-04T14:52:00.799Z
0.185,open,2021-07-04T14:48:00Z,37,163,150,350,200,24276[Turmcenter],2021-07-04T14:52:00.799Z
0.03194103,open,2021-07-04T14:48:00Z,13,394,0,407,407,18944[Alte Oper],2021-07-04T14:52:00.799Z
0.021978023,open,2021-07-04T14:48:00Z,8,356,0,364,364,24281[Hauptbahnhof Süd],2021-07-04T14:52:00.799Z
0.31520396,open,2021-07-04T14:48:00Z,255,554,0,809,809,24279[Konstabler],2021-07-04T14:52:00.799Z
0.5938967,open,2021-07-04T14:48:00Z,253,173,0,426,426,18497[Hauptwache],2021-07-04T14:52:00.799Z
0.2617647,open,2021-07-04T14:48:00Z,178,502,0,680,680,18495[Am Gericht],2021-07-04T14:52:00.799Z
0.09048179,open,2021-07-04T14:48:00Z,77,774,45,896,851,109240[MyZeil],2021-07-04T14:52:00.799Z
0.026272578,open,2021-07-04T14:48:00Z,16,593,0,609,609,18494[Konrad-Adenauer-Straße],2021-07-04T14:52:00.799Z
0,closed,2021-07-04T14:48:00Z,,,0,0,0,24278[Karstadt],2021-07-04T14:52:00.799Z
0.94400895,open,2021-07-04T14:53:00Z,843,50,0,893,893,24277[Börse],2021-07-04T14:57:02.558Z
0.195,open,2021-07-04T14:53:00Z,39,161,150,350,200,24276[Turmcenter],2021-07-04T14:57:02.558Z
0.03194103,open,2021-07-04T14:53:00Z,13,394,0,407,407,18944[Alte Oper],2021-07-04T14:57:02.558Z
0.021978023,open,2021-07-04T14:53:00Z,8,356,0,364,364,24281[Hauptbahnhof Süd],2021-07-04T14:57:02.558Z
0.31891224,open,2021-07-04T14:53:00Z,258,551,0,809,809,24279[Konstabler],2021-07-04T14:57:02.558Z
0.5915493,open,2021-07-04T14:53:00Z,252,174,0,426,426,18497[Hauptwache],2021-07-04T14:57:02.558Z
0.26617646,open,2021-07-04T14:53:00Z,181,499,0,680,680,18495[Am Gericht],2021-07-04T14:57:02.558Z
0.09400705,open,2021-07-04T14:53:00Z,80,771,45,896,851,109240[MyZeil],2021-07-04T14:57:02.558Z
0.024630541,open,2021-07-04T14:53:00Z,15,594,0,609,609,18494[Konrad-Adenauer-Straße],2021-07-04T14:57:02.558Z
0,closed,2021-07-04T14:53:00Z,,,0,0,0,24278[Karstadt],2021-07-04T14:57:02.558Z
0.94400895,open,2021-07-04T15:23:00Z,843,50,0,893,893,24277[Börse],2021-07-04T15:27:01.860Z
0.235,open,2021-07-04T15:23:00Z,47,153,150,350,200,24276[Turmcenter],2021-07-04T15:27:01.860Z
0.027027028,open,2021-07-04T15:23:00Z,11,396,0,407,407,18944[Alte Oper],2021-07-04T15:27:01.860Z
0.024725275,open,2021-07-04T15:23:00Z,9,355,0,364,364,24281[Hauptbahnhof Süd],2021-07-04T15:27:01.860Z
0.3263288,open,2021-07-04T15:23:00Z,264,545,0,809,809,24279[Konstabler],2021-07-04T15:27:01.860Z
0.6103286,open,2021-07-04T15:23:00Z,260,166,0,426,426,18497[Hauptwache],2021-07-04T15:27:01.860Z
0.27058825,open,2021-07-04T15:23:00Z,184,496,0,680,680,18495[Am Gericht],2021-07-04T15:27:01.860Z
0.09048179,open,2021-07-04T15:23:00Z,77,774,45,896,851,109240[MyZeil],2021-07-04T15:27:01.860Z
0.027914613,open,2021-07-04T15:23:00Z,17,592,0,609,609,18494[Konrad-Adenauer-Straße],2021-07-04T15:27:01.860Z
0,closed,2021-07-04T15:23:00Z,,,0,0,0,24278[Karstadt],2021-07-04T15:27:01.860Z
0.94400895,open,2021-07-04T15:44:00Z,843,50,0,893,893,24277[Börse],2021-07-04T15:47:01.958Z
0.24,open,2021-07-04T15:44:00Z,48,152,150,350,200,24276[Turmcenter],2021-07-04T15:47:01.958Z
0.02948403,open,2021-07-04T15:44:00Z,12,395,0,407,407,18944[Alte Oper],2021-07-04T15:47:01.958Z
0.027472528,open,2021-07-04T15:44:00Z,10,354,0,364,364,24281[Hauptbahnhof Süd],2021-07-04T15:47:01.958Z
0.33374536,open,2021-07-04T15:44:00Z,270,539,0,809,809,24279[Konstabler],2021-07-04T15:47:01.958Z
0.6126761,open,2021-07-04T15:44:00Z,261,165,0,426,426,18497[Hauptwache],2021-07-04T15:47:01.958Z
0.27058825,open,2021-07-04T15:44:00Z,184,496,0,680,680,18495[Am Gericht],2021-07-04T15:47:01.958Z
0.08813161,open,2021-07-04T15:44:00Z,75,776,45,896,851,109240[MyZeil],2021-07-04T15:47:01.958Z
0.022988506,open,2021-07-04T15:44:00Z,14,595,0,609,609,18494[Konrad-Adenauer-Straße],2021-07-04T15:47:01.958Z
0,closed,2021-07-04T15:44:00Z,,,0,0,0,24278[Karstadt],2021-07-04T15:47:01.958Z
0.94400895,open,2021-07-04T15:54:00Z,843,50,0,893,893,24277[Börse],2021-07-04T15:57:00.833Z
0.23,open,2021-07-04T15:54:00Z,46,154,150,350,200,24276[Turmcenter],2021-07-04T15:57:00.833Z
0.03931204,open,2021-07-04T15:54:00Z,16,391,0,407,407,18944[Alte Oper],2021-07-04T15:57:00.833Z
0.027472528,open,2021-07-04T15:54:00Z,10,354,0,364,364,24281[Hauptbahnhof Süd],2021-07-04T15:57:00.833Z
0.33127317,open,2021-07-04T15:54:00Z,268,541,0,809,809,24279[Konstabler],2021-07-04T15:57:00.833Z
0.6126761,open,2021-07-04T15:54:00Z,261,165,0,426,426,18497[Hauptwache],2021-07-04T15:57:00.833Z
0.2735294,open,2021-07-04T15:54:00Z,186,494,0,680,680,18495[Am Gericht],2021-07-04T15:57:00.833Z
0.08578143,open,2021-07-04T15:54:00Z,73,778,45,896,851,109240[MyZeil],2021-07-04T15:57:00.833Z
0.031198686,open,2021-07-04T15:54:00Z,19,590,0,609,609,18494[Konrad-Adenauer-Straße],2021-07-04T15:57:00.833Z
0,closed,2021-07-04T15:54:00Z,,,0,0,0,24278[Karstadt],2021-07-04T15:57:00.833Z
0.94400895,open,2021-07-04T16:29:00Z,843,50,0,893,893,24277[Börse],2021-07-04T16:32:01.365Z
0.26,open,2021-07-04T16:29:00Z,52,148,150,350,200,24276[Turmcenter],2021-07-04T16:32:01.365Z
0.044226043,open,2021-07-04T16:29:00Z,18,389,0,407,407,18944[Alte Oper],2021-07-04T16:32:01.365Z
0.027472528,open,2021-07-04T16:29:00Z,10,354,0,364,364,24281[Hauptbahnhof Süd],2021-07-04T16:32:01.365Z
0.33250928,open,2021-07-04T16:29:00Z,269,540,0,809,809,24279[Konstabler],2021-07-04T16:32:01.365Z
0.58685446,open,2021-07-04T16:29:00Z,250,176,0,426,426,18497[Hauptwache],2021-07-04T16:32:01.365Z
0.29558823,open,2021-07-04T16:29:00Z,201,479,0,680,680,18495[Am Gericht],2021-07-04T16:32:01.365Z
0.09165687,open,2021-07-04T16:29:00Z,78,773,45,896,851,109240[MyZeil],2021-07-04T16:32:01.365Z
0.03448276,open,2021-07-04T16:29:00Z,21,588,0,609,609,18494[Konrad-Adenauer-Straße],2021-07-04T16:32:01.365Z
0,closed,2021-07-04T16:29:00Z,,,0,0,0,24278[Karstadt],2021-07-04T16:32:01.365Z
0.94400895,open,2021-07-04T16:59:00Z,843,50,0,893,893,24277[Börse],2021-07-04T17:02:01.276Z
0.27,open,2021-07-04T16:59:00Z,54,146,150,350,200,24276[Turmcenter],2021-07-04T17:02:01.276Z
0.041769043,open,2021-07-04T16:59:00Z,17,390,0,407,407,18944[Alte Oper],2021-07-04T17:02:01.276Z
0.01923077,open,2021-07-04T16:59:00Z,7,357,0,364,364,24281[Hauptbahnhof Süd],2021-07-04T17:02:01.276Z
0.33374536,open,2021-07-04T16:59:00Z,270,539,0,809,809,24279[Konstabler],2021-07-04T17:02:01.276Z
0.600939,open,2021-07-04T16:59:00Z,256,170,0,426,426,18497[Hauptwache],2021-07-04T17:02:01.276Z
0.2867647,open,2021-07-04T16:59:00Z,195,485,0,680,680,18495[Am Gericht],2021-07-04T17:02:01.276Z
0.09283196,open,2021-07-04T16:59:00Z,79,772,45,896,851,109240[MyZeil],2021-07-04T17:02:01.276Z
0.03448276,open,2021-07-04T16:59:00Z,21,588,0,609,609,18494[Konrad-Adenauer-Straße],2021-07-04T17:02:01.276Z
0,closed,2021-07-04T16:59:00Z,,,0,0,0,24278[Karstadt],2021-07-04T17:02:01.276Z
0.94400895,open,2021-07-04T17:24:00Z,843,50,0,893,893,24277[Börse],2021-07-04T17:27:02.511Z
0.28,open,2021-07-04T17:24:00Z,56,144,150,350,200,24276[Turmcenter],2021-07-04T17:27:02.511Z
0.041769043,open,2021-07-04T17:24:00Z,17,390,0,407,407,18944[Alte Oper],2021-07-04T17:27:02.511Z
0.01923077,open,2021-07-04T17:24:00Z,7,357,0,364,364,24281[Hauptbahnhof Süd],2021-07-04T17:27:02.511Z
0.33745363,open,2021-07-04T17:24:00Z,273,536,0,809,809,24279[Konstabler],2021-07-04T17:27:02.511Z
0.5915493,open,2021-07-04T17:24:00Z,252,174,0,426,426,18497[Hauptwache],2021-07-04T17:27:02.511Z
0.28970587,open,2021-07-04T17:24:00Z,197,483,0,680,680,18495[Am Gericht],2021-07-04T17:27:02.511Z
0.09283196,open,2021-07-04T17:24:00Z,79,772,45,896,851,109240[MyZeil],2021-07-04T17:27:02.511Z
0.04269294,open,2021-07-04T17:24:00Z,26,583,0,609,609,18494[Konrad-Adenauer-Straße],2021-07-04T17:27:02.511Z
0,closed,2021-07-04T17:24:00Z,,,0,0,0,24278[Karstadt],2021-07-04T17:27:02.511Z
0.94400895,open,2021-07-04T17:40:00Z,843,50,0,893,893,24277[Börse],2021-07-04T17:42:00.656Z
0.275,open,2021-07-04T17:40:00Z,55,145,150,350,200,24276[Turmcenter],2021-07-04T17:42:00.656Z
0.03194103,open,2021-07-04T17:40:00Z,13,394,0,407,407,18944[Alte Oper],2021-07-04T17:42:00.656Z
0.01923077,open,2021-07-04T17:40:00Z,7,357,0,364,364,24281[Hauptbahnhof Süd],2021-07-04T17:42:00.656Z
0.33374536,open,2021-07-04T17:40:00Z,270,539,0,809,809,24279[Konstabler],2021-07-04T17:42:00.656Z
0.5798122,open,2021-07-04T17:40:00Z,247,179,0,426,426,18497[Hauptwache],2021-07-04T17:42:00.656Z
0.29411766,open,2021-07-04T17:40:00Z,200,480,0,680,680,18495[Am Gericht],2021-07-04T17:42:00.656Z
0.0893067,open,2021-07-04T17:40:00Z,76,775,45,896,851,109240[MyZeil],2021-07-04T17:42:00.656Z
0.044334974,open,2021-07-04T17:40:00Z,27,582,0,609,609,18494[Konrad-Adenauer-Straße],2021-07-04T17:42:00.656Z
0,closed,2021-07-04T17:40:00Z,,,0,0,0,24278[Karstadt],2021-07-04T17:42:00.656Z
0.94400895,open,2021-07-04T17:50:00Z,843,50,0,893,893,24277[Börse],2021-07-04T17:52:02.544Z
0.275,open,2021-07-04T17:50:00Z,55,145,150,350,200,24276[Turmcenter],2021-07-04T17:52:02.544Z
0.034398034,open,2021-07-04T17:50:00Z,14,393,0,407,407,18944[Alte Oper],2021-07-04T17:52:02.544Z
0.021978023,open,2021-07-04T17:50:00Z,8,356,0,364,364,24281[Hauptbahnhof Süd],2021-07-04T17:52:02.544Z
0.33374536,open,2021-07-04T17:50:00Z,270,539,0,809,809,24279[Konstabler],2021-07-04T17:52:02.544Z
0.57042253,open,2021-07-04T17:50:00Z,243,183,0,426,426,18497[Hauptwache],2021-07-04T17:52:02.544Z
0.3,open,2021-07-04T17:50:00Z,204,476,0,680,680,18495[Am Gericht],2021-07-04T17:52:02.544Z
0.08578143,open,2021-07-04T17:50:00Z,73,778,45,896,851,109240[MyZeil],2021-07-04T17:52:02.544Z
0.04761905,open,2021-07-04T17:50:00Z,29,580,0,609,609,18494[Konrad-Adenauer-Straße],2021-07-04T17:52:02.544Z
0,closed,2021-07-04T17:50:00Z,,,0,0,0,24278[Karstadt],2021-07-04T17:52:02.544Z
0.94400895,open,2021-07-04T18:10:00Z,843,50,0,893,893,24277[Börse],2021-07-04T18:12:01.370Z
0.245,open,2021-07-04T18:10:00Z,49,151,150,350,200,24276[Turmcenter],2021-07-04T18:12:01.370Z
0.02948403,open,2021-07-04T18:10:00Z,12,395,0,407,407,18944[Alte Oper],2021-07-04T18:12:01.370Z
0.021978023,open,2021-07-04T18:10:00Z,8,356,0,364,364,24281[Hauptbahnhof Süd],2021-07-04T18:12:01.370Z
0.33127317,open,2021-07-04T18:10:00Z,268,541,0,809,809,24279[Konstabler],2021-07-04T18:12:01.370Z
0.5469484,open,2021-07-04T18:10:00Z,233,193,0,426,426,18497[Hauptwache],2021-07-04T18:12:01.370Z
0.29852942,open,2021-07-04T18:10:00Z,203,477,0,680,680,18495[Am Gericht],2021-07-04T18:12:01.370Z
0.08108108,open,2021-07-04T18:10:00Z,69,782,45,896,851,109240[MyZeil],2021-07-04T18:12:01.370Z
0.044334974,open,2021-07-04T18:10:00Z,27,582,0,609,609,18494[Konrad-Adenauer-Straße],2021-07-04T18:12:01.370Z
0,closed,2021-07-04T18:10:00Z,,,0,0,0,24278[Karstadt],2021-07-04T18:12:01.370Z
0.94400895,open,2021-07-04T18:36:00Z,843,50,0,893,893,24277[Börse],2021-07-04T18:37:00.073Z
0.255,open,2021-07-04T18:36:00Z,51,149,150,350,200,24276[Turmcenter],2021-07-04T18:37:00.073Z
0.034398034,open,2021-07-04T18:36:00Z,14,393,0,407,407,18944[Alte Oper],2021-07-04T18:37:00.073Z
0.016483517,open,2021-07-04T18:36:00Z,6,358,0,364,364,24281[Hauptbahnhof Süd],2021-07-04T18:37:00.073Z
0.31891224,open,2021-07-04T18:36:00Z,258,551,0,809,809,24279[Konstabler],2021-07-04T18:37:00.073Z
0.5399061,open,2021-07-04T18:36:00Z,230,196,0,426,426,18497[Hauptwache],2021-07-04T18:37:00.073Z
0.29705882,open,2021-07-04T18:36:00Z,202,478,0,680,680,18495[Am Gericht],2021-07-04T18:37:00.073Z
0.07755582,open,2021-07-04T18:36:00Z,66,785,45,896,851,109240[MyZeil],2021-07-04T18:37:00.073Z
0.04269294,open,2021-07-04T18:36:00Z,26,583,0,609,609,18494[Konrad-Adenauer-Straße],2021-07-04T18:37:00.073Z
0,closed,2021-07-04T18:36:00Z,,,0,0,0,24278[Karstadt],2021-07-04T18:37:00.073Z
0.94400895,open,2021-07-04T18:51:00Z,843,50,0,893,893,24277[Börse],2021-07-04T18:52:00.803Z
0.28,open,2021-07-04T18:51:00Z,56,144,150,350,200,24276[Turmcenter],2021-07-04T18:52:00.803Z
0.03194103,open,2021-07-04T18:51:00Z,13,394,0,407,407,18944[Alte Oper],2021-07-04T18:52:00.803Z
0.016483517,open,2021-07-04T18:51:00Z,6,358,0,364,364,24281[Hauptbahnhof Süd],2021-07-04T18:52:00.803Z
0.32014832,open,2021-07-04T18:51:00Z,259,550,0,809,809,24279[Konstabler],2021-07-04T18:52:00.803Z
0.53521127,open,2021-07-04T18:51:00Z,228,198,0,426,426,18497[Hauptwache],2021-07-04T18:52:00.803Z
0.29264706,open,2021-07-04T18:51:00Z,199,481,0,680,680,18495[Am Gericht],2021-07-04T18:52:00.803Z
0.07755582,open,2021-07-04T18:51:00Z,66,785,45,896,851,109240[MyZeil],2021-07-04T18:52:00.803Z
0.05090312,open,2021-07-04T18:51:00Z,31,578,0,609,609,18494[Konrad-Adenauer-Straße],2021-07-04T18:52:00.803Z
0,closed,2021-07-04T18:51:00Z,,,0,0,0,24278[Karstadt],2021-07-04T18:52:00.803Z
0.94400895,open,2021-07-04T19:11:00Z,843,50,0,893,893,24277[Börse],2021-07-04T19:17:01.998Z
0.285,open,2021-07-04T19:11:00Z,57,143,150,350,200,24276[Turmcenter],2021-07-04T19:17:01.998Z
0.027027028,open,2021-07-04T19:11:00Z,11,396,0,407,407,18944[Alte Oper],2021-07-04T19:17:01.998Z
0.01923077,open,2021-07-04T19:11:00Z,7,357,0,364,364,24281[Hauptbahnhof Süd],2021-07-04T19:17:01.998Z
0.31767616,open,2021-07-04T19:11:00Z,257,552,0,809,809,24279[Konstabler],2021-07-04T19:17:01.998Z
0.53286386,open,2021-07-04T19:11:00Z,227,199,0,426,426,18497[Hauptwache],2021-07-04T19:17:01.998Z
0.2867647,open,2021-07-04T19:11:00Z,195,485,0,680,680,18495[Am Gericht],2021-07-04T19:17:01.998Z
0.0787309,open,2021-07-04T19:11:00Z,67,784,45,896,851,109240[MyZeil],2021-07-04T19:17:01.998Z
0.04761905,open,2021-07-04T19:11:00Z,29,580,0,609,609,18494[Konrad-Adenauer-Straße],2021-07-04T19:17:01.998Z
0,closed,2021-07-04T19:11:00Z,,,0,0,0,24278[Karstadt],2021-07-04T19:17:01.998Z
0.94400895,open,2021-07-04T19:21:00Z,843,50,0,893,893,24277[Börse],2021-07-04T19:27:02.973Z
0.27,open,2021-07-04T19:21:00Z,54,146,150,350,200,24276[Turmcenter],2021-07-04T19:27:02.973Z
0.024570024,open,2021-07-04T19:21:00Z,10,397,0,407,407,18944[Alte Oper],2021-07-04T19:27:02.973Z
0.021978023,open,2021-07-04T19:21:00Z,8,356,0,364,364,24281[Hauptbahnhof Süd],2021-07-04T19:27:02.973Z
0.32014832,open,2021-07-04T19:21:00Z,259,550,0,809,809,24279[Konstabler],2021-07-04T19:27:02.973Z
0.52582157,open,2021-07-04T19:21:00Z,224,202,0,426,426,18497[Hauptwache],2021-07-04T19:27:02.973Z
0.28970587,open,2021-07-04T19:21:00Z,197,483,0,680,680,18495[Am Gericht],2021-07-04T19:27:02.973Z
0.07520564,open,2021-07-04T19:21:00Z,64,787,45,896,851,109240[MyZeil],2021-07-04T19:27:02.973Z
0.04761905,open,2021-07-04T19:21:00Z,29,580,0,609,609,18494[Konrad-Adenauer-Straße],2021-07-04T19:27:02.973Z
0,closed,2021-07-04T19:21:00Z,,,0,0,0,24278[Karstadt],2021-07-04T19:27:02.973Z
0.94400895,open,2021-07-04T19:32:00Z,843,50,0,893,893,24277[Börse],2021-07-04T19:37:01.066Z
0.255,open,2021-07-04T19:32:00Z,51,149,150,350,200,24276[Turmcenter],2021-07-04T19:37:01.066Z
0.024570024,open,2021-07-04T19:32:00Z,10,397,0,407,407,18944[Alte Oper],2021-07-04T19:37:01.066Z
0.01923077,open,2021-07-04T19:32:00Z,7,357,0,364,364,24281[Hauptbahnhof Süd],2021-07-04T19:37:01.066Z
0.31396785,open,2021-07-04T19:32:00Z,254,555,0,809,809,24279[Konstabler],2021-07-04T19:37:01.066Z
0.51877934,open,2021-07-04T19:32:00Z,221,205,0,426,426,18497[Hauptwache],2021-07-04T19:37:01.066Z
0.2882353,open,2021-07-04T19:32:00Z,196,484,0,680,680,18495[Am Gericht],2021-07-04T19:37:01.066Z
0.07520564,open,2021-07-04T19:32:00Z,64,787,45,896,851,109240[MyZeil],2021-07-04T19:37:01.066Z
0.049261082,open,2021-07-04T19:32:00Z,30,579,0,609,609,18494[Konrad-Adenauer-Straße],2021-07-04T19:37:01.066Z
0,closed,2021-07-04T19:32:00Z,,,0,0,0,24278[Karstadt],2021-07-04T19:37:01.066Z
0.94400895,open,2021-07-04T19:47:00Z,843,50,0,893,893,24277[Börse],2021-07-04T19:52:01.492Z
0.25,open,2021-07-04T19:47:00Z,50,150,150,350,200,24276[Turmcenter],2021-07-04T19:52:01.492Z
0.024570024,open,2021-07-04T19:47:00Z,10,397,0,407,407,18944[Alte Oper],2021-07-04T19:52:01.492Z
0.01923077,open,2021-07-04T19:47:00Z,7,357,0,364,364,24281[Hauptbahnhof Süd],2021-07-04T19:52:01.492Z
0.3077874,open,2021-07-04T19:47:00Z,249,560,0,809,809,24279[Konstabler],2021-07-04T19:52:01.492Z
0.5164319,open,2021-07-04T19:47:00Z,220,206,0,426,426,18497[Hauptwache],2021-07-04T19:52:01.492Z
0.28529412,open,2021-07-04T19:47:00Z,194,486,0,680,680,18495[Am Gericht],2021-07-04T19:52:01.492Z
0.074030556,open,2021-07-04T19:47:00Z,63,788,45,896,851,109240[MyZeil],2021-07-04T19:52:01.492Z
0.039408866,open,2021-07-04T19:47:00Z,24,585,0,609,609,18494[Konrad-Adenauer-Straße],2021-07-04T19:52:01.492Z
0,closed,2021-07-04T19:47:00Z,,,0,0,0,24278[Karstadt],2021-07-04T19:52:01.492Z
0.94400895,open,2021-07-04T19:58:00Z,843,50,0,893,893,24277[Börse],2021-07-04T20:02:02.535Z
0.245,open,2021-07-04T19:58:00Z,49,151,150,350,200,24276[Turmcenter],2021-07-04T20:02:02.535Z
0.022113021,open,2021-07-04T19:58:00Z,9,398,0,407,407,18944[Alte Oper],2021-07-04T20:02:02.535Z
0.01923077,open,2021-07-04T19:58:00Z,7,357,0,364,364,24281[Hauptbahnhof Süd],2021-07-04T20:02:02.535Z
0.30160692,open,2021-07-04T19:58:00Z,244,565,0,809,809,24279[Konstabler],2021-07-04T20:02:02.535Z
0.5140845,open,2021-07-04T19:58:00Z,219,207,0,426,426,18497[Hauptwache],2021-07-04T20:02:02.535Z
0.2867647,open,2021-07-04T19:58:00Z,195,485,0,680,680,18495[Am Gericht],2021-07-04T20:02:02.535Z
0.071680374,open,2021-07-04T19:58:00Z,61,790,45,896,851,109240[MyZeil],2021-07-04T20:02:02.535Z
0.039408866,open,2021-07-04T19:58:00Z,24,585,0,609,609,18494[Konrad-Adenauer-Straße],2021-07-04T20:02:02.535Z
0,closed,2021-07-04T19:58:00Z,,,0,0,0,24278[Karstadt],2021-07-04T20:02:02.535Z
0.94400895,open,2021-07-04T20:18:00Z,843,50,0,893,893,24277[Börse],2021-07-04T20:22:01.476Z
0.21,open,2021-07-04T20:18:00Z,42,158,150,350,200,24276[Turmcenter],2021-07-04T20:22:01.476Z
0.02948403,open,2021-07-04T20:18:00Z,12,395,0,407,407,18944[Alte Oper],2021-07-04T20:22:01.476Z
0.016483517,open,2021-07-04T20:18:00Z,6,358,0,364,364,24281[Hauptbahnhof Süd],2021-07-04T20:22:01.476Z
0.302843,open,2021-07-04T20:18:00Z,245,564,0,809,809,24279[Konstabler],2021-07-04T20:22:01.476Z
0.5046948,open,2021-07-04T20:18:00Z,215,211,0,426,426,18497[Hauptwache],2021-07-04T20:22:01.476Z
0.2764706,open,2021-07-04T20:18:00Z,188,492,0,680,680,18495[Am Gericht],2021-07-04T20:22:01.476Z
0.0693302,open,2021-07-04T20:18:00Z,59,792,45,896,851,109240[MyZeil],2021-07-04T20:22:01.476Z
0.036124796,open,2021-07-04T20:18:00Z,22,587,0,609,609,18494[Konrad-Adenauer-Straße],2021-07-04T20:22:01.476Z
0,closed,2021-07-04T20:18:00Z,,,0,0,0,24278[Karstadt],2021-07-04T20:22:01.476Z
0.94400895,open,2021-07-04T20:34:00Z,843,50,0,893,893,24277[Börse],2021-07-04T20:37:01.670Z
0.19,open,2021-07-04T20:34:00Z,38,162,150,350,200,24276[Turmcenter],2021-07-04T20:37:01.670Z
0.024570024,open,2021-07-04T20:34:00Z,10,397,0,407,407,18944[Alte Oper],2021-07-04T20:37:01.670Z
0.013736264,open,2021-07-04T20:34:00Z,5,359,0,364,364,24281[Hauptbahnhof Süd],2021-07-04T20:37:01.670Z
0.29666254,open,2021-07-04T20:34:00Z,240,569,0,809,809,24279[Konstabler],2021-07-04T20:37:01.670Z
0.49295774,open,2021-07-04T20:34:00Z,210,216,0,426,426,18497[Hauptwache],2021-07-04T20:37:01.670Z
0.2735294,open,2021-07-04T20:34:00Z,186,494,0,680,680,18495[Am Gericht],2021-07-04T20:37:01.670Z
0.06815511,open,2021-07-04T20:34:00Z,58,793,45,896,851,109240[MyZeil],2021-07-04T20:37:01.670Z
0.036124796,open,2021-07-04T20:34:00Z,22,587,0,609,609,18494[Konrad-Adenauer-Straße],2021-07-04T20:37:01.670Z
0,closed,2021-07-04T20:34:00Z,,,0,0,0,24278[Karstadt],2021-07-04T20:37:01.670Z
0.94400895,open,2021-07-04T20:44:00Z,843,50,0,893,893,24277[Börse],2021-07-04T20:47:02.902Z
0.185,open,2021-07-04T20:44:00Z,37,163,150,350,200,24276[Turmcenter],2021-07-04T20:47:02.902Z
0.01965602,open,2021-07-04T20:44:00Z,8,399,0,407,407,18944[Alte Oper],2021-07-04T20:47:02.902Z
0.013736264,open,2021-07-04T20:44:00Z,5,359,0,364,364,24281[Hauptbahnhof Süd],2021-07-04T20:47:02.902Z
0.29295427,open,2021-07-04T20:44:00Z,237,572,0,809,809,24279[Konstabler],2021-07-04T20:47:02.902Z
0.49295774,open,2021-07-04T20:44:00Z,210,216,0,426,426,18497[Hauptwache],2021-07-04T20:47:02.902Z
0.2720588,open,2021-07-04T20:44:00Z,185,495,0,680,680,18495[Am Gericht],2021-07-04T20:47:02.902Z
0.0693302,open,2021-07-04T20:44:00Z,59,792,45,896,851,109240[MyZeil],2021-07-04T20:47:02.902Z
0.031198686,open,2021-07-04T20:44:00Z,19,590,0,609,609,18494[Konrad-Adenauer-Straße],2021-07-04T20:47:02.902Z
0,closed,2021-07-04T20:44:00Z,,,0,0,0,24278[Karstadt],2021-07-04T20:47:02.902Z
0.94400895,open,2021-07-04T20:55:00Z,843,50,0,893,893,24277[Börse],2021-07-04T20:57:01.124Z
0.155,open,2021-07-04T20:55:00Z,31,169,150,350,200,24276[Turmcenter],2021-07-04T20:57:01.124Z
0.017199017,open,2021-07-04T20:55:00Z,7,400,0,407,407,18944[Alte Oper],2021-07-04T20:57:01.124Z
0.016483517,open,2021-07-04T20:55:00Z,6,358,0,364,364,24281[Hauptbahnhof Süd],2021-07-04T20:57:01.124Z
0.289246,open,2021-07-04T20:55:00Z,234,575,0,809,809,24279[Konstabler],2021-07-04T20:57:01.124Z
0.48356807,open,2021-07-04T20:55:00Z,206,220,0,426,426,18497[Hauptwache],2021-07-04T20:57:01.124Z
0.27058825,open,2021-07-04T20:55:00Z,184,496,0,680,680,18495[Am Gericht],2021-07-04T20:57:01.124Z
0.06698003,open,2021-07-04T20:55:00Z,57,794,45,896,851,109240[MyZeil],2021-07-04T20:57:01.124Z
0.027914613,open,2021-07-04T20:55:00Z,17,592,0,609,609,18494[Konrad-Adenauer-Straße],2021-07-04T20:57:01.124Z
0,closed,2021-07-04T20:55:00Z,,,0,0,0,24278[Karstadt],2021-07-04T20:57:01.124Z
0.94400895,open,2021-07-04T21:15:00Z,843,50,0,893,893,24277[Börse],2021-07-04T21:17:00.973Z
0.055,open,2021-07-04T21:15:00Z,11,189,150,350,200,24276[Turmcenter],2021-07-04T21:17:00.973Z
0.00982801,open,2021-07-04T21:15:00Z,4,403,0,407,407,18944[Alte Oper],2021-07-04T21:17:00.973Z
0.016483517,open,2021-07-04T21:15:00Z,6,358,0,364,364,24281[Hauptbahnhof Süd],2021-07-04T21:17:00.973Z
0.2867738,open,2021-07-04T21:15:00Z,232,577,0,809,809,24279[Konstabler],2021-07-04T21:17:00.973Z
0.47887325,open,2021-07-04T21:15:00Z,204,222,0,426,426,18497[Hauptwache],2021-07-04T21:17:00.973Z
0.2647059,open,2021-07-04T21:15:00Z,180,500,0,680,680,18495[Am Gericht],2021-07-04T21:17:00.973Z
0.06698003,open,2021-07-04T21:15:00Z,57,794,45,896,851,109240[MyZeil],2021-07-04T21:17:00.973Z
0.027914613,open,2021-07-04T21:15:00Z,17,592,0,609,609,18494[Konrad-Adenauer-Straße],2021-07-04T21:17:00.973Z
0,closed,2021-07-04T21:15:00Z,,,0,0,0,24278[Karstadt],2021-07-04T21:17:00.973Z
0.94400895,open,2021-07-04T21:31:00Z,843,50,0,893,893,24277[Börse],2021-07-04T21:32:00.673Z
0.06,open,2021-07-04T21:31:00Z,12,188,150,350,200,24276[Turmcenter],2021-07-04T21:32:00.673Z
0,open,2021-07-04T21:31:00Z,0,407,0,407,407,18944[Alte Oper],2021-07-04T21:32:00.673Z
0.016483517,open,2021-07-04T21:31:00Z,6,358,0,364,364,24281[Hauptbahnhof Süd],2021-07-04T21:32:00.673Z
0.27935722,open,2021-07-04T21:31:00Z,226,583,0,809,809,24279[Konstabler],2021-07-04T21:32:00.673Z
0.4741784,open,2021-07-04T21:31:00Z,202,224,0,426,426,18497[Hauptwache],2021-07-04T21:32:00.673Z
0.2647059,open,2021-07-04T21:31:00Z,180,500,0,680,680,18495[Am Gericht],2021-07-04T21:32:00.673Z
0.06698003,open,2021-07-04T21:31:00Z,57,794,45,896,851,109240[MyZeil],2021-07-04T21:32:00.673Z
0.02955665,open,2021-07-04T21:31:00Z,18,591,0,609,609,18494[Konrad-Adenauer-Straße],2021-07-04T21:32:00.673Z
0,closed,2021-07-04T21:31:00Z,,,0,0,0,24278[Karstadt],2021-07-04T21:32:00.673Z
0.94400895,open,2021-07-04T21:41:00Z,843,50,0,893,893,24277[Börse],2021-07-04T21:47:01.239Z
0.06,open,2021-07-04T21:41:00Z,12,188,150,350,200,24276[Turmcenter],2021-07-04T21:47:01.239Z
0,open,2021-07-04T21:41:00Z,0,407,0,407,407,18944[Alte Oper],2021-07-04T21:47:01.239Z
0.013736264,open,2021-07-04T21:41:00Z,5,359,0,364,364,24281[Hauptbahnhof Süd],2021-07-04T21:47:01.239Z
0.27688503,open,2021-07-04T21:41:00Z,224,585,0,809,809,24279[Konstabler],2021-07-04T21:47:01.239Z
0.471831,open,2021-07-04T21:41:00Z,201,225,0,426,426,18497[Hauptwache],2021-07-04T21:47:01.239Z
0.2647059,open,2021-07-04T21:41:00Z,180,500,0,680,680,18495[Am Gericht],2021-07-04T21:47:01.239Z
0.06698003,open,2021-07-04T21:41:00Z,57,794,45,896,851,109240[MyZeil],2021-07-04T21:47:01.239Z
0.031198686,open,2021-07-04T21:41:00Z,19,590,0,609,609,18494[Konrad-Adenauer-Straße],2021-07-04T21:47:01.239Z
0,closed,2021-07-04T21:41:00Z,,,0,0,0,24278[Karstadt],2021-07-04T21:47:01.239Z
0.94400895,open,2021-07-04T21:46:00Z,843,50,0,893,893,24277[Börse],2021-07-04T21:52:00.645Z
0.06,open,2021-07-04T21:46:00Z,12,188,150,350,200,24276[Turmcenter],2021-07-04T21:52:00.645Z
0,open,2021-07-04T21:46:00Z,0,407,0,407,407,18944[Alte Oper],2021-07-04T21:52:00.645Z
0.013736264,open,2021-07-04T21:46:00Z,5,359,0,364,364,24281[Hauptbahnhof Süd],2021-07-04T21:52:00.645Z
0.27812114,open,2021-07-04T21:46:00Z,225,584,0,809,809,24279[Konstabler],2021-07-04T21:52:00.645Z
0.471831,open,2021-07-04T21:46:00Z,201,225,0,426,426,18497[Hauptwache],2021-07-04T21:52:00.645Z
0.2647059,open,2021-07-04T21:46:00Z,180,500,0,680,680,18495[Am Gericht],2021-07-04T21:52:00.645Z
0.06698003,open,2021-07-04T21:46:00Z,57,794,45,896,851,109240[MyZeil],2021-07-04T21:52:00.645Z
0.03284072,open,2021-07-04T21:46:00Z,20,589,0,609,609,18494[Konrad-Adenauer-Straße],2021-07-04T21:52:00.645Z
0,closed,2021-07-04T21:46:00Z,,,0,0,0,24278[Karstadt],2021-07-04T21:52:00.645Z
0.94400895,open,2021-07-04T22:07:00Z,843,50,0,893,893,24277[Börse],2021-07-04T22:12:01.288Z
0.06,open,2021-07-04T22:07:00Z,12,188,150,350,200,24276[Turmcenter],2021-07-04T22:12:01.288Z
0,open,2021-07-04T22:07:00Z,0,407,0,407,407,18944[Alte Oper],2021-07-04T22:12:01.288Z
0.013736264,open,2021-07-04T22:07:00Z,5,359,0,364,364,24281[Hauptbahnhof Süd],2021-07-04T22:12:01.288Z
0.27194068,open,2021-07-04T22:07:00Z,220,589,0,809,809,24279[Konstabler],2021-07-04T22:12:01.288Z
0.46713614,open,2021-07-04T22:07:00Z,199,227,0,426,426,18497[Hauptwache],2021-07-04T22:12:01.288Z
0,closed,2021-07-04T22:07:00Z,,500,0,0,0,18495[Am Gericht],2021-07-04T22:12:01.288Z
0.06698003,open,2021-07-04T22:07:00Z,57,794,45,896,851,109240[MyZeil],2021-07-04T22:12:01.288Z
0.02955665,open,2021-07-04T22:07:00Z,18,591,0,609,609,18494[Konrad-Adenauer-Straße],2021-07-04T22:12:01.288Z
0,closed,2021-07-04T22:07:00Z,,,0,0,0,24278[Karstadt],2021-07-04T22:12:01.288Z
0.94400895,open,2021-07-04T22:22:00Z,843,50,0,893,893,24277[Börse],2021-07-04T22:27:02.837Z
0.06,open,2021-07-04T22:22:00Z,12,188,150,350,200,24276[Turmcenter],2021-07-04T22:27:02.837Z
0.13022113,open,2021-07-04T22:22:00Z,53,354,0,407,407,18944[Alte Oper],2021-07-04T22:27:02.837Z
0.013736264,open,2021-07-04T22:22:00Z,5,359,0,364,364,24281[Hauptbahnhof Süd],2021-07-04T22:27:02.837Z
0.2694685,open,2021-07-04T22:22:00Z,218,591,0,809,809,24279[Konstabler],2021-07-04T22:27:02.837Z
0.46948355,open,2021-07-04T22:22:00Z,200,226,0,426,426,18497[Hauptwache],2021-07-04T22:27:02.837Z
0,closed,2021-07-04T22:22:00Z,,500,0,0,0,18495[Am Gericht],2021-07-04T22:27:02.837Z
0.06698003,open,2021-07-04T22:22:00Z,57,794,45,896,851,109240[MyZeil],2021-07-04T22:27:02.837Z
0.027914613,open,2021-07-04T22:22:00Z,17,592,0,609,609,18494[Konrad-Adenauer-Straße],2021-07-04T22:27:02.837Z
0,closed,2021-07-04T22:22:00Z,,,0,0,0,24278[Karstadt],2021-07-04T22:27:02.837Z
0.94400895,open,2021-07-04T22:38:00Z,843,50,0,893,893,24277[Börse],2021-07-04T22:42:02.642Z
0.06,open,2021-07-04T22:38:00Z,12,188,150,350,200,24276[Turmcenter],2021-07-04T22:42:02.642Z
0.13022113,open,2021-07-04T22:38:00Z,53,354,0,407,407,18944[Alte Oper],2021-07-04T22:42:02.642Z
0.013736264,open,2021-07-04T22:38:00Z,5,359,0,364,364,24281[Hauptbahnhof Süd],2021-07-04T22:42:02.642Z
0.26823238,open,2021-07-04T22:38:00Z,217,592,0,809,809,24279[Konstabler],2021-07-04T22:42:02.642Z
0.46713614,open,2021-07-04T22:38:00Z,199,227,0,426,426,18497[Hauptwache],2021-07-04T22:42:02.642Z
0,closed,2021-07-04T22:38:00Z,,500,0,0,0,18495[Am Gericht],2021-07-04T22:42:02.642Z
0.06698003,open,2021-07-04T22:38:00Z,57,794,45,896,851,109240[MyZeil],2021-07-04T22:42:02.642Z
0.027914613,open,2021-07-04T22:38:00Z,17,592,0,609,609,18494[Konrad-Adenauer-Straße],2021-07-04T22:42:02.642Z
0,closed,2021-07-04T22:38:00Z,,,0,0,0,24278[Karstadt],2021-07-04T22:42:02.642Z
0.94400895,open,2021-07-04T22:48:00Z,843,50,0,893,893,24277[Börse],2021-07-04T22:52:02.153Z
0.055,open,2021-07-04T22:48:00Z,11,189,150,350,200,24276[Turmcenter],2021-07-04T22:52:02.153Z
0.13022113,open,2021-07-04T22:48:00Z,53,354,0,407,407,18944[Alte Oper],2021-07-04T22:52:02.153Z
0.013736264,open,2021-07-04T22:48:00Z,5,359,0,364,364,24281[Hauptbahnhof Süd],2021-07-04T22:52:02.153Z
0.2669963,open,2021-07-04T22:48:00Z,216,593,0,809,809,24279[Konstabler],2021-07-04T22:52:02.153Z
0.46713614,open,2021-07-04T22:48:00Z,199,227,0,426,426,18497[Hauptwache],2021-07-04T22:52:02.153Z
0,closed,2021-07-04T22:48:00Z,,500,0,0,0,18495[Am Gericht],2021-07-04T22:52:02.153Z
0.06698003,open,2021-07-04T22:48:00Z,57,794,45,896,851,109240[MyZeil],2021-07-04T22:52:02.153Z
0.027914613,open,2021-07-04T22:48:00Z,17,592,0,609,609,18494[Konrad-Adenauer-Straße],2021-07-04T22:52:02.153Z
0,closed,2021-07-04T22:48:00Z,,,0,0,0,24278[Karstadt],2021-07-04T22:52:02.153Z
0.94400895,open,2021-07-04T23:03:00Z,843,50,0,893,893,24277[Börse],2021-07-04T23:07:00.202Z
0.045,open,2021-07-04T23:03:00Z,9,191,150,350,200,24276[Turmcenter],2021-07-04T23:07:00.202Z
0.13022113,open,2021-07-04T23:03:00Z,53,354,0,407,407,18944[Alte Oper],2021-07-04T23:07:00.202Z
0.013736264,open,2021-07-04T23:03:00Z,5,359,0,364,364,24281[Hauptbahnhof Süd],2021-07-04T23:07:00.202Z
0.2669963,open,2021-07-04T23:03:00Z,216,593,0,809,809,24279[Konstabler],2021-07-04T23:07:00.202Z
0.46244133,open,2021-07-04T23:03:00Z,197,229,0,426,426,18497[Hauptwache],2021-07-04T23:07:00.202Z
0,closed,2021-07-04T23:03:00Z,,500,0,0,0,18495[Am Gericht],2021-07-04T23:07:00.202Z
0.06698003,open,2021-07-04T23:03:00Z,57,794,45,896,851,109240[MyZeil],2021-07-04T23:07:00.202Z
0.027914613,open,2021-07-04T23:03:00Z,17,592,0,609,609,18494[Konrad-Adenauer-Straße],2021-07-04T23:07:00.202Z
0,closed,2021-07-04T23:03:00Z,,,0,0,0,24278[Karstadt],2021-07-04T23:07:00.202Z
0.94400895,open,2021-07-04T23:24:00Z,843,50,0,893,893,24277[Börse],2021-07-04T23:27:02.476Z
0.045,open,2021-07-04T23:24:00Z,9,191,150,350,200,24276[Turmcenter],2021-07-04T23:27:02.476Z
0.13022113,open,2021-07-04T23:24:00Z,53,354,0,407,407,18944[Alte Oper],2021-07-04T23:27:02.476Z
0.013736264,open,2021-07-04T23:24:00Z,5,359,0,364,364,24281[Hauptbahnhof Süd],2021-07-04T23:27:02.476Z
0.2645241,open,2021-07-04T23:24:00Z,214,595,0,809,809,24279[Konstabler],2021-07-04T23:27:02.476Z
0.4600939,open,2021-07-04T23:24:00Z,196,230,0,426,426,18497[Hauptwache],2021-07-04T23:27:02.476Z
0,closed,2021-07-04T23:24:00Z,,500,0,0,0,18495[Am Gericht],2021-07-04T23:27:02.476Z
0.06698003,open,2021-07-04T23:24:00Z,57,794,45,896,851,109240[MyZeil],2021-07-04T23:27:02.476Z
0.02955665,open,2021-07-04T23:24:00Z,18,591,0,609,609,18494[Konrad-Adenauer-Straße],2021-07-04T23:27:02.476Z
0,closed,2021-07-04T23:24:00Z,,,0,0,0,24278[Karstadt],2021-07-04T23:27:02.476Z
0.94400895,open,2021-07-04T23:34:00Z,843,50,0,893,893,24277[Börse],2021-07-04T23:37:01.927Z
0.045,open,2021-07-04T23:34:00Z,9,191,150,350,200,24276[Turmcenter],2021-07-04T23:37:01.927Z
0.13022113,open,2021-07-04T23:34:00Z,53,354,0,407,407,18944[Alte Oper],2021-07-04T23:37:01.927Z
0.013736264,open,2021-07-04T23:34:00Z,5,359,0,364,364,24281[Hauptbahnhof Süd],2021-07-04T23:37:01.927Z
0.2645241,open,2021-07-04T23:34:00Z,214,595,0,809,809,24279[Konstabler],2021-07-04T23:37:01.927Z
0.4600939,open,2021-07-04T23:34:00Z,196,230,0,426,426,18497[Hauptwache],2021-07-04T23:37:01.927Z
0,closed,2021-07-04T23:34:00Z,,500,0,0,0,18495[Am Gericht],2021-07-04T23:37:01.927Z
0.06698003,open,2021-07-04T23:34:00Z,57,794,45,896,851,109240[MyZeil],2021-07-04T23:37:01.927Z
0.02955665,open,2021-07-04T23:34:00Z,18,591,0,609,609,18494[Konrad-Adenauer-Straße],2021-07-04T23:37:01.927Z
0,closed,2021-07-04T23:34:00Z,,,0,0,0,24278[Karstadt],2021-07-04T23:37:01.927Z
0.94400895,open,2021-07-04T23:45:00Z,843,50,0,893,893,24277[Börse],2021-07-04T23:47:02.343Z
0.045,open,2021-07-04T23:45:00Z,9,191,150,350,200,24276[Turmcenter],2021-07-04T23:47:02.343Z
0.13022113,open,2021-07-04T23:45:00Z,53,354,0,407,407,18944[Alte Oper],2021-07-04T23:47:02.343Z
0.013736264,open,2021-07-04T23:45:00Z,5,359,0,364,364,24281[Hauptbahnhof Süd],2021-07-04T23:47:02.343Z
0.2645241,open,2021-07-04T23:45:00Z,214,595,0,809,809,24279[Konstabler],2021-07-04T23:47:02.343Z
0.4600939,open,2021-07-04T23:45:00Z,196,230,0,426,426,18497[Hauptwache],2021-07-04T23:47:02.343Z
0,closed,2021-07-04T23:45:00Z,,500,0,0,0,18495[Am Gericht],2021-07-04T23:47:02.343Z
0.06698003,open,2021-07-04T23:45:00Z,57,794,45,896,851,109240[MyZeil],2021-07-04T23:47:02.343Z
0.02955665,open,2021-07-04T23:45:00Z,18,591,0,609,609,18494[Konrad-Adenauer-Straße],2021-07-04T23:47:02.343Z
0,closed,2021-07-04T23:45:00Z,,,0,0,0,24278[Karstadt],2021-07-04T23:47:02.343Z
0.94400895,open,2021-07-05T00:05:00Z,843,50,0,893,893,24277[Börse],2021-07-05T00:07:00.409Z
0.045,open,2021-07-05T00:05:00Z,9,191,150,350,200,24276[Turmcenter],2021-07-05T00:07:00.409Z
0.13022113,open,2021-07-05T00:05:00Z,53,354,0,407,407,18944[Alte Oper],2021-07-05T00:07:00.409Z
0.013736264,open,2021-07-05T00:05:00Z,5,359,0,364,364,24281[Hauptbahnhof Süd],2021-07-05T00:07:00.409Z
0.26328802,open,2021-07-05T00:05:00Z,213,596,0,809,809,24279[Konstabler],2021-07-05T00:07:00.409Z
0.4600939,open,2021-07-05T00:05:00Z,196,230,0,426,426,18497[Hauptwache],2021-07-05T00:07:00.409Z
0,closed,2021-07-05T00:05:00Z,,500,0,0,0,18495[Am Gericht],2021-07-05T00:07:00.409Z
0.06698003,open,2021-07-05T00:05:00Z,57,794,45,896,851,109240[MyZeil],2021-07-05T00:07:00.409Z
0.02955665,open,2021-07-05T00:05:00Z,18,591,0,609,609,18494[Konrad-Adenauer-Straße],2021-07-05T00:07:00.409Z
0,closed,2021-07-05T00:05:00Z,,,0,0,0,24278[Karstadt],2021-07-05T00:07:00.409Z
0.94400895,open,2021-07-05T01:20:00Z,843,50,0,893,893,24277[Börse],2021-07-05T01:22:02.050Z
0.045,open,2021-07-05T01:20:00Z,9,191,150,350,200,24276[Turmcenter],2021-07-05T01:22:02.050Z
0.13022113,open,2021-07-05T01:20:00Z,53,354,0,407,407,18944[Alte Oper],2021-07-05T01:22:02.050Z
0.013736264,open,2021-07-05T01:20:00Z,5,359,0,364,364,24281[Hauptbahnhof Süd],2021-07-05T01:22:02.050Z
0.26328802,open,2021-07-05T01:20:00Z,213,596,0,809,809,24279[Konstabler],2021-07-05T01:22:02.050Z
0.4600939,open,2021-07-05T01:20:00Z,196,230,0,426,426,18497[Hauptwache],2021-07-05T01:22:02.050Z
0,closed,2021-07-05T01:20:00Z,,500,0,0,0,18495[Am Gericht],2021-07-05T01:22:02.050Z
0.06698003,open,2021-07-05T01:20:00Z,57,794,45,896,851,109240[MyZeil],2021-07-05T01:22:02.050Z
0.03776683,open,2021-07-05T01:20:00Z,23,586,0,609,609,18494[Konrad-Adenauer-Straße],2021-07-05T01:22:02.050Z
0,closed,2021-07-05T01:20:00Z,,,0,0,0,24278[Karstadt],2021-07-05T01:22:02.050Z
0.94400895,open,2021-07-05T02:05:00Z,843,50,0,893,893,24277[Börse],2021-07-05T02:07:02.071Z
0.045,open,2021-07-05T02:05:00Z,9,191,150,350,200,24276[Turmcenter],2021-07-05T02:07:02.071Z
0.13022113,open,2021-07-05T02:05:00Z,53,354,0,407,407,18944[Alte Oper],2021-07-05T02:07:02.071Z
0.010989011,open,2021-07-05T02:05:00Z,4,360,0,364,364,24281[Hauptbahnhof Süd],2021-07-05T02:07:02.071Z
0.26328802,open,2021-07-05T02:05:00Z,213,596,0,809,809,24279[Konstabler],2021-07-05T02:07:02.071Z
0.4600939,open,2021-07-05T02:05:00Z,196,230,0,426,426,18497[Hauptwache],2021-07-05T02:07:02.071Z
0,closed,2021-07-05T02:05:00Z,,,0,0,0,18495[Am Gericht],2021-07-05T02:07:02.071Z
0.06698003,open,2021-07-05T02:05:00Z,57,794,45,896,851,109240[MyZeil],2021-07-05T02:07:02.071Z
0.041050903,open,2021-07-05T02:05:00Z,25,584,0,609,609,18494[Konrad-Adenauer-Straße],2021-07-05T02:07:02.071Z
0,closed,2021-07-05T02:05:00Z,,,0,0,0,24278[Karstadt],2021-07-05T02:07:02.071Z
0.94400895,open,2021-07-05T02:36:00Z,843,50,0,893,893,24277[Börse],2021-07-05T02:37:00.236Z
0.045,open,2021-07-05T02:36:00Z,9,191,150,350,200,24276[Turmcenter],2021-07-05T02:37:00.236Z
0.13022113,open,2021-07-05T02:36:00Z,53,354,0,407,407,18944[Alte Oper],2021-07-05T02:37:00.236Z
0.010989011,open,2021-07-05T02:36:00Z,4,360,0,364,364,24281[Hauptbahnhof Süd],2021-07-05T02:37:00.236Z
0.26328802,open,2021-07-05T02:36:00Z,213,596,0,809,809,24279[Konstabler],2021-07-05T02:37:00.236Z
0.4600939,open,2021-07-05T02:36:00Z,196,230,0,426,426,18497[Hauptwache],2021-07-05T02:37:00.236Z
0,closed,2021-07-05T02:36:00Z,,,0,0,0,18495[Am Gericht],2021-07-05T02:37:00.236Z
0.06698003,open,2021-07-05T02:36:00Z,57,794,45,896,851,109240[MyZeil],2021-07-05T02:37:00.236Z
0.044334974,open,2021-07-05T02:36:00Z,27,582,0,609,609,18494[Konrad-Adenauer-Straße],2021-07-05T02:37:00.236Z
0,closed,2021-07-05T02:36:00Z,,,0,0,0,24278[Karstadt],2021-07-05T02:37:00.236Z
0.94400895,open,2021-07-05T02:45:00Z,843,50,0,893,893,24277[Börse],2021-07-05T02:47:00.799Z
0.045,open,2021-07-05T02:45:00Z,9,191,150,350,200,24276[Turmcenter],2021-07-05T02:47:00.799Z
0.13022113,open,2021-07-05T02:45:00Z,53,354,0,407,407,18944[Alte Oper],2021-07-05T02:47:00.799Z
0.010989011,open,2021-07-05T02:45:00Z,4,360,0,364,364,24281[Hauptbahnhof Süd],2021-07-05T02:47:00.799Z
0.26328802,open,2021-07-05T02:45:00Z,213,596,0,809,809,24279[Konstabler],2021-07-05T02:47:00.799Z
0.4600939,open,2021-07-05T02:45:00Z,196,230,0,426,426,18497[Hauptwache],2021-07-05T02:47:00.799Z
0,closed,2021-07-05T02:45:00Z,,,0,0,0,18495[Am Gericht],2021-07-05T02:47:00.799Z
0.06698003,open,2021-07-05T02:45:00Z,57,794,45,896,851,109240[MyZeil],2021-07-05T02:47:00.799Z
0.044334974,open,2021-07-05T02:45:00Z,27,582,0,609,609,18494[Konrad-Adenauer-Straße],2021-07-05T02:47:00.799Z
0,closed,2021-07-05T02:45:00Z,,,0,0,0,24278[Karstadt],2021-07-05T02:47:00.799Z
0.94400895,open,2021-07-05T03:01:00Z,843,50,0,893,893,24277[Börse],2021-07-05T03:02:01.250Z
0.045,open,2021-07-05T03:01:00Z,9,191,150,350,200,24276[Turmcenter],2021-07-05T03:02:01.250Z
0.13022113,open,2021-07-05T03:01:00Z,53,354,0,407,407,18944[Alte Oper],2021-07-05T03:02:01.250Z
0.010989011,open,2021-07-05T03:01:00Z,4,360,0,364,364,24281[Hauptbahnhof Süd],2021-07-05T03:02:01.250Z
0.2645241,open,2021-07-05T03:01:00Z,214,595,0,809,809,24279[Konstabler],2021-07-05T03:02:01.250Z
0.4600939,open,2021-07-05T03:01:00Z,196,230,0,426,426,18497[Hauptwache],2021-07-05T03:02:01.250Z
0,closed,2021-07-05T03:01:00Z,,,0,0,0,18495[Am Gericht],2021-07-05T03:02:01.250Z
0.06698003,open,2021-07-05T03:01:00Z,57,794,45,896,851,109240[MyZeil],2021-07-05T03:02:01.250Z
0.04269294,open,2021-07-05T03:01:00Z,26,583,0,609,609,18494[Konrad-Adenauer-Straße],2021-07-05T03:02:01.250Z
0,closed,2021-07-05T03:01:00Z,,,0,0,0,24278[Karstadt],2021-07-05T03:02:01.250Z
0.94400895,open,2021-07-05T03:25:00Z,843,50,0,893,893,24277[Börse],2021-07-05T03:27:01.100Z
0.045,open,2021-07-05T03:25:00Z,9,191,150,350,200,24276[Turmcenter],2021-07-05T03:27:01.100Z
0.13022113,open,2021-07-05T03:25:00Z,53,354,0,407,407,18944[Alte Oper],2021-07-05T03:27:01.100Z
0.010989011,open,2021-07-05T03:25:00Z,4,360,0,364,364,24281[Hauptbahnhof Süd],2021-07-05T03:27:01.100Z
0.26576018,open,2021-07-05T03:25:00Z,215,594,0,809,809,24279[Konstabler],2021-07-05T03:27:01.100Z
0.4600939,open,2021-07-05T03:25:00Z,196,230,0,426,426,18497[Hauptwache],2021-07-05T03:27:01.100Z
0,closed,2021-07-05T03:25:00Z,,,0,0,0,18495[Am Gericht],2021-07-05T03:27:01.100Z
0.06698003,open,2021-07-05T03:25:00Z,57,794,45,896,851,109240[MyZeil],2021-07-05T03:27:01.100Z
0.044334974,open,2021-07-05T03:25:00Z,27,582,0,609,609,18494[Konrad-Adenauer-Straße],2021-07-05T03:27:01.100Z
0,closed,2021-07-05T03:25:00Z,,,0,0,0,24278[Karstadt],2021-07-05T03:27:01.100Z
0.94400895,open,2021-07-05T03:41:00Z,843,50,0,893,893,24277[Börse],2021-07-05T03:42:00.742Z
0.045,open,2021-07-05T03:41:00Z,9,191,150,350,200,24276[Turmcenter],2021-07-05T03:42:00.742Z
0.13022113,open,2021-07-05T03:41:00Z,53,354,0,407,407,18944[Alte Oper],2021-07-05T03:42:00.742Z
0.016483517,open,2021-07-05T03:41:00Z,6,358,0,364,364,24281[Hauptbahnhof Süd],2021-07-05T03:42:00.742Z
0.26823238,open,2021-07-05T03:41:00Z,217,592,0,809,809,24279[Konstabler],2021-07-05T03:42:00.742Z
0.4600939,open,2021-07-05T03:41:00Z,196,230,0,426,426,18497[Hauptwache],2021-07-05T03:42:00.742Z
0,closed,2021-07-05T03:41:00Z,,,0,0,0,18495[Am Gericht],2021-07-05T03:42:00.742Z
0.071680374,open,2021-07-05T03:41:00Z,61,790,45,896,851,109240[MyZeil],2021-07-05T03:42:00.742Z
0.04761905,open,2021-07-05T03:41:00Z,29,580,0,609,609,18494[Konrad-Adenauer-Straße],2021-07-05T03:42:00.742Z
0,closed,2021-07-05T03:41:00Z,,,0,0,0,24278[Karstadt],2021-07-05T03:42:00.742Z
0.94400895,open,2021-07-05T04:16:00Z,843,50,0,893,893,24277[Börse],2021-07-05T04:17:01.540Z
0,open,2021-07-05T04:16:00Z,0,150,200,350,150,24276[Turmcenter],2021-07-05T04:17:01.540Z
0,open,2021-07-05T04:16:00Z,0,407,0,407,407,18944[Alte Oper],2021-07-05T04:17:01.540Z
0.052197803,open,2021-07-05T04:16:00Z,19,345,0,364,364,24281[Hauptbahnhof Süd],2021-07-05T04:17:01.540Z
0.26823238,open,2021-07-05T04:16:00Z,217,592,0,809,809,24279[Konstabler],2021-07-05T04:17:01.540Z
0.46244133,open,2021-07-05T04:16:00Z,197,229,0,426,426,18497[Hauptwache],2021-07-05T04:17:01.540Z
0.28235295,open,2021-07-05T04:16:00Z,192,488,0,680,680,18495[Am Gericht],2021-07-05T04:17:01.540Z
0.072855465,open,2021-07-05T04:16:00Z,62,789,45,896,851,109240[MyZeil],2021-07-05T04:17:01.540Z
0.060755335,open,2021-07-05T04:16:00Z,37,572,0,609,609,18494[Konrad-Adenauer-Straße],2021-07-05T04:17:01.540Z
0,closed,2021-07-05T04:16:00Z,,,0,0,0,24278[Karstadt],2021-07-05T04:17:01.540Z
0.94400895,open,2021-07-05T04:41:00Z,843,50,0,893,893,24277[Börse],2021-07-05T04:42:02.560Z
0,open,2021-07-05T04:41:00Z,0,150,200,350,150,24276[Turmcenter],2021-07-05T04:42:02.560Z
0.014742015,open,2021-07-05T04:41:00Z,6,401,0,407,407,18944[Alte Oper],2021-07-05T04:42:02.560Z
0.082417585,open,2021-07-05T04:41:00Z,30,334,0,364,364,24281[Hauptbahnhof Süd],2021-07-05T04:42:02.560Z
0.27812114,open,2021-07-05T04:41:00Z,225,584,0,809,809,24279[Konstabler],2021-07-05T04:42:02.560Z
0.46244133,open,2021-07-05T04:41:00Z,197,229,0,426,426,18497[Hauptwache],2021-07-05T04:42:02.560Z
0.29411766,open,2021-07-05T04:41:00Z,200,480,0,680,680,18495[Am Gericht],2021-07-05T04:42:02.560Z
0.072855465,open,2021-07-05T04:41:00Z,62,789,45,896,851,109240[MyZeil],2021-07-05T04:42:02.560Z
0.060755335,open,2021-07-05T04:41:00Z,37,572,0,609,609,18494[Konrad-Adenauer-Straße],2021-07-05T04:42:02.560Z
0,closed,2021-07-05T04:41:00Z,,,0,0,0,24278[Karstadt],2021-07-05T04:42:02.560Z
0.94400895,open,2021-07-05T04:56:00Z,843,50,0,893,893,24277[Börse],2021-07-05T04:57:02.320Z
0,open,2021-07-05T04:56:00Z,0,150,200,350,150,24276[Turmcenter],2021-07-05T04:57:02.320Z
0.01965602,open,2021-07-05T04:56:00Z,8,399,0,407,407,18944[Alte Oper],2021-07-05T04:57:02.320Z
0.08791209,open,2021-07-05T04:56:00Z,32,332,0,364,364,24281[Hauptbahnhof Süd],2021-07-05T04:57:02.320Z
0.27935722,open,2021-07-05T04:56:00Z,226,583,0,809,809,24279[Konstabler],2021-07-05T04:57:02.320Z
0.46244133,open,2021-07-05T04:56:00Z,197,229,0,426,426,18497[Hauptwache],2021-07-05T04:57:02.320Z
0.30441177,open,2021-07-05T04:56:00Z,207,473,0,680,680,18495[Am Gericht],2021-07-05T04:57:02.320Z
0.07638073,open,2021-07-05T04:56:00Z,65,786,45,896,851,109240[MyZeil],2021-07-05T04:57:02.320Z
0.060755335,open,2021-07-05T04:56:00Z,37,572,0,609,609,18494[Konrad-Adenauer-Straße],2021-07-05T04:57:02.320Z
0.030303031,open,2021-07-05T04:56:00Z,21,672,0,693,693,24278[Karstadt],2021-07-05T04:57:02.320Z
0.94400895,open,2021-07-05T05:16:00Z,843,50,0,893,893,24277[Börse],2021-07-05T05:17:01.385Z
0.033333335,open,2021-07-05T05:16:00Z,5,145,200,350,150,24276[Turmcenter],2021-07-05T05:17:01.385Z
0.024570024,open,2021-07-05T05:16:00Z,10,397,0,407,407,18944[Alte Oper],2021-07-05T05:17:01.385Z
0.12087912,open,2021-07-05T05:16:00Z,44,320,0,364,364,24281[Hauptbahnhof Süd],2021-07-05T05:17:01.385Z
0.27812114,open,2021-07-05T05:16:00Z,225,584,0,809,809,24279[Konstabler],2021-07-05T05:17:01.385Z
0.47887325,open,2021-07-05T05:16:00Z,204,222,0,426,426,18497[Hauptwache],2021-07-05T05:17:01.385Z
0.31617647,open,2021-07-05T05:16:00Z,215,465,0,680,680,18495[Am Gericht],2021-07-05T05:17:01.385Z
0.07638073,open,2021-07-05T05:16:00Z,65,786,45,896,851,109240[MyZeil],2021-07-05T05:17:01.385Z
0.062397372,open,2021-07-05T05:16:00Z,38,571,0,609,609,18494[Konrad-Adenauer-Straße],2021-07-05T05:17:01.385Z
0.04040404,open,2021-07-05T05:16:00Z,28,665,0,693,693,24278[Karstadt],2021-07-05T05:17:01.385Z
0.94400895,open,2021-07-05T05:26:00Z,843,50,0,893,893,24277[Börse],2021-07-05T05:27:02.532Z
0.04,open,2021-07-05T05:26:00Z,6,144,200,350,150,24276[Turmcenter],2021-07-05T05:27:02.532Z
0.034398034,open,2021-07-05T05:26:00Z,14,393,0,407,407,18944[Alte Oper],2021-07-05T05:27:02.532Z
0.12637363,open,2021-07-05T05:26:00Z,46,318,0,364,364,24281[Hauptbahnhof Süd],2021-07-05T05:27:02.532Z
0.27688503,open,2021-07-05T05:26:00Z,224,585,0,809,809,24279[Konstabler],2021-07-05T05:27:02.532Z
0.48826292,open,2021-07-05T05:26:00Z,208,218,0,426,426,18497[Hauptwache],2021-07-05T05:27:02.532Z
0.31764707,open,2021-07-05T05:26:00Z,216,464,0,680,680,18495[Am Gericht],2021-07-05T05:27:02.532Z
0.0787309,open,2021-07-05T05:26:00Z,67,784,45,896,851,109240[MyZeil],2021-07-05T05:27:02.532Z
0.06403941,open,2021-07-05T05:26:00Z,39,570,0,609,609,18494[Konrad-Adenauer-Straße],2021-07-05T05:27:02.532Z
0.051948052,open,2021-07-05T05:26:00Z,36,657,0,693,693,24278[Karstadt],2021-07-05T05:27:02.532Z
0.94400895,open,2021-07-05T05:46:00Z,843,50,0,893,893,24277[Börse],2021-07-05T05:52:00.895Z
0.086666666,open,2021-07-05T05:46:00Z,13,137,200,350,150,24276[Turmcenter],2021-07-05T05:52:00.895Z
0.03931204,open,2021-07-05T05:46:00Z,16,391,0,407,407,18944[Alte Oper],2021-07-05T05:52:00.895Z
0.1510989,open,2021-07-05T05:46:00Z,55,309,0,364,364,24281[Hauptbahnhof Süd],2021-07-05T05:52:00.895Z
0.28306553,open,2021-07-05T05:46:00Z,229,580,0,809,809,24279[Konstabler],2021-07-05T05:52:00.895Z
0.5023474,open,2021-07-05T05:46:00Z,214,212,0,426,426,18497[Hauptwache],2021-07-05T05:52:00.895Z
0.34264705,open,2021-07-05T05:46:00Z,233,447,0,680,680,18495[Am Gericht],2021-07-05T05:52:00.895Z
0.08460634,open,2021-07-05T05:46:00Z,72,779,45,896,851,109240[MyZeil],2021-07-05T05:52:00.895Z
0.07224959,open,2021-07-05T05:46:00Z,44,565,0,609,609,18494[Konrad-Adenauer-Straße],2021-07-05T05:52:00.895Z
0.064935066,open,2021-07-05T05:46:00Z,45,648,0,693,693,24278[Karstadt],2021-07-05T05:52:00.895Z
0.94400895,open,2021-07-05T05:56:00Z,843,50,0,893,893,24277[Börse],2021-07-05T06:02:02.843Z
0.16,open,2021-07-05T05:56:00Z,24,126,200,350,150,24276[Turmcenter],2021-07-05T06:02:02.843Z
0.044226043,open,2021-07-05T05:56:00Z,18,389,0,407,407,18944[Alte Oper],2021-07-05T06:02:02.843Z
0.17857143,open,2021-07-05T05:56:00Z,65,299,0,364,364,24281[Hauptbahnhof Süd],2021-07-05T06:02:02.843Z
0.28800988,open,2021-07-05T05:56:00Z,233,576,0,809,809,24279[Konstabler],2021-07-05T06:02:02.843Z
0.5117371,open,2021-07-05T05:56:00Z,218,208,0,426,426,18497[Hauptwache],2021-07-05T06:02:02.843Z
0.3529412,open,2021-07-05T05:56:00Z,240,440,0,680,680,18495[Am Gericht],2021-07-05T06:02:02.843Z
0.08578143,open,2021-07-05T05:56:00Z,73,778,45,896,851,109240[MyZeil],2021-07-05T06:02:02.843Z
0.07881773,open,2021-07-05T05:56:00Z,48,561,0,609,609,18494[Konrad-Adenauer-Straße],2021-07-05T06:02:02.843Z
0.077922076,open,2021-07-05T05:56:00Z,54,639,0,693,693,24278[Karstadt],2021-07-05T06:02:02.843Z
0.94400895,open,2021-07-05T06:26:00Z,843,50,0,893,893,24277[Börse],2021-07-05T06:32:00.471Z
0.34666666,open,2021-07-05T06:26:00Z,52,98,200,350,150,24276[Turmcenter],2021-07-05T06:32:00.471Z
0.09090909,open,2021-07-05T06:26:00Z,37,370,0,407,407,18944[Alte Oper],2021-07-05T06:32:00.471Z
0.23351648,open,2021-07-05T06:26:00Z,85,279,0,364,364,24281[Hauptbahnhof Süd],2021-07-05T06:32:00.471Z
0.31273177,open,2021-07-05T06:26:00Z,253,556,0,809,809,24279[Konstabler],2021-07-05T06:32:00.471Z
0.5610329,open,2021-07-05T06:26:00Z,239,187,0,426,426,18497[Hauptwache],2021-07-05T06:32:00.471Z
0.37941176,open,2021-07-05T06:26:00Z,258,422,0,680,680,18495[Am Gericht],2021-07-05T06:32:00.471Z
0.102232665,open,2021-07-05T06:26:00Z,87,764,45,896,851,109240[MyZeil],2021-07-05T06:32:00.471Z
0.10344828,open,2021-07-05T06:26:00Z,63,546,0,609,609,18494[Konrad-Adenauer-Straße],2021-07-05T06:32:00.471Z
0.116883114,open,2021-07-05T06:26:00Z,81,612,0,693,693,24278[Karstadt],2021-07-05T06:32:00.471Z
0.94400895,open,2021-07-05T06:52:00Z,843,50,0,893,893,24277[Börse],2021-07-05T06:57:01.350Z
0.50666666,open,2021-07-05T06:52:00Z,76,74,200,350,150,24276[Turmcenter],2021-07-05T06:57:01.350Z
0.11793612,open,2021-07-05T06:52:00Z,48,359,0,407,407,18944[Alte Oper],2021-07-05T06:57:01.350Z
0.2967033,open,2021-07-05T06:52:00Z,108,256,0,364,364,24281[Hauptbahnhof Süd],2021-07-05T06:57:01.350Z
0.33868974,open,2021-07-05T06:52:00Z,274,535,0,809,809,24279[Konstabler],2021-07-05T06:57:01.350Z
0.5938967,open,2021-07-05T06:52:00Z,253,173,0,426,426,18497[Hauptwache],2021-07-05T06:57:01.350Z
0.41911766,open,2021-07-05T06:52:00Z,285,395,0,680,680,18495[Am Gericht],2021-07-05T06:57:01.350Z
0.111633375,open,2021-07-05T06:52:00Z,95,756,45,896,851,109240[MyZeil],2021-07-05T06:57:01.350Z
0.13464697,open,2021-07-05T06:52:00Z,82,527,0,609,609,18494[Konrad-Adenauer-Straße],2021-07-05T06:57:01.350Z
0.14285715,open,2021-07-05T06:52:00Z,99,594,0,693,693,24278[Karstadt],2021-07-05T06:57:01.350Z
0.94400895,open,2021-07-05T07:07:00Z,843,50,0,893,893,24277[Börse],2021-07-05T07:12:00.676Z
0.62,open,2021-07-05T07:07:00Z,93,57,200,350,150,24276[Turmcenter],2021-07-05T07:12:00.676Z
0.15479116,open,2021-07-05T07:07:00Z,63,344,0,407,407,18944[Alte Oper],2021-07-05T07:12:00.676Z
0.32417583,open,2021-07-05T07:07:00Z,118,246,0,364,364,24281[Hauptbahnhof Süd],2021-07-05T07:12:00.676Z
0.37082818,open,2021-07-05T07:07:00Z,300,509,0,809,809,24279[Konstabler],2021-07-05T07:12:00.676Z
0.6150235,open,2021-07-05T07:07:00Z,262,164,0,426,426,18497[Hauptwache],2021-07-05T07:12:00.676Z
0.45147058,open,2021-07-05T07:07:00Z,307,373,0,680,680,18495[Am Gericht],2021-07-05T07:12:00.676Z
0.117508814,open,2021-07-05T07:07:00Z,100,751,45,896,851,109240[MyZeil],2021-07-05T07:12:00.676Z
0.14778325,open,2021-07-05T07:07:00Z,90,519,0,609,609,18494[Konrad-Adenauer-Straße],2021-07-05T07:12:00.676Z
0.17460318,open,2021-07-05T07:07:00Z,121,572,0,693,693,24278[Karstadt],2021-07-05T07:12:00.676Z
0.94400895,open,2021-07-05T07:22:00Z,843,50,0,893,893,24277[Börse],2021-07-05T07:27:02.683Z
0.70666665,open,2021-07-05T07:22:00Z,106,44,200,350,150,24276[Turmcenter],2021-07-05T07:27:02.683Z
0.2039312,open,2021-07-05T07:22:00Z,83,324,0,407,407,18944[Alte Oper],2021-07-05T07:27:02.683Z
0.33791208,open,2021-07-05T07:22:00Z,123,241,0,364,364,24281[Hauptbahnhof Süd],2021-07-05T07:27:02.683Z
0.39678615,open,2021-07-05T07:22:00Z,321,488,0,809,809,24279[Konstabler],2021-07-05T07:27:02.683Z
0.63849765,open,2021-07-05T07:22:00Z,272,154,0,426,426,18497[Hauptwache],2021-07-05T07:27:02.683Z
0.4897059,open,2021-07-05T07:22:00Z,333,347,0,680,680,18495[Am Gericht],2021-07-05T07:27:02.683Z
0.12220917,open,2021-07-05T07:22:00Z,104,747,45,896,851,109240[MyZeil],2021-07-05T07:27:02.683Z
0.16420361,open,2021-07-05T07:22:00Z,100,509,0,609,609,18494[Konrad-Adenauer-Straße],2021-07-05T07:27:02.683Z
0.19480519,open,2021-07-05T07:22:00Z,135,558,0,693,693,24278[Karstadt],2021-07-05T07:27:02.683Z
0.94400895,open,2021-07-05T07:32:00Z,843,50,0,893,893,24277[Börse],2021-07-05T07:37:00.762Z
0.81333333,open,2021-07-05T07:32:00Z,122,28,200,350,150,24276[Turmcenter],2021-07-05T07:37:00.762Z
0.2063882,open,2021-07-05T07:32:00Z,84,323,0,407,407,18944[Alte Oper],2021-07-05T07:37:00.762Z
0.3434066,open,2021-07-05T07:32:00Z,125,239,0,364,364,24281[Hauptbahnhof Süd],2021-07-05T07:37:00.762Z
0.4103832,open,2021-07-05T07:32:00Z,332,477,0,809,809,24279[Konstabler],2021-07-05T07:37:00.762Z
0.64788735,open,2021-07-05T07:32:00Z,276,150,0,426,426,18497[Hauptwache],2021-07-05T07:37:00.762Z
0.5117647,open,2021-07-05T07:32:00Z,348,332,0,680,680,18495[Am Gericht],2021-07-05T07:37:00.762Z
0.12925969,open,2021-07-05T07:32:00Z,110,741,45,896,851,109240[MyZeil],2021-07-05T07:37:00.762Z
0.16584565,open,2021-07-05T07:32:00Z,101,508,0,609,609,18494[Konrad-Adenauer-Straße],2021-07-05T07:37:00.762Z
0.21356422,open,2021-07-05T07:32:00Z,148,545,0,693,693,24278[Karstadt],2021-07-05T07:37:00.762Z
0.94400895,open,2021-07-05T07:47:00Z,843,50,0,893,893,24277[Börse],2021-07-05T07:52:00.411Z
0.87333333,open,2021-07-05T07:47:00Z,131,19,200,350,150,24276[Turmcenter],2021-07-05T07:52:00.411Z
0.24078624,open,2021-07-05T07:47:00Z,98,309,0,407,407,18944[Alte Oper],2021-07-05T07:52:00.411Z
0.37637362,open,2021-07-05T07:47:00Z,137,227,0,364,364,24281[Hauptbahnhof Süd],2021-07-05T07:52:00.411Z
0.4301607,open,2021-07-05T07:47:00Z,348,461,0,809,809,24279[Konstabler],2021-07-05T07:52:00.411Z
0.657277,open,2021-07-05T07:47:00Z,280,146,0,426,426,18497[Hauptwache],2021-07-05T07:52:00.411Z
0.5485294,open,2021-07-05T07:47:00Z,373,307,0,680,680,18495[Am Gericht],2021-07-05T07:52:00.411Z
0.13513513,open,2021-07-05T07:47:00Z,115,736,45,896,851,109240[MyZeil],2021-07-05T07:52:00.411Z
0.1904762,open,2021-07-05T07:47:00Z,116,493,0,609,609,18494[Konrad-Adenauer-Straße],2021-07-05T07:52:00.411Z
0.23088023,open,2021-07-05T07:47:00Z,160,533,0,693,693,24278[Karstadt],2021-07-05T07:52:00.411Z
0.94400895,open,2021-07-05T07:52:00Z,843,50,0,893,893,24277[Börse],2021-07-05T07:57:02.131Z
0.8933333,open,2021-07-05T07:52:00Z,134,16,200,350,150,24276[Turmcenter],2021-07-05T07:57:02.131Z
0.27518427,open,2021-07-05T07:52:00Z,112,295,0,407,407,18944[Alte Oper],2021-07-05T07:57:02.131Z
0.37637362,open,2021-07-05T07:52:00Z,137,227,0,364,364,24281[Hauptbahnhof Süd],2021-07-05T07:57:02.131Z
0.43757725,open,2021-07-05T07:52:00Z,354,455,0,809,809,24279[Konstabler],2021-07-05T07:57:02.131Z
0.6666667,open,2021-07-05T07:52:00Z,284,142,0,426,426,18497[Hauptwache],2021-07-05T07:57:02.131Z
0.5632353,open,2021-07-05T07:52:00Z,383,297,0,680,680,18495[Am Gericht],2021-07-05T07:57:02.131Z
0.14101058,open,2021-07-05T07:52:00Z,120,731,45,896,851,109240[MyZeil],2021-07-05T07:57:02.131Z
0.19376026,open,2021-07-05T07:52:00Z,118,491,0,609,609,18494[Konrad-Adenauer-Straße],2021-07-05T07:57:02.131Z
0.23376623,open,2021-07-05T07:52:00Z,162,531,0,693,693,24278[Karstadt],2021-07-05T07:57:02.131Z
0.94400895,open,2021-07-05T08:17:00Z,843,50,0,893,893,24277[Börse],2021-07-05T08:22:00.143Z
0.93333334,open,2021-07-05T08:17:00Z,140,10,200,350,150,24276[Turmcenter],2021-07-05T08:22:00.143Z
0.3022113,open,2021-07-05T08:17:00Z,123,284,0,407,407,18944[Alte Oper],2021-07-05T08:22:00.143Z
0.3791209,open,2021-07-05T08:17:00Z,138,226,0,364,364,24281[Hauptbahnhof Süd],2021-07-05T08:22:00.143Z
0.50309026,open,2021-07-05T08:17:00Z,407,402,0,809,809,24279[Konstabler],2021-07-05T08:22:00.143Z
0.7699531,open,2021-07-05T08:17:00Z,328,98,0,426,426,18497[Hauptwache],2021-07-05T08:22:00.143Z
0.625,open,2021-07-05T08:17:00Z,425,255,0,680,680,18495[Am Gericht],2021-07-05T08:22:00.143Z
0.1574618,open,2021-07-05T08:17:00Z,134,717,45,896,851,109240[MyZeil],2021-07-05T08:22:00.143Z
0.22167487,open,2021-07-05T08:17:00Z,135,474,0,609,609,18494[Konrad-Adenauer-Straße],2021-07-05T08:22:00.143Z
0.3001443,open,2021-07-05T08:17:00Z,208,485,0,693,693,24278[Karstadt],2021-07-05T08:22:00.143Z
0.94400895,open,2021-07-05T08:37:00Z,843,50,0,893,893,24277[Börse],2021-07-05T08:42:02.719Z
0.88666666,open,2021-07-05T08:37:00Z,133,17,200,350,150,24276[Turmcenter],2021-07-05T08:42:02.719Z
0.33169532,open,2021-07-05T08:37:00Z,135,272,0,407,407,18944[Alte Oper],2021-07-05T08:42:02.719Z
0.39285713,open,2021-07-05T08:37:00Z,143,221,0,364,364,24281[Hauptbahnhof Süd],2021-07-05T08:42:02.719Z
0.55377007,open,2021-07-05T08:37:00Z,448,361,0,809,809,24279[Konstabler],2021-07-05T08:42:02.719Z
0.84741783,open,2021-07-05T08:37:00Z,361,65,0,426,426,18497[Hauptwache],2021-07-05T08:42:02.719Z
0.64705884,open,2021-07-05T08:37:00Z,440,240,0,680,680,18495[Am Gericht],2021-07-05T08:42:02.719Z
0.1786134,open,2021-07-05T08:37:00Z,152,699,45,896,851,109240[MyZeil],2021-07-05T08:42:02.719Z
0.2413793,open,2021-07-05T08:37:00Z,147,462,0,609,609,18494[Konrad-Adenauer-Straße],2021-07-05T08:42:02.719Z
0.32900432,open,2021-07-05T08:37:00Z,228,465,0,693,693,24278[Karstadt],2021-07-05T08:42:02.719Z
0.94400895,open,2021-07-05T08:47:00Z,843,50,0,893,893,24277[Börse],2021-07-05T08:52:01.103Z
0.92,open,2021-07-05T08:47:00Z,138,12,200,350,150,24276[Turmcenter],2021-07-05T08:52:01.103Z
0.35872236,open,2021-07-05T08:47:00Z,146,261,0,407,407,18944[Alte Oper],2021-07-05T08:52:01.103Z
0.39285713,open,2021-07-05T08:47:00Z,143,221,0,364,364,24281[Hauptbahnhof Süd],2021-07-05T08:52:01.103Z
0.5822002,open,2021-07-05T08:47:00Z,471,338,0,809,809,24279[Konstabler],2021-07-05T08:52:01.103Z
0.8802817,open,2021-07-05T08:47:00Z,375,51,0,426,426,18497[Hauptwache],2021-07-05T08:52:01.103Z
0.65882355,open,2021-07-05T08:47:00Z,448,232,0,680,680,18495[Am Gericht],2021-07-05T08:52:01.103Z
0.19388954,open,2021-07-05T08:47:00Z,165,686,45,896,851,109240[MyZeil],2021-07-05T08:52:01.103Z
0.24958949,open,2021-07-05T08:47:00Z,152,457,0,609,609,18494[Konrad-Adenauer-Straße],2021-07-05T08:52:01.103Z
0.35064936,open,2021-07-05T08:47:00Z,243,450,0,693,693,24278[Karstadt],2021-07-05T08:52:01.103Z
0.94400895,open,2021-07-05T09:03:00Z,843,50,0,893,893,24277[Börse],2021-07-05T09:07:00.528Z
0.88666666,open,2021-07-05T09:03:00Z,133,17,200,350,150,24276[Turmcenter],2021-07-05T09:07:00.528Z
0.3882064,open,2021-07-05T09:03:00Z,158,249,0,407,407,18944[Alte Oper],2021-07-05T09:07:00.528Z
0.39285713,open,2021-07-05T09:03:00Z,143,221,0,364,364,24281[Hauptbahnhof Süd],2021-07-05T09:07:00.528Z
0.61681086,open,2021-07-05T09:03:00Z,499,310,0,809,809,24279[Konstabler],2021-07-05T09:07:00.528Z
0.90375584,open,2021-07-05T09:03:00Z,385,41,0,426,426,18497[Hauptwache],2021-07-05T09:07:00.528Z
0.66764706,open,2021-07-05T09:03:00Z,454,226,0,680,680,18495[Am Gericht],2021-07-05T09:07:00.528Z
0.20916569,open,2021-07-05T09:03:00Z,178,673,45,896,851,109240[MyZeil],2021-07-05T09:07:00.528Z
0.26272577,open,2021-07-05T09:03:00Z,160,449,0,609,609,18494[Konrad-Adenauer-Straße],2021-07-05T09:07:00.528Z
0.3780664,open,2021-07-05T09:03:00Z,262,431,0,693,693,24278[Karstadt],2021-07-05T09:07:00.528Z
0.94400895,open,2021-07-05T09:28:00Z,843,50,0,893,893,24277[Börse],2021-07-05T09:32:00.853Z
0.94,open,2021-07-05T09:28:00Z,141,9,200,350,150,24276[Turmcenter],2021-07-05T09:32:00.853Z
0.39312038,open,2021-07-05T09:28:00Z,160,247,0,407,407,18944[Alte Oper],2021-07-05T09:32:00.853Z
0.4010989,open,2021-07-05T09:28:00Z,146,218,0,364,364,24281[Hauptbahnhof Süd],2021-07-05T09:32:00.853Z
0.64276886,open,2021-07-05T09:28:00Z,520,289,0,809,809,24279[Konstabler],2021-07-05T09:32:00.853Z
0.91784036,open,2021-07-05T09:28:00Z,391,35,0,426,426,18497[Hauptwache],2021-07-05T09:32:00.853Z
0.67058825,open,2021-07-05T09:28:00Z,456,224,0,680,680,18495[Am Gericht],2021-07-05T09:32:00.853Z
0.23971798,open,2021-07-05T09:28:00Z,204,647,45,896,851,109240[MyZeil],2021-07-05T09:32:00.853Z
0.29228243,open,2021-07-05T09:28:00Z,178,431,0,609,609,18494[Konrad-Adenauer-Straße],2021-07-05T09:32:00.853Z
0.3953824,open,2021-07-05T09:28:00Z,274,419,0,693,693,24278[Karstadt],2021-07-05T09:32:00.853Z
0.94400895,open,2021-07-05T09:43:00Z,843,50,0,893,893,24277[Börse],2021-07-05T09:47:01.061Z
0.9266667,open,2021-07-05T09:43:00Z,139,11,200,350,150,24276[Turmcenter],2021-07-05T09:47:01.061Z
0.4078624,open,2021-07-05T09:43:00Z,166,241,0,407,407,18944[Alte Oper],2021-07-05T09:47:01.061Z
0.39835164,open,2021-07-05T09:43:00Z,145,219,0,364,364,24281[Hauptbahnhof Süd],2021-07-05T09:47:01.061Z
0.6563659,open,2021-07-05T09:43:00Z,531,278,0,809,809,24279[Konstabler],2021-07-05T09:47:01.061Z
0.8967136,open,2021-07-05T09:43:00Z,382,44,0,426,426,18497[Hauptwache],2021-07-05T09:47:01.061Z
0.6514706,open,2021-07-05T09:43:00Z,443,237,0,680,680,18495[Am Gericht],2021-07-05T09:47:01.061Z
0.23031728,open,2021-07-05T09:43:00Z,196,655,45,896,851,109240[MyZeil],2021-07-05T09:47:01.061Z
0.3087028,open,2021-07-05T09:43:00Z,188,421,0,609,609,18494[Konrad-Adenauer-Straße],2021-07-05T09:47:01.061Z
0.4170274,open,2021-07-05T09:43:00Z,289,404,0,693,693,24278[Karstadt],2021-07-05T09:47:01.061Z
0.94400895,open,2021-07-05T09:53:00Z,843,50,0,893,893,24277[Börse],2021-07-05T09:57:02.238Z
0.88,open,2021-07-05T09:53:00Z,132,18,200,350,150,24276[Turmcenter],2021-07-05T09:57:02.238Z
0.44717446,open,2021-07-05T09:53:00Z,182,225,0,407,407,18944[Alte Oper],2021-07-05T09:57:02.238Z
0.41208792,open,2021-07-05T09:53:00Z,150,214,0,364,364,24281[Hauptbahnhof Süd],2021-07-05T09:57:02.238Z
0.66254634,open,2021-07-05T09:53:00Z,536,273,0,809,809,24279[Konstabler],2021-07-05T09:57:02.238Z
0.90375584,open,2021-07-05T09:53:00Z,385,41,0,426,426,18497[Hauptwache],2021-07-05T09:57:02.238Z
0.6544118,open,2021-07-05T09:53:00Z,445,235,0,680,680,18495[Am Gericht],2021-07-05T09:57:02.238Z
0.23619272,open,2021-07-05T09:53:00Z,201,650,45,896,851,109240[MyZeil],2021-07-05T09:57:02.238Z
0.3004926,open,2021-07-05T09:53:00Z,183,426,0,609,609,18494[Konrad-Adenauer-Straße],2021-07-05T09:57:02.238Z
0.4199134,open,2021-07-05T09:53:00Z,291,402,0,693,693,24278[Karstadt],2021-07-05T09:57:02.238Z
0.94400895,open,2021-07-05T10:18:00Z,843,50,0,893,893,24277[Börse],2021-07-05T10:22:00.397Z
0.85333335,open,2021-07-05T10:18:00Z,128,22,200,350,150,24276[Turmcenter],2021-07-05T10:22:00.397Z
0.4987715,open,2021-07-05T10:18:00Z,203,204,0,407,407,18944[Alte Oper],2021-07-05T10:22:00.397Z
0.42307693,open,2021-07-05T10:18:00Z,154,210,0,364,364,24281[Hauptbahnhof Süd],2021-07-05T10:22:00.397Z
0.6996292,open,2021-07-05T10:18:00Z,566,243,0,809,809,24279[Konstabler],2021-07-05T10:22:00.397Z
0.9460094,open,2021-07-05T10:18:00Z,403,23,0,426,426,18497[Hauptwache],2021-07-05T10:22:00.397Z
0.64411765,open,2021-07-05T10:18:00Z,438,242,0,680,680,18495[Am Gericht],2021-07-05T10:22:00.397Z
0.24559341,open,2021-07-05T10:18:00Z,209,642,45,896,851,109240[MyZeil],2021-07-05T10:22:00.397Z
0.29885057,open,2021-07-05T10:18:00Z,182,427,0,609,609,18494[Konrad-Adenauer-Straße],2021-07-05T10:22:00.397Z
0.43145743,open,2021-07-05T10:18:00Z,299,394,0,693,693,24278[Karstadt],2021-07-05T10:22:00.397Z
0.94400895,open,2021-07-05T10:38:00Z,843,50,0,893,893,24277[Börse],2021-07-05T10:42:02.459Z
0.8333333,open,2021-07-05T10:38:00Z,125,25,200,350,150,24276[Turmcenter],2021-07-05T10:42:02.459Z
0.52334154,open,2021-07-05T10:38:00Z,213,194,0,407,407,18944[Alte Oper],2021-07-05T10:42:02.459Z
0.4065934,open,2021-07-05T10:38:00Z,148,216,0,364,364,24281[Hauptbahnhof Süd],2021-07-05T10:42:02.459Z
0.6959209,open,2021-07-05T10:38:00Z,563,246,0,809,809,24279[Konstabler],2021-07-05T10:42:02.459Z
0.9624413,open,2021-07-05T10:38:00Z,410,16,0,426,426,18497[Hauptwache],2021-07-05T10:42:02.459Z
0.6455882,open,2021-07-05T10:38:00Z,439,241,0,680,680,18495[Am Gericht],2021-07-05T10:42:02.459Z
0.25264394,open,2021-07-05T10:38:00Z,215,636,45,896,851,109240[MyZeil],2021-07-05T10:42:02.459Z
0.29064038,open,2021-07-05T10:38:00Z,177,432,0,609,609,18494[Konrad-Adenauer-Straße],2021-07-05T10:42:02.459Z
0.43722942,open,2021-07-05T10:38:00Z,303,390,0,693,693,24278[Karstadt],2021-07-05T10:42:02.459Z
0.94400895,open,2021-07-05T10:43:00Z,843,50,0,893,893,24277[Börse],2021-07-05T10:47:01.710Z
0.8066667,open,2021-07-05T10:43:00Z,121,29,200,350,150,24276[Turmcenter],2021-07-05T10:47:01.710Z
0.5159705,open,2021-07-05T10:43:00Z,210,197,0,407,407,18944[Alte Oper],2021-07-05T10:47:01.710Z
0.4065934,open,2021-07-05T10:43:00Z,148,216,0,364,364,24281[Hauptbahnhof Süd],2021-07-05T10:47:01.710Z
0.70086527,open,2021-07-05T10:43:00Z,567,242,0,809,809,24279[Konstabler],2021-07-05T10:47:01.710Z
0.9507042,open,2021-07-05T10:43:00Z,405,21,0,426,426,18497[Hauptwache],2021-07-05T10:47:01.710Z
0.6455882,open,2021-07-05T10:43:00Z,439,241,0,680,680,18495[Am Gericht],2021-07-05T10:47:01.710Z
0.2573443,open,2021-07-05T10:43:00Z,219,632,45,896,851,109240[MyZeil],2021-07-05T10:47:01.710Z
0.29064038,open,2021-07-05T10:43:00Z,177,432,0,609,609,18494[Konrad-Adenauer-Straße],2021-07-05T10:47:01.710Z
0.42424244,open,2021-07-05T10:43:00Z,294,399,0,693,693,24278[Karstadt],2021-07-05T10:47:01.710Z
0.94400895,open,2021-07-05T10:58:00Z,843,50,0,893,893,24277[Börse],2021-07-05T11:02:01.786Z
0.76,open,2021-07-05T10:58:00Z,114,36,200,350,150,24276[Turmcenter],2021-07-05T11:02:01.786Z
0.5208845,open,2021-07-05T10:58:00Z,212,195,0,407,407,18944[Alte Oper],2021-07-05T11:02:01.786Z
0.39835164,open,2021-07-05T10:58:00Z,145,219,0,364,364,24281[Hauptbahnhof Süd],2021-07-05T11:02:01.786Z
0.7144623,open,2021-07-05T10:58:00Z,578,231,0,809,809,24279[Konstabler],2021-07-05T11:02:01.786Z
0.97417843,open,2021-07-05T10:58:00Z,415,11,0,426,426,18497[Hauptwache],2021-07-05T11:02:01.786Z
0.6573529,open,2021-07-05T10:58:00Z,447,233,0,680,680,18495[Am Gericht],2021-07-05T11:02:01.786Z
0.26086956,open,2021-07-05T10:58:00Z,222,629,45,896,851,109240[MyZeil],2021-07-05T11:02:01.786Z
0.28078818,open,2021-07-05T10:58:00Z,171,438,0,609,609,18494[Konrad-Adenauer-Straße],2021-07-05T11:02:01.786Z
0.4040404,open,2021-07-05T10:58:00Z,280,413,0,693,693,24278[Karstadt],2021-07-05T11:02:01.786Z
0.94400895,open,2021-07-05T11:14:00Z,843,50,0,893,893,24277[Börse],2021-07-05T11:17:01.793Z
0.75333333,open,2021-07-05T11:14:00Z,113,37,200,350,150,24276[Turmcenter],2021-07-05T11:17:01.793Z
0.5184275,open,2021-07-05T11:14:00Z,211,196,0,407,407,18944[Alte Oper],2021-07-05T11:17:01.793Z
0.3846154,open,2021-07-05T11:14:00Z,140,224,0,364,364,24281[Hauptbahnhof Süd],2021-07-05T11:17:01.793Z
0.72805935,open,2021-07-05T11:14:00Z,589,220,0,809,809,24279[Konstabler],2021-07-05T11:17:01.793Z
0.9906103,open,2021-07-05T11:14:00Z,422,4,0,426,426,18497[Hauptwache],2021-07-05T11:17:01.793Z
0.65,open,2021-07-05T11:14:00Z,442,238,0,680,680,18495[Am Gericht],2021-07-05T11:17:01.793Z
0.26204467,open,2021-07-05T11:14:00Z,223,628,45,896,851,109240[MyZeil],2021-07-05T11:17:01.793Z
0.27586207,open,2021-07-05T11:14:00Z,168,441,0,609,609,18494[Konrad-Adenauer-Straße],2021-07-05T11:17:01.793Z
0.40981242,open,2021-07-05T11:14:00Z,284,409,0,693,693,24278[Karstadt],2021-07-05T11:17:01.793Z
0.94400895,open,2021-07-05T11:24:00Z,843,50,0,893,893,24277[Börse],2021-07-05T11:27:02.724Z
0.74,open,2021-07-05T11:24:00Z,111,39,200,350,150,24276[Turmcenter],2021-07-05T11:27:02.724Z
0.5184275,open,2021-07-05T11:24:00Z,211,196,0,407,407,18944[Alte Oper],2021-07-05T11:27:02.724Z
0.38186812,open,2021-07-05T11:24:00Z,139,225,0,364,364,24281[Hauptbahnhof Süd],2021-07-05T11:27:02.724Z
0.74165636,open,2021-07-05T11:24:00Z,600,209,0,809,809,24279[Konstabler],2021-07-05T11:27:02.724Z
0.9835681,open,2021-07-05T11:24:00Z,419,7,0,426,426,18497[Hauptwache],2021-07-05T11:27:02.724Z
0.6426471,open,2021-07-05T11:24:00Z,437,243,0,680,680,18495[Am Gericht],2021-07-05T11:27:02.724Z
0.2573443,open,2021-07-05T11:24:00Z,219,632,45,896,851,109240[MyZeil],2021-07-05T11:27:02.724Z
0.27093595,open,2021-07-05T11:24:00Z,165,444,0,609,609,18494[Konrad-Adenauer-Straße],2021-07-05T11:27:02.724Z
0.4040404,open,2021-07-05T11:24:00Z,280,413,0,693,693,24278[Karstadt],2021-07-05T11:27:02.724Z
0.94400895,open,2021-07-05T11:34:00Z,843,50,0,893,893,24277[Börse],2021-07-05T11:37:00.562Z
0.75333333,open,2021-07-05T11:34:00Z,113,37,200,350,150,24276[Turmcenter],2021-07-05T11:37:00.562Z
0.5135135,open,2021-07-05T11:34:00Z,209,198,0,407,407,18944[Alte Oper],2021-07-05T11:37:00.562Z
0.37637362,open,2021-07-05T11:34:00Z,137,227,0,364,364,24281[Hauptbahnhof Süd],2021-07-05T11:37:00.562Z
0.7441285,open,2021-07-05T11:34:00Z,602,207,0,809,809,24279[Konstabler],2021-07-05T11:37:00.562Z
0.9859155,open,2021-07-05T11:34:00Z,420,6,0,426,426,18497[Hauptwache],2021-07-05T11:37:00.562Z
0.6279412,open,2021-07-05T11:34:00Z,427,253,0,680,680,18495[Am Gericht],2021-07-05T11:37:00.562Z
0.25851938,open,2021-07-05T11:34:00Z,220,631,45,896,851,109240[MyZeil],2021-07-05T11:37:00.562Z
0.28735632,open,2021-07-05T11:34:00Z,175,434,0,609,609,18494[Konrad-Adenauer-Straße],2021-07-05T11:37:00.562Z
0.3939394,open,2021-07-05T11:34:00Z,273,420,0,693,693,24278[Karstadt],2021-07-05T11:37:00.562Z
0.94400895,open,2021-07-05T11:44:00Z,843,50,0,893,893,24277[Börse],2021-07-05T11:47:02.942Z
0.76,open,2021-07-05T11:44:00Z,114,36,200,350,150,24276[Turmcenter],2021-07-05T11:47:02.942Z
0.5282555,open,2021-07-05T11:44:00Z,215,192,0,407,407,18944[Alte Oper],2021-07-05T11:47:02.942Z
0.38186812,open,2021-07-05T11:44:00Z,139,225,0,364,364,24281[Hauptbahnhof Süd],2021-07-05T11:47:02.942Z
0.736712,open,2021-07-05T11:44:00Z,596,213,0,809,809,24279[Konstabler],2021-07-05T11:47:02.942Z
0.96478873,open,2021-07-05T11:44:00Z,411,15,0,426,426,18497[Hauptwache],2021-07-05T11:47:02.942Z
0.63235295,open,2021-07-05T11:44:00Z,430,250,0,680,680,18495[Am Gericht],2021-07-05T11:47:02.942Z
0.266745,open,2021-07-05T11:44:00Z,227,624,45,896,851,109240[MyZeil],2021-07-05T11:47:02.942Z
0.29228243,open,2021-07-05T11:44:00Z,178,431,0,609,609,18494[Konrad-Adenauer-Straße],2021-07-05T11:47:02.942Z
0.41558442,open,2021-07-05T11:44:00Z,288,405,0,693,693,24278[Karstadt],2021-07-05T11:47:02.942Z
0.94400895,open,2021-07-05T11:59:00Z,843,50,0,893,893,24277[Börse],2021-07-05T12:02:01.572Z
0.45333335,open,2021-07-05T11:59:00Z,68,82,200,350,150,24276[Turmcenter],2021-07-05T12:02:01.572Z
0.5135135,open,2021-07-05T11:59:00Z,209,198,0,407,407,18944[Alte Oper],2021-07-05T12:02:01.572Z
0.37637362,open,2021-07-05T11:59:00Z,137,227,0,364,364,24281[Hauptbahnhof Süd],2021-07-05T12:02:01.572Z
0.73300374,open,2021-07-05T11:59:00Z,593,216,0,809,809,24279[Konstabler],2021-07-05T12:02:01.572Z
0.96713614,open,2021-07-05T11:59:00Z,412,14,0,426,426,18497[Hauptwache],2021-07-05T12:02:01.572Z
0.6308824,open,2021-07-05T11:59:00Z,429,251,0,680,680,18495[Am Gericht],2021-07-05T12:02:01.572Z
0.2596945,open,2021-07-05T11:59:00Z,221,630,45,896,851,109240[MyZeil],2021-07-05T12:02:01.572Z
0.31527093,open,2021-07-05T11:59:00Z,192,417,0,609,609,18494[Konrad-Adenauer-Straße],2021-07-05T12:02:01.572Z
0.41269842,open,2021-07-05T11:59:00Z,286,407,0,693,693,24278[Karstadt],2021-07-05T12:02:01.572Z
0.94400895,open,2021-07-05T12:34:00Z,843,50,0,893,893,24277[Börse],2021-07-05T12:37:00.595Z
0.36,open,2021-07-05T12:34:00Z,54,96,200,350,150,24276[Turmcenter],2021-07-05T12:37:00.595Z
0.47420147,open,2021-07-05T12:34:00Z,193,214,0,407,407,18944[Alte Oper],2021-07-05T12:37:00.595Z
0.36263737,open,2021-07-05T12:34:00Z,132,232,0,364,364,24281[Hauptbahnhof Süd],2021-07-05T12:37:00.595Z
0.7404203,open,2021-07-05T12:34:00Z,599,210,0,809,809,24279[Konstabler],2021-07-05T12:37:00.595Z
0.9906103,open,2021-07-05T12:34:00Z,422,4,0,426,426,18497[Hauptwache],2021-07-05T12:37:00.595Z
0.6102941,open,2021-07-05T12:34:00Z,415,265,0,680,680,18495[Am Gericht],2021-07-05T12:37:00.595Z
0.25851938,open,2021-07-05T12:34:00Z,220,631,45,896,851,109240[MyZeil],2021-07-05T12:37:00.595Z
0.30541873,open,2021-07-05T12:34:00Z,186,423,0,609,609,18494[Konrad-Adenauer-Straße],2021-07-05T12:37:00.595Z
0.4170274,open,2021-07-05T12:34:00Z,289,404,0,693,693,24278[Karstadt],2021-07-05T12:37:00.595Z
0.94400895,open,2021-07-05T13:05:00Z,843,50,0,893,893,24277[Börse],2021-07-05T13:07:00.155Z
0.32666665,open,2021-07-05T13:05:00Z,49,101,200,350,150,24276[Turmcenter],2021-07-05T13:07:00.155Z
0.44471744,open,2021-07-05T13:05:00Z,181,226,0,407,407,18944[Alte Oper],2021-07-05T13:07:00.155Z
0.32967034,open,2021-07-05T13:05:00Z,120,244,0,364,364,24281[Hauptbahnhof Süd],2021-07-05T13:07:00.155Z
0.7342398,open,2021-07-05T13:05:00Z,594,215,0,809,809,24279[Konstabler],2021-07-05T13:07:00.155Z
0.97417843,open,2021-07-05T13:05:00Z,415,11,0,426,426,18497[Hauptwache],2021-07-05T13:07:00.155Z
0.5955882,open,2021-07-05T13:05:00Z,405,275,0,680,680,18495[Am Gericht],2021-07-05T13:07:00.155Z
0.266745,open,2021-07-05T13:05:00Z,227,624,45,896,851,109240[MyZeil],2021-07-05T13:07:00.155Z
0.27422002,open,2021-07-05T13:05:00Z,167,442,0,609,609,18494[Konrad-Adenauer-Straße],2021-07-05T13:07:00.155Z
0.42568544,open,2021-07-05T13:05:00Z,295,398,0,693,693,24278[Karstadt],2021-07-05T13:07:00.155Z
0.94400895,open,2021-07-05T13:25:00Z,843,50,0,893,893,24277[Börse],2021-07-05T13:27:00.323Z
0.3,open,2021-07-05T13:25:00Z,45,105,200,350,150,24276[Turmcenter],2021-07-05T13:27:00.323Z
0.43734643,open,2021-07-05T13:25:00Z,178,229,0,407,407,18944[Alte Oper],2021-07-05T13:27:00.323Z
0.32417583,open,2021-07-05T13:25:00Z,118,246,0,364,364,24281[Hauptbahnhof Süd],2021-07-05T13:27:00.323Z
0.74536467,open,2021-07-05T13:25:00Z,603,206,0,809,809,24279[Konstabler],2021-07-05T13:27:00.323Z
0.97183096,open,2021-07-05T13:25:00Z,414,12,0,426,426,18497[Hauptwache],2021-07-05T13:27:00.323Z
0.56764704,open,2021-07-05T13:25:00Z,386,294,0,680,680,18495[Am Gericht],2021-07-05T13:27:00.323Z
0.2573443,open,2021-07-05T13:25:00Z,219,632,45,896,851,109240[MyZeil],2021-07-05T13:27:00.323Z
0.25779969,open,2021-07-05T13:25:00Z,157,452,0,609,609,18494[Konrad-Adenauer-Straße],2021-07-05T13:27:00.323Z
0.4199134,open,2021-07-05T13:25:00Z,291,402,0,693,693,24278[Karstadt],2021-07-05T13:27:00.323Z
0.94400895,open,2021-07-05T13:35:00Z,843,50,0,893,893,24277[Börse],2021-07-05T13:37:00.941Z
0.30666667,open,2021-07-05T13:35:00Z,46,104,200,350,150,24276[Turmcenter],2021-07-05T13:37:00.941Z
0.44471744,open,2021-07-05T13:35:00Z,181,226,0,407,407,18944[Alte Oper],2021-07-05T13:37:00.941Z
0.3021978,open,2021-07-05T13:35:00Z,110,254,0,364,364,24281[Hauptbahnhof Süd],2021-07-05T13:37:00.941Z
0.7317676,open,2021-07-05T13:35:00Z,592,217,0,809,809,24279[Konstabler],2021-07-05T13:37:00.941Z
0.96713614,open,2021-07-05T13:35:00Z,412,14,0,426,426,18497[Hauptwache],2021-07-05T13:37:00.941Z
0.54558825,open,2021-07-05T13:35:00Z,371,309,0,680,680,18495[Am Gericht],2021-07-05T13:37:00.941Z
0.25264394,open,2021-07-05T13:35:00Z,215,636,45,896,851,109240[MyZeil],2021-07-05T13:37:00.941Z
0.26436782,open,2021-07-05T13:35:00Z,161,448,0,609,609,18494[Konrad-Adenauer-Straße],2021-07-05T13:37:00.941Z
0.41269842,open,2021-07-05T13:35:00Z,286,407,0,693,693,24278[Karstadt],2021-07-05T13:37:00.941Z
0.94400895,open,2021-07-05T13:45:00Z,843,50,0,893,893,24277[Börse],2021-07-05T13:47:02.319Z
0.32,open,2021-07-05T13:45:00Z,48,102,200,350,150,24276[Turmcenter],2021-07-05T13:47:02.319Z
0.42997542,open,2021-07-05T13:45:00Z,175,232,0,407,407,18944[Alte Oper],2021-07-05T13:47:02.319Z
0.27747253,open,2021-07-05T13:45:00Z,101,263,0,364,364,24281[Hauptbahnhof Süd],2021-07-05T13:47:02.319Z
0.7342398,open,2021-07-05T13:45:00Z,594,215,0,809,809,24279[Konstabler],2021-07-05T13:47:02.319Z
0.97652584,open,2021-07-05T13:45:00Z,416,10,0,426,426,18497[Hauptwache],2021-07-05T13:47:02.319Z
0.51911765,open,2021-07-05T13:45:00Z,353,327,0,680,680,18495[Am Gericht],2021-07-05T13:47:02.319Z
0.24559341,open,2021-07-05T13:45:00Z,209,642,45,896,851,109240[MyZeil],2021-07-05T13:47:02.319Z
0.27093595,open,2021-07-05T13:45:00Z,165,444,0,609,609,18494[Konrad-Adenauer-Straße],2021-07-05T13:47:02.319Z
0.4040404,open,2021-07-05T13:45:00Z,280,413,0,693,693,24278[Karstadt],2021-07-05T13:47:02.319Z
0.94400895,open,2021-07-05T14:00:00Z,843,50,0,893,893,24277[Börse],2021-07-05T14:02:02.719Z
0.34666666,open,2021-07-05T14:00:00Z,52,98,200,350,150,24276[Turmcenter],2021-07-05T14:02:02.719Z
0.42751843,open,2021-07-05T14:00:00Z,174,233,0,407,407,18944[Alte Oper],2021-07-05T14:02:02.719Z
0.25,open,2021-07-05T14:00:00Z,91,273,0,364,364,24281[Hauptbahnhof Süd],2021-07-05T14:02:02.719Z
0.7255871,open,2021-07-05T14:00:00Z,587,222,0,809,809,24279[Konstabler],2021-07-05T14:02:02.719Z
0.9413146,open,2021-07-05T14:00:00Z,401,25,0,426,426,18497[Hauptwache],2021-07-05T14:02:02.719Z
0.4985294,open,2021-07-05T14:00:00Z,339,341,0,680,680,18495[Am Gericht],2021-07-05T14:02:02.719Z
0.23501763,open,2021-07-05T14:00:00Z,200,651,45,896,851,109240[MyZeil],2021-07-05T14:02:02.719Z
0.272578,open,2021-07-05T14:00:00Z,166,443,0,609,609,18494[Konrad-Adenauer-Straße],2021-07-05T14:02:02.719Z
0.3939394,open,2021-07-05T14:00:00Z,273,420,0,693,693,24278[Karstadt],2021-07-05T14:02:02.719Z
0.94400895,open,2021-07-05T14:21:00Z,843,50,0,893,893,24277[Börse],2021-07-05T14:22:00.422Z
0.29333332,open,2021-07-05T14:21:00Z,44,106,200,350,150,24276[Turmcenter],2021-07-05T14:22:00.422Z
0.4152334,open,2021-07-05T14:21:00Z,169,238,0,407,407,18944[Alte Oper],2021-07-05T14:22:00.422Z
0.20879121,open,2021-07-05T14:21:00Z,76,288,0,364,364,24281[Hauptbahnhof Süd],2021-07-05T14:22:00.422Z
0.72064275,open,2021-07-05T14:21:00Z,583,226,0,809,809,24279[Konstabler],2021-07-05T14:22:00.422Z
0.9061033,open,2021-07-05T14:21:00Z,386,40,0,426,426,18497[Hauptwache],2021-07-05T14:22:00.422Z
0.4764706,open,2021-07-05T14:21:00Z,324,356,0,680,680,18495[Am Gericht],2021-07-05T14:22:00.422Z
0.24089307,open,2021-07-05T14:21:00Z,205,646,45,896,851,109240[MyZeil],2021-07-05T14:22:00.422Z
0.26108375,open,2021-07-05T14:21:00Z,159,450,0,609,609,18494[Konrad-Adenauer-Straße],2021-07-05T14:22:00.422Z
0.36940837,open,2021-07-05T14:21:00Z,256,437,0,693,693,24278[Karstadt],2021-07-05T14:22:00.422Z
0.94400895,open,2021-07-05T14:30:00Z,843,50,0,893,893,24277[Börse],2021-07-05T14:32:00.963Z
0.23333333,open,2021-07-05T14:30:00Z,35,115,200,350,150,24276[Turmcenter],2021-07-05T14:32:00.963Z
0.3906634,open,2021-07-05T14:30:00Z,159,248,0,407,407,18944[Alte Oper],2021-07-05T14:32:00.963Z
0.2032967,open,2021-07-05T14:30:00Z,74,290,0,364,364,24281[Hauptbahnhof Süd],2021-07-05T14:32:00.963Z
0.7119901,open,2021-07-05T14:30:00Z,576,233,0,809,809,24279[Konstabler],2021-07-05T14:32:00.963Z
0.8943662,open,2021-07-05T14:30:00Z,381,45,0,426,426,18497[Hauptwache],2021-07-05T14:32:00.963Z
0.4632353,open,2021-07-05T14:30:00Z,315,365,0,680,680,18495[Am Gericht],2021-07-05T14:32:00.963Z
0.23619272,open,2021-07-05T14:30:00Z,201,650,45,896,851,109240[MyZeil],2021-07-05T14:32:00.963Z
0.26108375,open,2021-07-05T14:30:00Z,159,450,0,609,609,18494[Konrad-Adenauer-Straße],2021-07-05T14:32:00.963Z
0.35786435,open,2021-07-05T14:30:00Z,248,445,0,693,693,24278[Karstadt],2021-07-05T14:32:00.963Z
0.94400895,open,2021-07-05T14:41:00Z,843,50,0,893,893,24277[Börse],2021-07-05T14:42:01.106Z
0.22,open,2021-07-05T14:41:00Z,33,117,200,350,150,24276[Turmcenter],2021-07-05T14:42:01.106Z
0.36855036,open,2021-07-05T14:41:00Z,150,257,0,407,407,18944[Alte Oper],2021-07-05T14:42:01.106Z
0.19505495,open,2021-07-05T14:41:00Z,71,293,0,364,364,24281[Hauptbahnhof Süd],2021-07-05T14:42:01.106Z
0.6959209,open,2021-07-05T14:41:00Z,563,246,0,809,809,24279[Konstabler],2021-07-05T14:42:01.106Z
0.8873239,open,2021-07-05T14:41:00Z,378,48,0,426,426,18497[Hauptwache],2021-07-05T14:42:01.106Z
0.44852942,open,2021-07-05T14:41:00Z,305,375,0,680,680,18495[Am Gericht],2021-07-05T14:42:01.106Z
0.23031728,open,2021-07-05T14:41:00Z,196,655,45,896,851,109240[MyZeil],2021-07-05T14:42:01.106Z
0.24466339,open,2021-07-05T14:41:00Z,149,460,0,609,609,18494[Konrad-Adenauer-Straße],2021-07-05T14:42:01.106Z
0.35209236,open,2021-07-05T14:41:00Z,244,449,0,693,693,24278[Karstadt],2021-07-05T14:42:01.106Z
0.94400895,open,2021-07-05T14:51:00Z,843,50,0,893,893,24277[Börse],2021-07-05T14:52:02.178Z
0.18666667,open,2021-07-05T14:51:00Z,28,122,200,350,150,24276[Turmcenter],2021-07-05T14:52:02.178Z
0.37592137,open,2021-07-05T14:51:00Z,153,254,0,407,407,18944[Alte Oper],2021-07-05T14:52:02.178Z
0.18406594,open,2021-07-05T14:51:00Z,67,297,0,364,364,24281[Hauptbahnhof Süd],2021-07-05T14:52:02.178Z
0.6996292,open,2021-07-05T14:51:00Z,566,243,0,809,809,24279[Konstabler],2021-07-05T14:52:02.178Z
0.86384976,open,2021-07-05T14:51:00Z,368,58,0,426,426,18497[Hauptwache],2021-07-05T14:52:02.178Z
0.42058823,open,2021-07-05T14:51:00Z,286,394,0,680,680,18495[Am Gericht],2021-07-05T14:52:02.178Z
0.22444183,open,2021-07-05T14:51:00Z,191,660,45,896,851,109240[MyZeil],2021-07-05T14:52:02.178Z
0.24466339,open,2021-07-05T14:51:00Z,149,460,0,609,609,18494[Konrad-Adenauer-Straße],2021-07-05T14:52:02.178Z
0.34632036,open,2021-07-05T14:51:00Z,240,453,0,693,693,24278[Karstadt],2021-07-05T14:52:02.178Z
0.94400895,open,2021-07-05T15:11:00Z,843,50,0,893,893,24277[Börse],2021-07-05T15:12:02.959Z
0.15333334,open,2021-07-05T15:11:00Z,23,127,200,350,150,24276[Turmcenter],2021-07-05T15:12:02.959Z
0.35135135,open,2021-07-05T15:11:00Z,143,264,0,407,407,18944[Alte Oper],2021-07-05T15:12:02.959Z
0.17032968,open,2021-07-05T15:11:00Z,62,302,0,364,364,24281[Hauptbahnhof Süd],2021-07-05T15:12:02.959Z
0.6860321,open,2021-07-05T15:11:00Z,555,254,0,809,809,24279[Konstabler],2021-07-05T15:12:02.959Z
0.87558687,open,2021-07-05T15:11:00Z,373,53,0,426,426,18497[Hauptwache],2021-07-05T15:12:02.959Z
0.40294117,open,2021-07-05T15:11:00Z,274,406,0,680,680,18495[Am Gericht],2021-07-05T15:12:02.959Z
0.21504113,open,2021-07-05T15:11:00Z,183,668,45,896,851,109240[MyZeil],2021-07-05T15:12:02.959Z
0.23973727,open,2021-07-05T15:11:00Z,146,463,0,609,609,18494[Konrad-Adenauer-Straße],2021-07-05T15:12:02.959Z
0.32467532,open,2021-07-05T15:11:00Z,225,468,0,693,693,24278[Karstadt],2021-07-05T15:12:02.959Z
0.94400895,open,2021-07-05T15:46:00Z,843,50,0,893,893,24277[Börse],2021-07-05T15:52:00.315Z
0.086666666,open,2021-07-05T15:46:00Z,13,137,200,350,150,24276[Turmcenter],2021-07-05T15:52:00.315Z
0.3022113,open,2021-07-05T15:46:00Z,123,284,0,407,407,18944[Alte Oper],2021-07-05T15:52:00.315Z
0.13186814,open,2021-07-05T15:46:00Z,48,316,0,364,364,24281[Hauptbahnhof Süd],2021-07-05T15:52:00.315Z
0.68355995,open,2021-07-05T15:46:00Z,553,256,0,809,809,24279[Konstabler],2021-07-05T15:52:00.315Z
0.8450704,open,2021-07-05T15:46:00Z,360,66,0,426,426,18497[Hauptwache],2021-07-05T15:52:00.315Z
0.375,open,2021-07-05T15:46:00Z,255,425,0,680,680,18495[Am Gericht],2021-07-05T15:52:00.315Z
0.21034078,open,2021-07-05T15:46:00Z,179,672,45,896,851,109240[MyZeil],2021-07-05T15:52:00.315Z
0.23481117,open,2021-07-05T15:46:00Z,143,466,0,609,609,18494[Konrad-Adenauer-Straße],2021-07-05T15:52:00.315Z
0.26839826,open,2021-07-05T15:46:00Z,186,507,0,693,693,24278[Karstadt],2021-07-05T15:52:00.315Z
0.94400895,open,2021-07-05T16:02:00Z,843,50,0,893,893,24277[Börse],2021-07-05T16:07:02.733Z
0.08,open,2021-07-05T16:02:00Z,12,138,200,350,150,24276[Turmcenter],2021-07-05T16:07:02.733Z
0.27764127,open,2021-07-05T16:02:00Z,113,294,0,407,407,18944[Alte Oper],2021-07-05T16:07:02.733Z
0.11263736,open,2021-07-05T16:02:00Z,41,323,0,364,364,24281[Hauptbahnhof Süd],2021-07-05T16:07:02.733Z
0.6600742,open,2021-07-05T16:02:00Z,534,275,0,809,809,24279[Konstabler],2021-07-05T16:07:02.733Z
0.85211265,open,2021-07-05T16:02:00Z,363,63,0,426,426,18497[Hauptwache],2021-07-05T16:07:02.733Z
0.3617647,open,2021-07-05T16:02:00Z,246,434,0,680,680,18495[Am Gericht],2021-07-05T16:07:02.733Z
0.20329025,open,2021-07-05T16:02:00Z,173,678,45,896,851,109240[MyZeil],2021-07-05T16:07:02.733Z
0.2364532,open,2021-07-05T16:02:00Z,144,465,0,609,609,18494[Konrad-Adenauer-Straße],2021-07-05T16:07:02.733Z
0.26695526,open,2021-07-05T16:02:00Z,185,508,0,693,693,24278[Karstadt],2021-07-05T16:07:02.733Z
0.94400895,open,2021-07-05T16:47:00Z,843,50,0,893,893,24277[Börse],2021-07-05T16:52:00.291Z
0.01,open,2021-07-05T16:47:00Z,2,198,150,350,200,24276[Turmcenter],2021-07-05T16:52:00.291Z
0.25061426,open,2021-07-05T16:47:00Z,102,305,0,407,407,18944[Alte Oper],2021-07-05T16:52:00.291Z
0.082417585,open,2021-07-05T16:47:00Z,30,334,0,364,364,24281[Hauptbahnhof Süd],2021-07-05T16:52:00.291Z
0.6155748,open,2021-07-05T16:47:00Z,498,311,0,809,809,24279[Konstabler],2021-07-05T16:52:00.291Z
0.80516434,open,2021-07-05T16:47:00Z,343,83,0,426,426,18497[Hauptwache],2021-07-05T16:52:00.291Z
0.33088234,open,2021-07-05T16:47:00Z,225,455,0,680,680,18495[Am Gericht],2021-07-05T16:52:00.291Z
0.20211516,open,2021-07-05T16:47:00Z,172,679,45,896,851,109240[MyZeil],2021-07-05T16:52:00.291Z
0.19704433,open,2021-07-05T16:47:00Z,120,489,0,609,609,18494[Konrad-Adenauer-Straße],2021-07-05T16:52:00.291Z
0.1919192,open,2021-07-05T16:47:00Z,133,560,0,693,693,24278[Karstadt],2021-07-05T16:52:00.291Z
0.94400895,open,2021-07-05T17:07:00Z,843,50,0,893,893,24277[Börse],2021-07-05T17:12:01.729Z
0.015,open,2021-07-05T17:07:00Z,3,197,150,350,200,24276[Turmcenter],2021-07-05T17:12:01.729Z
0.23587224,open,2021-07-05T17:07:00Z,96,311,0,407,407,18944[Alte Oper],2021-07-05T17:12:01.729Z
0.07417583,open,2021-07-05T17:07:00Z,27,337,0,364,364,24281[Hauptbahnhof Süd],2021-07-05T17:12:01.729Z
0.592089,open,2021-07-05T17:07:00Z,479,330,0,809,809,24279[Konstabler],2021-07-05T17:12:01.729Z
0.75586855,open,2021-07-05T17:07:00Z,322,104,0,426,426,18497[Hauptwache],2021-07-05T17:12:01.729Z
0.31911764,open,2021-07-05T17:07:00Z,217,463,0,680,680,18495[Am Gericht],2021-07-05T17:12:01.729Z
0.19271445,open,2021-07-05T17:07:00Z,164,687,45,896,851,109240[MyZeil],2021-07-05T17:12:01.729Z
0.18719211,open,2021-07-05T17:07:00Z,114,495,0,609,609,18494[Konrad-Adenauer-Straße],2021-07-05T17:12:01.729Z
0.16161616,open,2021-07-05T17:07:00Z,112,581,0,693,693,24278[Karstadt],2021-07-05T17:12:01.729Z
0.94400895,open,2021-07-05T17:28:00Z,843,50,0,893,893,24277[Börse],2021-07-05T17:32:00.588Z
0.01,open,2021-07-05T17:28:00Z,2,198,150,350,200,24276[Turmcenter],2021-07-05T17:32:00.588Z
0.22113022,open,2021-07-05T17:28:00Z,90,317,0,407,407,18944[Alte Oper],2021-07-05T17:32:00.588Z
0.071428575,open,2021-07-05T17:28:00Z,26,338,0,364,364,24281[Hauptbahnhof Süd],2021-07-05T17:32:00.588Z
0.51915944,open,2021-07-05T17:28:00Z,420,389,0,809,809,24279[Konstabler],2021-07-05T17:32:00.588Z
0.7206573,open,2021-07-05T17:28:00Z,307,119,0,426,426,18497[Hauptwache],2021-07-05T17:32:00.588Z
0.30882353,open,2021-07-05T17:28:00Z,210,470,0,680,680,18495[Am Gericht],2021-07-05T17:32:00.588Z
0.17391305,open,2021-07-05T17:28:00Z,148,703,45,896,851,109240[MyZeil],2021-07-05T17:32:00.588Z
0.1773399,open,2021-07-05T17:28:00Z,108,501,0,609,609,18494[Konrad-Adenauer-Straße],2021-07-05T17:32:00.588Z
0.12987013,open,2021-07-05T17:28:00Z,90,603,0,693,693,24278[Karstadt],2021-07-05T17:32:00.588Z
0.94400895,open,2021-07-05T17:43:00Z,843,50,0,893,893,24277[Börse],2021-07-05T17:47:00.254Z
0.015,open,2021-07-05T17:43:00Z,3,197,150,350,200,24276[Turmcenter],2021-07-05T17:47:00.254Z
0.21867321,open,2021-07-05T17:43:00Z,89,318,0,407,407,18944[Alte Oper],2021-07-05T17:47:00.254Z
0.06868132,open,2021-07-05T17:43:00Z,25,339,0,364,364,24281[Hauptbahnhof Süd],2021-07-05T17:47:00.254Z
0.4882571,open,2021-07-05T17:43:00Z,395,414,0,809,809,24279[Konstabler],2021-07-05T17:47:00.254Z
0.71596247,open,2021-07-05T17:43:00Z,305,121,0,426,426,18497[Hauptwache],2021-07-05T17:47:00.254Z
0.29852942,open,2021-07-05T17:43:00Z,203,477,0,680,680,18495[Am Gericht],2021-07-05T17:47:00.254Z
0.16803761,open,2021-07-05T17:43:00Z,143,708,45,896,851,109240[MyZeil],2021-07-05T17:47:00.254Z
0.18226601,open,2021-07-05T17:43:00Z,111,498,0,609,609,18494[Konrad-Adenauer-Straße],2021-07-05T17:47:00.254Z
0,closed,2021-07-05T17:43:00Z,,603,0,0,0,24278[Karstadt],2021-07-05T17:47:00.254Z
0.94400895,open,2021-07-05T17:53:00Z,843,50,0,893,893,24277[Börse],2021-07-05T17:57:00.637Z
0,open,2021-07-05T17:53:00Z,0,200,150,350,200,24276[Turmcenter],2021-07-05T17:57:00.637Z
0.2039312,open,2021-07-05T17:53:00Z,83,324,0,407,407,18944[Alte Oper],2021-07-05T17:57:00.637Z
0.06593407,open,2021-07-05T17:53:00Z,24,340,0,364,364,24281[Hauptbahnhof Süd],2021-07-05T17:57:00.637Z
0.46106303,open,2021-07-05T17:53:00Z,373,436,0,809,809,24279[Konstabler],2021-07-05T17:57:00.637Z
0.68779343,open,2021-07-05T17:53:00Z,293,133,0,426,426,18497[Hauptwache],2021-07-05T17:57:00.637Z
0.28970587,open,2021-07-05T17:53:00Z,197,483,0,680,680,18495[Am Gericht],2021-07-05T17:57:00.637Z
0.1586369,open,2021-07-05T17:53:00Z,135,716,45,896,851,109240[MyZeil],2021-07-05T17:57:00.637Z
0.17569786,open,2021-07-05T17:53:00Z,107,502,0,609,609,18494[Konrad-Adenauer-Straße],2021-07-05T17:57:00.637Z
0,closed,2021-07-05T17:53:00Z,,603,0,0,0,24278[Karstadt],2021-07-05T17:57:00.637Z
0.94400895,open,2021-07-05T18:19:00Z,843,50,0,893,893,24277[Börse],2021-07-05T18:22:01.973Z
0.01,open,2021-07-05T18:19:00Z,2,198,150,350,200,24276[Turmcenter],2021-07-05T18:22:01.973Z
0.18427518,open,2021-07-05T18:19:00Z,75,332,0,407,407,18944[Alte Oper],2021-07-05T18:22:01.973Z
0.06868132,open,2021-07-05T18:19:00Z,25,339,0,364,364,24281[Hauptbahnhof Süd],2021-07-05T18:22:01.973Z
0.4128554,open,2021-07-05T18:19:00Z,334,475,0,809,809,24279[Konstabler],2021-07-05T18:22:01.973Z
0.65023476,open,2021-07-05T18:19:00Z,277,149,0,426,426,18497[Hauptwache],2021-07-05T18:22:01.973Z
0.2764706,open,2021-07-05T18:19:00Z,188,492,0,680,680,18495[Am Gericht],2021-07-05T18:22:01.973Z
0.13748531,open,2021-07-05T18:19:00Z,117,734,45,896,851,109240[MyZeil],2021-07-05T18:22:01.973Z
0.13793103,open,2021-07-05T18:19:00Z,84,525,0,609,609,18494[Konrad-Adenauer-Straße],2021-07-05T18:22:01.973Z
0,closed,2021-07-05T18:19:00Z,,603,0,0,0,24278[Karstadt],2021-07-05T18:22:01.973Z
0.94400895,open,2021-07-05T18:44:00Z,843,50,0,893,893,24277[Börse],2021-07-05T18:47:00.530Z
0.03,open,2021-07-05T18:44:00Z,6,194,150,350,200,24276[Turmcenter],2021-07-05T18:47:00.530Z
0.17199017,open,2021-07-05T18:44:00Z,70,337,0,407,407,18944[Alte Oper],2021-07-05T18:47:00.530Z
0.06868132,open,2021-07-05T18:44:00Z,25,339,0,364,364,24281[Hauptbahnhof Süd],2021-07-05T18:47:00.530Z
0.38442522,open,2021-07-05T18:44:00Z,311,498,0,809,809,24279[Konstabler],2021-07-05T18:47:00.530Z
0.6126761,open,2021-07-05T18:44:00Z,261,165,0,426,426,18497[Hauptwache],2021-07-05T18:47:00.530Z
0.25882354,open,2021-07-05T18:44:00Z,176,504,0,680,680,18495[Am Gericht],2021-07-05T18:47:00.530Z
0.13043478,open,2021-07-05T18:44:00Z,111,740,45,896,851,109240[MyZeil],2021-07-05T18:47:00.530Z
0.124794744,open,2021-07-05T18:44:00Z,76,533,0,609,609,18494[Konrad-Adenauer-Straße],2021-07-05T18:47:00.530Z
0,closed,2021-07-05T18:44:00Z,,603,0,0,0,24278[Karstadt],2021-07-05T18:47:00.530Z
0.94400895,open,2021-07-05T18:59:00Z,843,50,0,893,893,24277[Börse],2021-07-05T19:02:00.700Z
0.035,open,2021-07-05T18:59:00Z,7,193,150,350,200,24276[Turmcenter],2021-07-05T19:02:00.700Z
0.16461916,open,2021-07-05T18:59:00Z,67,340,0,407,407,18944[Alte Oper],2021-07-05T19:02:00.700Z
0.071428575,open,2021-07-05T18:59:00Z,26,338,0,364,364,24281[Hauptbahnhof Süd],2021-07-05T19:02:00.700Z
0.36217552,open,2021-07-05T18:59:00Z,293,516,0,809,809,24279[Konstabler],2021-07-05T19:02:00.700Z
0.600939,open,2021-07-05T18:59:00Z,256,170,0,426,426,18497[Hauptwache],2021-07-05T19:02:00.700Z
0.25441176,open,2021-07-05T18:59:00Z,173,507,0,680,680,18495[Am Gericht],2021-07-05T19:02:00.700Z
0.12455934,open,2021-07-05T18:59:00Z,106,745,45,896,851,109240[MyZeil],2021-07-05T19:02:00.700Z
0.1182266,open,2021-07-05T18:59:00Z,72,537,0,609,609,18494[Konrad-Adenauer-Straße],2021-07-05T19:02:00.700Z
0,closed,2021-07-05T18:59:00Z,,603,0,0,0,24278[Karstadt],2021-07-05T19:02:00.700Z
0.94400895,open,2021-07-05T19:14:00Z,843,50,0,893,893,24277[Börse],2021-07-05T19:17:00.750Z
0.015,open,2021-07-05T19:14:00Z,3,197,150,350,200,24276[Turmcenter],2021-07-05T19:17:00.750Z
0.15233415,open,2021-07-05T19:14:00Z,62,345,0,407,407,18944[Alte Oper],2021-07-05T19:17:00.750Z
0.06318682,open,2021-07-05T19:14:00Z,23,341,0,364,364,24281[Hauptbahnhof Süd],2021-07-05T19:17:00.750Z
0.33992583,open,2021-07-05T19:14:00Z,275,534,0,809,809,24279[Konstabler],2021-07-05T19:17:00.750Z
0.58920187,open,2021-07-05T19:14:00Z,251,175,0,426,426,18497[Hauptwache],2021-07-05T19:17:00.750Z
0.2514706,open,2021-07-05T19:14:00Z,171,509,0,680,680,18495[Am Gericht],2021-07-05T19:17:00.750Z
0.11985899,open,2021-07-05T19:14:00Z,102,749,45,896,851,109240[MyZeil],2021-07-05T19:17:00.750Z
0.111658454,open,2021-07-05T19:14:00Z,68,541,0,609,609,18494[Konrad-Adenauer-Straße],2021-07-05T19:17:00.750Z
0,closed,2021-07-05T19:14:00Z,,603,0,0,0,24278[Karstadt],2021-07-05T19:17:00.750Z
0.94400895,open,2021-07-05T19:24:00Z,843,50,0,893,893,24277[Börse],2021-07-05T19:27:02.544Z
0,open,2021-07-05T19:24:00Z,0,200,150,350,200,24276[Turmcenter],2021-07-05T19:27:02.544Z
0.13513513,open,2021-07-05T19:24:00Z,55,352,0,407,407,18944[Alte Oper],2021-07-05T19:27:02.544Z
0.054945055,open,2021-07-05T19:24:00Z,20,344,0,364,364,24281[Hauptbahnhof Süd],2021-07-05T19:27:02.544Z
0.33992583,open,2021-07-05T19:24:00Z,275,534,0,809,809,24279[Konstabler],2021-07-05T19:27:02.544Z
0.58450705,open,2021-07-05T19:24:00Z,249,177,0,426,426,18497[Hauptwache],2021-07-05T19:27:02.544Z
0.24558823,open,2021-07-05T19:24:00Z,167,513,0,680,680,18495[Am Gericht],2021-07-05T19:27:02.544Z
0.117508814,open,2021-07-05T19:24:00Z,100,751,45,896,851,109240[MyZeil],2021-07-05T19:27:02.544Z
0.10837439,open,2021-07-05T19:24:00Z,66,543,0,609,609,18494[Konrad-Adenauer-Straße],2021-07-05T19:27:02.544Z
0,closed,2021-07-05T19:24:00Z,,603,0,0,0,24278[Karstadt],2021-07-05T19:27:02.544Z
0.94400895,open,2021-07-05T19:34:00Z,843,50,0,893,893,24277[Börse],2021-07-05T19:37:00.525Z
0,open,2021-07-05T19:34:00Z,0,200,150,350,200,24276[Turmcenter],2021-07-05T19:37:00.525Z
0.13022113,open,2021-07-05T19:34:00Z,53,354,0,407,407,18944[Alte Oper],2021-07-05T19:37:00.525Z
0.054945055,open,2021-07-05T19:34:00Z,20,344,0,364,364,24281[Hauptbahnhof Süd],2021-07-05T19:37:00.525Z
0.3300371,open,2021-07-05T19:34:00Z,267,542,0,809,809,24279[Konstabler],2021-07-05T19:37:00.525Z
0.5798122,open,2021-07-05T19:34:00Z,247,179,0,426,426,18497[Hauptwache],2021-07-05T19:37:00.525Z
0.24411765,open,2021-07-05T19:34:00Z,166,514,0,680,680,18495[Am Gericht],2021-07-05T19:37:00.525Z
0.11633372,open,2021-07-05T19:34:00Z,99,752,45,896,851,109240[MyZeil],2021-07-05T19:37:00.525Z
0.11001642,open,2021-07-05T19:34:00Z,67,542,0,609,609,18494[Konrad-Adenauer-Straße],2021-07-05T19:37:00.525Z
0,closed,2021-07-05T19:34:00Z,,603,0,0,0,24278[Karstadt],2021-07-05T19:37:00.525Z
0.94400895,open,2021-07-05T19:50:00Z,843,50,0,893,893,24277[Börse],2021-07-05T19:52:00.495Z
0,open,2021-07-05T19:50:00Z,0,200,150,350,200,24276[Turmcenter],2021-07-05T19:52:00.495Z
0.1007371,open,2021-07-05T19:50:00Z,41,366,0,407,407,18944[Alte Oper],2021-07-05T19:52:00.495Z
0.054945055,open,2021-07-05T19:50:00Z,20,344,0,364,364,24281[Hauptbahnhof Süd],2021-07-05T19:52:00.495Z
0.3250927,open,2021-07-05T19:50:00Z,263,546,0,809,809,24279[Konstabler],2021-07-05T19:52:00.495Z
0.57042253,open,2021-07-05T19:50:00Z,243,183,0,426,426,18497[Hauptwache],2021-07-05T19:52:00.495Z
0.2367647,open,2021-07-05T19:50:00Z,161,519,0,680,680,18495[Am Gericht],2021-07-05T19:52:00.495Z
0.11280846,open,2021-07-05T19:50:00Z,96,755,45,896,851,109240[MyZeil],2021-07-05T19:52:00.495Z
0.106732346,open,2021-07-05T19:50:00Z,65,544,0,609,609,18494[Konrad-Adenauer-Straße],2021-07-05T19:52:00.495Z
0,closed,2021-07-05T19:50:00Z,,603,0,0,0,24278[Karstadt],2021-07-05T19:52:00.495Z
0.94400895,open,2021-07-05T19:55:00Z,843,50,0,893,893,24277[Börse],2021-07-05T19:57:01.552Z
0,open,2021-07-05T19:55:00Z,0,200,150,350,200,24276[Turmcenter],2021-07-05T19:57:01.552Z
0.088452086,open,2021-07-05T19:55:00Z,36,371,0,407,407,18944[Alte Oper],2021-07-05T19:57:01.552Z
0.054945055,open,2021-07-05T19:55:00Z,20,344,0,364,364,24281[Hauptbahnhof Süd],2021-07-05T19:57:01.552Z
0.32385662,open,2021-07-05T19:55:00Z,262,547,0,809,809,24279[Konstabler],2021-07-05T19:57:01.552Z
0.5680751,open,2021-07-05T19:55:00Z,242,184,0,426,426,18497[Hauptwache],2021-07-05T19:57:01.552Z
0.2367647,open,2021-07-05T19:55:00Z,161,519,0,680,680,18495[Am Gericht],2021-07-05T19:57:01.552Z
0.110458285,open,2021-07-05T19:55:00Z,94,757,45,896,851,109240[MyZeil],2021-07-05T19:57:01.552Z
0.10509031,open,2021-07-05T19:55:00Z,64,545,0,609,609,18494[Konrad-Adenauer-Straße],2021-07-05T19:57:01.552Z
0,closed,2021-07-05T19:55:00Z,,603,0,0,0,24278[Karstadt],2021-07-05T19:57:01.552Z
0.94400895,open,2021-07-05T20:21:00Z,843,50,0,893,893,24277[Börse],2021-07-05T20:22:00.431Z
0,open,2021-07-05T20:21:00Z,0,200,150,350,200,24276[Turmcenter],2021-07-05T20:22:00.431Z
0.05896806,open,2021-07-05T20:21:00Z,24,383,0,407,407,18944[Alte Oper],2021-07-05T20:22:00.431Z
0.052197803,open,2021-07-05T20:21:00Z,19,345,0,364,364,24281[Hauptbahnhof Süd],2021-07-05T20:22:00.431Z
0.31149566,open,2021-07-05T20:21:00Z,252,557,0,809,809,24279[Konstabler],2021-07-05T20:22:00.431Z
0.5492958,open,2021-07-05T20:21:00Z,234,192,0,426,426,18497[Hauptwache],2021-07-05T20:22:00.431Z
0.23235294,open,2021-07-05T20:21:00Z,158,522,0,680,680,18495[Am Gericht],2021-07-05T20:22:00.431Z
0.10693302,open,2021-07-05T20:21:00Z,91,760,45,896,851,109240[MyZeil],2021-07-05T20:22:00.431Z
0.093596056,open,2021-07-05T20:21:00Z,57,552,0,609,609,18494[Konrad-Adenauer-Straße],2021-07-05T20:22:00.431Z
0,closed,2021-07-05T20:21:00Z,,603,0,0,0,24278[Karstadt],2021-07-05T20:22:00.431Z
0.94400895,open,2021-07-05T20:26:00Z,843,50,0,893,893,24277[Börse],2021-07-05T20:32:01.097Z
0,open,2021-07-05T20:26:00Z,0,200,150,350,200,24276[Turmcenter],2021-07-05T20:32:01.097Z
0.054054055,open,2021-07-05T20:26:00Z,22,385,0,407,407,18944[Alte Oper],2021-07-05T20:32:01.097Z
0.052197803,open,2021-07-05T20:26:00Z,19,345,0,364,364,24281[Hauptbahnhof Süd],2021-07-05T20:32:01.097Z
0.3077874,open,2021-07-05T20:26:00Z,249,560,0,809,809,24279[Konstabler],2021-07-05T20:32:01.097Z
0.5469484,open,2021-07-05T20:26:00Z,233,193,0,426,426,18497[Hauptwache],2021-07-05T20:32:01.097Z
0.23382352,open,2021-07-05T20:26:00Z,159,521,0,680,680,18495[Am Gericht],2021-07-05T20:32:01.097Z
0.10693302,open,2021-07-05T20:26:00Z,91,760,45,896,851,109240[MyZeil],2021-07-05T20:32:01.097Z
0.09195402,open,2021-07-05T20:26:00Z,56,553,0,609,609,18494[Konrad-Adenauer-Straße],2021-07-05T20:32:01.097Z
0,closed,2021-07-05T20:26:00Z,,603,0,0,0,24278[Karstadt],2021-07-05T20:32:01.097Z
0.94400895,open,2021-07-05T20:37:00Z,843,50,0,893,893,24277[Börse],2021-07-05T20:42:00.659Z
0,open,2021-07-05T20:37:00Z,0,200,150,350,200,24276[Turmcenter],2021-07-05T20:42:00.659Z
0.05159705,open,2021-07-05T20:37:00Z,21,386,0,407,407,18944[Alte Oper],2021-07-05T20:42:00.659Z
0.052197803,open,2021-07-05T20:37:00Z,19,345,0,364,364,24281[Hauptbahnhof Süd],2021-07-05T20:42:00.659Z
0.30407912,open,2021-07-05T20:37:00Z,246,563,0,809,809,24279[Konstabler],2021-07-05T20:42:00.659Z
0.53286386,open,2021-07-05T20:37:00Z,227,199,0,426,426,18497[Hauptwache],2021-07-05T20:42:00.659Z
0.23382352,open,2021-07-05T20:37:00Z,159,521,0,680,680,18495[Am Gericht],2021-07-05T20:42:00.659Z
0.10575793,open,2021-07-05T20:37:00Z,90,761,45,896,851,109240[MyZeil],2021-07-05T20:42:00.659Z
0.09195402,open,2021-07-05T20:37:00Z,56,553,0,609,609,18494[Konrad-Adenauer-Straße],2021-07-05T20:42:00.659Z
0,closed,2021-07-05T20:37:00Z,,603,0,0,0,24278[Karstadt],2021-07-05T20:42:00.659Z
0.94400895,open,2021-07-05T20:47:00Z,843,50,0,893,893,24277[Börse],2021-07-05T20:52:01.220Z
0,open,2021-07-05T20:47:00Z,0,200,150,350,200,24276[Turmcenter],2021-07-05T20:52:01.220Z
0.044226043,open,2021-07-05T20:47:00Z,18,389,0,407,407,18944[Alte Oper],2021-07-05T20:52:01.220Z
0.054945055,open,2021-07-05T20:47:00Z,20,344,0,364,364,24281[Hauptbahnhof Süd],2021-07-05T20:52:01.220Z
0.29789865,open,2021-07-05T20:47:00Z,241,568,0,809,809,24279[Konstabler],2021-07-05T20:52:01.220Z
0.52347416,open,2021-07-05T20:47:00Z,223,203,0,426,426,18497[Hauptwache],2021-07-05T20:52:01.220Z
0.23529412,open,2021-07-05T20:47:00Z,160,520,0,680,680,18495[Am Gericht],2021-07-05T20:52:01.220Z
0.10693302,open,2021-07-05T20:47:00Z,91,760,45,896,851,109240[MyZeil],2021-07-05T20:52:01.220Z
0.08866995,open,2021-07-05T20:47:00Z,54,555,0,609,609,18494[Konrad-Adenauer-Straße],2021-07-05T20:52:01.220Z
0,closed,2021-07-05T20:47:00Z,,603,0,0,0,24278[Karstadt],2021-07-05T20:52:01.220Z
0.94400895,open,2021-07-05T21:08:00Z,843,50,0,893,893,24277[Börse],2021-07-05T21:12:02.580Z
0,open,2021-07-05T21:08:00Z,0,200,150,350,200,24276[Turmcenter],2021-07-05T21:12:02.580Z
0.03685504,open,2021-07-05T21:08:00Z,15,392,0,407,407,18944[Alte Oper],2021-07-05T21:12:02.580Z
0.052197803,open,2021-07-05T21:08:00Z,19,345,0,364,364,24281[Hauptbahnhof Süd],2021-07-05T21:12:02.580Z
0.2855377,open,2021-07-05T21:08:00Z,231,578,0,809,809,24279[Konstabler],2021-07-05T21:12:02.580Z
0.5093897,open,2021-07-05T21:08:00Z,217,209,0,426,426,18497[Hauptwache],2021-07-05T21:12:02.580Z
0.23088235,open,2021-07-05T21:08:00Z,157,523,0,680,680,18495[Am Gericht],2021-07-05T21:12:02.580Z
0.09753232,open,2021-07-05T21:08:00Z,83,768,45,896,851,109240[MyZeil],2021-07-05T21:12:02.580Z
0.08045977,open,2021-07-05T21:08:00Z,49,560,0,609,609,18494[Konrad-Adenauer-Straße],2021-07-05T21:12:02.580Z
0,closed,2021-07-05T21:08:00Z,,603,0,0,0,24278[Karstadt],2021-07-05T21:12:02.580Z
0.94400895,open,2021-07-05T21:23:00Z,843,50,0,893,893,24277[Börse],2021-07-05T21:27:00.644Z
0,open,2021-07-05T21:23:00Z,0,200,150,350,200,24276[Turmcenter],2021-07-05T21:27:00.644Z
0.03194103,open,2021-07-05T21:23:00Z,13,394,0,407,407,18944[Alte Oper],2021-07-05T21:27:00.644Z
0.054945055,open,2021-07-05T21:23:00Z,20,344,0,364,364,24281[Hauptbahnhof Süd],2021-07-05T21:27:00.644Z
0.28182942,open,2021-07-05T21:23:00Z,228,581,0,809,809,24279[Konstabler],2021-07-05T21:27:00.644Z
0.5046948,open,2021-07-05T21:23:00Z,215,211,0,426,426,18497[Hauptwache],2021-07-05T21:27:00.644Z
0.23088235,open,2021-07-05T21:23:00Z,157,523,0,680,680,18495[Am Gericht],2021-07-05T21:27:00.644Z
0.095182136,open,2021-07-05T21:23:00Z,81,770,45,896,851,109240[MyZeil],2021-07-05T21:27:00.644Z
0.08045977,open,2021-07-05T21:23:00Z,49,560,0,609,609,18494[Konrad-Adenauer-Straße],2021-07-05T21:27:00.644Z
0,closed,2021-07-05T21:23:00Z,,603,0,0,0,24278[Karstadt],2021-07-05T21:27:00.644Z
0.94400895,open,2021-07-05T21:38:00Z,843,50,0,893,893,24277[Börse],2021-07-05T21:42:00.408Z
0,open,2021-07-05T21:38:00Z,0,200,150,350,200,24276[Turmcenter],2021-07-05T21:42:00.408Z
0.022113021,open,2021-07-05T21:38:00Z,9,398,0,407,407,18944[Alte Oper],2021-07-05T21:42:00.408Z
0.054945055,open,2021-07-05T21:38:00Z,20,344,0,364,364,24281[Hauptbahnhof Süd],2021-07-05T21:42:00.408Z
0.27935722,open,2021-07-05T21:38:00Z,226,583,0,809,809,24279[Konstabler],2021-07-05T21:42:00.408Z
0.4976526,open,2021-07-05T21:38:00Z,212,214,0,426,426,18497[Hauptwache],2021-07-05T21:42:00.408Z
0.23235294,open,2021-07-05T21:38:00Z,158,522,0,680,680,18495[Am Gericht],2021-07-05T21:42:00.408Z
0.095182136,open,2021-07-05T21:38:00Z,81,770,45,896,851,109240[MyZeil],2021-07-05T21:42:00.408Z
0.0771757,open,2021-07-05T21:38:00Z,47,562,0,609,609,18494[Konrad-Adenauer-Straße],2021-07-05T21:42:00.408Z
0,closed,2021-07-05T21:38:00Z,,603,0,0,0,24278[Karstadt],2021-07-05T21:42:00.408Z
0.94400895,open,2021-07-05T21:49:00Z,843,50,0,893,893,24277[Börse],2021-07-05T21:52:01.230Z
0,open,2021-07-05T21:49:00Z,0,200,150,350,200,24276[Turmcenter],2021-07-05T21:52:01.230Z
0.01965602,open,2021-07-05T21:49:00Z,8,399,0,407,407,18944[Alte Oper],2021-07-05T21:52:01.230Z
0.054945055,open,2021-07-05T21:49:00Z,20,344,0,364,364,24281[Hauptbahnhof Süd],2021-07-05T21:52:01.230Z
0.27812114,open,2021-07-05T21:49:00Z,225,584,0,809,809,24279[Konstabler],2021-07-05T21:52:01.230Z
0.49295774,open,2021-07-05T21:49:00Z,210,216,0,426,426,18497[Hauptwache],2021-07-05T21:52:01.230Z
0.23088235,open,2021-07-05T21:49:00Z,157,523,0,680,680,18495[Am Gericht],2021-07-05T21:52:01.230Z
0.095182136,open,2021-07-05T21:49:00Z,81,770,45,896,851,109240[MyZeil],2021-07-05T21:52:01.230Z
0.0771757,open,2021-07-05T21:49:00Z,47,562,0,609,609,18494[Konrad-Adenauer-Straße],2021-07-05T21:52:01.230Z
0,closed,2021-07-05T21:49:00Z,,603,0,0,0,24278[Karstadt],2021-07-05T21:52:01.230Z
0.94400895,open,2021-07-05T22:09:00Z,843,50,0,893,893,24277[Börse],2021-07-05T22:12:00.859Z
0,open,2021-07-05T22:09:00Z,0,200,150,350,200,24276[Turmcenter],2021-07-05T22:12:00.859Z
0.004914005,open,2021-07-05T22:09:00Z,2,405,0,407,407,18944[Alte Oper],2021-07-05T22:12:00.859Z
0.052197803,open,2021-07-05T22:09:00Z,19,345,0,364,364,24281[Hauptbahnhof Süd],2021-07-05T22:12:00.859Z
0.27812114,open,2021-07-05T22:09:00Z,225,584,0,809,809,24279[Konstabler],2021-07-05T22:12:00.859Z
0.48356807,open,2021-07-05T22:09:00Z,206,220,0,426,426,18497[Hauptwache],2021-07-05T22:12:00.859Z
0,closed,2021-07-05T22:09:00Z,,522,0,0,0,18495[Am Gericht],2021-07-05T22:12:00.859Z
0.095182136,open,2021-07-05T22:09:00Z,81,770,45,896,851,109240[MyZeil],2021-07-05T22:12:00.859Z
0.07553366,open,2021-07-05T22:09:00Z,46,563,0,609,609,18494[Konrad-Adenauer-Straße],2021-07-05T22:12:00.859Z
0,closed,2021-07-05T22:09:00Z,,603,0,0,0,24278[Karstadt],2021-07-05T22:12:00.859Z
0.94400895,open,2021-07-05T22:30:00Z,843,50,0,893,893,24277[Börse],2021-07-05T22:32:02.496Z
0,open,2021-07-05T22:30:00Z,0,200,150,350,200,24276[Turmcenter],2021-07-05T22:32:02.496Z
0.0073710075,open,2021-07-05T22:30:00Z,3,404,0,407,407,18944[Alte Oper],2021-07-05T22:32:02.496Z
0.04945055,open,2021-07-05T22:30:00Z,18,346,0,364,364,24281[Hauptbahnhof Süd],2021-07-05T22:32:02.496Z
0.27564895,open,2021-07-05T22:30:00Z,223,586,0,809,809,24279[Konstabler],2021-07-05T22:32:02.496Z
0.47887325,open,2021-07-05T22:30:00Z,204,222,0,426,426,18497[Hauptwache],2021-07-05T22:32:02.496Z
0,closed,2021-07-05T22:30:00Z,,522,0,0,0,18495[Am Gericht],2021-07-05T22:32:02.496Z
0.095182136,open,2021-07-05T22:30:00Z,81,770,45,896,851,109240[MyZeil],2021-07-05T22:32:02.496Z
0.08045977,open,2021-07-05T22:30:00Z,49,560,0,609,609,18494[Konrad-Adenauer-Straße],2021-07-05T22:32:02.496Z
0,closed,2021-07-05T22:30:00Z,,603,0,0,0,24278[Karstadt],2021-07-05T22:32:02.496Z
0.94400895,open,2021-07-05T22:40:00Z,843,50,0,893,893,24277[Börse],2021-07-05T22:42:00.123Z
0,open,2021-07-05T22:40:00Z,0,200,150,350,200,24276[Turmcenter],2021-07-05T22:42:00.123Z
0,open,2021-07-05T22:40:00Z,0,407,0,407,407,18944[Alte Oper],2021-07-05T22:42:00.123Z
0.04945055,open,2021-07-05T22:40:00Z,18,346,0,364,364,24281[Hauptbahnhof Süd],2021-07-05T22:42:00.123Z
0.27317676,open,2021-07-05T22:40:00Z,221,588,0,809,809,24279[Konstabler],2021-07-05T22:42:00.123Z
0.47887325,open,2021-07-05T22:40:00Z,204,222,0,426,426,18497[Hauptwache],2021-07-05T22:42:00.123Z
0,closed,2021-07-05T22:40:00Z,,522,0,0,0,18495[Am Gericht],2021-07-05T22:42:00.123Z
0.09400705,open,2021-07-05T22:40:00Z,80,771,45,896,851,109240[MyZeil],2021-07-05T22:42:00.123Z
0.08045977,open,2021-07-05T22:40:00Z,49,560,0,609,609,18494[Konrad-Adenauer-Straße],2021-07-05T22:42:00.123Z
0,closed,2021-07-05T22:40:00Z,,603,0,0,0,24278[Karstadt],2021-07-05T22:42:00.123Z
0.94400895,open,2021-07-05T22:50:00Z,843,50,0,893,893,24277[Börse],2021-07-05T22:52:02.626Z
0,open,2021-07-05T22:50:00Z,0,200,150,350,200,24276[Turmcenter],2021-07-05T22:52:02.626Z
0,open,2021-07-05T22:50:00Z,0,407,0,407,407,18944[Alte Oper],2021-07-05T22:52:02.626Z
0.04945055,open,2021-07-05T22:50:00Z,18,346,0,364,364,24281[Hauptbahnhof Süd],2021-07-05T22:52:02.626Z
0.27317676,open,2021-07-05T22:50:00Z,221,588,0,809,809,24279[Konstabler],2021-07-05T22:52:02.626Z
0.4765258,open,2021-07-05T22:50:00Z,203,223,0,426,426,18497[Hauptwache],2021-07-05T22:52:02.626Z
0,closed,2021-07-05T22:50:00Z,,522,0,0,0,18495[Am Gericht],2021-07-05T22:52:02.626Z
0.095182136,open,2021-07-05T22:50:00Z,81,770,45,896,851,109240[MyZeil],2021-07-05T22:52:02.626Z
0.08045977,open,2021-07-05T22:50:00Z,49,560,0,609,609,18494[Konrad-Adenauer-Straße],2021-07-05T22:52:02.626Z
0,closed,2021-07-05T22:50:00Z,,603,0,0,0,24278[Karstadt],2021-07-05T22:52:02.626Z
0.94400895,open,2021-07-05T23:05:00Z,843,50,0,893,893,24277[Börse],2021-07-05T23:07:00.566Z
0,open,2021-07-05T23:05:00Z,0,200,150,350,200,24276[Turmcenter],2021-07-05T23:07:00.566Z
0,open,2021-07-05T23:05:00Z,0,407,0,407,407,18944[Alte Oper],2021-07-05T23:07:00.566Z
0.046703298,open,2021-07-05T23:05:00Z,17,347,0,364,364,24281[Hauptbahnhof Süd],2021-07-05T23:07:00.566Z
0.27194068,open,2021-07-05T23:05:00Z,220,589,0,809,809,24279[Konstabler],2021-07-05T23:07:00.566Z
0.4765258,open,2021-07-05T23:05:00Z,203,223,0,426,426,18497[Hauptwache],2021-07-05T23:07:00.566Z
0,closed,2021-07-05T23:05:00Z,,522,0,0,0,18495[Am Gericht],2021-07-05T23:07:00.566Z
0.09635723,open,2021-07-05T23:05:00Z,82,769,45,896,851,109240[MyZeil],2021-07-05T23:07:00.566Z
0.08045977,open,2021-07-05T23:05:00Z,49,560,0,609,609,18494[Konrad-Adenauer-Straße],2021-07-05T23:07:00.566Z
0,closed,2021-07-05T23:05:00Z,,603,0,0,0,24278[Karstadt],2021-07-05T23:07:00.566Z
0.94400895,open,2021-07-05T23:26:00Z,843,50,0,893,893,24277[Börse],2021-07-05T23:27:00.597Z
0,open,2021-07-05T23:26:00Z,0,200,150,350,200,24276[Turmcenter],2021-07-05T23:27:00.597Z
0,open,2021-07-05T23:26:00Z,0,407,0,407,407,18944[Alte Oper],2021-07-05T23:27:00.597Z
0.046703298,open,2021-07-05T23:26:00Z,17,347,0,364,364,24281[Hauptbahnhof Süd],2021-07-05T23:27:00.597Z
0.27194068,open,2021-07-05T23:26:00Z,220,589,0,809,809,24279[Konstabler],2021-07-05T23:27:00.597Z
0.4765258,open,2021-07-05T23:26:00Z,203,223,0,426,426,18497[Hauptwache],2021-07-05T23:27:00.597Z
0,closed,2021-07-05T23:26:00Z,,522,0,0,0,18495[Am Gericht],2021-07-05T23:27:00.597Z
0.09400705,open,2021-07-05T23:26:00Z,80,771,45,896,851,109240[MyZeil],2021-07-05T23:27:00.597Z
0.08045977,open,2021-07-05T23:26:00Z,49,560,0,609,609,18494[Konrad-Adenauer-Straße],2021-07-05T23:27:00.597Z
0,closed,2021-07-05T23:26:00Z,,603,0,0,0,24278[Karstadt],2021-07-05T23:27:00.597Z
0.94400895,open,2021-07-05T23:31:00Z,843,50,0,893,893,24277[Börse],2021-07-05T23:37:02.803Z
0,open,2021-07-05T23:31:00Z,0,200,150,350,200,24276[Turmcenter],2021-07-05T23:37:02.803Z
0,open,2021-07-05T23:31:00Z,0,407,0,407,407,18944[Alte Oper],2021-07-05T23:37:02.803Z
0.046703298,open,2021-07-05T23:31:00Z,17,347,0,364,364,24281[Hauptbahnhof Süd],2021-07-05T23:37:02.803Z
0.27194068,open,2021-07-05T23:31:00Z,220,589,0,809,809,24279[Konstabler],2021-07-05T23:37:02.803Z
0.4765258,open,2021-07-05T23:31:00Z,203,223,0,426,426,18497[Hauptwache],2021-07-05T23:37:02.803Z
0,closed,2021-07-05T23:31:00Z,,522,0,0,0,18495[Am Gericht],2021-07-05T23:37:02.803Z
0.09400705,open,2021-07-05T23:31:00Z,80,771,45,896,851,109240[MyZeil],2021-07-05T23:37:02.803Z
0.08045977,open,2021-07-05T23:31:00Z,49,560,0,609,609,18494[Konrad-Adenauer-Straße],2021-07-05T23:37:02.803Z
0,closed,2021-07-05T23:31:00Z,,603,0,0,0,24278[Karstadt],2021-07-05T23:37:02.803Z
0.94400895,open,2021-07-05T23:42:00Z,843,50,0,893,893,24277[Börse],2021-07-05T23:47:01.513Z
0,open,2021-07-05T23:42:00Z,0,200,150,350,200,24276[Turmcenter],2021-07-05T23:47:01.513Z
0,open,2021-07-05T23:42:00Z,0,407,0,407,407,18944[Alte Oper],2021-07-05T23:47:01.513Z
0.046703298,open,2021-07-05T23:42:00Z,17,347,0,364,364,24281[Hauptbahnhof Süd],2021-07-05T23:47:01.513Z
0.27194068,open,2021-07-05T23:42:00Z,220,589,0,809,809,24279[Konstabler],2021-07-05T23:47:01.513Z
0.4765258,open,2021-07-05T23:42:00Z,203,223,0,426,426,18497[Hauptwache],2021-07-05T23:47:01.513Z
0,closed,2021-07-05T23:42:00Z,,522,0,0,0,18495[Am Gericht],2021-07-05T23:47:01.513Z
0.09400705,open,2021-07-05T23:42:00Z,80,771,45,896,851,109240[MyZeil],2021-07-05T23:47:01.513Z
0.08045977,open,2021-07-05T23:42:00Z,49,560,0,609,609,18494[Konrad-Adenauer-Straße],2021-07-05T23:47:01.513Z
0,closed,2021-07-05T23:42:00Z,,603,0,0,0,24278[Karstadt],2021-07-05T23:47:01.513Z
0.94400895,open,2021-07-06T00:07:00Z,843,50,0,893,893,24277[Börse],2021-07-06T00:12:01.520Z
0,open,2021-07-06T00:07:00Z,0,200,150,350,200,24276[Turmcenter],2021-07-06T00:12:01.520Z
0,open,2021-07-06T00:07:00Z,0,407,0,407,407,18944[Alte Oper],2021-07-06T00:12:01.520Z
0.046703298,open,2021-07-06T00:07:00Z,17,347,0,364,364,24281[Hauptbahnhof Süd],2021-07-06T00:12:01.520Z
0.27317676,open,2021-07-06T00:07:00Z,221,588,0,809,809,24279[Konstabler],2021-07-06T00:12:01.520Z
0.4741784,open,2021-07-06T00:07:00Z,202,224,0,426,426,18497[Hauptwache],2021-07-06T00:12:01.520Z
0,closed,2021-07-06T00:07:00Z,,522,0,0,0,18495[Am Gericht],2021-07-06T00:12:01.520Z
0.09400705,open,2021-07-06T00:07:00Z,80,771,45,896,851,109240[MyZeil],2021-07-06T00:12:01.520Z
0.08210181,open,2021-07-06T00:07:00Z,50,559,0,609,609,18494[Konrad-Adenauer-Straße],2021-07-06T00:12:01.520Z
0,closed,2021-07-06T00:07:00Z,,603,0,0,0,24278[Karstadt],2021-07-06T00:12:01.520Z
0.94400895,open,2021-07-06T01:28:00Z,843,50,0,893,893,24277[Börse],2021-07-06T01:32:00.371Z
0,open,2021-07-06T01:28:00Z,0,200,150,350,200,24276[Turmcenter],2021-07-06T01:32:00.371Z
0,open,2021-07-06T01:28:00Z,0,407,0,407,407,18944[Alte Oper],2021-07-06T01:32:00.371Z
0.04945055,open,2021-07-06T01:28:00Z,18,346,0,364,364,24281[Hauptbahnhof Süd],2021-07-06T01:32:00.371Z
0.2694685,open,2021-07-06T01:28:00Z,218,591,0,809,809,24279[Konstabler],2021-07-06T01:32:00.371Z
0.4741784,open,2021-07-06T01:28:00Z,202,224,0,426,426,18497[Hauptwache],2021-07-06T01:32:00.371Z
0,closed,2021-07-06T01:28:00Z,,522,0,0,0,18495[Am Gericht],2021-07-06T01:32:00.371Z
0.09400705,open,2021-07-06T01:28:00Z,80,771,45,896,851,109240[MyZeil],2021-07-06T01:32:00.371Z
0.09031199,open,2021-07-06T01:28:00Z,55,554,0,609,609,18494[Konrad-Adenauer-Straße],2021-07-06T01:32:00.371Z
0,closed,2021-07-06T01:28:00Z,,603,0,0,0,24278[Karstadt],2021-07-06T01:32:00.371Z
0.94400895,open,2021-07-06T02:08:00Z,843,50,0,893,893,24277[Börse],2021-07-06T02:12:01.195Z
0,open,2021-07-06T02:08:00Z,0,200,150,350,200,24276[Turmcenter],2021-07-06T02:12:01.195Z
0,open,2021-07-06T02:08:00Z,0,407,0,407,407,18944[Alte Oper],2021-07-06T02:12:01.195Z
0.04945055,open,2021-07-06T02:08:00Z,18,346,0,364,364,24281[Hauptbahnhof Süd],2021-07-06T02:12:01.195Z
0.2694685,open,2021-07-06T02:08:00Z,218,591,0,809,809,24279[Konstabler],2021-07-06T02:12:01.195Z
0.471831,open,2021-07-06T02:08:00Z,201,225,0,426,426,18497[Hauptwache],2021-07-06T02:12:01.195Z
0,closed,2021-07-06T02:08:00Z,,,0,0,0,18495[Am Gericht],2021-07-06T02:12:01.195Z
0.09400705,open,2021-07-06T02:08:00Z,80,771,45,896,851,109240[MyZeil],2021-07-06T02:12:01.195Z
0.087027915,open,2021-07-06T02:08:00Z,53,556,0,609,609,18494[Konrad-Adenauer-Straße],2021-07-06T02:12:01.195Z
0,closed,2021-07-06T02:08:00Z,,,0,0,0,24278[Karstadt],2021-07-06T02:12:01.195Z
0.94400895,open,2021-07-06T02:38:00Z,843,50,0,893,893,24277[Börse],2021-07-06T02:42:02.028Z
0,open,2021-07-06T02:38:00Z,0,200,150,350,200,24276[Turmcenter],2021-07-06T02:42:02.028Z
0,open,2021-07-06T02:38:00Z,0,407,0,407,407,18944[Alte Oper],2021-07-06T02:42:02.028Z
0.04945055,open,2021-07-06T02:38:00Z,18,346,0,364,364,24281[Hauptbahnhof Süd],2021-07-06T02:42:02.028Z
0.27194068,open,2021-07-06T02:38:00Z,220,589,0,809,809,24279[Konstabler],2021-07-06T02:42:02.028Z
0.471831,open,2021-07-06T02:38:00Z,201,225,0,426,426,18497[Hauptwache],2021-07-06T02:42:02.028Z
0,closed,2021-07-06T02:38:00Z,,,0,0,0,18495[Am Gericht],2021-07-06T02:42:02.028Z
0.09400705,open,2021-07-06T02:38:00Z,80,771,45,896,851,109240[MyZeil],2021-07-06T02:42:02.028Z
0.09195402,open,2021-07-06T02:38:00Z,56,553,0,609,609,18494[Konrad-Adenauer-Straße],2021-07-06T02:42:02.028Z
0,closed,2021-07-06T02:38:00Z,,,0,0,0,24278[Karstadt],2021-07-06T02:42:02.028Z
0.94400895,open,2021-07-06T02:48:00Z,843,50,0,893,893,24277[Börse],2021-07-06T02:52:00.508Z
0,open,2021-07-06T02:48:00Z,0,200,150,350,200,24276[Turmcenter],2021-07-06T02:52:00.508Z
0,open,2021-07-06T02:48:00Z,0,407,0,407,407,18944[Alte Oper],2021-07-06T02:52:00.508Z
0.04945055,open,2021-07-06T02:48:00Z,18,346,0,364,364,24281[Hauptbahnhof Süd],2021-07-06T02:52:00.508Z
0.27564895,open,2021-07-06T02:48:00Z,223,586,0,809,809,24279[Konstabler],2021-07-06T02:52:00.508Z
0.471831,open,2021-07-06T02:48:00Z,201,225,0,426,426,18497[Hauptwache],2021-07-06T02:52:00.508Z
0,closed,2021-07-06T02:48:00Z,,,0,0,0,18495[Am Gericht],2021-07-06T02:52:00.508Z
0.09400705,open,2021-07-06T02:48:00Z,80,771,45,896,851,109240[MyZeil],2021-07-06T02:52:00.508Z
0.09031199,open,2021-07-06T02:48:00Z,55,554,0,609,609,18494[Konrad-Adenauer-Straße],2021-07-06T02:52:00.508Z
0,closed,2021-07-06T02:48:00Z,,,0,0,0,24278[Karstadt],2021-07-06T02:52:00.508Z
0.94400895,open,2021-07-06T02:58:00Z,843,50,0,893,893,24277[Börse],2021-07-06T03:02:02.307Z
0,open,2021-07-06T02:58:00Z,0,200,150,350,200,24276[Turmcenter],2021-07-06T03:02:02.307Z
0,open,2021-07-06T02:58:00Z,0,407,0,407,407,18944[Alte Oper],2021-07-06T03:02:02.307Z
0.046703298,open,2021-07-06T02:58:00Z,17,347,0,364,364,24281[Hauptbahnhof Süd],2021-07-06T03:02:02.307Z
0.27564895,open,2021-07-06T02:58:00Z,223,586,0,809,809,24279[Konstabler],2021-07-06T03:02:02.307Z
0.471831,open,2021-07-06T02:58:00Z,201,225,0,426,426,18497[Hauptwache],2021-07-06T03:02:02.307Z
0,closed,2021-07-06T02:58:00Z,,,0,0,0,18495[Am Gericht],2021-07-06T03:02:02.307Z
0.09400705,open,2021-07-06T02:58:00Z,80,771,45,896,851,109240[MyZeil],2021-07-06T03:02:02.307Z
0.09031199,open,2021-07-06T02:58:00Z,55,554,0,609,609,18494[Konrad-Adenauer-Straße],2021-07-06T03:02:02.307Z
0,closed,2021-07-06T02:58:00Z,,,0,0,0,24278[Karstadt],2021-07-06T03:02:02.307Z
0.94400895,open,2021-07-06T03:23:00Z,843,50,0,893,893,24277[Börse],2021-07-06T03:27:01.383Z
0,open,2021-07-06T03:23:00Z,0,200,150,350,200,24276[Turmcenter],2021-07-06T03:27:01.383Z
0,open,2021-07-06T03:23:00Z,0,407,0,407,407,18944[Alte Oper],2021-07-06T03:27:01.383Z
0.046703298,open,2021-07-06T03:23:00Z,17,347,0,364,364,24281[Hauptbahnhof Süd],2021-07-06T03:27:01.383Z
0.27441284,open,2021-07-06T03:23:00Z,222,587,0,809,809,24279[Konstabler],2021-07-06T03:27:01.383Z
0.471831,open,2021-07-06T03:23:00Z,201,225,0,426,426,18497[Hauptwache],2021-07-06T03:27:01.383Z
0,closed,2021-07-06T03:23:00Z,,,0,0,0,18495[Am Gericht],2021-07-06T03:27:01.383Z
0.09400705,open,2021-07-06T03:23:00Z,80,771,45,896,851,109240[MyZeil],2021-07-06T03:27:01.383Z
0.093596056,open,2021-07-06T03:23:00Z,57,552,0,609,609,18494[Konrad-Adenauer-Straße],2021-07-06T03:27:01.383Z
0,closed,2021-07-06T03:23:00Z,,,0,0,0,24278[Karstadt],2021-07-06T03:27:01.383Z
0.94400895,open,2021-07-06T03:43:00Z,843,50,0,893,893,24277[Börse],2021-07-06T03:47:00.184Z
0,open,2021-07-06T03:43:00Z,0,200,150,350,200,24276[Turmcenter],2021-07-06T03:47:00.184Z
0,open,2021-07-06T03:43:00Z,0,407,0,407,407,18944[Alte Oper],2021-07-06T03:47:00.184Z
0.06043956,open,2021-07-06T03:43:00Z,22,342,0,364,364,24281[Hauptbahnhof Süd],2021-07-06T03:47:00.184Z
0.27564895,open,2021-07-06T03:43:00Z,223,586,0,809,809,24279[Konstabler],2021-07-06T03:47:00.184Z
0.471831,open,2021-07-06T03:43:00Z,201,225,0,426,426,18497[Hauptwache],2021-07-06T03:47:00.184Z
0,closed,2021-07-06T03:43:00Z,,,0,0,0,18495[Am Gericht],2021-07-06T03:47:00.184Z
0.09400705,open,2021-07-06T03:43:00Z,80,771,45,896,851,109240[MyZeil],2021-07-06T03:47:00.184Z
0.0952381,open,2021-07-06T03:43:00Z,58,551,0,609,609,18494[Konrad-Adenauer-Straße],2021-07-06T03:47:00.184Z
0,closed,2021-07-06T03:43:00Z,,,0,0,0,24278[Karstadt],2021-07-06T03:47:00.184Z
0.94400895,open,2021-07-06T03:53:00Z,843,50,0,893,893,24277[Börse],2021-07-06T03:57:00.879Z
0,open,2021-07-06T03:53:00Z,0,200,150,350,200,24276[Turmcenter],2021-07-06T03:57:00.879Z
0.0024570024,open,2021-07-06T03:53:00Z,1,406,0,407,407,18944[Alte Oper],2021-07-06T03:57:00.879Z
0.057692308,open,2021-07-06T03:53:00Z,21,343,0,364,364,24281[Hauptbahnhof Süd],2021-07-06T03:57:00.879Z
0.27564895,open,2021-07-06T03:53:00Z,223,586,0,809,809,24279[Konstabler],2021-07-06T03:57:00.879Z
0.471831,open,2021-07-06T03:53:00Z,201,225,0,426,426,18497[Hauptwache],2021-07-06T03:57:00.879Z
0,closed,2021-07-06T03:53:00Z,,,0,0,0,18495[Am Gericht],2021-07-06T03:57:00.879Z
0.09400705,open,2021-07-06T03:53:00Z,80,771,45,896,851,109240[MyZeil],2021-07-06T03:57:00.879Z
0.09688013,open,2021-07-06T03:53:00Z,59,550,0,609,609,18494[Konrad-Adenauer-Straße],2021-07-06T03:57:00.879Z
0,closed,2021-07-06T03:53:00Z,,,0,0,0,24278[Karstadt],2021-07-06T03:57:00.879Z
0.94400895,open,2021-07-06T04:18:00Z,843,50,0,893,893,24277[Börse],2021-07-06T04:22:01.519Z
0,open,2021-07-06T04:18:00Z,0,150,200,350,150,24276[Turmcenter],2021-07-06T04:22:01.519Z
0.0024570024,open,2021-07-06T04:18:00Z,1,406,0,407,407,18944[Alte Oper],2021-07-06T04:22:01.519Z
0.0989011,open,2021-07-06T04:18:00Z,36,328,0,364,364,24281[Hauptbahnhof Süd],2021-07-06T04:22:01.519Z
0.27688503,open,2021-07-06T04:18:00Z,224,585,0,809,809,24279[Konstabler],2021-07-06T04:22:01.519Z
0.471831,open,2021-07-06T04:18:00Z,201,225,0,426,426,18497[Hauptwache],2021-07-06T04:22:01.519Z
0.26617646,open,2021-07-06T04:18:00Z,181,499,0,680,680,18495[Am Gericht],2021-07-06T04:22:01.519Z
0.095182136,open,2021-07-06T04:18:00Z,81,770,45,896,851,109240[MyZeil],2021-07-06T04:22:01.519Z
0.10344828,open,2021-07-06T04:18:00Z,63,546,0,609,609,18494[Konrad-Adenauer-Straße],2021-07-06T04:22:01.519Z
0,closed,2021-07-06T04:18:00Z,,,0,0,0,24278[Karstadt],2021-07-06T04:22:01.519Z
0.94400895,open,2021-07-06T04:43:00Z,843,50,0,893,893,24277[Börse],2021-07-06T04:47:02.288Z
0,open,2021-07-06T04:43:00Z,0,150,200,350,150,24276[Turmcenter],2021-07-06T04:47:02.288Z
0.0024570024,open,2021-07-06T04:43:00Z,1,406,0,407,407,18944[Alte Oper],2021-07-06T04:47:02.288Z
0.12087912,open,2021-07-06T04:43:00Z,44,320,0,364,364,24281[Hauptbahnhof Süd],2021-07-06T04:47:02.288Z
0.28182942,open,2021-07-06T04:43:00Z,228,581,0,809,809,24279[Konstabler],2021-07-06T04:47:02.288Z
0.471831,open,2021-07-06T04:43:00Z,201,225,0,426,426,18497[Hauptwache],2021-07-06T04:47:02.288Z
0.26617646,open,2021-07-06T04:43:00Z,181,499,0,680,680,18495[Am Gericht],2021-07-06T04:47:02.288Z
0.09635723,open,2021-07-06T04:43:00Z,82,769,45,896,851,109240[MyZeil],2021-07-06T04:47:02.288Z
0.10509031,open,2021-07-06T04:43:00Z,64,545,0,609,609,18494[Konrad-Adenauer-Straße],2021-07-06T04:47:02.288Z
0,closed,2021-07-06T04:43:00Z,,,0,0,0,24278[Karstadt],2021-07-06T04:47:02.288Z
0.94400895,open,2021-07-06T04:54:00Z,843,50,0,893,893,24277[Börse],2021-07-06T04:57:01.510Z
0.006666667,open,2021-07-06T04:54:00Z,1,149,200,350,150,24276[Turmcenter],2021-07-06T04:57:01.510Z
0.004914005,open,2021-07-06T04:54:00Z,2,405,0,407,407,18944[Alte Oper],2021-07-06T04:57:01.510Z
0.12912089,open,2021-07-06T04:54:00Z,47,317,0,364,364,24281[Hauptbahnhof Süd],2021-07-06T04:57:01.510Z
0.28059334,open,2021-07-06T04:54:00Z,227,582,0,809,809,24279[Konstabler],2021-07-06T04:57:01.510Z
0.4741784,open,2021-07-06T04:54:00Z,202,224,0,426,426,18497[Hauptwache],2021-07-06T04:57:01.510Z
0.26911765,open,2021-07-06T04:54:00Z,183,497,0,680,680,18495[Am Gericht],2021-07-06T04:57:01.510Z
0.09635723,open,2021-07-06T04:54:00Z,82,769,45,896,851,109240[MyZeil],2021-07-06T04:57:01.510Z
0.10509031,open,2021-07-06T04:54:00Z,64,545,0,609,609,18494[Konrad-Adenauer-Straße],2021-07-06T04:57:01.510Z
0.043290045,open,2021-07-06T04:54:00Z,30,663,0,693,693,24278[Karstadt],2021-07-06T04:57:01.510Z
0.94400895,open,2021-07-06T05:14:00Z,843,50,0,893,893,24277[Börse],2021-07-06T05:17:01.908Z
0.026666667,open,2021-07-06T05:14:00Z,4,146,200,350,150,24276[Turmcenter],2021-07-06T05:17:01.908Z
0.01965602,open,2021-07-06T05:14:00Z,8,399,0,407,407,18944[Alte Oper],2021-07-06T05:17:01.908Z
0.15659341,open,2021-07-06T05:14:00Z,57,307,0,364,364,24281[Hauptbahnhof Süd],2021-07-06T05:17:01.908Z
0.2843016,open,2021-07-06T05:14:00Z,230,579,0,809,809,24279[Konstabler],2021-07-06T05:17:01.908Z
0.48356807,open,2021-07-06T05:14:00Z,206,220,0,426,426,18497[Hauptwache],2021-07-06T05:17:01.908Z
0.28088236,open,2021-07-06T05:14:00Z,191,489,0,680,680,18495[Am Gericht],2021-07-06T05:17:01.908Z
0.09988249,open,2021-07-06T05:14:00Z,85,766,45,896,851,109240[MyZeil],2021-07-06T05:17:01.908Z
0.106732346,open,2021-07-06T05:14:00Z,65,544,0,609,609,18494[Konrad-Adenauer-Straße],2021-07-06T05:17:01.908Z
0.04761905,open,2021-07-06T05:14:00Z,33,660,0,693,693,24278[Karstadt],2021-07-06T05:17:01.908Z
0.94400895,open,2021-07-06T05:24:00Z,843,50,0,893,893,24277[Börse],2021-07-06T05:27:01.991Z
0.026666667,open,2021-07-06T05:24:00Z,4,146,200,350,150,24276[Turmcenter],2021-07-06T05:27:01.991Z
0.024570024,open,2021-07-06T05:24:00Z,10,397,0,407,407,18944[Alte Oper],2021-07-06T05:27:01.991Z
0.17307693,open,2021-07-06T05:24:00Z,63,301,0,364,364,24281[Hauptbahnhof Süd],2021-07-06T05:27:01.991Z
0.2855377,open,2021-07-06T05:24:00Z,231,578,0,809,809,24279[Konstabler],2021-07-06T05:27:01.991Z
0.48356807,open,2021-07-06T05:24:00Z,206,220,0,426,426,18497[Hauptwache],2021-07-06T05:27:01.991Z
0.28970587,open,2021-07-06T05:24:00Z,197,483,0,680,680,18495[Am Gericht],2021-07-06T05:27:01.991Z
0.104582846,open,2021-07-06T05:24:00Z,89,762,45,896,851,109240[MyZeil],2021-07-06T05:27:01.991Z
0.10837439,open,2021-07-06T05:24:00Z,66,543,0,609,609,18494[Konrad-Adenauer-Straße],2021-07-06T05:27:01.991Z
0.054834057,open,2021-07-06T05:24:00Z,38,655,0,693,693,24278[Karstadt],2021-07-06T05:27:01.991Z
0.94400895,open,2021-07-06T05:34:00Z,843,50,0,893,893,24277[Börse],2021-07-06T05:37:00.549Z
0.07333333,open,2021-07-06T05:34:00Z,11,139,200,350,150,24276[Turmcenter],2021-07-06T05:37:00.549Z
0.041769043,open,2021-07-06T05:34:00Z,17,390,0,407,407,18944[Alte Oper],2021-07-06T05:37:00.549Z
0.18681319,open,2021-07-06T05:34:00Z,68,296,0,364,364,24281[Hauptbahnhof Süd],2021-07-06T05:37:00.549Z
0.29171818,open,2021-07-06T05:34:00Z,236,573,0,809,809,24279[Konstabler],2021-07-06T05:37:00.549Z
0.48826292,open,2021-07-06T05:34:00Z,208,218,0,426,426,18497[Hauptwache],2021-07-06T05:37:00.549Z
0.3,open,2021-07-06T05:34:00Z,204,476,0,680,680,18495[Am Gericht],2021-07-06T05:37:00.549Z
0.10575793,open,2021-07-06T05:34:00Z,90,761,45,896,851,109240[MyZeil],2021-07-06T05:37:00.549Z
0.10837439,open,2021-07-06T05:34:00Z,66,543,0,609,609,18494[Konrad-Adenauer-Straße],2021-07-06T05:37:00.549Z
0.06782107,open,2021-07-06T05:34:00Z,47,646,0,693,693,24278[Karstadt],2021-07-06T05:37:00.549Z
0.94400895,open,2021-07-06T05:44:00Z,843,50,0,893,893,24277[Börse],2021-07-06T05:47:01.107Z
0.1,open,2021-07-06T05:44:00Z,15,135,200,350,150,24276[Turmcenter],2021-07-06T05:47:01.107Z
0.044226043,open,2021-07-06T05:44:00Z,18,389,0,407,407,18944[Alte Oper],2021-07-06T05:47:01.107Z
0.2032967,open,2021-07-06T05:44:00Z,74,290,0,364,364,24281[Hauptbahnhof Süd],2021-07-06T05:47:01.107Z
0.29171818,open,2021-07-06T05:44:00Z,236,573,0,809,809,24279[Konstabler],2021-07-06T05:47:01.107Z
0.5,open,2021-07-06T05:44:00Z,213,213,0,426,426,18497[Hauptwache],2021-07-06T05:47:01.107Z
0.31617647,open,2021-07-06T05:44:00Z,215,465,0,680,680,18495[Am Gericht],2021-07-06T05:47:01.107Z
0.10693302,open,2021-07-06T05:44:00Z,91,760,45,896,851,109240[MyZeil],2021-07-06T05:47:01.107Z
0.11494253,open,2021-07-06T05:44:00Z,70,539,0,609,609,18494[Konrad-Adenauer-Straße],2021-07-06T05:47:01.107Z
0.07070707,open,2021-07-06T05:44:00Z,49,644,0,693,693,24278[Karstadt],2021-07-06T05:47:01.107Z
0.94400895,open,2021-07-06T05:59:00Z,843,50,0,893,893,24277[Börse],2021-07-06T06:02:00.773Z
0.13333334,open,2021-07-06T05:59:00Z,20,130,200,350,150,24276[Turmcenter],2021-07-06T06:02:00.773Z
0.05159705,open,2021-07-06T05:59:00Z,21,386,0,407,407,18944[Alte Oper],2021-07-06T06:02:00.773Z
0.23351648,open,2021-07-06T05:59:00Z,85,279,0,364,364,24281[Hauptbahnhof Süd],2021-07-06T06:02:00.773Z
0.29913473,open,2021-07-06T05:59:00Z,242,567,0,809,809,24279[Konstabler],2021-07-06T06:02:00.773Z
0.51877934,open,2021-07-06T05:59:00Z,221,205,0,426,426,18497[Hauptwache],2021-07-06T06:02:00.773Z
0.3602941,open,2021-07-06T05:59:00Z,245,435,0,680,680,18495[Am Gericht],2021-07-06T06:02:00.773Z
0.10810811,open,2021-07-06T05:59:00Z,92,759,45,896,851,109240[MyZeil],2021-07-06T06:02:00.773Z
0.12807882,open,2021-07-06T05:59:00Z,78,531,0,609,609,18494[Konrad-Adenauer-Straße],2021-07-06T06:02:00.773Z
0.08802309,open,2021-07-06T05:59:00Z,61,632,0,693,693,24278[Karstadt],2021-07-06T06:02:00.773Z
0.94400895,open,2021-07-06T06:34:00Z,843,50,0,893,893,24277[Börse],2021-07-06T06:37:01.331Z
0.34666666,open,2021-07-06T06:34:00Z,52,98,200,350,150,24276[Turmcenter],2021-07-06T06:37:01.331Z
0.1056511,open,2021-07-06T06:34:00Z,43,364,0,407,407,18944[Alte Oper],2021-07-06T06:37:01.331Z
0.31043956,open,2021-07-06T06:34:00Z,113,251,0,364,364,24281[Hauptbahnhof Süd],2021-07-06T06:37:01.331Z
0.32385662,open,2021-07-06T06:34:00Z,262,547,0,809,809,24279[Konstabler],2021-07-06T06:37:01.331Z
0.5539906,open,2021-07-06T06:34:00Z,236,190,0,426,426,18497[Hauptwache],2021-07-06T06:37:01.331Z
0.42647058,open,2021-07-06T06:34:00Z,290,390,0,680,680,18495[Am Gericht],2021-07-06T06:37:01.331Z
0.12220917,open,2021-07-06T06:34:00Z,104,747,45,896,851,109240[MyZeil],2021-07-06T06:37:01.331Z
0.12807882,open,2021-07-06T06:34:00Z,78,531,0,609,609,18494[Konrad-Adenauer-Straße],2021-07-06T06:37:01.331Z
0.12842713,open,2021-07-06T06:34:00Z,89,604,0,693,693,24278[Karstadt],2021-07-06T06:37:01.331Z
0.94400895,open,2021-07-06T06:54:00Z,843,50,0,893,893,24277[Börse],2021-07-06T06:57:02.542Z
0.48,open,2021-07-06T06:54:00Z,72,78,200,350,150,24276[Turmcenter],2021-07-06T06:57:02.542Z
0.16461916,open,2021-07-06T06:54:00Z,67,340,0,407,407,18944[Alte Oper],2021-07-06T06:57:02.542Z
0.3653846,open,2021-07-06T06:54:00Z,133,231,0,364,364,24281[Hauptbahnhof Süd],2021-07-06T06:57:02.542Z
0.35599506,open,2021-07-06T06:54:00Z,288,521,0,809,809,24279[Konstabler],2021-07-06T06:57:02.542Z
0.59859157,open,2021-07-06T06:54:00Z,255,171,0,426,426,18497[Hauptwache],2021-07-06T06:57:02.542Z
0.45735294,open,2021-07-06T06:54:00Z,311,369,0,680,680,18495[Am Gericht],2021-07-06T06:57:02.542Z
0.1280846,open,2021-07-06T06:54:00Z,109,742,45,896,851,109240[MyZeil],2021-07-06T06:57:02.542Z
0.14614122,open,2021-07-06T06:54:00Z,89,520,0,609,609,18494[Konrad-Adenauer-Straße],2021-07-06T06:57:02.542Z
0.15295815,open,2021-07-06T06:54:00Z,106,587,0,693,693,24278[Karstadt],2021-07-06T06:57:02.542Z
0.94400895,open,2021-07-06T07:09:00Z,843,50,0,893,893,24277[Börse],2021-07-06T07:12:01.849Z
0.5733333,open,2021-07-06T07:09:00Z,86,64,200,350,150,24276[Turmcenter],2021-07-06T07:12:01.849Z
0.2014742,open,2021-07-06T07:09:00Z,82,325,0,407,407,18944[Alte Oper],2021-07-06T07:12:01.849Z
0.38736263,open,2021-07-06T07:09:00Z,141,223,0,364,364,24281[Hauptbahnhof Süd],2021-07-06T07:12:01.849Z
0.37082818,open,2021-07-06T07:09:00Z,300,509,0,809,809,24279[Konstabler],2021-07-06T07:12:01.849Z
0.6197183,open,2021-07-06T07:09:00Z,264,162,0,426,426,18497[Hauptwache],2021-07-06T07:12:01.849Z
0.475,open,2021-07-06T07:09:00Z,323,357,0,680,680,18495[Am Gericht],2021-07-06T07:12:01.849Z
0.1386604,open,2021-07-06T07:09:00Z,118,733,45,896,851,109240[MyZeil],2021-07-06T07:12:01.849Z
0.16912971,open,2021-07-06T07:09:00Z,103,506,0,609,609,18494[Konrad-Adenauer-Straße],2021-07-06T07:12:01.849Z
0.16450216,open,2021-07-06T07:09:00Z,114,579,0,693,693,24278[Karstadt],2021-07-06T07:12:01.849Z
0.94400895,open,2021-07-06T07:24:00Z,843,50,0,893,893,24277[Börse],2021-07-06T07:27:02.021Z
0.62666667,open,2021-07-06T07:24:00Z,94,56,200,350,150,24276[Turmcenter],2021-07-06T07:27:02.021Z
0.22358723,open,2021-07-06T07:24:00Z,91,316,0,407,407,18944[Alte Oper],2021-07-06T07:27:02.021Z
0.39285713,open,2021-07-06T07:24:00Z,143,221,0,364,364,24281[Hauptbahnhof Süd],2021-07-06T07:27:02.021Z
0.3906057,open,2021-07-06T07:24:00Z,316,493,0,809,809,24279[Konstabler],2021-07-06T07:27:02.021Z
0.657277,open,2021-07-06T07:24:00Z,280,146,0,426,426,18497[Hauptwache],2021-07-06T07:27:02.021Z
0.5088235,open,2021-07-06T07:24:00Z,346,334,0,680,680,18495[Am Gericht],2021-07-06T07:27:02.021Z
0.14453584,open,2021-07-06T07:24:00Z,123,728,45,896,851,109240[MyZeil],2021-07-06T07:27:02.021Z
0.16912971,open,2021-07-06T07:24:00Z,103,506,0,609,609,18494[Konrad-Adenauer-Straße],2021-07-06T07:27:02.021Z
0.18614718,open,2021-07-06T07:24:00Z,129,564,0,693,693,24278[Karstadt],2021-07-06T07:27:02.021Z
0.94400895,open,2021-07-06T07:34:00Z,843,50,0,893,893,24277[Börse],2021-07-06T07:37:00.564Z
0.68,open,2021-07-06T07:34:00Z,102,48,200,350,150,24276[Turmcenter],2021-07-06T07:37:00.564Z
0.24815725,open,2021-07-06T07:34:00Z,101,306,0,407,407,18944[Alte Oper],2021-07-06T07:37:00.564Z
0.40384614,open,2021-07-06T07:34:00Z,147,217,0,364,364,24281[Hauptbahnhof Süd],2021-07-06T07:37:00.564Z
0.4103832,open,2021-07-06T07:34:00Z,332,477,0,809,809,24279[Konstabler],2021-07-06T07:37:00.564Z
0.6737089,open,2021-07-06T07:34:00Z,287,139,0,426,426,18497[Hauptwache],2021-07-06T07:37:00.564Z
0.5352941,open,2021-07-06T07:34:00Z,364,316,0,680,680,18495[Am Gericht],2021-07-06T07:37:00.564Z
0.14806111,open,2021-07-06T07:34:00Z,126,725,45,896,851,109240[MyZeil],2021-07-06T07:37:00.564Z
0.18719211,open,2021-07-06T07:34:00Z,114,495,0,609,609,18494[Konrad-Adenauer-Straße],2021-07-06T07:37:00.564Z
0.2020202,open,2021-07-06T07:34:00Z,140,553,0,693,693,24278[Karstadt],2021-07-06T07:37:00.564Z
0.94400895,open,2021-07-06T07:44:00Z,843,50,0,893,893,24277[Börse],2021-07-06T07:47:00.369Z
0.76666665,open,2021-07-06T07:44:00Z,115,35,200,350,150,24276[Turmcenter],2021-07-06T07:47:00.369Z
0.27518427,open,2021-07-06T07:44:00Z,112,295,0,407,407,18944[Alte Oper],2021-07-06T07:47:00.369Z
0.41483516,open,2021-07-06T07:44:00Z,151,213,0,364,364,24281[Hauptbahnhof Süd],2021-07-06T07:47:00.369Z
0.43881336,open,2021-07-06T07:44:00Z,355,454,0,809,809,24279[Konstabler],2021-07-06T07:47:00.369Z
0.69953054,open,2021-07-06T07:44:00Z,298,128,0,426,426,18497[Hauptwache],2021-07-06T07:47:00.369Z
0.5720588,open,2021-07-06T07:44:00Z,389,291,0,680,680,18495[Am Gericht],2021-07-06T07:47:00.369Z
0.16451234,open,2021-07-06T07:44:00Z,140,711,45,896,851,109240[MyZeil],2021-07-06T07:47:00.369Z
0.19704433,open,2021-07-06T07:44:00Z,120,489,0,609,609,18494[Konrad-Adenauer-Straße],2021-07-06T07:47:00.369Z
0.22222222,open,2021-07-06T07:44:00Z,154,539,0,693,693,24278[Karstadt],2021-07-06T07:47:00.369Z
0.94400895,open,2021-07-06T07:55:00Z,843,50,0,893,893,24277[Börse],2021-07-06T07:57:02.539Z
0.8066667,open,2021-07-06T07:55:00Z,121,29,200,350,150,24276[Turmcenter],2021-07-06T07:57:02.539Z
0.30958232,open,2021-07-06T07:55:00Z,126,281,0,407,407,18944[Alte Oper],2021-07-06T07:57:02.539Z
0.43956044,open,2021-07-06T07:55:00Z,160,204,0,364,364,24281[Hauptbahnhof Süd],2021-07-06T07:57:02.539Z
0.46477133,open,2021-07-06T07:55:00Z,376,433,0,809,809,24279[Konstabler],2021-07-06T07:57:02.539Z
0.73239434,open,2021-07-06T07:55:00Z,312,114,0,426,426,18497[Hauptwache],2021-07-06T07:57:02.539Z
0.5985294,open,2021-07-06T07:55:00Z,407,273,0,680,680,18495[Am Gericht],2021-07-06T07:57:02.539Z
0.17508814,open,2021-07-06T07:55:00Z,149,702,45,896,851,109240[MyZeil],2021-07-06T07:57:02.539Z
0.20032841,open,2021-07-06T07:55:00Z,122,487,0,609,609,18494[Konrad-Adenauer-Straße],2021-07-06T07:57:02.539Z
0.24819624,open,2021-07-06T07:55:00Z,172,521,0,693,693,24278[Karstadt],2021-07-06T07:57:02.539Z
0.94400895,open,2021-07-06T08:20:00Z,843,50,0,893,893,24277[Börse],2021-07-06T08:22:01.315Z
0.9,open,2021-07-06T08:20:00Z,135,15,200,350,150,24276[Turmcenter],2021-07-06T08:22:01.315Z
0.36609337,open,2021-07-06T08:20:00Z,149,258,0,407,407,18944[Alte Oper],2021-07-06T08:22:01.315Z
0.45604396,open,2021-07-06T08:20:00Z,166,198,0,364,364,24281[Hauptbahnhof Süd],2021-07-06T08:22:01.315Z
0.54017305,open,2021-07-06T08:20:00Z,437,372,0,809,809,24279[Konstabler],2021-07-06T08:22:01.315Z
0.81220657,open,2021-07-06T08:20:00Z,346,80,0,426,426,18497[Hauptwache],2021-07-06T08:22:01.315Z
0.63529414,open,2021-07-06T08:20:00Z,432,248,0,680,680,18495[Am Gericht],2021-07-06T08:22:01.315Z
0.19858989,open,2021-07-06T08:20:00Z,169,682,45,896,851,109240[MyZeil],2021-07-06T08:22:01.315Z
0.21839081,open,2021-07-06T08:20:00Z,133,476,0,609,609,18494[Konrad-Adenauer-Straße],2021-07-06T08:22:01.315Z
0.2886003,open,2021-07-06T08:20:00Z,200,493,0,693,693,24278[Karstadt],2021-07-06T08:22:01.315Z
0.94400895,open,2021-07-06T08:40:00Z,843,50,0,893,893,24277[Börse],2021-07-06T08:42:01.135Z
0.84,open,2021-07-06T08:40:00Z,126,24,200,350,150,24276[Turmcenter],2021-07-06T08:42:01.135Z
0.3980344,open,2021-07-06T08:40:00Z,162,245,0,407,407,18944[Alte Oper],2021-07-06T08:42:01.135Z
0.46153846,open,2021-07-06T08:40:00Z,168,196,0,364,364,24281[Hauptbahnhof Süd],2021-07-06T08:42:01.135Z
0.57601976,open,2021-07-06T08:40:00Z,466,343,0,809,809,24279[Konstabler],2021-07-06T08:42:01.135Z
0.85211265,open,2021-07-06T08:40:00Z,363,63,0,426,426,18497[Hauptwache],2021-07-06T08:42:01.135Z
0.6455882,open,2021-07-06T08:40:00Z,439,241,0,680,680,18495[Am Gericht],2021-07-06T08:42:01.135Z
0.21269095,open,2021-07-06T08:40:00Z,181,670,45,896,851,109240[MyZeil],2021-07-06T08:42:01.135Z
0.2364532,open,2021-07-06T08:40:00Z,144,465,0,609,609,18494[Konrad-Adenauer-Straße],2021-07-06T08:42:01.135Z
0.34054834,open,2021-07-06T08:40:00Z,236,457,0,693,693,24278[Karstadt],2021-07-06T08:42:01.135Z
0.94400895,open,2021-07-06T08:45:00Z,843,50,0,893,893,24277[Börse],2021-07-06T08:47:00.709Z
0.86,open,2021-07-06T08:45:00Z,129,21,200,350,150,24276[Turmcenter],2021-07-06T08:47:00.709Z
0.4029484,open,2021-07-06T08:45:00Z,164,243,0,407,407,18944[Alte Oper],2021-07-06T08:47:00.709Z
0.4642857,open,2021-07-06T08:45:00Z,169,195,0,364,364,24281[Hauptbahnhof Süd],2021-07-06T08:47:00.709Z
0.57972807,open,2021-07-06T08:45:00Z,469,340,0,809,809,24279[Konstabler],2021-07-06T08:47:00.709Z
0.85211265,open,2021-07-06T08:45:00Z,363,63,0,426,426,18497[Hauptwache],2021-07-06T08:47:00.709Z
0.6485294,open,2021-07-06T08:45:00Z,441,239,0,680,680,18495[Am Gericht],2021-07-06T08:47:00.709Z
0.22091657,open,2021-07-06T08:45:00Z,188,663,45,896,851,109240[MyZeil],2021-07-06T08:47:00.709Z
0.23973727,open,2021-07-06T08:45:00Z,146,463,0,609,609,18494[Konrad-Adenauer-Straße],2021-07-06T08:47:00.709Z
0.34776336,open,2021-07-06T08:45:00Z,241,452,0,693,693,24278[Karstadt],2021-07-06T08:47:00.709Z
0.94400895,open,2021-07-06T09:00:00Z,843,50,0,893,893,24277[Börse],2021-07-06T09:02:00.844Z
0.6666667,open,2021-07-06T09:00:00Z,100,50,200,350,150,24276[Turmcenter],2021-07-06T09:02:00.844Z
0.42014742,open,2021-07-06T09:00:00Z,171,236,0,407,407,18944[Alte Oper],2021-07-06T09:02:00.844Z
0.47802198,open,2021-07-06T09:00:00Z,174,190,0,364,364,24281[Hauptbahnhof Süd],2021-07-06T09:02:00.844Z
0.5933251,open,2021-07-06T09:00:00Z,480,329,0,809,809,24279[Konstabler],2021-07-06T09:02:00.844Z
0.8967136,open,2021-07-06T09:00:00Z,382,44,0,426,426,18497[Hauptwache],2021-07-06T09:02:00.844Z
0.65588236,open,2021-07-06T09:00:00Z,446,234,0,680,680,18495[Am Gericht],2021-07-06T09:02:00.844Z
0.24441834,open,2021-07-06T09:00:00Z,208,643,45,896,851,109240[MyZeil],2021-07-06T09:02:00.844Z
0.24302134,open,2021-07-06T09:00:00Z,148,461,0,609,609,18494[Konrad-Adenauer-Straße],2021-07-06T09:02:00.844Z
0.37085137,open,2021-07-06T09:00:00Z,257,436,0,693,693,24278[Karstadt],2021-07-06T09:02:00.844Z
0.94400895,open,2021-07-06T09:25:00Z,843,50,0,893,893,24277[Börse],2021-07-06T09:27:00.739Z
0.62666667,open,2021-07-06T09:25:00Z,94,56,200,350,150,24276[Turmcenter],2021-07-06T09:27:00.739Z
0.45208845,open,2021-07-06T09:25:00Z,184,223,0,407,407,18944[Alte Oper],2021-07-06T09:27:00.739Z
0.48351648,open,2021-07-06T09:25:00Z,176,188,0,364,364,24281[Hauptbahnhof Süd],2021-07-06T09:27:00.739Z
0.6192831,open,2021-07-06T09:25:00Z,501,308,0,809,809,24279[Konstabler],2021-07-06T09:27:00.739Z
0.9366197,open,2021-07-06T09:25:00Z,399,27,0,426,426,18497[Hauptwache],2021-07-06T09:27:00.739Z
0.65,open,2021-07-06T09:25:00Z,442,238,0,680,680,18495[Am Gericht],2021-07-06T09:27:00.739Z
0.23971798,open,2021-07-06T09:25:00Z,204,647,45,896,851,109240[MyZeil],2021-07-06T09:27:00.739Z
0.24302134,open,2021-07-06T09:25:00Z,148,461,0,609,609,18494[Konrad-Adenauer-Straße],2021-07-06T09:27:00.739Z
0.3939394,open,2021-07-06T09:25:00Z,273,420,0,693,693,24278[Karstadt],2021-07-06T09:27:00.739Z
0.94400895,open,2021-07-06T09:40:00Z,843,50,0,893,893,24277[Börse],2021-07-06T09:42:00.991Z
0.6333333,open,2021-07-06T09:40:00Z,95,55,200,350,150,24276[Turmcenter],2021-07-06T09:42:00.991Z
0.46928746,open,2021-07-06T09:40:00Z,191,216,0,407,407,18944[Alte Oper],2021-07-06T09:42:00.991Z
0.49175823,open,2021-07-06T09:40:00Z,179,185,0,364,364,24281[Hauptbahnhof Süd],2021-07-06T09:42:00.991Z
0.6304079,open,2021-07-06T09:40:00Z,510,299,0,809,809,24279[Konstabler],2021-07-06T09:42:00.991Z
0.9389671,open,2021-07-06T09:40:00Z,400,26,0,426,426,18497[Hauptwache],2021-07-06T09:42:00.991Z
0.6367647,open,2021-07-06T09:40:00Z,433,247,0,680,680,18495[Am Gericht],2021-07-06T09:42:00.991Z
0.23266745,open,2021-07-06T09:40:00Z,198,653,45,896,851,109240[MyZeil],2021-07-06T09:42:00.991Z
0.24630542,open,2021-07-06T09:40:00Z,150,459,0,609,609,18494[Konrad-Adenauer-Straße],2021-07-06T09:42:00.991Z
0.4054834,open,2021-07-06T09:40:00Z,281,412,0,693,693,24278[Karstadt],2021-07-06T09:42:00.991Z
0.94400895,open,2021-07-06T09:50:00Z,843,50,0,893,893,24277[Börse],2021-07-06T09:52:00.668Z
0.6066667,open,2021-07-06T09:50:00Z,91,59,200,350,150,24276[Turmcenter],2021-07-06T09:52:00.668Z
0.49140048,open,2021-07-06T09:50:00Z,200,207,0,407,407,18944[Alte Oper],2021-07-06T09:52:00.668Z
0.48626372,open,2021-07-06T09:50:00Z,177,187,0,364,364,24281[Hauptbahnhof Süd],2021-07-06T09:52:00.668Z
0.6353523,open,2021-07-06T09:50:00Z,514,295,0,809,809,24279[Konstabler],2021-07-06T09:52:00.668Z
0.9483568,open,2021-07-06T09:50:00Z,404,22,0,426,426,18497[Hauptwache],2021-07-06T09:52:00.668Z
0.64411765,open,2021-07-06T09:50:00Z,438,242,0,680,680,18495[Am Gericht],2021-07-06T09:52:00.668Z
0.22914219,open,2021-07-06T09:50:00Z,195,656,45,896,851,109240[MyZeil],2021-07-06T09:52:00.668Z
0.25287357,open,2021-07-06T09:50:00Z,154,455,0,609,609,18494[Konrad-Adenauer-Straße],2021-07-06T09:52:00.668Z
0.39105338,open,2021-07-06T09:50:00Z,271,422,0,693,693,24278[Karstadt],2021-07-06T09:52:00.668Z
0.94400895,open,2021-07-06T10:11:00Z,843,50,0,893,893,24277[Börse],2021-07-06T10:12:02.518Z
0.58,open,2021-07-06T10:11:00Z,87,63,200,350,150,24276[Turmcenter],2021-07-06T10:12:02.518Z
0.5184275,open,2021-07-06T10:11:00Z,211,196,0,407,407,18944[Alte Oper],2021-07-06T10:12:02.518Z
0.46703297,open,2021-07-06T10:11:00Z,170,194,0,364,364,24281[Hauptbahnhof Süd],2021-07-06T10:12:02.518Z
0.6773795,open,2021-07-06T10:11:00Z,548,261,0,809,809,24279[Konstabler],2021-07-06T10:12:02.518Z
0.98122066,open,2021-07-06T10:11:00Z,418,8,0,426,426,18497[Hauptwache],2021-07-06T10:12:02.518Z
0.63235295,open,2021-07-06T10:11:00Z,430,250,0,680,680,18495[Am Gericht],2021-07-06T10:12:02.518Z
0.23149236,open,2021-07-06T10:11:00Z,197,654,45,896,851,109240[MyZeil],2021-07-06T10:12:02.518Z
0.25779969,open,2021-07-06T10:11:00Z,157,452,0,609,609,18494[Konrad-Adenauer-Straße],2021-07-06T10:12:02.518Z
0.4069264,open,2021-07-06T10:11:00Z,282,411,0,693,693,24278[Karstadt],2021-07-06T10:12:02.518Z
0.94400895,open,2021-07-06T10:31:00Z,843,50,0,893,893,24277[Börse],2021-07-06T10:32:01.100Z
0.54,open,2021-07-06T10:31:00Z,81,69,200,350,150,24276[Turmcenter],2021-07-06T10:32:01.100Z
0.55282557,open,2021-07-06T10:31:00Z,225,182,0,407,407,18944[Alte Oper],2021-07-06T10:32:01.100Z
0.45604396,open,2021-07-06T10:31:00Z,166,198,0,364,364,24281[Hauptbahnhof Süd],2021-07-06T10:32:01.100Z
0.6637824,open,2021-07-06T10:31:00Z,537,272,0,809,809,24279[Konstabler],2021-07-06T10:32:01.100Z
0.97183096,open,2021-07-06T10:31:00Z,414,12,0,426,426,18497[Hauptwache],2021-07-06T10:32:01.100Z
0.63235295,open,2021-07-06T10:31:00Z,430,250,0,680,680,18495[Am Gericht],2021-07-06T10:32:01.100Z
0.23031728,open,2021-07-06T10:31:00Z,196,655,45,896,851,109240[MyZeil],2021-07-06T10:32:01.100Z
0.25615764,open,2021-07-06T10:31:00Z,156,453,0,609,609,18494[Konrad-Adenauer-Straße],2021-07-06T10:32:01.100Z
0.41125542,open,2021-07-06T10:31:00Z,285,408,0,693,693,24278[Karstadt],2021-07-06T10:32:01.100Z
0.94400895,open,2021-07-06T10:46:00Z,843,50,0,893,893,24277[Börse],2021-07-06T10:47:00.460Z
0.5,open,2021-07-06T10:46:00Z,75,75,200,350,150,24276[Turmcenter],2021-07-06T10:47:00.460Z
0.5724816,open,2021-07-06T10:46:00Z,233,174,0,407,407,18944[Alte Oper],2021-07-06T10:47:00.460Z
0.44505495,open,2021-07-06T10:46:00Z,162,202,0,364,364,24281[Hauptbahnhof Süd],2021-07-06T10:47:00.460Z
0.6823239,open,2021-07-06T10:46:00Z,552,257,0,809,809,24279[Konstabler],2021-07-06T10:47:00.460Z
0.9600939,open,2021-07-06T10:46:00Z,409,17,0,426,426,18497[Hauptwache],2021-07-06T10:47:00.460Z
0.63235295,open,2021-07-06T10:46:00Z,430,250,0,680,680,18495[Am Gericht],2021-07-06T10:47:00.460Z
0.22326675,open,2021-07-06T10:46:00Z,190,661,45,896,851,109240[MyZeil],2021-07-06T10:47:00.460Z
0.26929393,open,2021-07-06T10:46:00Z,164,445,0,609,609,18494[Konrad-Adenauer-Straße],2021-07-06T10:47:00.460Z
0.3924964,open,2021-07-06T10:46:00Z,272,421,0,693,693,24278[Karstadt],2021-07-06T10:47:00.460Z
0.94400895,open,2021-07-06T10:51:00Z,843,50,0,893,893,24277[Börse],2021-07-06T10:52:00.127Z
0.48666668,open,2021-07-06T10:51:00Z,73,77,200,350,150,24276[Turmcenter],2021-07-06T10:52:00.127Z
0.5724816,open,2021-07-06T10:51:00Z,233,174,0,407,407,18944[Alte Oper],2021-07-06T10:52:00.127Z
0.45054945,open,2021-07-06T10:51:00Z,164,200,0,364,364,24281[Hauptbahnhof Süd],2021-07-06T10:52:00.127Z
0.6860321,open,2021-07-06T10:51:00Z,555,254,0,809,809,24279[Konstabler],2021-07-06T10:52:00.127Z
0.95539904,open,2021-07-06T10:51:00Z,407,19,0,426,426,18497[Hauptwache],2021-07-06T10:52:00.127Z
0.6382353,open,2021-07-06T10:51:00Z,434,246,0,680,680,18495[Am Gericht],2021-07-06T10:52:00.127Z
0.22561692,open,2021-07-06T10:51:00Z,192,659,45,896,851,109240[MyZeil],2021-07-06T10:52:00.127Z
0.28078818,open,2021-07-06T10:51:00Z,171,438,0,609,609,18494[Konrad-Adenauer-Straße],2021-07-06T10:52:00.127Z
0.39105338,open,2021-07-06T10:51:00Z,271,422,0,693,693,24278[Karstadt],2021-07-06T10:52:00.127Z
0.94400895,open,2021-07-06T11:11:00Z,843,50,0,893,893,24277[Börse],2021-07-06T11:12:01.433Z
0.45333335,open,2021-07-06T11:11:00Z,68,82,200,350,150,24276[Turmcenter],2021-07-06T11:12:01.433Z
0.5749386,open,2021-07-06T11:11:00Z,234,173,0,407,407,18944[Alte Oper],2021-07-06T11:12:01.433Z
0.4478022,open,2021-07-06T11:11:00Z,163,201,0,364,364,24281[Hauptbahnhof Süd],2021-07-06T11:12:01.433Z
0.6934487,open,2021-07-06T11:11:00Z,561,248,0,809,809,24279[Konstabler],2021-07-06T11:12:01.433Z
0.96478873,open,2021-07-06T11:11:00Z,411,15,0,426,426,18497[Hauptwache],2021-07-06T11:12:01.433Z
0.625,open,2021-07-06T11:11:00Z,425,255,0,680,680,18495[Am Gericht],2021-07-06T11:12:01.433Z
0.22444183,open,2021-07-06T11:11:00Z,191,660,45,896,851,109240[MyZeil],2021-07-06T11:12:01.433Z
0.28735632,open,2021-07-06T11:11:00Z,175,434,0,609,609,18494[Konrad-Adenauer-Straße],2021-07-06T11:12:01.433Z
0.38672438,open,2021-07-06T11:11:00Z,268,425,0,693,693,24278[Karstadt],2021-07-06T11:12:01.433Z
0.94400895,open,2021-07-06T11:26:00Z,843,50,0,893,893,24277[Börse],2021-07-06T11:27:01.912Z
0.32666665,open,2021-07-06T11:26:00Z,49,101,200,350,150,24276[Turmcenter],2021-07-06T11:27:01.912Z
0.5995086,open,2021-07-06T11:26:00Z,244,163,0,407,407,18944[Alte Oper],2021-07-06T11:27:01.912Z
0.43131867,open,2021-07-06T11:26:00Z,157,207,0,364,364,24281[Hauptbahnhof Süd],2021-07-06T11:27:01.912Z
0.70086527,open,2021-07-06T11:26:00Z,567,242,0,809,809,24279[Konstabler],2021-07-06T11:27:01.912Z
0.97652584,open,2021-07-06T11:26:00Z,416,10,0,426,426,18497[Hauptwache],2021-07-06T11:27:01.912Z
0.60882354,open,2021-07-06T11:26:00Z,414,266,0,680,680,18495[Am Gericht],2021-07-06T11:27:01.912Z
0.23266745,open,2021-07-06T11:26:00Z,198,653,45,896,851,109240[MyZeil],2021-07-06T11:27:01.912Z
0.28735632,open,2021-07-06T11:26:00Z,175,434,0,609,609,18494[Konrad-Adenauer-Straße],2021-07-06T11:27:01.912Z
0.36940837,open,2021-07-06T11:26:00Z,256,437,0,693,693,24278[Karstadt],2021-07-06T11:27:01.912Z
0.94400895,open,2021-07-06T11:36:00Z,843,50,0,893,893,24277[Börse],2021-07-06T11:37:01.213Z
0.3,open,2021-07-06T11:36:00Z,45,105,200,350,150,24276[Turmcenter],2021-07-06T11:37:01.213Z
0.5798526,open,2021-07-06T11:36:00Z,236,171,0,407,407,18944[Alte Oper],2021-07-06T11:37:01.213Z
0.42582417,open,2021-07-06T11:36:00Z,155,209,0,364,364,24281[Hauptbahnhof Süd],2021-07-06T11:37:01.213Z
0.6946848,open,2021-07-06T11:36:00Z,562,247,0,809,809,24279[Konstabler],2021-07-06T11:37:01.213Z
0.98122066,open,2021-07-06T11:36:00Z,418,8,0,426,426,18497[Hauptwache],2021-07-06T11:37:01.213Z
0.6102941,open,2021-07-06T11:36:00Z,415,265,0,680,680,18495[Am Gericht],2021-07-06T11:37:01.213Z
0.22679201,open,2021-07-06T11:36:00Z,193,658,45,896,851,109240[MyZeil],2021-07-06T11:37:01.213Z
0.29392448,open,2021-07-06T11:36:00Z,179,430,0,609,609,18494[Konrad-Adenauer-Straße],2021-07-06T11:37:01.213Z
0.3823954,open,2021-07-06T11:36:00Z,265,428,0,693,693,24278[Karstadt],2021-07-06T11:37:01.213Z
0.94400895,open,2021-07-06T11:41:00Z,843,50,0,893,893,24277[Börse],2021-07-06T11:47:00.450Z
0.31333333,open,2021-07-06T11:41:00Z,47,103,200,350,150,24276[Turmcenter],2021-07-06T11:47:00.450Z
0.5823096,open,2021-07-06T11:41:00Z,237,170,0,407,407,18944[Alte Oper],2021-07-06T11:47:00.450Z
0.42032966,open,2021-07-06T11:41:00Z,153,211,0,364,364,24281[Hauptbahnhof Süd],2021-07-06T11:47:00.450Z
0.6922126,open,2021-07-06T11:41:00Z,560,249,0,809,809,24279[Konstabler],2021-07-06T11:47:00.450Z
0.97417843,open,2021-07-06T11:41:00Z,415,11,0,426,426,18497[Hauptwache],2021-07-06T11:47:00.450Z
0.6117647,open,2021-07-06T11:41:00Z,416,264,0,680,680,18495[Am Gericht],2021-07-06T11:47:00.450Z
0.23031728,open,2021-07-06T11:41:00Z,196,655,45,896,851,109240[MyZeil],2021-07-06T11:47:00.450Z
0.2955665,open,2021-07-06T11:41:00Z,180,429,0,609,609,18494[Konrad-Adenauer-Straße],2021-07-06T11:47:00.450Z
0.38672438,open,2021-07-06T11:41:00Z,268,425,0,693,693,24278[Karstadt],2021-07-06T11:47:00.450Z
0.94400895,open,2021-07-06T11:56:00Z,843,50,0,893,893,24277[Börse],2021-07-06T11:57:02.418Z
0.38666666,open,2021-07-06T11:56:00Z,58,92,200,350,150,24276[Turmcenter],2021-07-06T11:57:02.418Z
0.5872236,open,2021-07-06T11:56:00Z,239,168,0,407,407,18944[Alte Oper],2021-07-06T11:57:02.418Z
0.4065934,open,2021-07-06T11:56:00Z,148,216,0,364,364,24281[Hauptbahnhof Süd],2021-07-06T11:57:02.418Z
0.7082818,open,2021-07-06T11:56:00Z,573,236,0,809,809,24279[Konstabler],2021-07-06T11:57:02.418Z
0.9859155,open,2021-07-06T11:56:00Z,420,6,0,426,426,18497[Hauptwache],2021-07-06T11:57:02.418Z
0.61764705,open,2021-07-06T11:56:00Z,420,260,0,680,680,18495[Am Gericht],2021-07-06T11:57:02.418Z
0.23266745,open,2021-07-06T11:56:00Z,198,653,45,896,851,109240[MyZeil],2021-07-06T11:57:02.418Z
0.28078818,open,2021-07-06T11:56:00Z,171,438,0,609,609,18494[Konrad-Adenauer-Straße],2021-07-06T11:57:02.418Z
0.38672438,open,2021-07-06T11:56:00Z,268,425,0,693,693,24278[Karstadt],2021-07-06T11:57:02.418Z
0.94400895,open,2021-07-06T12:27:00Z,843,50,0,893,893,24277[Börse],2021-07-06T12:32:00.499Z
0.34,open,2021-07-06T12:27:00Z,51,99,200,350,150,24276[Turmcenter],2021-07-06T12:32:00.499Z
0.55036855,open,2021-07-06T12:27:00Z,224,183,0,407,407,18944[Alte Oper],2021-07-06T12:32:00.499Z
0.37362638,open,2021-07-06T12:27:00Z,136,228,0,364,364,24281[Hauptbahnhof Süd],2021-07-06T12:32:00.499Z
0.70704573,open,2021-07-06T12:27:00Z,572,237,0,809,809,24279[Konstabler],2021-07-06T12:32:00.499Z
0.97652584,open,2021-07-06T12:27:00Z,416,10,0,426,426,18497[Hauptwache],2021-07-06T12:32:00.499Z
0.5955882,open,2021-07-06T12:27:00Z,405,275,0,680,680,18495[Am Gericht],2021-07-06T12:32:00.499Z
0.23501763,open,2021-07-06T12:27:00Z,200,651,45,896,851,109240[MyZeil],2021-07-06T12:32:00.499Z
0.26929393,open,2021-07-06T12:27:00Z,164,445,0,609,609,18494[Konrad-Adenauer-Straße],2021-07-06T12:32:00.499Z
0.3968254,open,2021-07-06T12:27:00Z,275,418,0,693,693,24278[Karstadt],2021-07-06T12:32:00.499Z
0.94400895,open,2021-07-06T12:57:00Z,843,50,0,893,893,24277[Börse],2021-07-06T13:02:01.732Z
0.36666667,open,2021-07-06T12:57:00Z,55,95,200,350,150,24276[Turmcenter],2021-07-06T13:02:01.732Z
0.55282557,open,2021-07-06T12:57:00Z,225,182,0,407,407,18944[Alte Oper],2021-07-06T13:02:01.732Z
0.35164836,open,2021-07-06T12:57:00Z,128,236,0,364,364,24281[Hauptbahnhof Süd],2021-07-06T13:02:01.732Z
0.69715697,open,2021-07-06T12:57:00Z,564,245,0,809,809,24279[Konstabler],2021-07-06T13:02:01.732Z
0.96713614,open,2021-07-06T12:57:00Z,412,14,0,426,426,18497[Hauptwache],2021-07-06T13:02:01.732Z
0.54264706,open,2021-07-06T12:57:00Z,369,311,0,680,680,18495[Am Gericht],2021-07-06T13:02:01.732Z
0.24559341,open,2021-07-06T12:57:00Z,209,642,45,896,851,109240[MyZeil],2021-07-06T13:02:01.732Z
0.26272577,open,2021-07-06T12:57:00Z,160,449,0,609,609,18494[Konrad-Adenauer-Straße],2021-07-06T13:02:01.732Z
0.4011544,open,2021-07-06T12:57:00Z,278,415,0,693,693,24278[Karstadt],2021-07-06T13:02:01.732Z
0.94400895,open,2021-07-06T13:22:00Z,843,50,0,893,893,24277[Börse],2021-07-06T13:27:01.657Z
0.36666667,open,2021-07-06T13:22:00Z,55,95,200,350,150,24276[Turmcenter],2021-07-06T13:27:01.657Z
0.52334154,open,2021-07-06T13:22:00Z,213,194,0,407,407,18944[Alte Oper],2021-07-06T13:27:01.657Z
0.30494505,open,2021-07-06T13:22:00Z,111,253,0,364,364,24281[Hauptbahnhof Süd],2021-07-06T13:27:01.657Z
0.6810878,open,2021-07-06T13:22:00Z,551,258,0,809,809,24279[Konstabler],2021-07-06T13:27:01.657Z
0.9084507,open,2021-07-06T13:22:00Z,387,39,0,426,426,18497[Hauptwache],2021-07-06T13:27:01.657Z
0.5029412,open,2021-07-06T13:22:00Z,342,338,0,680,680,18495[Am Gericht],2021-07-06T13:27:01.657Z
0.23619272,open,2021-07-06T13:22:00Z,201,650,45,896,851,109240[MyZeil],2021-07-06T13:27:01.657Z
0.23973727,open,2021-07-06T13:22:00Z,146,463,0,609,609,18494[Konrad-Adenauer-Straße],2021-07-06T13:27:01.657Z
0.36507937,open,2021-07-06T13:22:00Z,253,440,0,693,693,24278[Karstadt],2021-07-06T13:27:01.657Z
0.94400895,open,2021-07-06T13:32:00Z,843,50,0,893,893,24277[Börse],2021-07-06T13:37:02.800Z
0.4,open,2021-07-06T13:32:00Z,60,90,200,350,150,24276[Turmcenter],2021-07-06T13:37:02.800Z
0.5208845,open,2021-07-06T13:32:00Z,212,195,0,407,407,18944[Alte Oper],2021-07-06T13:37:02.800Z
0.29395604,open,2021-07-06T13:32:00Z,107,257,0,364,364,24281[Hauptbahnhof Süd],2021-07-06T13:37:02.800Z
0.68479604,open,2021-07-06T13:32:00Z,554,255,0,809,809,24279[Konstabler],2021-07-06T13:37:02.800Z
0.8943662,open,2021-07-06T13:32:00Z,381,45,0,426,426,18497[Hauptwache],2021-07-06T13:37:02.800Z
0.48235294,open,2021-07-06T13:32:00Z,328,352,0,680,680,18495[Am Gericht],2021-07-06T13:37:02.800Z
0.24324325,open,2021-07-06T13:32:00Z,207,644,45,896,851,109240[MyZeil],2021-07-06T13:37:02.800Z
0.22988506,open,2021-07-06T13:32:00Z,140,469,0,609,609,18494[Konrad-Adenauer-Straße],2021-07-06T13:37:02.800Z
0.36219338,open,2021-07-06T13:32:00Z,251,442,0,693,693,24278[Karstadt],2021-07-06T13:37:02.800Z
0.94400895,open,2021-07-06T13:43:00Z,843,50,0,893,893,24277[Börse],2021-07-06T13:47:02.317Z
0.39333335,open,2021-07-06T13:43:00Z,59,91,200,350,150,24276[Turmcenter],2021-07-06T13:47:02.317Z
0.5184275,open,2021-07-06T13:43:00Z,211,196,0,407,407,18944[Alte Oper],2021-07-06T13:47:02.317Z
0.2912088,open,2021-07-06T13:43:00Z,106,258,0,364,364,24281[Hauptbahnhof Süd],2021-07-06T13:47:02.317Z
0.67861557,open,2021-07-06T13:43:00Z,549,260,0,809,809,24279[Konstabler],2021-07-06T13:47:02.317Z
0.86619717,open,2021-07-06T13:43:00Z,369,57,0,426,426,18497[Hauptwache],2021-07-06T13:47:02.317Z
0.47205883,open,2021-07-06T13:43:00Z,321,359,0,680,680,18495[Am Gericht],2021-07-06T13:47:02.317Z
0.25029376,open,2021-07-06T13:43:00Z,213,638,45,896,851,109240[MyZeil],2021-07-06T13:47:02.317Z
0.22660099,open,2021-07-06T13:43:00Z,138,471,0,609,609,18494[Konrad-Adenauer-Straße],2021-07-06T13:47:02.317Z
0.35497835,open,2021-07-06T13:43:00Z,246,447,0,693,693,24278[Karstadt],2021-07-06T13:47:02.317Z
0.94400895,open,2021-07-06T13:58:00Z,843,50,0,893,893,24277[Börse],2021-07-06T14:02:02.387Z
0.35333332,open,2021-07-06T13:58:00Z,53,97,200,350,150,24276[Turmcenter],2021-07-06T14:02:02.387Z
0.5110565,open,2021-07-06T13:58:00Z,208,199,0,407,407,18944[Alte Oper],2021-07-06T14:02:02.387Z
0.27197802,open,2021-07-06T13:58:00Z,99,265,0,364,364,24281[Hauptbahnhof Süd],2021-07-06T14:02:02.387Z
0.66625464,open,2021-07-06T13:58:00Z,539,270,0,809,809,24279[Konstabler],2021-07-06T14:02:02.387Z
0.899061,open,2021-07-06T13:58:00Z,383,43,0,426,426,18497[Hauptwache],2021-07-06T14:02:02.387Z
0.46470588,open,2021-07-06T13:58:00Z,316,364,0,680,680,18495[Am Gericht],2021-07-06T14:02:02.387Z
0.24559341,open,2021-07-06T13:58:00Z,209,642,45,896,851,109240[MyZeil],2021-07-06T14:02:02.387Z
0.22167487,open,2021-07-06T13:58:00Z,135,474,0,609,609,18494[Konrad-Adenauer-Straße],2021-07-06T14:02:02.387Z
0.34199134,open,2021-07-06T13:58:00Z,237,456,0,693,693,24278[Karstadt],2021-07-06T14:02:02.387Z
0.94400895,open,2021-07-06T14:18:00Z,843,50,0,893,893,24277[Börse],2021-07-06T14:22:02.883Z
0.34666666,open,2021-07-06T14:18:00Z,52,98,200,350,150,24276[Turmcenter],2021-07-06T14:22:02.883Z
0.4791155,open,2021-07-06T14:18:00Z,195,212,0,407,407,18944[Alte Oper],2021-07-06T14:22:02.883Z
0.23351648,open,2021-07-06T14:18:00Z,85,279,0,364,364,24281[Hauptbahnhof Süd],2021-07-06T14:22:02.883Z
0.6563659,open,2021-07-06T14:18:00Z,531,278,0,809,809,24279[Konstabler],2021-07-06T14:22:02.883Z
0.8826291,open,2021-07-06T14:18:00Z,376,50,0,426,426,18497[Hauptwache],2021-07-06T14:22:02.883Z
0.4617647,open,2021-07-06T14:18:00Z,314,366,0,680,680,18495[Am Gericht],2021-07-06T14:22:02.883Z
0.25029376,open,2021-07-06T14:18:00Z,213,638,45,896,851,109240[MyZeil],2021-07-06T14:22:02.883Z
0.22167487,open,2021-07-06T14:18:00Z,135,474,0,609,609,18494[Konrad-Adenauer-Straße],2021-07-06T14:22:02.883Z
0.32756132,open,2021-07-06T14:18:00Z,227,466,0,693,693,24278[Karstadt],2021-07-06T14:22:02.883Z
0.94400895,open,2021-07-06T14:28:00Z,843,50,0,893,893,24277[Börse],2021-07-06T14:32:02.010Z
0.30666667,open,2021-07-06T14:28:00Z,46,104,200,350,150,24276[Turmcenter],2021-07-06T14:32:02.010Z
0.47665846,open,2021-07-06T14:28:00Z,194,213,0,407,407,18944[Alte Oper],2021-07-06T14:32:02.010Z
0.23076923,open,2021-07-06T14:28:00Z,84,280,0,364,364,24281[Hauptbahnhof Süd],2021-07-06T14:32:02.010Z
0.66625464,open,2021-07-06T14:28:00Z,539,270,0,809,809,24279[Konstabler],2021-07-06T14:32:02.010Z
0.8873239,open,2021-07-06T14:28:00Z,378,48,0,426,426,18497[Hauptwache],2021-07-06T14:32:02.010Z
0.47058824,open,2021-07-06T14:28:00Z,320,360,0,680,680,18495[Am Gericht],2021-07-06T14:32:02.010Z
0.25264394,open,2021-07-06T14:28:00Z,215,636,45,896,851,109240[MyZeil],2021-07-06T14:32:02.010Z
0.22660099,open,2021-07-06T14:28:00Z,138,471,0,609,609,18494[Konrad-Adenauer-Straße],2021-07-06T14:32:02.010Z
0.32900432,open,2021-07-06T14:28:00Z,228,465,0,693,693,24278[Karstadt],2021-07-06T14:32:02.010Z
0.94400895,open,2021-07-06T14:43:00Z,843,50,0,893,893,24277[Börse],2021-07-06T14:47:01.524Z
0.28,open,2021-07-06T14:43:00Z,42,108,200,350,150,24276[Turmcenter],2021-07-06T14:47:01.524Z
0.4938575,open,2021-07-06T14:43:00Z,201,206,0,407,407,18944[Alte Oper],2021-07-06T14:47:01.524Z
0.20054945,open,2021-07-06T14:43:00Z,73,291,0,364,364,24281[Hauptbahnhof Süd],2021-07-06T14:47:01.524Z
0.66131026,open,2021-07-06T14:43:00Z,535,274,0,809,809,24279[Konstabler],2021-07-06T14:47:01.524Z
0.84741783,open,2021-07-06T14:43:00Z,361,65,0,426,426,18497[Hauptwache],2021-07-06T14:47:01.524Z
0.45588234,open,2021-07-06T14:43:00Z,310,370,0,680,680,18495[Am Gericht],2021-07-06T14:47:01.524Z
0.25146887,open,2021-07-06T14:43:00Z,214,637,45,896,851,109240[MyZeil],2021-07-06T14:47:01.524Z
0.22167487,open,2021-07-06T14:43:00Z,135,474,0,609,609,18494[Konrad-Adenauer-Straße],2021-07-06T14:47:01.524Z
0.3145743,open,2021-07-06T14:43:00Z,218,475,0,693,693,24278[Karstadt],2021-07-06T14:47:01.524Z
0.94400895,open,2021-07-06T14:48:00Z,843,50,0,893,893,24277[Börse],2021-07-06T14:52:01.551Z
0.26666668,open,2021-07-06T14:48:00Z,40,110,200,350,150,24276[Turmcenter],2021-07-06T14:52:01.551Z
0.4889435,open,2021-07-06T14:48:00Z,199,208,0,407,407,18944[Alte Oper],2021-07-06T14:52:01.551Z
0.18956044,open,2021-07-06T14:48:00Z,69,295,0,364,364,24281[Hauptbahnhof Süd],2021-07-06T14:52:01.551Z
0.6588381,open,2021-07-06T14:48:00Z,533,276,0,809,809,24279[Konstabler],2021-07-06T14:52:01.551Z
0.842723,open,2021-07-06T14:48:00Z,359,67,0,426,426,18497[Hauptwache],2021-07-06T14:52:01.551Z
0.45294118,open,2021-07-06T14:48:00Z,308,372,0,680,680,18495[Am Gericht],2021-07-06T14:52:01.551Z
0.25499412,open,2021-07-06T14:48:00Z,217,634,45,896,851,109240[MyZeil],2021-07-06T14:52:01.551Z
0.22003284,open,2021-07-06T14:48:00Z,134,475,0,609,609,18494[Konrad-Adenauer-Straße],2021-07-06T14:52:01.551Z
0.31890333,open,2021-07-06T14:48:00Z,221,472,0,693,693,24278[Karstadt],2021-07-06T14:52:01.551Z
0.94400895,open,2021-07-06T15:08:00Z,843,50,0,893,893,24277[Börse],2021-07-06T15:12:01.813Z
0.28666666,open,2021-07-06T15:08:00Z,43,107,200,350,150,24276[Turmcenter],2021-07-06T15:12:01.813Z
0.47420147,open,2021-07-06T15:08:00Z,193,214,0,407,407,18944[Alte Oper],2021-07-06T15:12:01.813Z
0.17857143,open,2021-07-06T15:08:00Z,65,299,0,364,364,24281[Hauptbahnhof Süd],2021-07-06T15:12:01.813Z
0.65760195,open,2021-07-06T15:08:00Z,532,277,0,809,809,24279[Konstabler],2021-07-06T15:12:01.813Z
0.814554,open,2021-07-06T15:08:00Z,347,79,0,426,426,18497[Hauptwache],2021-07-06T15:12:01.813Z
0.43088236,open,2021-07-06T15:08:00Z,293,387,0,680,680,18495[Am Gericht],2021-07-06T15:12:01.813Z
0.25264394,open,2021-07-06T15:08:00Z,215,636,45,896,851,109240[MyZeil],2021-07-06T15:12:01.813Z
0.21182266,open,2021-07-06T15:08:00Z,129,480,0,609,609,18494[Konrad-Adenauer-Straße],2021-07-06T15:12:01.813Z
0.2987013,open,2021-07-06T15:08:00Z,207,486,0,693,693,24278[Karstadt],2021-07-06T15:12:01.813Z
0.94400895,open,2021-07-06T15:34:00Z,843,50,0,893,893,24277[Börse],2021-07-06T15:37:00.212Z
0.17333333,open,2021-07-06T15:34:00Z,26,124,200,350,150,24276[Turmcenter],2021-07-06T15:37:00.212Z
0.43980345,open,2021-07-06T15:34:00Z,179,228,0,407,407,18944[Alte Oper],2021-07-06T15:37:00.212Z
0.14835165,open,2021-07-06T15:34:00Z,54,310,0,364,364,24281[Hauptbahnhof Süd],2021-07-06T15:37:00.212Z
0.631644,open,2021-07-06T15:34:00Z,511,298,0,809,809,24279[Konstabler],2021-07-06T15:37:00.212Z
0.81220657,open,2021-07-06T15:34:00Z,346,80,0,426,426,18497[Hauptwache],2021-07-06T15:37:00.212Z
0.41470587,open,2021-07-06T15:34:00Z,282,398,0,680,680,18495[Am Gericht],2021-07-06T15:37:00.212Z
0.23736781,open,2021-07-06T15:34:00Z,202,649,45,896,851,109240[MyZeil],2021-07-06T15:37:00.212Z
0.21182266,open,2021-07-06T15:34:00Z,129,480,0,609,609,18494[Konrad-Adenauer-Straße],2021-07-06T15:37:00.212Z
0.28138527,open,2021-07-06T15:34:00Z,195,498,0,693,693,24278[Karstadt],2021-07-06T15:37:00.212Z
0.94400895,open,2021-07-06T15:49:00Z,843,50,0,893,893,24277[Börse],2021-07-06T15:52:02.435Z
0.12666667,open,2021-07-06T15:49:00Z,19,131,200,350,150,24276[Turmcenter],2021-07-06T15:52:02.435Z
0.42751843,open,2021-07-06T15:49:00Z,174,233,0,407,407,18944[Alte Oper],2021-07-06T15:52:02.435Z
0.13736264,open,2021-07-06T15:49:00Z,50,314,0,364,364,24281[Hauptbahnhof Süd],2021-07-06T15:52:02.435Z
0.62422746,open,2021-07-06T15:49:00Z,505,304,0,809,809,24279[Konstabler],2021-07-06T15:52:02.435Z
0.8262911,open,2021-07-06T15:49:00Z,352,74,0,426,426,18497[Hauptwache],2021-07-06T15:52:02.435Z
0.3897059,open,2021-07-06T15:49:00Z,265,415,0,680,680,18495[Am Gericht],2021-07-06T15:52:02.435Z
0.22914219,open,2021-07-06T15:49:00Z,195,656,45,896,851,109240[MyZeil],2021-07-06T15:52:02.435Z
0.20032841,open,2021-07-06T15:49:00Z,122,487,0,609,609,18494[Konrad-Adenauer-Straße],2021-07-06T15:52:02.435Z
0.24819624,open,2021-07-06T15:49:00Z,172,521,0,693,693,24278[Karstadt],2021-07-06T15:52:02.435Z
0.94400895,open,2021-07-06T16:09:00Z,843,50,0,893,893,24277[Börse],2021-07-06T16:12:00.324Z
0.06,open,2021-07-06T16:09:00Z,9,141,200,350,150,24276[Turmcenter],2021-07-06T16:12:00.324Z
0.4029484,open,2021-07-06T16:09:00Z,164,243,0,407,407,18944[Alte Oper],2021-07-06T16:12:00.324Z
0.12637363,open,2021-07-06T16:09:00Z,46,318,0,364,364,24281[Hauptbahnhof Süd],2021-07-06T16:12:00.324Z
0.6229913,open,2021-07-06T16:09:00Z,504,305,0,809,809,24279[Konstabler],2021-07-06T16:12:00.324Z
0.842723,open,2021-07-06T16:09:00Z,359,67,0,426,426,18497[Hauptwache],2021-07-06T16:12:00.324Z
0.37941176,open,2021-07-06T16:09:00Z,258,422,0,680,680,18495[Am Gericht],2021-07-06T16:12:00.324Z
0.23384254,open,2021-07-06T16:09:00Z,199,652,45,896,851,109240[MyZeil],2021-07-06T16:12:00.324Z
0.1954023,open,2021-07-06T16:09:00Z,119,490,0,609,609,18494[Konrad-Adenauer-Straße],2021-07-06T16:12:00.324Z
0.22799423,open,2021-07-06T16:09:00Z,158,535,0,693,693,24278[Karstadt],2021-07-06T16:12:00.324Z
0.94400895,open,2021-07-06T16:50:00Z,843,50,0,893,893,24277[Börse],2021-07-06T16:52:01.558Z
0,open,2021-07-06T16:50:00Z,0,200,150,350,200,24276[Turmcenter],2021-07-06T16:52:01.558Z
0.31695333,open,2021-07-06T16:50:00Z,129,278,0,407,407,18944[Alte Oper],2021-07-06T16:52:01.558Z
0.07692308,open,2021-07-06T16:50:00Z,28,336,0,364,364,24281[Hauptbahnhof Süd],2021-07-06T16:52:01.558Z
0.56613106,open,2021-07-06T16:50:00Z,458,351,0,809,809,24279[Konstabler],2021-07-06T16:52:01.558Z
0.80751175,open,2021-07-06T16:50:00Z,344,82,0,426,426,18497[Hauptwache],2021-07-06T16:52:01.558Z
0.33970588,open,2021-07-06T16:50:00Z,231,449,0,680,680,18495[Am Gericht],2021-07-06T16:52:01.558Z
0.19388954,open,2021-07-06T16:50:00Z,165,686,45,896,851,109240[MyZeil],2021-07-06T16:52:01.558Z
0.18883416,open,2021-07-06T16:50:00Z,115,494,0,609,609,18494[Konrad-Adenauer-Straße],2021-07-06T16:52:01.558Z
0.16883117,open,2021-07-06T16:50:00Z,117,576,0,693,693,24278[Karstadt],2021-07-06T16:52:01.558Z
0.94400895,open,2021-07-06T17:05:00Z,843,50,0,893,893,24277[Börse],2021-07-06T17:07:01.025Z
0.005,open,2021-07-06T17:05:00Z,1,199,150,350,200,24276[Turmcenter],2021-07-06T17:07:01.025Z
0.27764127,open,2021-07-06T17:05:00Z,113,294,0,407,407,18944[Alte Oper],2021-07-06T17:07:01.025Z
0.08791209,open,2021-07-06T17:05:00Z,32,332,0,364,364,24281[Hauptbahnhof Süd],2021-07-06T17:07:01.025Z
0.5426452,open,2021-07-06T17:05:00Z,439,370,0,809,809,24279[Konstabler],2021-07-06T17:07:01.025Z
0.7652582,open,2021-07-06T17:05:00Z,326,100,0,426,426,18497[Hauptwache],2021-07-06T17:07:01.025Z
0.32352942,open,2021-07-06T17:05:00Z,220,460,0,680,680,18495[Am Gericht],2021-07-06T17:07:01.025Z
0.19858989,open,2021-07-06T17:05:00Z,169,682,45,896,851,109240[MyZeil],2021-07-06T17:07:01.025Z
0.18390805,open,2021-07-06T17:05:00Z,112,497,0,609,609,18494[Konrad-Adenauer-Straße],2021-07-06T17:07:01.025Z
0.14430015,open,2021-07-06T17:05:00Z,100,593,0,693,693,24278[Karstadt],2021-07-06T17:07:01.025Z
0.94400895,open,2021-07-06T17:30:00Z,843,50,0,893,893,24277[Börse],2021-07-06T17:32:00.696Z
0.025,open,2021-07-06T17:30:00Z,5,195,150,350,200,24276[Turmcenter],2021-07-06T17:32:00.696Z
0.25307125,open,2021-07-06T17:30:00Z,103,304,0,407,407,18944[Alte Oper],2021-07-06T17:32:00.696Z
0.082417585,open,2021-07-06T17:30:00Z,30,334,0,364,364,24281[Hauptbahnhof Süd],2021-07-06T17:32:00.696Z
0.4894932,open,2021-07-06T17:30:00Z,396,413,0,809,809,24279[Konstabler],2021-07-06T17:32:00.696Z
0.7300469,open,2021-07-06T17:30:00Z,311,115,0,426,426,18497[Hauptwache],2021-07-06T17:32:00.696Z
0.29411766,open,2021-07-06T17:30:00Z,200,480,0,680,680,18495[Am Gericht],2021-07-06T17:32:00.696Z
0.19388954,open,2021-07-06T17:30:00Z,165,686,45,896,851,109240[MyZeil],2021-07-06T17:32:00.696Z
0.15599343,open,2021-07-06T17:30:00Z,95,514,0,609,609,18494[Konrad-Adenauer-Straße],2021-07-06T17:32:00.696Z
0.096681096,open,2021-07-06T17:30:00Z,67,626,0,693,693,24278[Karstadt],2021-07-06T17:32:00.696Z
0.94400895,open,2021-07-06T17:40:00Z,843,50,0,893,893,24277[Börse],2021-07-06T17:42:00.319Z
0.025,open,2021-07-06T17:40:00Z,5,195,150,350,200,24276[Turmcenter],2021-07-06T17:42:00.319Z
0.25061426,open,2021-07-06T17:40:00Z,102,305,0,407,407,18944[Alte Oper],2021-07-06T17:42:00.319Z
0.071428575,open,2021-07-06T17:40:00Z,26,338,0,364,364,24281[Hauptbahnhof Süd],2021-07-06T17:42:00.319Z
0.47466007,open,2021-07-06T17:40:00Z,384,425,0,809,809,24279[Konstabler],2021-07-06T17:42:00.319Z
0.7112676,open,2021-07-06T17:40:00Z,303,123,0,426,426,18497[Hauptwache],2021-07-06T17:42:00.319Z
0.2867647,open,2021-07-06T17:40:00Z,195,485,0,680,680,18495[Am Gericht],2021-07-06T17:42:00.319Z
0.18213867,open,2021-07-06T17:40:00Z,155,696,45,896,851,109240[MyZeil],2021-07-06T17:42:00.319Z
0.13300492,open,2021-07-06T17:40:00Z,81,528,0,609,609,18494[Konrad-Adenauer-Straße],2021-07-06T17:42:00.319Z
0,closed,2021-07-06T17:40:00Z,,626,0,0,0,24278[Karstadt],2021-07-06T17:42:00.319Z
0.94400895,open,2021-07-06T17:56:00Z,843,50,0,893,893,24277[Börse],2021-07-06T17:57:01.808Z
0.02,open,2021-07-06T17:56:00Z,4,196,150,350,200,24276[Turmcenter],2021-07-06T17:57:01.808Z
0.24815725,open,2021-07-06T17:56:00Z,101,306,0,407,407,18944[Alte Oper],2021-07-06T17:57:01.808Z
0.07417583,open,2021-07-06T17:56:00Z,27,337,0,364,364,24281[Hauptbahnhof Süd],2021-07-06T17:57:01.808Z
0.4499382,open,2021-07-06T17:56:00Z,364,445,0,809,809,24279[Konstabler],2021-07-06T17:57:01.808Z
0.69248825,open,2021-07-06T17:56:00Z,295,131,0,426,426,18497[Hauptwache],2021-07-06T17:57:01.808Z
0.27941176,open,2021-07-06T17:56:00Z,190,490,0,680,680,18495[Am Gericht],2021-07-06T17:57:01.808Z
0.1574618,open,2021-07-06T17:56:00Z,134,717,45,896,851,109240[MyZeil],2021-07-06T17:57:01.808Z
0.13464697,open,2021-07-06T17:56:00Z,82,527,0,609,609,18494[Konrad-Adenauer-Straße],2021-07-06T17:57:01.808Z
0,closed,2021-07-06T17:56:00Z,,626,0,0,0,24278[Karstadt],2021-07-06T17:57:01.808Z
0.94400895,open,2021-07-06T18:21:00Z,843,50,0,893,893,24277[Börse],2021-07-06T18:22:01.016Z
0.015,open,2021-07-06T18:21:00Z,3,197,150,350,200,24276[Turmcenter],2021-07-06T18:22:01.016Z
0.23341523,open,2021-07-06T18:21:00Z,95,312,0,407,407,18944[Alte Oper],2021-07-06T18:22:01.016Z
0.06593407,open,2021-07-06T18:21:00Z,24,340,0,364,364,24281[Hauptbahnhof Süd],2021-07-06T18:22:01.016Z
0.39307788,open,2021-07-06T18:21:00Z,318,491,0,809,809,24279[Konstabler],2021-07-06T18:22:01.016Z
0.6619718,open,2021-07-06T18:21:00Z,282,144,0,426,426,18497[Hauptwache],2021-07-06T18:22:01.016Z
0.26764706,open,2021-07-06T18:21:00Z,182,498,0,680,680,18495[Am Gericht],2021-07-06T18:22:01.016Z
0.14336075,open,2021-07-06T18:21:00Z,122,729,45,896,851,109240[MyZeil],2021-07-06T18:22:01.016Z
0.124794744,open,2021-07-06T18:21:00Z,76,533,0,609,609,18494[Konrad-Adenauer-Straße],2021-07-06T18:22:01.016Z
0,closed,2021-07-06T18:21:00Z,,626,0,0,0,24278[Karstadt],2021-07-06T18:22:01.016Z
0.94400895,open,2021-07-06T18:41:00Z,843,50,0,893,893,24277[Börse],2021-07-06T18:42:02.385Z
0.025,open,2021-07-06T18:41:00Z,5,195,150,350,200,24276[Turmcenter],2021-07-06T18:42:02.385Z
0.2063882,open,2021-07-06T18:41:00Z,84,323,0,407,407,18944[Alte Oper],2021-07-06T18:42:02.385Z
0.06593407,open,2021-07-06T18:41:00Z,24,340,0,364,364,24281[Hauptbahnhof Süd],2021-07-06T18:42:02.385Z
0.3695921,open,2021-07-06T18:41:00Z,299,510,0,809,809,24279[Konstabler],2021-07-06T18:42:02.385Z
0.64084506,open,2021-07-06T18:41:00Z,273,153,0,426,426,18497[Hauptwache],2021-07-06T18:42:02.385Z
0.2485294,open,2021-07-06T18:41:00Z,169,511,0,680,680,18495[Am Gericht],2021-07-06T18:42:02.385Z
0.13513513,open,2021-07-06T18:41:00Z,115,736,45,896,851,109240[MyZeil],2021-07-06T18:42:02.385Z
0.12315271,open,2021-07-06T18:41:00Z,75,534,0,609,609,18494[Konrad-Adenauer-Straße],2021-07-06T18:42:02.385Z
0,closed,2021-07-06T18:41:00Z,,626,0,0,0,24278[Karstadt],2021-07-06T18:42:02.385Z
0.94400895,open,2021-07-06T19:07:00Z,843,50,0,893,893,24277[Börse],2021-07-06T19:12:01.636Z
0.04,open,2021-07-06T19:07:00Z,8,192,150,350,200,24276[Turmcenter],2021-07-06T19:12:01.636Z
0.17199017,open,2021-07-06T19:07:00Z,70,337,0,407,407,18944[Alte Oper],2021-07-06T19:12:01.636Z
0.06318682,open,2021-07-06T19:07:00Z,23,341,0,364,364,24281[Hauptbahnhof Süd],2021-07-06T19:12:01.636Z
0.36093944,open,2021-07-06T19:07:00Z,292,517,0,809,809,24279[Konstabler],2021-07-06T19:12:01.636Z
0.62676054,open,2021-07-06T19:07:00Z,267,159,0,426,426,18497[Hauptwache],2021-07-06T19:12:01.636Z
0.23529412,open,2021-07-06T19:07:00Z,160,520,0,680,680,18495[Am Gericht],2021-07-06T19:12:01.636Z
0.12690952,open,2021-07-06T19:07:00Z,108,743,45,896,851,109240[MyZeil],2021-07-06T19:12:01.636Z
0.124794744,open,2021-07-06T19:07:00Z,76,533,0,609,609,18494[Konrad-Adenauer-Straße],2021-07-06T19:12:01.636Z
0,closed,2021-07-06T19:07:00Z,,626,0,0,0,24278[Karstadt],2021-07-06T19:12:01.636Z
0.94400895,open,2021-07-06T19:22:00Z,843,50,0,893,893,24277[Börse],2021-07-06T19:27:01.601Z
0.025,open,2021-07-06T19:22:00Z,5,195,150,350,200,24276[Turmcenter],2021-07-06T19:27:01.601Z
0.15724815,open,2021-07-06T19:22:00Z,64,343,0,407,407,18944[Alte Oper],2021-07-06T19:27:01.601Z
0.06043956,open,2021-07-06T19:22:00Z,22,342,0,364,364,24281[Hauptbahnhof Süd],2021-07-06T19:27:01.601Z
0.36093944,open,2021-07-06T19:22:00Z,292,517,0,809,809,24279[Konstabler],2021-07-06T19:27:01.601Z
0.6150235,open,2021-07-06T19:22:00Z,262,164,0,426,426,18497[Hauptwache],2021-07-06T19:27:01.601Z
0.22941177,open,2021-07-06T19:22:00Z,156,524,0,680,680,18495[Am Gericht],2021-07-06T19:27:01.601Z
0.12220917,open,2021-07-06T19:22:00Z,104,747,45,896,851,109240[MyZeil],2021-07-06T19:27:01.601Z
0.12643678,open,2021-07-06T19:22:00Z,77,532,0,609,609,18494[Konrad-Adenauer-Straße],2021-07-06T19:27:01.601Z
0,closed,2021-07-06T19:22:00Z,,626,0,0,0,24278[Karstadt],2021-07-06T19:27:01.601Z
0.94400895,open,2021-07-06T19:27:00Z,843,50,0,893,893,24277[Börse],2021-07-06T19:32:01.498Z
0.02,open,2021-07-06T19:27:00Z,4,196,150,350,200,24276[Turmcenter],2021-07-06T19:32:01.498Z
0.15479116,open,2021-07-06T19:27:00Z,63,344,0,407,407,18944[Alte Oper],2021-07-06T19:32:01.498Z
0.06043956,open,2021-07-06T19:27:00Z,22,342,0,364,364,24281[Hauptbahnhof Süd],2021-07-06T19:32:01.498Z
0.35723114,open,2021-07-06T19:27:00Z,289,520,0,809,809,24279[Konstabler],2021-07-06T19:32:01.498Z
0.6103286,open,2021-07-06T19:27:00Z,260,166,0,426,426,18497[Hauptwache],2021-07-06T19:32:01.498Z
0.22941177,open,2021-07-06T19:27:00Z,156,524,0,680,680,18495[Am Gericht],2021-07-06T19:32:01.498Z
0.12103408,open,2021-07-06T19:27:00Z,103,748,45,896,851,109240[MyZeil],2021-07-06T19:32:01.498Z
0.12315271,open,2021-07-06T19:27:00Z,75,534,0,609,609,18494[Konrad-Adenauer-Straße],2021-07-06T19:32:01.498Z
0,closed,2021-07-06T19:27:00Z,,626,0,0,0,24278[Karstadt],2021-07-06T19:32:01.498Z
0.94400895,open,2021-07-06T19:38:00Z,843,50,0,893,893,24277[Börse],2021-07-06T19:42:02.255Z
0.005,open,2021-07-06T19:38:00Z,1,199,150,350,200,24276[Turmcenter],2021-07-06T19:42:02.255Z
0.14742015,open,2021-07-06T19:38:00Z,60,347,0,407,407,18944[Alte Oper],2021-07-06T19:42:02.255Z
0.06043956,open,2021-07-06T19:38:00Z,22,342,0,364,364,24281[Hauptbahnhof Süd],2021-07-06T19:42:02.255Z
0.35475895,open,2021-07-06T19:38:00Z,287,522,0,809,809,24279[Konstabler],2021-07-06T19:42:02.255Z
0.6056338,open,2021-07-06T19:38:00Z,258,168,0,426,426,18497[Hauptwache],2021-07-06T19:42:02.255Z
0.22941177,open,2021-07-06T19:38:00Z,156,524,0,680,680,18495[Am Gericht],2021-07-06T19:42:02.255Z
0.12220917,open,2021-07-06T19:38:00Z,104,747,45,896,851,109240[MyZeil],2021-07-06T19:42:02.255Z
0.113300495,open,2021-07-06T19:38:00Z,69,540,0,609,609,18494[Konrad-Adenauer-Straße],2021-07-06T19:42:02.255Z
0,closed,2021-07-06T19:38:00Z,,626,0,0,0,24278[Karstadt],2021-07-06T19:42:02.255Z
0.94400895,open,2021-07-06T19:53:00Z,843,50,0,893,893,24277[Börse],2021-07-06T19:57:01.295Z
0,open,2021-07-06T19:53:00Z,0,200,150,350,200,24276[Turmcenter],2021-07-06T19:57:01.295Z
0.13267814,open,2021-07-06T19:53:00Z,54,353,0,407,407,18944[Alte Oper],2021-07-06T19:57:01.295Z
0.06043956,open,2021-07-06T19:53:00Z,22,342,0,364,364,24281[Hauptbahnhof Süd],2021-07-06T19:57:01.295Z
0.3498146,open,2021-07-06T19:53:00Z,283,526,0,809,809,24279[Konstabler],2021-07-06T19:57:01.295Z
0.6032864,open,2021-07-06T19:53:00Z,257,169,0,426,426,18497[Hauptwache],2021-07-06T19:57:01.295Z
0.23382352,open,2021-07-06T19:53:00Z,159,521,0,680,680,18495[Am Gericht],2021-07-06T19:57:01.295Z
0.11985899,open,2021-07-06T19:53:00Z,102,749,45,896,851,109240[MyZeil],2021-07-06T19:57:01.295Z
0.11001642,open,2021-07-06T19:53:00Z,67,542,0,609,609,18494[Konrad-Adenauer-Straße],2021-07-06T19:57:01.295Z
0,closed,2021-07-06T19:53:00Z,,626,0,0,0,24278[Karstadt],2021-07-06T19:57:01.295Z
0.94400895,open,2021-07-06T20:14:00Z,843,50,0,893,893,24277[Börse],2021-07-06T20:17:02.492Z
0,open,2021-07-06T20:14:00Z,0,200,150,350,200,24276[Turmcenter],2021-07-06T20:17:02.492Z
0.11056511,open,2021-07-06T20:14:00Z,45,362,0,407,407,18944[Alte Oper],2021-07-06T20:17:02.492Z
0.06043956,open,2021-07-06T20:14:00Z,22,342,0,364,364,24281[Hauptbahnhof Süd],2021-07-06T20:17:02.492Z
0.33868974,open,2021-07-06T20:14:00Z,274,535,0,809,809,24279[Konstabler],2021-07-06T20:17:02.492Z
0.5915493,open,2021-07-06T20:14:00Z,252,174,0,426,426,18497[Hauptwache],2021-07-06T20:17:02.492Z
0.23088235,open,2021-07-06T20:14:00Z,157,523,0,680,680,18495[Am Gericht],2021-07-06T20:17:02.492Z
0.11633372,open,2021-07-06T20:14:00Z,99,752,45,896,851,109240[MyZeil],2021-07-06T20:17:02.492Z
0.100164205,open,2021-07-06T20:14:00Z,61,548,0,609,609,18494[Konrad-Adenauer-Straße],2021-07-06T20:17:02.492Z
0,closed,2021-07-06T20:14:00Z,,626,0,0,0,24278[Karstadt],2021-07-06T20:17:02.492Z
0.94400895,open,2021-07-06T20:29:00Z,843,50,0,893,893,24277[Börse],2021-07-06T20:32:00.053Z
0,open,2021-07-06T20:29:00Z,0,200,150,350,200,24276[Turmcenter],2021-07-06T20:32:00.053Z
0.1056511,open,2021-07-06T20:29:00Z,43,364,0,407,407,18944[Alte Oper],2021-07-06T20:32:00.053Z
0.04945055,open,2021-07-06T20:29:00Z,18,346,0,364,364,24281[Hauptbahnhof Süd],2021-07-06T20:32:00.053Z
0.3275649,open,2021-07-06T20:29:00Z,265,544,0,809,809,24279[Konstabler],2021-07-06T20:32:00.053Z
0.57276994,open,2021-07-06T20:29:00Z,244,182,0,426,426,18497[Hauptwache],2021-07-06T20:32:00.053Z
0.22941177,open,2021-07-06T20:29:00Z,156,524,0,680,680,18495[Am Gericht],2021-07-06T20:32:00.053Z
0.11515864,open,2021-07-06T20:29:00Z,98,753,45,896,851,109240[MyZeil],2021-07-06T20:32:00.053Z
0.100164205,open,2021-07-06T20:29:00Z,61,548,0,609,609,18494[Konrad-Adenauer-Straße],2021-07-06T20:32:00.053Z
0,closed,2021-07-06T20:29:00Z,,626,0,0,0,24278[Karstadt],2021-07-06T20:32:00.053Z
0.94400895,open,2021-07-06T20:39:00Z,843,50,0,893,893,24277[Börse],2021-07-06T20:42:02.398Z
0,open,2021-07-06T20:39:00Z,0,200,150,350,200,24276[Turmcenter],2021-07-06T20:42:02.398Z
0.1031941,open,2021-07-06T20:39:00Z,42,365,0,407,407,18944[Alte Oper],2021-07-06T20:42:02.398Z
0.04945055,open,2021-07-06T20:39:00Z,18,346,0,364,364,24281[Hauptbahnhof Süd],2021-07-06T20:42:02.398Z
0.3250927,open,2021-07-06T20:39:00Z,263,546,0,809,809,24279[Konstabler],2021-07-06T20:42:02.398Z
0.57042253,open,2021-07-06T20:39:00Z,243,183,0,426,426,18497[Hauptwache],2021-07-06T20:42:02.398Z
0.22794117,open,2021-07-06T20:39:00Z,155,525,0,680,680,18495[Am Gericht],2021-07-06T20:42:02.398Z
0.111633375,open,2021-07-06T20:39:00Z,95,756,45,896,851,109240[MyZeil],2021-07-06T20:42:02.398Z
0.098522164,open,2021-07-06T20:39:00Z,60,549,0,609,609,18494[Konrad-Adenauer-Straße],2021-07-06T20:42:02.398Z
0,closed,2021-07-06T20:39:00Z,,626,0,0,0,24278[Karstadt],2021-07-06T20:42:02.398Z
0.94400895,open,2021-07-06T20:49:00Z,843,50,0,893,893,24277[Börse],2021-07-06T20:52:01.653Z
0,open,2021-07-06T20:49:00Z,0,200,150,350,200,24276[Turmcenter],2021-07-06T20:52:01.653Z
0.09090909,open,2021-07-06T20:49:00Z,37,370,0,407,407,18944[Alte Oper],2021-07-06T20:52:01.653Z
0.052197803,open,2021-07-06T20:49:00Z,19,345,0,364,364,24281[Hauptbahnhof Süd],2021-07-06T20:52:01.653Z
0.3226205,open,2021-07-06T20:49:00Z,261,548,0,809,809,24279[Konstabler],2021-07-06T20:52:01.653Z
0.5680751,open,2021-07-06T20:49:00Z,242,184,0,426,426,18497[Hauptwache],2021-07-06T20:52:01.653Z
0.22352941,open,2021-07-06T20:49:00Z,152,528,0,680,680,18495[Am Gericht],2021-07-06T20:52:01.653Z
0.111633375,open,2021-07-06T20:49:00Z,95,756,45,896,851,109240[MyZeil],2021-07-06T20:52:01.653Z
0.0952381,open,2021-07-06T20:49:00Z,58,551,0,609,609,18494[Konrad-Adenauer-Straße],2021-07-06T20:52:01.653Z
0,closed,2021-07-06T20:49:00Z,,626,0,0,0,24278[Karstadt],2021-07-06T20:52:01.653Z
0.94400895,open,2021-07-06T21:05:00Z,843,50,0,893,893,24277[Börse],2021-07-06T21:07:00.360Z
0,open,2021-07-06T21:05:00Z,0,200,150,350,200,24276[Turmcenter],2021-07-06T21:07:00.360Z
0.07371008,open,2021-07-06T21:05:00Z,30,377,0,407,407,18944[Alte Oper],2021-07-06T21:07:00.360Z
0.052197803,open,2021-07-06T21:05:00Z,19,345,0,364,364,24281[Hauptbahnhof Süd],2021-07-06T21:07:00.360Z
0.32138443,open,2021-07-06T21:05:00Z,260,549,0,809,809,24279[Konstabler],2021-07-06T21:07:00.360Z
0.5516432,open,2021-07-06T21:05:00Z,235,191,0,426,426,18497[Hauptwache],2021-07-06T21:07:00.360Z
0.22205882,open,2021-07-06T21:05:00Z,151,529,0,680,680,18495[Am Gericht],2021-07-06T21:07:00.360Z
0.109283194,open,2021-07-06T21:05:00Z,93,758,45,896,851,109240[MyZeil],2021-07-06T21:07:00.360Z
0.09031199,open,2021-07-06T21:05:00Z,55,554,0,609,609,18494[Konrad-Adenauer-Straße],2021-07-06T21:07:00.360Z
0,closed,2021-07-06T21:05:00Z,,626,0,0,0,24278[Karstadt],2021-07-06T21:07:00.360Z
0.94400895,open,2021-07-06T21:25:00Z,843,50,0,893,893,24277[Börse],2021-07-06T21:27:01.295Z
0,open,2021-07-06T21:25:00Z,0,200,150,350,200,24276[Turmcenter],2021-07-06T21:27:01.295Z
0.054054055,open,2021-07-06T21:25:00Z,22,385,0,407,407,18944[Alte Oper],2021-07-06T21:27:01.295Z
0.04945055,open,2021-07-06T21:25:00Z,18,346,0,364,364,24281[Hauptbahnhof Süd],2021-07-06T21:27:01.295Z
0.3090235,open,2021-07-06T21:25:00Z,250,559,0,809,809,24279[Konstabler],2021-07-06T21:27:01.295Z
0.5422535,open,2021-07-06T21:25:00Z,231,195,0,426,426,18497[Hauptwache],2021-07-06T21:27:01.295Z
0.22352941,open,2021-07-06T21:25:00Z,152,528,0,680,680,18495[Am Gericht],2021-07-06T21:27:01.295Z
0.10575793,open,2021-07-06T21:25:00Z,90,761,45,896,851,109240[MyZeil],2021-07-06T21:27:01.295Z
0.08866995,open,2021-07-06T21:25:00Z,54,555,0,609,609,18494[Konrad-Adenauer-Straße],2021-07-06T21:27:01.295Z
0,closed,2021-07-06T21:25:00Z,,626,0,0,0,24278[Karstadt],2021-07-06T21:27:01.295Z
0.94400895,open,2021-07-06T21:40:00Z,843,50,0,893,893,24277[Börse],2021-07-06T21:42:02.670Z
0,open,2021-07-06T21:40:00Z,0,200,150,350,200,24276[Turmcenter],2021-07-06T21:42:02.670Z
0.044226043,open,2021-07-06T21:40:00Z,18,389,0,407,407,18944[Alte Oper],2021-07-06T21:42:02.670Z
0.04945055,open,2021-07-06T21:40:00Z,18,346,0,364,364,24281[Hauptbahnhof Süd],2021-07-06T21:42:02.670Z
0.3077874,open,2021-07-06T21:40:00Z,249,560,0,809,809,24279[Konstabler],2021-07-06T21:42:02.670Z
0.5422535,open,2021-07-06T21:40:00Z,231,195,0,426,426,18497[Hauptwache],2021-07-06T21:42:02.670Z
0.22352941,open,2021-07-06T21:40:00Z,152,528,0,680,680,18495[Am Gericht],2021-07-06T21:42:02.670Z
0.10575793,open,2021-07-06T21:40:00Z,90,761,45,896,851,109240[MyZeil],2021-07-06T21:42:02.670Z
0.08538588,open,2021-07-06T21:40:00Z,52,557,0,609,609,18494[Konrad-Adenauer-Straße],2021-07-06T21:42:02.670Z
0,closed,2021-07-06T21:40:00Z,,626,0,0,0,24278[Karstadt],2021-07-06T21:42:02.670Z
0.94400895,open,2021-07-06T21:51:00Z,843,50,0,893,893,24277[Börse],2021-07-06T21:52:01.999Z
0,open,2021-07-06T21:51:00Z,0,200,150,350,200,24276[Turmcenter],2021-07-06T21:52:01.999Z
0.046683047,open,2021-07-06T21:51:00Z,19,388,0,407,407,18944[Alte Oper],2021-07-06T21:52:01.999Z
0.04945055,open,2021-07-06T21:51:00Z,18,346,0,364,364,24281[Hauptbahnhof Süd],2021-07-06T21:52:01.999Z
0.29666254,open,2021-07-06T21:51:00Z,240,569,0,809,809,24279[Konstabler],2021-07-06T21:52:01.999Z
0.53286386,open,2021-07-06T21:51:00Z,227,199,0,426,426,18497[Hauptwache],2021-07-06T21:52:01.999Z
0.22352941,open,2021-07-06T21:51:00Z,152,528,0,680,680,18495[Am Gericht],2021-07-06T21:52:01.999Z
0.103407755,open,2021-07-06T21:51:00Z,88,763,45,896,851,109240[MyZeil],2021-07-06T21:52:01.999Z
0.0771757,open,2021-07-06T21:51:00Z,47,562,0,609,609,18494[Konrad-Adenauer-Straße],2021-07-06T21:52:01.999Z
0,closed,2021-07-06T21:51:00Z,,626,0,0,0,24278[Karstadt],2021-07-06T21:52:01.999Z
0.94400895,open,2021-07-06T22:11:00Z,843,50,0,893,893,24277[Börse],2021-07-06T22:12:00.570Z
0,open,2021-07-06T22:11:00Z,0,200,150,350,200,24276[Turmcenter],2021-07-06T22:12:00.570Z
0.027027028,open,2021-07-06T22:11:00Z,11,396,0,407,407,18944[Alte Oper],2021-07-06T22:12:00.570Z
0.04945055,open,2021-07-06T22:11:00Z,18,346,0,364,364,24281[Hauptbahnhof Süd],2021-07-06T22:12:00.570Z
0.27812114,open,2021-07-06T22:11:00Z,225,584,0,809,809,24279[Konstabler],2021-07-06T22:12:00.570Z
0.5117371,open,2021-07-06T22:11:00Z,218,208,0,426,426,18497[Hauptwache],2021-07-06T22:12:00.570Z
0,closed,2021-07-06T22:11:00Z,,528,0,0,0,18495[Am Gericht],2021-07-06T22:12:00.570Z
0.103407755,open,2021-07-06T22:11:00Z,88,763,45,896,851,109240[MyZeil],2021-07-06T22:12:00.570Z
0.07553366,open,2021-07-06T22:11:00Z,46,563,0,609,609,18494[Konrad-Adenauer-Straße],2021-07-06T22:12:00.570Z
0,closed,2021-07-06T22:11:00Z,,626,0,0,0,24278[Karstadt],2021-07-06T22:12:00.570Z
0.94400895,open,2021-07-06T22:22:00Z,843,50,0,893,893,24277[Börse],2021-07-06T22:27:00.265Z
0,open,2021-07-06T22:22:00Z,0,200,150,350,200,24276[Turmcenter],2021-07-06T22:27:00.265Z
0.027027028,open,2021-07-06T22:22:00Z,11,396,0,407,407,18944[Alte Oper],2021-07-06T22:27:00.265Z
0.04945055,open,2021-07-06T22:22:00Z,18,346,0,364,364,24281[Hauptbahnhof Süd],2021-07-06T22:27:00.265Z
0.27812114,open,2021-07-06T22:22:00Z,225,584,0,809,809,24279[Konstabler],2021-07-06T22:27:00.265Z
0.49295774,open,2021-07-06T22:22:00Z,210,216,0,426,426,18497[Hauptwache],2021-07-06T22:27:00.265Z
0,closed,2021-07-06T22:22:00Z,,528,0,0,0,18495[Am Gericht],2021-07-06T22:27:00.265Z
0.102232665,open,2021-07-06T22:22:00Z,87,764,45,896,851,109240[MyZeil],2021-07-06T22:27:00.265Z
0.07553366,open,2021-07-06T22:22:00Z,46,563,0,609,609,18494[Konrad-Adenauer-Straße],2021-07-06T22:27:00.265Z
0,closed,2021-07-06T22:22:00Z,,626,0,0,0,24278[Karstadt],2021-07-06T22:27:00.265Z
0.94400895,open,2021-07-06T22:37:00Z,843,50,0,893,893,24277[Börse],2021-07-06T22:42:02.990Z
0,open,2021-07-06T22:37:00Z,0,200,150,350,200,24276[Turmcenter],2021-07-06T22:42:02.990Z
0.14987715,open,2021-07-06T22:37:00Z,61,346,0,407,407,18944[Alte Oper],2021-07-06T22:42:02.990Z
0.046703298,open,2021-07-06T22:37:00Z,17,347,0,364,364,24281[Hauptbahnhof Süd],2021-07-06T22:42:02.990Z
0.27688503,open,2021-07-06T22:37:00Z,224,585,0,809,809,24279[Konstabler],2021-07-06T22:42:02.990Z
0.48591548,open,2021-07-06T22:37:00Z,207,219,0,426,426,18497[Hauptwache],2021-07-06T22:42:02.990Z
0,closed,2021-07-06T22:37:00Z,,528,0,0,0,18495[Am Gericht],2021-07-06T22:42:02.990Z
0.102232665,open,2021-07-06T22:37:00Z,87,764,45,896,851,109240[MyZeil],2021-07-06T22:42:02.990Z
0.07553366,open,2021-07-06T22:37:00Z,46,563,0,609,609,18494[Konrad-Adenauer-Straße],2021-07-06T22:42:02.990Z
0,closed,2021-07-06T22:37:00Z,,626,0,0,0,24278[Karstadt],2021-07-06T22:42:02.990Z
0.94400895,open,2021-07-06T22:47:00Z,843,50,0,893,893,24277[Börse],2021-07-06T22:52:01.136Z
0,open,2021-07-06T22:47:00Z,0,200,150,350,200,24276[Turmcenter],2021-07-06T22:52:01.136Z
0.14742015,open,2021-07-06T22:47:00Z,60,347,0,407,407,18944[Alte Oper],2021-07-06T22:52:01.136Z
0.046703298,open,2021-07-06T22:47:00Z,17,347,0,364,364,24281[Hauptbahnhof Süd],2021-07-06T22:52:01.136Z
0.27564895,open,2021-07-06T22:47:00Z,223,586,0,809,809,24279[Konstabler],2021-07-06T22:52:01.136Z
0.48356807,open,2021-07-06T22:47:00Z,206,220,0,426,426,18497[Hauptwache],2021-07-06T22:52:01.136Z
0,closed,2021-07-06T22:47:00Z,,528,0,0,0,18495[Am Gericht],2021-07-06T22:52:01.136Z
0.102232665,open,2021-07-06T22:47:00Z,87,764,45,896,851,109240[MyZeil],2021-07-06T22:52:01.136Z
0.073891625,open,2021-07-06T22:47:00Z,45,564,0,609,609,18494[Konrad-Adenauer-Straße],2021-07-06T22:52:01.136Z
0,closed,2021-07-06T22:47:00Z,,626,0,0,0,24278[Karstadt],2021-07-06T22:52:01.136Z
0.94400895,open,2021-07-06T23:02:00Z,843,50,0,893,893,24277[Börse],2021-07-06T23:07:01.422Z
0,open,2021-07-06T23:02:00Z,0,200,150,350,200,24276[Turmcenter],2021-07-06T23:07:01.422Z
0.14496315,open,2021-07-06T23:02:00Z,59,348,0,407,407,18944[Alte Oper],2021-07-06T23:07:01.422Z
0.046703298,open,2021-07-06T23:02:00Z,17,347,0,364,364,24281[Hauptbahnhof Süd],2021-07-06T23:07:01.422Z
0.27441284,open,2021-07-06T23:02:00Z,222,587,0,809,809,24279[Konstabler],2021-07-06T23:07:01.422Z
0.47887325,open,2021-07-06T23:02:00Z,204,222,0,426,426,18497[Hauptwache],2021-07-06T23:07:01.422Z
0,closed,2021-07-06T23:02:00Z,,528,0,0,0,18495[Am Gericht],2021-07-06T23:07:01.422Z
0.102232665,open,2021-07-06T23:02:00Z,87,764,45,896,851,109240[MyZeil],2021-07-06T23:07:01.422Z
0.073891625,open,2021-07-06T23:02:00Z,45,564,0,609,609,18494[Konrad-Adenauer-Straße],2021-07-06T23:07:01.422Z
0,closed,2021-07-06T23:02:00Z,,626,0,0,0,24278[Karstadt],2021-07-06T23:07:01.422Z
0.94400895,open,2021-07-06T23:23:00Z,843,50,0,893,893,24277[Börse],2021-07-06T23:27:00.718Z
0,open,2021-07-06T23:23:00Z,0,200,150,350,200,24276[Turmcenter],2021-07-06T23:27:00.718Z
0.13759214,open,2021-07-06T23:23:00Z,56,351,0,407,407,18944[Alte Oper],2021-07-06T23:27:00.718Z
0.046703298,open,2021-07-06T23:23:00Z,17,347,0,364,364,24281[Hauptbahnhof Süd],2021-07-06T23:27:00.718Z
0.27194068,open,2021-07-06T23:23:00Z,220,589,0,809,809,24279[Konstabler],2021-07-06T23:27:00.718Z
0.46948355,open,2021-07-06T23:23:00Z,200,226,0,426,426,18497[Hauptwache],2021-07-06T23:27:00.718Z
0,closed,2021-07-06T23:23:00Z,,528,0,0,0,18495[Am Gericht],2021-07-06T23:27:00.718Z
0.102232665,open,2021-07-06T23:23:00Z,87,764,45,896,851,109240[MyZeil],2021-07-06T23:27:00.718Z
0.07224959,open,2021-07-06T23:23:00Z,44,565,0,609,609,18494[Konrad-Adenauer-Straße],2021-07-06T23:27:00.718Z
0,closed,2021-07-06T23:23:00Z,,626,0,0,0,24278[Karstadt],2021-07-06T23:27:00.718Z
0.94400895,open,2021-07-06T23:33:00Z,843,50,0,893,893,24277[Börse],2021-07-06T23:37:00.520Z
0,open,2021-07-06T23:33:00Z,0,200,150,350,200,24276[Turmcenter],2021-07-06T23:37:00.520Z
0.13513513,open,2021-07-06T23:33:00Z,55,352,0,407,407,18944[Alte Oper],2021-07-06T23:37:00.520Z
0.046703298,open,2021-07-06T23:33:00Z,17,347,0,364,364,24281[Hauptbahnhof Süd],2021-07-06T23:37:00.520Z
0.27070457,open,2021-07-06T23:33:00Z,219,590,0,809,809,24279[Konstabler],2021-07-06T23:37:00.520Z
0.46713614,open,2021-07-06T23:33:00Z,199,227,0,426,426,18497[Hauptwache],2021-07-06T23:37:00.520Z
0,closed,2021-07-06T23:33:00Z,,528,0,0,0,18495[Am Gericht],2021-07-06T23:37:00.520Z
0.102232665,open,2021-07-06T23:33:00Z,87,764,45,896,851,109240[MyZeil],2021-07-06T23:37:00.520Z
0.06896552,open,2021-07-06T23:33:00Z,42,567,0,609,609,18494[Konrad-Adenauer-Straße],2021-07-06T23:37:00.520Z
0,closed,2021-07-06T23:33:00Z,,626,0,0,0,24278[Karstadt],2021-07-06T23:37:00.520Z
0.94400895,open,2021-07-06T23:43:00Z,843,50,0,893,893,24277[Börse],2021-07-06T23:47:00.954Z
0,open,2021-07-06T23:43:00Z,0,200,150,350,200,24276[Turmcenter],2021-07-06T23:47:00.954Z
0.13267814,open,2021-07-06T23:43:00Z,54,353,0,407,407,18944[Alte Oper],2021-07-06T23:47:00.954Z
0.046703298,open,2021-07-06T23:43:00Z,17,347,0,364,364,24281[Hauptbahnhof Süd],2021-07-06T23:47:00.954Z
0.2694685,open,2021-07-06T23:43:00Z,218,591,0,809,809,24279[Konstabler],2021-07-06T23:47:00.954Z
0.46713614,open,2021-07-06T23:43:00Z,199,227,0,426,426,18497[Hauptwache],2021-07-06T23:47:00.954Z
0,closed,2021-07-06T23:43:00Z,,528,0,0,0,18495[Am Gericht],2021-07-06T23:47:00.954Z
0.102232665,open,2021-07-06T23:43:00Z,87,764,45,896,851,109240[MyZeil],2021-07-06T23:47:00.954Z
0.06896552,open,2021-07-06T23:43:00Z,42,567,0,609,609,18494[Konrad-Adenauer-Straße],2021-07-06T23:47:00.954Z
0,closed,2021-07-06T23:43:00Z,,626,0,0,0,24278[Karstadt],2021-07-06T23:47:00.954Z
0.94400895,open,2021-07-07T00:09:00Z,843,50,0,893,893,24277[Börse],2021-07-07T00:12:00.472Z
0,open,2021-07-07T00:09:00Z,0,200,150,350,200,24276[Turmcenter],2021-07-07T00:12:00.472Z
0.13267814,open,2021-07-07T00:09:00Z,54,353,0,407,407,18944[Alte Oper],2021-07-07T00:12:00.472Z
0.046703298,open,2021-07-07T00:09:00Z,17,347,0,364,364,24281[Hauptbahnhof Süd],2021-07-07T00:12:00.472Z
0.26823238,open,2021-07-07T00:09:00Z,217,592,0,809,809,24279[Konstabler],2021-07-07T00:12:00.472Z
0.46713614,open,2021-07-07T00:09:00Z,199,227,0,426,426,18497[Hauptwache],2021-07-07T00:12:00.472Z
0,closed,2021-07-07T00:09:00Z,,528,0,0,0,18495[Am Gericht],2021-07-07T00:12:00.472Z
0.102232665,open,2021-07-07T00:09:00Z,87,764,45,896,851,109240[MyZeil],2021-07-07T00:12:00.472Z
0.06896552,open,2021-07-07T00:09:00Z,42,567,0,609,609,18494[Konrad-Adenauer-Straße],2021-07-07T00:12:00.472Z
0,closed,2021-07-07T00:09:00Z,,626,0,0,0,24278[Karstadt],2021-07-07T00:12:00.472Z
0.94400895,open,2021-07-07T01:25:00Z,843,50,0,893,893,24277[Börse],2021-07-07T01:27:02.405Z
0,open,2021-07-07T01:25:00Z,0,200,150,350,200,24276[Turmcenter],2021-07-07T01:27:02.405Z
0.13267814,open,2021-07-07T01:25:00Z,54,353,0,407,407,18944[Alte Oper],2021-07-07T01:27:02.405Z
0.043956045,open,2021-07-07T01:25:00Z,16,348,0,364,364,24281[Hauptbahnhof Süd],2021-07-07T01:27:02.405Z
0.2669963,open,2021-07-07T01:25:00Z,216,593,0,809,809,24279[Konstabler],2021-07-07T01:27:02.405Z
0.46713614,open,2021-07-07T01:25:00Z,199,227,0,426,426,18497[Hauptwache],2021-07-07T01:27:02.405Z
0,closed,2021-07-07T01:25:00Z,,528,0,0,0,18495[Am Gericht],2021-07-07T01:27:02.405Z
0.102232665,open,2021-07-07T01:25:00Z,87,764,45,896,851,109240[MyZeil],2021-07-07T01:27:02.405Z
0.073891625,open,2021-07-07T01:25:00Z,45,564,0,609,609,18494[Konrad-Adenauer-Straße],2021-07-07T01:27:02.405Z
0,closed,2021-07-07T01:25:00Z,,626,0,0,0,24278[Karstadt],2021-07-07T01:27:02.405Z
0.94400895,open,2021-07-07T02:10:00Z,843,50,0,893,893,24277[Börse],2021-07-07T02:12:02.325Z
0,open,2021-07-07T02:10:00Z,0,200,150,350,200,24276[Turmcenter],2021-07-07T02:12:02.325Z
0.13267814,open,2021-07-07T02:10:00Z,54,353,0,407,407,18944[Alte Oper],2021-07-07T02:12:02.325Z
0.043956045,open,2021-07-07T02:10:00Z,16,348,0,364,364,24281[Hauptbahnhof Süd],2021-07-07T02:12:02.325Z
0.26823238,open,2021-07-07T02:10:00Z,217,592,0,809,809,24279[Konstabler],2021-07-07T02:12:02.325Z
0.46713614,open,2021-07-07T02:10:00Z,199,227,0,426,426,18497[Hauptwache],2021-07-07T02:12:02.325Z
0,closed,2021-07-07T02:10:00Z,,,0,0,0,18495[Am Gericht],2021-07-07T02:12:02.325Z
0.102232665,open,2021-07-07T02:10:00Z,87,764,45,896,851,109240[MyZeil],2021-07-07T02:12:02.325Z
0.06896552,open,2021-07-07T02:10:00Z,42,567,0,609,609,18494[Konrad-Adenauer-Straße],2021-07-07T02:12:02.325Z
0,closed,2021-07-07T02:10:00Z,,,0,0,0,24278[Karstadt],2021-07-07T02:12:02.325Z
0.94400895,open,2021-07-07T02:35:00Z,843,50,0,893,893,24277[Börse],2021-07-07T02:37:00.326Z
0,open,2021-07-07T02:35:00Z,0,200,150,350,200,24276[Turmcenter],2021-07-07T02:37:00.326Z
0.13267814,open,2021-07-07T02:35:00Z,54,353,0,407,407,18944[Alte Oper],2021-07-07T02:37:00.326Z
0.043956045,open,2021-07-07T02:35:00Z,16,348,0,364,364,24281[Hauptbahnhof Süd],2021-07-07T02:37:00.326Z
0.2694685,open,2021-07-07T02:35:00Z,218,591,0,809,809,24279[Konstabler],2021-07-07T02:37:00.326Z
0.46713614,open,2021-07-07T02:35:00Z,199,227,0,426,426,18497[Hauptwache],2021-07-07T02:37:00.326Z
0,closed,2021-07-07T02:35:00Z,,,0,0,0,18495[Am Gericht],2021-07-07T02:37:00.326Z
0.102232665,open,2021-07-07T02:35:00Z,87,764,45,896,851,109240[MyZeil],2021-07-07T02:37:00.326Z
0.07224959,open,2021-07-07T02:35:00Z,44,565,0,609,609,18494[Konrad-Adenauer-Straße],2021-07-07T02:37:00.326Z
0,closed,2021-07-07T02:35:00Z,,,0,0,0,24278[Karstadt],2021-07-07T02:37:00.326Z
0.94400895,open,2021-07-07T02:50:00Z,843,50,0,893,893,24277[Börse],2021-07-07T02:52:00.943Z
0,open,2021-07-07T02:50:00Z,0,200,150,350,200,24276[Turmcenter],2021-07-07T02:52:00.943Z
0.13267814,open,2021-07-07T02:50:00Z,54,353,0,407,407,18944[Alte Oper],2021-07-07T02:52:00.943Z
0.043956045,open,2021-07-07T02:50:00Z,16,348,0,364,364,24281[Hauptbahnhof Süd],2021-07-07T02:52:00.943Z
0.2694685,open,2021-07-07T02:50:00Z,218,591,0,809,809,24279[Konstabler],2021-07-07T02:52:00.943Z
0.46713614,open,2021-07-07T02:50:00Z,199,227,0,426,426,18497[Hauptwache],2021-07-07T02:52:00.943Z
0,closed,2021-07-07T02:50:00Z,,,0,0,0,18495[Am Gericht],2021-07-07T02:52:00.943Z
0.102232665,open,2021-07-07T02:50:00Z,87,764,45,896,851,109240[MyZeil],2021-07-07T02:52:00.943Z
0.07060755,open,2021-07-07T02:50:00Z,43,566,0,609,609,18494[Konrad-Adenauer-Straße],2021-07-07T02:52:00.943Z
0,closed,2021-07-07T02:50:00Z,,,0,0,0,24278[Karstadt],2021-07-07T02:52:00.943Z
0.94400895,open,2021-07-07T03:00:00Z,843,50,0,893,893,24277[Börse],2021-07-07T03:02:01.502Z
0,open,2021-07-07T03:00:00Z,0,200,150,350,200,24276[Turmcenter],2021-07-07T03:02:01.502Z
0.13267814,open,2021-07-07T03:00:00Z,54,353,0,407,407,18944[Alte Oper],2021-07-07T03:02:01.502Z
0.043956045,open,2021-07-07T03:00:00Z,16,348,0,364,364,24281[Hauptbahnhof Süd],2021-07-07T03:02:01.502Z
0.2694685,open,2021-07-07T03:00:00Z,218,591,0,809,809,24279[Konstabler],2021-07-07T03:02:01.502Z
0.46713614,open,2021-07-07T03:00:00Z,199,227,0,426,426,18497[Hauptwache],2021-07-07T03:02:01.502Z
0,closed,2021-07-07T03:00:00Z,,,0,0,0,18495[Am Gericht],2021-07-07T03:02:01.502Z
0.102232665,open,2021-07-07T03:00:00Z,87,764,45,896,851,109240[MyZeil],2021-07-07T03:02:01.502Z
0.07060755,open,2021-07-07T03:00:00Z,43,566,0,609,609,18494[Konrad-Adenauer-Straße],2021-07-07T03:02:01.502Z
0,closed,2021-07-07T03:00:00Z,,,0,0,0,24278[Karstadt],2021-07-07T03:02:01.502Z
0.94400895,open,2021-07-07T03:25:00Z,843,50,0,893,893,24277[Börse],2021-07-07T03:27:01.180Z
0,open,2021-07-07T03:25:00Z,0,200,150,350,200,24276[Turmcenter],2021-07-07T03:27:01.180Z
0.13267814,open,2021-07-07T03:25:00Z,54,353,0,407,407,18944[Alte Oper],2021-07-07T03:27:01.180Z
0.043956045,open,2021-07-07T03:25:00Z,16,348,0,364,364,24281[Hauptbahnhof Süd],2021-07-07T03:27:01.180Z
0.2694685,open,2021-07-07T03:25:00Z,218,591,0,809,809,24279[Konstabler],2021-07-07T03:27:01.180Z
0.46713614,open,2021-07-07T03:25:00Z,199,227,0,426,426,18497[Hauptwache],2021-07-07T03:27:01.180Z
0,closed,2021-07-07T03:25:00Z,,,0,0,0,18495[Am Gericht],2021-07-07T03:27:01.180Z
0.102232665,open,2021-07-07T03:25:00Z,87,764,45,896,851,109240[MyZeil],2021-07-07T03:27:01.180Z
0.073891625,open,2021-07-07T03:25:00Z,45,564,0,609,609,18494[Konrad-Adenauer-Straße],2021-07-07T03:27:01.180Z
0,closed,2021-07-07T03:25:00Z,,,0,0,0,24278[Karstadt],2021-07-07T03:27:01.180Z
0.94400895,open,2021-07-07T03:45:00Z,843,50,0,893,893,24277[Börse],2021-07-07T03:47:00.553Z
0,open,2021-07-07T03:45:00Z,0,200,150,350,200,24276[Turmcenter],2021-07-07T03:47:00.553Z
0.13022113,open,2021-07-07T03:45:00Z,53,354,0,407,407,18944[Alte Oper],2021-07-07T03:47:00.553Z
0.04945055,open,2021-07-07T03:45:00Z,18,346,0,364,364,24281[Hauptbahnhof Süd],2021-07-07T03:47:00.553Z
0.2694685,open,2021-07-07T03:45:00Z,218,591,0,809,809,24279[Konstabler],2021-07-07T03:47:00.553Z
0.46713614,open,2021-07-07T03:45:00Z,199,227,0,426,426,18497[Hauptwache],2021-07-07T03:47:00.553Z
0,closed,2021-07-07T03:45:00Z,,,0,0,0,18495[Am Gericht],2021-07-07T03:47:00.553Z
0.102232665,open,2021-07-07T03:45:00Z,87,764,45,896,851,109240[MyZeil],2021-07-07T03:47:00.553Z
0.07553366,open,2021-07-07T03:45:00Z,46,563,0,609,609,18494[Konrad-Adenauer-Straße],2021-07-07T03:47:00.553Z
0,closed,2021-07-07T03:45:00Z,,,0,0,0,24278[Karstadt],2021-07-07T03:47:00.553Z
0.94400895,open,2021-07-07T03:56:00Z,843,50,0,893,893,24277[Börse],2021-07-07T03:57:01.670Z
0,open,2021-07-07T03:56:00Z,0,150,200,350,150,24276[Turmcenter],2021-07-07T03:57:01.670Z
0.13267814,open,2021-07-07T03:56:00Z,54,353,0,407,407,18944[Alte Oper],2021-07-07T03:57:01.670Z
0.054945055,open,2021-07-07T03:56:00Z,20,344,0,364,364,24281[Hauptbahnhof Süd],2021-07-07T03:57:01.670Z
0.2694685,open,2021-07-07T03:56:00Z,218,591,0,809,809,24279[Konstabler],2021-07-07T03:57:01.670Z
0.46713614,open,2021-07-07T03:56:00Z,199,227,0,426,426,18497[Hauptwache],2021-07-07T03:57:01.670Z
0,closed,2021-07-07T03:56:00Z,,,0,0,0,18495[Am Gericht],2021-07-07T03:57:01.670Z
0.102232665,open,2021-07-07T03:56:00Z,87,764,45,896,851,109240[MyZeil],2021-07-07T03:57:01.670Z
0.0771757,open,2021-07-07T03:56:00Z,47,562,0,609,609,18494[Konrad-Adenauer-Straße],2021-07-07T03:57:01.670Z
0,closed,2021-07-07T03:56:00Z,,,0,0,0,24278[Karstadt],2021-07-07T03:57:01.670Z
0.94400895,open,2021-07-07T04:26:00Z,843,50,0,893,893,24277[Börse],2021-07-07T04:27:01.039Z
0,open,2021-07-07T04:26:00Z,0,150,200,350,150,24276[Turmcenter],2021-07-07T04:27:01.039Z
0.13513513,open,2021-07-07T04:26:00Z,55,352,0,407,407,18944[Alte Oper],2021-07-07T04:27:01.039Z
0.08791209,open,2021-07-07T04:26:00Z,32,332,0,364,364,24281[Hauptbahnhof Süd],2021-07-07T04:27:01.039Z
0.27070457,open,2021-07-07T04:26:00Z,219,590,0,809,809,24279[Konstabler],2021-07-07T04:27:01.039Z
0.46948355,open,2021-07-07T04:26:00Z,200,226,0,426,426,18497[Hauptwache],2021-07-07T04:27:01.039Z
0.23970588,open,2021-07-07T04:26:00Z,163,517,0,680,680,18495[Am Gericht],2021-07-07T04:27:01.039Z
0.102232665,open,2021-07-07T04:26:00Z,87,764,45,896,851,109240[MyZeil],2021-07-07T04:27:01.039Z
0.08210181,open,2021-07-07T04:26:00Z,50,559,0,609,609,18494[Konrad-Adenauer-Straße],2021-07-07T04:27:01.039Z
0,closed,2021-07-07T04:26:00Z,,,0,0,0,24278[Karstadt],2021-07-07T04:27:01.039Z
0.94400895,open,2021-07-07T04:46:00Z,843,50,0,893,893,24277[Börse],2021-07-07T04:47:01.820Z
0.006666667,open,2021-07-07T04:46:00Z,1,149,200,350,150,24276[Turmcenter],2021-07-07T04:47:01.820Z
0.14004914,open,2021-07-07T04:46:00Z,57,350,0,407,407,18944[Alte Oper],2021-07-07T04:47:01.820Z
0.10989011,open,2021-07-07T04:46:00Z,40,324,0,364,364,24281[Hauptbahnhof Süd],2021-07-07T04:47:01.820Z
0.27441284,open,2021-07-07T04:46:00Z,222,587,0,809,809,24279[Konstabler],2021-07-07T04:47:01.820Z
0.471831,open,2021-07-07T04:46:00Z,201,225,0,426,426,18497[Hauptwache],2021-07-07T04:47:01.820Z
0.2485294,open,2021-07-07T04:46:00Z,169,511,0,680,680,18495[Am Gericht],2021-07-07T04:47:01.820Z
0.102232665,open,2021-07-07T04:46:00Z,87,764,45,896,851,109240[MyZeil],2021-07-07T04:47:01.820Z
0.08374384,open,2021-07-07T04:46:00Z,51,558,0,609,609,18494[Konrad-Adenauer-Straße],2021-07-07T04:47:01.820Z
0,closed,2021-07-07T04:46:00Z,,,0,0,0,24278[Karstadt],2021-07-07T04:47:01.820Z
0.94400895,open,2021-07-07T04:56:00Z,843,50,0,893,893,24277[Börse],2021-07-07T04:57:00.306Z
0.013333334,open,2021-07-07T04:56:00Z,2,148,200,350,150,24276[Turmcenter],2021-07-07T04:57:00.306Z
0.14250614,open,2021-07-07T04:56:00Z,58,349,0,407,407,18944[Alte Oper],2021-07-07T04:57:00.306Z
0.10989011,open,2021-07-07T04:56:00Z,40,324,0,364,364,24281[Hauptbahnhof Süd],2021-07-07T04:57:00.306Z
0.27812114,open,2021-07-07T04:56:00Z,225,584,0,809,809,24279[Konstabler],2021-07-07T04:57:00.306Z
0.4741784,open,2021-07-07T04:56:00Z,202,224,0,426,426,18497[Hauptwache],2021-07-07T04:57:00.306Z
0.2514706,open,2021-07-07T04:56:00Z,171,509,0,680,680,18495[Am Gericht],2021-07-07T04:57:00.306Z
0.103407755,open,2021-07-07T04:56:00Z,88,763,45,896,851,109240[MyZeil],2021-07-07T04:57:00.306Z
0.08866995,open,2021-07-07T04:56:00Z,54,555,0,609,609,18494[Konrad-Adenauer-Straße],2021-07-07T04:57:00.306Z
0.04906205,open,2021-07-07T04:56:00Z,34,659,0,693,693,24278[Karstadt],2021-07-07T04:57:00.306Z
0.94400895,open,2021-07-07T05:16:00Z,843,50,0,893,893,24277[Börse],2021-07-07T05:17:00.865Z
0.033333335,open,2021-07-07T05:16:00Z,5,145,200,350,150,24276[Turmcenter],2021-07-07T05:17:00.865Z
0.15479116,open,2021-07-07T05:16:00Z,63,344,0,407,407,18944[Alte Oper],2021-07-07T05:17:00.865Z
0.12912089,open,2021-07-07T05:16:00Z,47,317,0,364,364,24281[Hauptbahnhof Süd],2021-07-07T05:17:00.865Z
0.28059334,open,2021-07-07T05:16:00Z,227,582,0,809,809,24279[Konstabler],2021-07-07T05:17:00.865Z
0.48356807,open,2021-07-07T05:16:00Z,206,220,0,426,426,18497[Hauptwache],2021-07-07T05:17:00.865Z
0.26764706,open,2021-07-07T05:16:00Z,182,498,0,680,680,18495[Am Gericht],2021-07-07T05:17:00.865Z
0.10693302,open,2021-07-07T05:16:00Z,91,760,45,896,851,109240[MyZeil],2021-07-07T05:17:00.865Z
0.093596056,open,2021-07-07T05:16:00Z,57,552,0,609,609,18494[Konrad-Adenauer-Straße],2021-07-07T05:17:00.865Z
0.053391054,open,2021-07-07T05:16:00Z,37,656,0,693,693,24278[Karstadt],2021-07-07T05:17:00.865Z
0.94400895,open,2021-07-07T05:26:00Z,843,50,0,893,893,24277[Börse],2021-07-07T05:27:00.267Z
0.033333335,open,2021-07-07T05:26:00Z,5,145,200,350,150,24276[Turmcenter],2021-07-07T05:27:00.267Z
0.16461916,open,2021-07-07T05:26:00Z,67,340,0,407,407,18944[Alte Oper],2021-07-07T05:27:00.267Z
0.13736264,open,2021-07-07T05:26:00Z,50,314,0,364,364,24281[Hauptbahnhof Süd],2021-07-07T05:27:00.267Z
0.28182942,open,2021-07-07T05:26:00Z,228,581,0,809,809,24279[Konstabler],2021-07-07T05:27:00.267Z
0.48591548,open,2021-07-07T05:26:00Z,207,219,0,426,426,18497[Hauptwache],2021-07-07T05:27:00.267Z
0.27794117,open,2021-07-07T05:26:00Z,189,491,0,680,680,18495[Am Gericht],2021-07-07T05:27:00.267Z
0.109283194,open,2021-07-07T05:26:00Z,93,758,45,896,851,109240[MyZeil],2021-07-07T05:27:00.267Z
0.09195402,open,2021-07-07T05:26:00Z,56,553,0,609,609,18494[Konrad-Adenauer-Straße],2021-07-07T05:27:00.267Z
0.05916306,open,2021-07-07T05:26:00Z,41,652,0,693,693,24278[Karstadt],2021-07-07T05:27:00.267Z
0.94400895,open,2021-07-07T05:36:00Z,843,50,0,893,893,24277[Börse],2021-07-07T05:37:01.293Z
0.053333335,open,2021-07-07T05:36:00Z,8,142,200,350,150,24276[Turmcenter],2021-07-07T05:37:01.293Z
0.17444718,open,2021-07-07T05:36:00Z,71,336,0,407,407,18944[Alte Oper],2021-07-07T05:37:01.293Z
0.1510989,open,2021-07-07T05:36:00Z,55,309,0,364,364,24281[Hauptbahnhof Süd],2021-07-07T05:37:01.293Z
0.29295427,open,2021-07-07T05:36:00Z,237,572,0,809,809,24279[Konstabler],2021-07-07T05:37:01.293Z
0.49295774,open,2021-07-07T05:36:00Z,210,216,0,426,426,18497[Hauptwache],2021-07-07T05:37:01.293Z
0.2867647,open,2021-07-07T05:36:00Z,195,485,0,680,680,18495[Am Gericht],2021-07-07T05:37:01.293Z
0.11280846,open,2021-07-07T05:36:00Z,96,755,45,896,851,109240[MyZeil],2021-07-07T05:37:01.293Z
0.087027915,open,2021-07-07T05:36:00Z,53,556,0,609,609,18494[Konrad-Adenauer-Straße],2021-07-07T05:37:01.293Z
0.06926407,open,2021-07-07T05:36:00Z,48,645,0,693,693,24278[Karstadt],2021-07-07T05:37:01.293Z
0.94400895,open,2021-07-07T05:46:00Z,843,50,0,893,893,24277[Börse],2021-07-07T05:47:02.257Z
0.06666667,open,2021-07-07T05:46:00Z,10,140,200,350,150,24276[Turmcenter],2021-07-07T05:47:02.257Z
0.17936118,open,2021-07-07T05:46:00Z,73,334,0,407,407,18944[Alte Oper],2021-07-07T05:47:02.257Z
0.17582418,open,2021-07-07T05:46:00Z,64,300,0,364,364,24281[Hauptbahnhof Süd],2021-07-07T05:47:02.257Z
0.29913473,open,2021-07-07T05:46:00Z,242,567,0,809,809,24279[Konstabler],2021-07-07T05:47:02.257Z
0.49295774,open,2021-07-07T05:46:00Z,210,216,0,426,426,18497[Hauptwache],2021-07-07T05:47:02.257Z
0.3,open,2021-07-07T05:46:00Z,204,476,0,680,680,18495[Am Gericht],2021-07-07T05:47:02.257Z
0.118683904,open,2021-07-07T05:46:00Z,101,750,45,896,851,109240[MyZeil],2021-07-07T05:47:02.257Z
0.09195402,open,2021-07-07T05:46:00Z,56,553,0,609,609,18494[Konrad-Adenauer-Straße],2021-07-07T05:47:02.257Z
0.083694085,open,2021-07-07T05:46:00Z,58,635,0,693,693,24278[Karstadt],2021-07-07T05:47:02.257Z
0.94400895,open,2021-07-07T06:01:00Z,843,50,0,893,893,24277[Börse],2021-07-07T06:02:00.836Z
0.15333334,open,2021-07-07T06:01:00Z,23,127,200,350,150,24276[Turmcenter],2021-07-07T06:02:00.836Z
0.19656019,open,2021-07-07T06:01:00Z,80,327,0,407,407,18944[Alte Oper],2021-07-07T06:02:00.836Z
0.2032967,open,2021-07-07T06:01:00Z,74,290,0,364,364,24281[Hauptbahnhof Süd],2021-07-07T06:02:00.836Z
0.30407912,open,2021-07-07T06:01:00Z,246,563,0,809,809,24279[Konstabler],2021-07-07T06:02:00.836Z
0.5070422,open,2021-07-07T06:01:00Z,216,210,0,426,426,18497[Hauptwache],2021-07-07T06:02:00.836Z
0.33235294,open,2021-07-07T06:01:00Z,226,454,0,680,680,18495[Am Gericht],2021-07-07T06:02:00.836Z
0.12338425,open,2021-07-07T06:01:00Z,105,746,45,896,851,109240[MyZeil],2021-07-07T06:02:00.836Z
0.11001642,open,2021-07-07T06:01:00Z,67,542,0,609,609,18494[Konrad-Adenauer-Straße],2021-07-07T06:02:00.836Z
0.103896104,open,2021-07-07T06:01:00Z,72,621,0,693,693,24278[Karstadt],2021-07-07T06:02:00.836Z
0.94400895,open,2021-07-07T06:31:00Z,843,50,0,893,893,24277[Börse],2021-07-07T06:32:02.104Z
0.36666667,open,2021-07-07T06:31:00Z,55,95,200,350,150,24276[Turmcenter],2021-07-07T06:32:02.104Z
0.25307125,open,2021-07-07T06:31:00Z,103,304,0,407,407,18944[Alte Oper],2021-07-07T06:32:02.104Z
0.26648352,open,2021-07-07T06:31:00Z,97,267,0,364,364,24281[Hauptbahnhof Süd],2021-07-07T06:32:02.104Z
0.32014832,open,2021-07-07T06:31:00Z,259,550,0,809,809,24279[Konstabler],2021-07-07T06:32:02.104Z
0.5469484,open,2021-07-07T06:31:00Z,233,193,0,426,426,18497[Hauptwache],2021-07-07T06:32:02.104Z
0.3985294,open,2021-07-07T06:31:00Z,271,409,0,680,680,18495[Am Gericht],2021-07-07T06:32:02.104Z
0.13631022,open,2021-07-07T06:31:00Z,116,735,45,896,851,109240[MyZeil],2021-07-07T06:32:02.104Z
0.12151067,open,2021-07-07T06:31:00Z,74,535,0,609,609,18494[Konrad-Adenauer-Straße],2021-07-07T06:32:02.104Z
0.13419913,open,2021-07-07T06:31:00Z,93,600,0,693,693,24278[Karstadt],2021-07-07T06:32:02.104Z
0.94400895,open,2021-07-07T06:51:00Z,843,50,0,893,893,24277[Börse],2021-07-07T06:52:02.241Z
0.46,open,2021-07-07T06:51:00Z,69,81,200,350,150,24276[Turmcenter],2021-07-07T06:52:02.241Z
0.2948403,open,2021-07-07T06:51:00Z,120,287,0,407,407,18944[Alte Oper],2021-07-07T06:52:02.241Z
0.29395604,open,2021-07-07T06:51:00Z,107,257,0,364,364,24281[Hauptbahnhof Süd],2021-07-07T06:52:02.241Z
0.3634116,open,2021-07-07T06:51:00Z,294,515,0,809,809,24279[Konstabler],2021-07-07T06:52:02.241Z
0.5633803,open,2021-07-07T06:51:00Z,240,186,0,426,426,18497[Hauptwache],2021-07-07T06:52:02.241Z
0.42205882,open,2021-07-07T06:51:00Z,287,393,0,680,680,18495[Am Gericht],2021-07-07T06:52:02.241Z
0.14336075,open,2021-07-07T06:51:00Z,122,729,45,896,851,109240[MyZeil],2021-07-07T06:52:02.241Z
0.13793103,open,2021-07-07T06:51:00Z,84,525,0,609,609,18494[Konrad-Adenauer-Straße],2021-07-07T06:52:02.241Z
0.16017316,open,2021-07-07T06:51:00Z,111,582,0,693,693,24278[Karstadt],2021-07-07T06:52:02.241Z
0.94400895,open,2021-07-07T07:06:00Z,843,50,0,893,893,24277[Börse],2021-07-07T07:12:00.711Z
0.54,open,2021-07-07T07:06:00Z,81,69,200,350,150,24276[Turmcenter],2021-07-07T07:12:00.711Z
0.3071253,open,2021-07-07T07:06:00Z,125,282,0,407,407,18944[Alte Oper],2021-07-07T07:12:00.711Z
0.31593406,open,2021-07-07T07:06:00Z,115,249,0,364,364,24281[Hauptbahnhof Süd],2021-07-07T07:12:00.711Z
0.37948084,open,2021-07-07T07:06:00Z,307,502,0,809,809,24279[Konstabler],2021-07-07T07:12:00.711Z
0.59624416,open,2021-07-07T07:06:00Z,254,172,0,426,426,18497[Hauptwache],2021-07-07T07:12:00.711Z
0.45,open,2021-07-07T07:06:00Z,306,374,0,680,680,18495[Am Gericht],2021-07-07T07:12:00.711Z
0.15393655,open,2021-07-07T07:06:00Z,131,720,45,896,851,109240[MyZeil],2021-07-07T07:12:00.711Z
0.15599343,open,2021-07-07T07:06:00Z,95,514,0,609,609,18494[Konrad-Adenauer-Straße],2021-07-07T07:12:00.711Z
0.18037517,open,2021-07-07T07:06:00Z,125,568,0,693,693,24278[Karstadt],2021-07-07T07:12:00.711Z
0.94400895,open,2021-07-07T07:22:00Z,843,50,0,893,893,24277[Börse],2021-07-07T07:27:00.948Z
0.58666664,open,2021-07-07T07:22:00Z,88,62,200,350,150,24276[Turmcenter],2021-07-07T07:27:00.948Z
0.34643734,open,2021-07-07T07:22:00Z,141,266,0,407,407,18944[Alte Oper],2021-07-07T07:27:00.948Z
0.32692307,open,2021-07-07T07:22:00Z,119,245,0,364,364,24281[Hauptbahnhof Süd],2021-07-07T07:27:00.948Z
0.40049443,open,2021-07-07T07:22:00Z,324,485,0,809,809,24279[Konstabler],2021-07-07T07:27:00.948Z
0.6173709,open,2021-07-07T07:22:00Z,263,163,0,426,426,18497[Hauptwache],2021-07-07T07:27:00.948Z
0.4735294,open,2021-07-07T07:22:00Z,322,358,0,680,680,18495[Am Gericht],2021-07-07T07:27:00.948Z
0.16216215,open,2021-07-07T07:22:00Z,138,713,45,896,851,109240[MyZeil],2021-07-07T07:27:00.948Z
0.17405583,open,2021-07-07T07:22:00Z,106,503,0,609,609,18494[Konrad-Adenauer-Straße],2021-07-07T07:27:00.948Z
0.2034632,open,2021-07-07T07:22:00Z,141,552,0,693,693,24278[Karstadt],2021-07-07T07:27:00.948Z
0.94400895,open,2021-07-07T07:32:00Z,843,50,0,893,893,24277[Börse],2021-07-07T07:37:01.867Z
0.64,open,2021-07-07T07:32:00Z,96,54,200,350,150,24276[Turmcenter],2021-07-07T07:37:01.867Z
0.36363637,open,2021-07-07T07:32:00Z,148,259,0,407,407,18944[Alte Oper],2021-07-07T07:37:01.867Z
0.34615386,open,2021-07-07T07:32:00Z,126,238,0,364,364,24281[Hauptbahnhof Süd],2021-07-07T07:37:01.867Z
0.41409147,open,2021-07-07T07:32:00Z,335,474,0,809,809,24279[Konstabler],2021-07-07T07:37:01.867Z
0.64788735,open,2021-07-07T07:32:00Z,276,150,0,426,426,18497[Hauptwache],2021-07-07T07:37:01.867Z
0.5,open,2021-07-07T07:32:00Z,340,340,0,680,680,18495[Am Gericht],2021-07-07T07:37:01.867Z
0.16803761,open,2021-07-07T07:32:00Z,143,708,45,896,851,109240[MyZeil],2021-07-07T07:37:01.867Z
0.1724138,open,2021-07-07T07:32:00Z,105,504,0,609,609,18494[Konrad-Adenauer-Straße],2021-07-07T07:37:01.867Z
0.22077923,open,2021-07-07T07:32:00Z,153,540,0,693,693,24278[Karstadt],2021-07-07T07:37:01.867Z
0.94400895,open,2021-07-07T07:42:00Z,843,50,0,893,893,24277[Börse],2021-07-07T07:47:02.698Z
0.6333333,open,2021-07-07T07:42:00Z,95,55,200,350,150,24276[Turmcenter],2021-07-07T07:47:02.698Z
0.3906634,open,2021-07-07T07:42:00Z,159,248,0,407,407,18944[Alte Oper],2021-07-07T07:47:02.698Z
0.36263737,open,2021-07-07T07:42:00Z,132,232,0,364,364,24281[Hauptbahnhof Süd],2021-07-07T07:47:02.698Z
0.43634117,open,2021-07-07T07:42:00Z,353,456,0,809,809,24279[Konstabler],2021-07-07T07:47:02.698Z
0.685446,open,2021-07-07T07:42:00Z,292,134,0,426,426,18497[Hauptwache],2021-07-07T07:47:02.698Z
0.5411765,open,2021-07-07T07:42:00Z,368,312,0,680,680,18495[Am Gericht],2021-07-07T07:47:02.698Z
0.17626321,open,2021-07-07T07:42:00Z,150,701,45,896,851,109240[MyZeil],2021-07-07T07:47:02.698Z
0.18390805,open,2021-07-07T07:42:00Z,112,497,0,609,609,18494[Konrad-Adenauer-Straße],2021-07-07T07:47:02.698Z
0.23809524,open,2021-07-07T07:42:00Z,165,528,0,693,693,24278[Karstadt],2021-07-07T07:47:02.698Z
0.94400895,open,2021-07-07T07:52:00Z,843,50,0,893,893,24277[Börse],2021-07-07T07:57:00.541Z
0.6933333,open,2021-07-07T07:52:00Z,104,46,200,350,150,24276[Turmcenter],2021-07-07T07:57:00.541Z
0.41769043,open,2021-07-07T07:52:00Z,170,237,0,407,407,18944[Alte Oper],2021-07-07T07:57:00.541Z
0.3653846,open,2021-07-07T07:52:00Z,133,231,0,364,364,24281[Hauptbahnhof Süd],2021-07-07T07:57:00.541Z
0.45241037,open,2021-07-07T07:52:00Z,366,443,0,809,809,24279[Konstabler],2021-07-07T07:57:00.541Z
0.71596247,open,2021-07-07T07:52:00Z,305,121,0,426,426,18497[Hauptwache],2021-07-07T07:57:00.541Z
0.57058823,open,2021-07-07T07:52:00Z,388,292,0,680,680,18495[Am Gericht],2021-07-07T07:57:00.541Z
0.19036427,open,2021-07-07T07:52:00Z,162,689,45,896,851,109240[MyZeil],2021-07-07T07:57:00.541Z
0.20361248,open,2021-07-07T07:52:00Z,124,485,0,609,609,18494[Konrad-Adenauer-Straße],2021-07-07T07:57:00.541Z
0.94400895,open,2021-07-07T08:22:00Z,843,50,0,893,893,24277[Börse],2021-07-07T08:27:01.907Z
0.78,open,2021-07-07T08:22:00Z,117,33,200,350,150,24276[Turmcenter],2021-07-07T08:27:01.907Z
0.47665846,open,2021-07-07T08:22:00Z,194,213,0,407,407,18944[Alte Oper],2021-07-07T08:27:01.907Z
0.3956044,open,2021-07-07T08:22:00Z,144,220,0,364,364,24281[Hauptbahnhof Süd],2021-07-07T08:27:01.907Z
0.5241038,open,2021-07-07T08:22:00Z,424,385,0,809,809,24279[Konstabler],2021-07-07T08:27:01.907Z
0.8262911,open,2021-07-07T08:22:00Z,352,74,0,426,426,18497[Hauptwache],2021-07-07T08:27:01.907Z
0.6117647,open,2021-07-07T08:22:00Z,416,264,0,680,680,18495[Am Gericht],2021-07-07T08:27:01.907Z
0.21504113,open,2021-07-07T08:22:00Z,183,668,45,896,851,109240[MyZeil],2021-07-07T08:27:01.907Z
0.22003284,open,2021-07-07T08:22:00Z,134,475,0,609,609,18494[Konrad-Adenauer-Straße],2021-07-07T08:27:01.907Z
0.94400895,open,2021-07-07T08:37:00Z,843,50,0,893,893,24277[Börse],2021-07-07T08:42:01.092Z
0.7866667,open,2021-07-07T08:37:00Z,118,32,200,350,150,24276[Turmcenter],2021-07-07T08:42:01.092Z
0.5110565,open,2021-07-07T08:37:00Z,208,199,0,407,407,18944[Alte Oper],2021-07-07T08:42:01.092Z
0.3956044,open,2021-07-07T08:37:00Z,144,220,0,364,364,24281[Hauptbahnhof Süd],2021-07-07T08:42:01.092Z
0.5426452,open,2021-07-07T08:37:00Z,439,370,0,809,809,24279[Konstabler],2021-07-07T08:42:01.092Z
0.87323946,open,2021-07-07T08:37:00Z,372,54,0,426,426,18497[Hauptwache],2021-07-07T08:42:01.092Z
0.62058824,open,2021-07-07T08:37:00Z,422,258,0,680,680,18495[Am Gericht],2021-07-07T08:42:01.092Z
0.22561692,open,2021-07-07T08:37:00Z,192,659,45,896,851,109240[MyZeil],2021-07-07T08:42:01.092Z
0.23809524,open,2021-07-07T08:37:00Z,145,464,0,609,609,18494[Konrad-Adenauer-Straße],2021-07-07T08:42:01.092Z
0.94400895,open,2021-07-07T08:42:00Z,843,50,0,893,893,24277[Börse],2021-07-07T08:47:00.668Z
0.8,open,2021-07-07T08:42:00Z,120,30,200,350,150,24276[Turmcenter],2021-07-07T08:47:00.668Z
0.5282555,open,2021-07-07T08:42:00Z,215,192,0,407,407,18944[Alte Oper],2021-07-07T08:47:00.668Z
0.3956044,open,2021-07-07T08:42:00Z,144,220,0,364,364,24281[Hauptbahnhof Süd],2021-07-07T08:47:00.668Z
0.552534,open,2021-07-07T08:42:00Z,447,362,0,809,809,24279[Konstabler],2021-07-07T08:47:00.668Z
0.8802817,open,2021-07-07T08:42:00Z,375,51,0,426,426,18497[Hauptwache],2021-07-07T08:47:00.668Z
0.6220588,open,2021-07-07T08:42:00Z,423,257,0,680,680,18495[Am Gericht],2021-07-07T08:47:00.668Z
0.22914219,open,2021-07-07T08:42:00Z,195,656,45,896,851,109240[MyZeil],2021-07-07T08:47:00.668Z
0.24630542,open,2021-07-07T08:42:00Z,150,459,0,609,609,18494[Konrad-Adenauer-Straße],2021-07-07T08:47:00.668Z
0.94400895,open,2021-07-07T08:57:00Z,843,50,0,893,893,24277[Börse],2021-07-07T09:02:01.024Z
0.8466667,open,2021-07-07T08:57:00Z,127,23,200,350,150,24276[Turmcenter],2021-07-07T09:02:01.024Z
0.57002455,open,2021-07-07T08:57:00Z,232,175,0,407,407,18944[Alte Oper],2021-07-07T09:02:01.024Z
0.4010989,open,2021-07-07T08:57:00Z,146,218,0,364,364,24281[Hauptbahnhof Süd],2021-07-07T09:02:01.024Z
0.58590853,open,2021-07-07T08:57:00Z,474,335,0,809,809,24279[Konstabler],2021-07-07T09:02:01.024Z
0.91549295,open,2021-07-07T08:57:00Z,390,36,0,426,426,18497[Hauptwache],2021-07-07T09:02:01.024Z
0.63529414,open,2021-07-07T08:57:00Z,432,248,0,680,680,18495[Am Gericht],2021-07-07T09:02:01.024Z
0.23384254,open,2021-07-07T08:57:00Z,199,652,45,896,851,109240[MyZeil],2021-07-07T09:02:01.024Z
0.26436782,open,2021-07-07T08:57:00Z,161,448,0,609,609,18494[Konrad-Adenauer-Straße],2021-07-07T09:02:01.024Z
0.94400895,open,2021-07-07T09:28:00Z,843,50,0,893,893,24277[Börse],2021-07-07T09:32:02.737Z
0.88,open,2021-07-07T09:28:00Z,132,18,200,350,150,24276[Turmcenter],2021-07-07T09:32:02.737Z
0.6068796,open,2021-07-07T09:28:00Z,247,160,0,407,407,18944[Alte Oper],2021-07-07T09:32:02.737Z
0.3956044,open,2021-07-07T09:28:00Z,144,220,0,364,364,24281[Hauptbahnhof Süd],2021-07-07T09:32:02.737Z
0.6341162,open,2021-07-07T09:28:00Z,513,296,0,809,809,24279[Konstabler],2021-07-07T09:32:02.737Z
0.95539904,open,2021-07-07T09:28:00Z,407,19,0,426,426,18497[Hauptwache],2021-07-07T09:32:02.737Z
0.6308824,open,2021-07-07T09:28:00Z,429,251,0,680,680,18495[Am Gericht],2021-07-07T09:32:02.737Z
0.25381905,open,2021-07-07T09:28:00Z,216,635,45,896,851,109240[MyZeil],2021-07-07T09:32:02.737Z
0.26929393,open,2021-07-07T09:28:00Z,164,445,0,609,609,18494[Konrad-Adenauer-Straße],2021-07-07T09:32:02.737Z
0.94400895,open,2021-07-07T09:38:00Z,843,50,0,893,893,24277[Börse],2021-07-07T09:42:01.013Z
0.8666667,open,2021-07-07T09:38:00Z,130,20,200,350,150,24276[Turmcenter],2021-07-07T09:42:01.013Z
0.61179364,open,2021-07-07T09:38:00Z,249,158,0,407,407,18944[Alte Oper],2021-07-07T09:42:01.013Z
0.38736263,open,2021-07-07T09:38:00Z,141,223,0,364,364,24281[Hauptbahnhof Süd],2021-07-07T09:42:01.013Z
0.6600742,open,2021-07-07T09:38:00Z,534,275,0,809,809,24279[Konstabler],2021-07-07T09:42:01.013Z
0.97887325,open,2021-07-07T09:38:00Z,417,9,0,426,426,18497[Hauptwache],2021-07-07T09:42:01.013Z
0.64411765,open,2021-07-07T09:38:00Z,438,242,0,680,680,18495[Am Gericht],2021-07-07T09:42:01.013Z
0.25851938,open,2021-07-07T09:38:00Z,220,631,45,896,851,109240[MyZeil],2021-07-07T09:42:01.013Z
0.2676519,open,2021-07-07T09:38:00Z,163,446,0,609,609,18494[Konrad-Adenauer-Straße],2021-07-07T09:42:01.013Z
0.94400895,open,2021-07-07T09:53:00Z,843,50,0,893,893,24277[Börse],2021-07-07T09:57:00.799Z
0.8333333,open,2021-07-07T09:53:00Z,125,25,200,350,150,24276[Turmcenter],2021-07-07T09:57:00.799Z
0.66584766,open,2021-07-07T09:53:00Z,271,136,0,407,407,18944[Alte Oper],2021-07-07T09:57:00.799Z
0.3956044,open,2021-07-07T09:53:00Z,144,220,0,364,364,24281[Hauptbahnhof Süd],2021-07-07T09:57:00.799Z
0.67861557,open,2021-07-07T09:53:00Z,549,260,0,809,809,24279[Konstabler],2021-07-07T09:57:00.799Z
1,open,2021-07-07T09:53:00Z,426,0,0,426,426,18497[Hauptwache],2021-07-07T09:57:00.799Z
0.6367647,open,2021-07-07T09:53:00Z,433,247,0,680,680,18495[Am Gericht],2021-07-07T09:57:00.799Z
0.26439482,open,2021-07-07T09:53:00Z,225,626,45,896,851,109240[MyZeil],2021-07-07T09:57:00.799Z
0.29064038,open,2021-07-07T09:53:00Z,177,432,0,609,609,18494[Konrad-Adenauer-Straße],2021-07-07T09:57:00.799Z
0.94400895,open,2021-07-07T10:13:00Z,843,50,0,893,893,24277[Börse],2021-07-07T10:17:02.632Z
0.8066667,open,2021-07-07T10:13:00Z,121,29,200,350,150,24276[Turmcenter],2021-07-07T10:17:02.632Z
0.7149877,open,2021-07-07T10:13:00Z,291,116,0,407,407,18944[Alte Oper],2021-07-07T10:17:02.632Z
0.3956044,open,2021-07-07T10:13:00Z,144,220,0,364,364,24281[Hauptbahnhof Süd],2021-07-07T10:17:02.632Z
0.6934487,open,2021-07-07T10:13:00Z,561,248,0,809,809,24279[Konstabler],2021-07-07T10:17:02.632Z
1,open,2021-07-07T10:13:00Z,426,0,0,426,426,18497[Hauptwache],2021-07-07T10:17:02.632Z
0.62647057,open,2021-07-07T10:13:00Z,426,254,0,680,680,18495[Am Gericht],2021-07-07T10:17:02.632Z
0.26086956,open,2021-07-07T10:13:00Z,222,629,45,896,851,109240[MyZeil],2021-07-07T10:17:02.632Z
0.2857143,open,2021-07-07T10:13:00Z,174,435,0,609,609,18494[Konrad-Adenauer-Straße],2021-07-07T10:17:02.632Z
0.94400895,open,2021-07-07T10:33:00Z,843,50,0,893,893,24277[Börse],2021-07-07T10:37:01.402Z
0.7733333,open,2021-07-07T10:33:00Z,116,34,200,350,150,24276[Turmcenter],2021-07-07T10:37:01.402Z
0.76167077,open,2021-07-07T10:33:00Z,310,97,0,407,407,18944[Alte Oper],2021-07-07T10:37:01.402Z
0.3901099,open,2021-07-07T10:33:00Z,142,222,0,364,364,24281[Hauptbahnhof Süd],2021-07-07T10:37:01.402Z
0.7255871,open,2021-07-07T10:33:00Z,587,222,0,809,809,24279[Konstabler],2021-07-07T10:37:01.402Z
1,open,2021-07-07T10:33:00Z,426,0,0,426,426,18497[Hauptwache],2021-07-07T10:37:01.402Z
0.6117647,open,2021-07-07T10:33:00Z,416,264,0,680,680,18495[Am Gericht],2021-07-07T10:37:01.402Z
0.27027026,open,2021-07-07T10:33:00Z,230,621,45,896,851,109240[MyZeil],2021-07-07T10:37:01.402Z
0.28735632,open,2021-07-07T10:33:00Z,175,434,0,609,609,18494[Konrad-Adenauer-Straße],2021-07-07T10:37:01.402Z
0.94400895,open,2021-07-07T10:43:00Z,843,50,0,893,893,24277[Börse],2021-07-07T10:47:02.057Z
0.75333333,open,2021-07-07T10:43:00Z,113,37,200,350,150,24276[Turmcenter],2021-07-07T10:47:02.057Z
0.7837838,open,2021-07-07T10:43:00Z,319,88,0,407,407,18944[Alte Oper],2021-07-07T10:47:02.057Z
0.3901099,open,2021-07-07T10:43:00Z,142,222,0,364,364,24281[Hauptbahnhof Süd],2021-07-07T10:47:02.057Z
0.72929543,open,2021-07-07T10:43:00Z,590,219,0,809,809,24279[Konstabler],2021-07-07T10:47:02.057Z
0.9976526,open,2021-07-07T10:43:00Z,425,1,0,426,426,18497[Hauptwache],2021-07-07T10:47:02.057Z
0.61470586,open,2021-07-07T10:43:00Z,418,262,0,680,680,18495[Am Gericht],2021-07-07T10:47:02.057Z
0.27262044,open,2021-07-07T10:43:00Z,232,619,45,896,851,109240[MyZeil],2021-07-07T10:47:02.057Z
0.2857143,open,2021-07-07T10:43:00Z,174,435,0,609,609,18494[Konrad-Adenauer-Straße],2021-07-07T10:47:02.057Z
0.94400895,open,2021-07-07T10:53:00Z,843,50,0,893,893,24277[Börse],2021-07-07T10:57:00.862Z
0.75333333,open,2021-07-07T10:53:00Z,113,37,200,350,150,24276[Turmcenter],2021-07-07T10:57:00.862Z
0.8058968,open,2021-07-07T10:53:00Z,328,79,0,407,407,18944[Alte Oper],2021-07-07T10:57:00.862Z
0.38736263,open,2021-07-07T10:53:00Z,141,223,0,364,364,24281[Hauptbahnhof Süd],2021-07-07T10:57:00.862Z
0.73300374,open,2021-07-07T10:53:00Z,593,216,0,809,809,24279[Konstabler],2021-07-07T10:57:00.862Z
1,open,2021-07-07T10:53:00Z,426,0,0,426,426,18497[Hauptwache],2021-07-07T10:57:00.862Z
0.6191176,open,2021-07-07T10:53:00Z,421,259,0,680,680,18495[Am Gericht],2021-07-07T10:57:00.862Z
0.26556993,open,2021-07-07T10:53:00Z,226,625,45,896,851,109240[MyZeil],2021-07-07T10:57:00.862Z
0.28078818,open,2021-07-07T10:53:00Z,171,438,0,609,609,18494[Konrad-Adenauer-Straße],2021-07-07T10:57:00.862Z
0.94400895,open,2021-07-07T11:13:00Z,843,50,0,893,893,24277[Börse],2021-07-07T11:17:02.525Z
0.7,open,2021-07-07T11:13:00Z,105,45,200,350,150,24276[Turmcenter],2021-07-07T11:17:02.525Z
0.83538085,open,2021-07-07T11:13:00Z,340,67,0,407,407,18944[Alte Oper],2021-07-07T11:17:02.525Z
0.38186812,open,2021-07-07T11:13:00Z,139,225,0,364,364,24281[Hauptbahnhof Süd],2021-07-07T11:17:02.525Z
0.7478368,open,2021-07-07T11:13:00Z,605,204,0,809,809,24279[Konstabler],2021-07-07T11:17:02.525Z
1,open,2021-07-07T11:13:00Z,426,0,0,426,426,18497[Hauptwache],2021-07-07T11:17:02.525Z
0.62058824,open,2021-07-07T11:13:00Z,422,258,0,680,680,18495[Am Gericht],2021-07-07T11:17:02.525Z
0.26204467,open,2021-07-07T11:13:00Z,223,628,45,896,851,109240[MyZeil],2021-07-07T11:17:02.525Z
0.27586207,open,2021-07-07T11:13:00Z,168,441,0,609,609,18494[Konrad-Adenauer-Straße],2021-07-07T11:17:02.525Z
0.94400895,open,2021-07-07T11:24:00Z,843,50,0,893,893,24277[Börse],2021-07-07T11:27:01.509Z
0.3,open,2021-07-07T11:24:00Z,45,105,200,350,150,24276[Turmcenter],2021-07-07T11:27:01.509Z
0.82800984,open,2021-07-07T11:24:00Z,337,70,0,407,407,18944[Alte Oper],2021-07-07T11:27:01.509Z
0.37637362,open,2021-07-07T11:24:00Z,137,227,0,364,364,24281[Hauptbahnhof Süd],2021-07-07T11:27:01.509Z
0.73794806,open,2021-07-07T11:24:00Z,597,212,0,809,809,24279[Konstabler],2021-07-07T11:27:01.509Z
0.9953052,open,2021-07-07T11:24:00Z,424,2,0,426,426,18497[Hauptwache],2021-07-07T11:27:01.509Z
0.60882354,open,2021-07-07T11:24:00Z,414,266,0,680,680,18495[Am Gericht],2021-07-07T11:27:01.509Z
0.26321974,open,2021-07-07T11:24:00Z,224,627,45,896,851,109240[MyZeil],2021-07-07T11:27:01.509Z
0.2824302,open,2021-07-07T11:24:00Z,172,437,0,609,609,18494[Konrad-Adenauer-Straße],2021-07-07T11:27:01.509Z
0.94400895,open,2021-07-07T11:34:00Z,843,50,0,893,893,24277[Börse],2021-07-07T11:37:01.620Z
0.29333332,open,2021-07-07T11:34:00Z,44,106,200,350,150,24276[Turmcenter],2021-07-07T11:37:01.620Z
0.85257983,open,2021-07-07T11:34:00Z,347,60,0,407,407,18944[Alte Oper],2021-07-07T11:37:01.620Z
0.37362638,open,2021-07-07T11:34:00Z,136,228,0,364,364,24281[Hauptbahnhof Süd],2021-07-07T11:37:01.620Z
0.7577256,open,2021-07-07T11:34:00Z,613,196,0,809,809,24279[Konstabler],2021-07-07T11:37:01.620Z
1,open,2021-07-07T11:34:00Z,426,0,0,426,426,18497[Hauptwache],2021-07-07T11:37:01.620Z
0.60882354,open,2021-07-07T11:34:00Z,414,266,0,680,680,18495[Am Gericht],2021-07-07T11:37:01.620Z
0.266745,open,2021-07-07T11:34:00Z,227,624,45,896,851,109240[MyZeil],2021-07-07T11:37:01.620Z
0.2824302,open,2021-07-07T11:34:00Z,172,437,0,609,609,18494[Konrad-Adenauer-Straße],2021-07-07T11:37:01.620Z
0.94400895,open,2021-07-07T11:44:00Z,843,50,0,893,893,24277[Börse],2021-07-07T11:47:02.548Z
0.31333333,open,2021-07-07T11:44:00Z,47,103,200,350,150,24276[Turmcenter],2021-07-07T11:47:02.548Z
0.8722359,open,2021-07-07T11:44:00Z,355,52,0,407,407,18944[Alte Oper],2021-07-07T11:47:02.548Z
0.36813188,open,2021-07-07T11:44:00Z,134,230,0,364,364,24281[Hauptbahnhof Süd],2021-07-07T11:47:02.548Z
0.76885045,open,2021-07-07T11:44:00Z,622,187,0,809,809,24279[Konstabler],2021-07-07T11:47:02.548Z
1,open,2021-07-07T11:44:00Z,426,0,0,426,426,18497[Hauptwache],2021-07-07T11:47:02.548Z
0.6117647,open,2021-07-07T11:44:00Z,416,264,0,680,680,18495[Am Gericht],2021-07-07T11:47:02.548Z
0.266745,open,2021-07-07T11:44:00Z,227,624,45,896,851,109240[MyZeil],2021-07-07T11:47:02.548Z
0.29228243,open,2021-07-07T11:44:00Z,178,431,0,609,609,18494[Konrad-Adenauer-Straße],2021-07-07T11:47:02.548Z
0.94400895,open,2021-07-07T11:54:00Z,843,50,0,893,893,24277[Börse],2021-07-07T11:57:02.879Z
0.32666665,open,2021-07-07T11:54:00Z,49,101,200,350,150,24276[Turmcenter],2021-07-07T11:57:02.879Z
0.84766585,open,2021-07-07T11:54:00Z,345,62,0,407,407,18944[Alte Oper],2021-07-07T11:57:02.879Z
0.36263737,open,2021-07-07T11:54:00Z,132,232,0,364,364,24281[Hauptbahnhof Süd],2021-07-07T11:57:02.879Z
0.7713226,open,2021-07-07T11:54:00Z,624,185,0,809,809,24279[Konstabler],2021-07-07T11:57:02.879Z
1,open,2021-07-07T11:54:00Z,426,0,0,426,426,18497[Hauptwache],2021-07-07T11:57:02.879Z
0.5867647,open,2021-07-07T11:54:00Z,399,281,0,680,680,18495[Am Gericht],2021-07-07T11:57:02.879Z
0.26909518,open,2021-07-07T11:54:00Z,229,622,45,896,851,109240[MyZeil],2021-07-07T11:57:02.879Z
0.3004926,open,2021-07-07T11:54:00Z,183,426,0,609,609,18494[Konrad-Adenauer-Straße],2021-07-07T11:57:02.879Z
0.94400895,open,2021-07-07T12:34:00Z,843,50,0,893,893,24277[Börse],2021-07-07T12:37:01.930Z
0.28666666,open,2021-07-07T12:34:00Z,43,107,200,350,150,24276[Turmcenter],2021-07-07T12:37:01.930Z
0.8181818,open,2021-07-07T12:34:00Z,333,74,0,407,407,18944[Alte Oper],2021-07-07T12:37:01.930Z
0.35714287,open,2021-07-07T12:34:00Z,130,234,0,364,364,24281[Hauptbahnhof Süd],2021-07-07T12:37:01.930Z
0.7985167,open,2021-07-07T12:34:00Z,646,163,0,809,809,24279[Konstabler],2021-07-07T12:37:01.930Z
1,open,2021-07-07T12:34:00Z,426,0,0,426,426,18497[Hauptwache],2021-07-07T12:37:01.930Z
0.57941175,open,2021-07-07T12:34:00Z,394,286,0,680,680,18495[Am Gericht],2021-07-07T12:37:01.930Z
0.27803737,open,2021-07-07T12:34:00Z,238,618,45,901,856,109240[MyZeil],2021-07-07T12:37:01.930Z
0.27750412,open,2021-07-07T12:34:00Z,169,440,0,609,609,18494[Konrad-Adenauer-Straße],2021-07-07T12:37:01.930Z
0.94400895,open,2021-07-07T12:59:00Z,843,50,0,893,893,24277[Börse],2021-07-07T13:02:01.659Z
0.29333332,open,2021-07-07T12:59:00Z,44,106,200,350,150,24276[Turmcenter],2021-07-07T13:02:01.659Z
0.79361176,open,2021-07-07T12:59:00Z,323,84,0,407,407,18944[Alte Oper],2021-07-07T13:02:01.659Z
0.34615386,open,2021-07-07T12:59:00Z,126,238,0,364,364,24281[Hauptbahnhof Süd],2021-07-07T13:02:01.659Z
0.76885045,open,2021-07-07T12:59:00Z,622,187,0,809,809,24279[Konstabler],2021-07-07T13:02:01.659Z
0.9882629,open,2021-07-07T12:59:00Z,421,5,0,426,426,18497[Hauptwache],2021-07-07T13:02:01.659Z
0.5764706,open,2021-07-07T12:59:00Z,392,288,0,680,680,18495[Am Gericht],2021-07-07T13:02:01.659Z
0.26051402,open,2021-07-07T12:59:00Z,223,633,45,901,856,109240[MyZeil],2021-07-07T13:02:01.659Z
0.25615764,open,2021-07-07T12:59:00Z,156,453,0,609,609,18494[Konrad-Adenauer-Straße],2021-07-07T13:02:01.659Z
0.94400895,open,2021-07-07T13:30:00Z,843,50,0,893,893,24277[Börse],2021-07-07T13:32:02.181Z
0.28,open,2021-07-07T13:30:00Z,42,108,200,350,150,24276[Turmcenter],2021-07-07T13:32:02.181Z
0.7886978,open,2021-07-07T13:30:00Z,321,86,0,407,407,18944[Alte Oper],2021-07-07T13:32:02.181Z
0.31043956,open,2021-07-07T13:30:00Z,113,251,0,364,364,24281[Hauptbahnhof Süd],2021-07-07T13:32:02.181Z
0.76143384,open,2021-07-07T13:30:00Z,616,193,0,809,809,24279[Konstabler],2021-07-07T13:32:02.181Z
0.97417843,open,2021-07-07T13:30:00Z,415,11,0,426,426,18497[Hauptwache],2021-07-07T13:32:02.181Z
0.5470588,open,2021-07-07T13:30:00Z,372,308,0,680,680,18495[Am Gericht],2021-07-07T13:32:02.181Z
0.2593458,open,2021-07-07T13:30:00Z,222,634,45,901,856,109240[MyZeil],2021-07-07T13:32:02.181Z
0.2413793,open,2021-07-07T13:30:00Z,147,462,0,609,609,18494[Konrad-Adenauer-Straße],2021-07-07T13:32:02.181Z
0.94400895,open,2021-07-07T13:40:00Z,843,50,0,893,893,24277[Börse],2021-07-07T13:42:02.939Z
0.22666667,open,2021-07-07T13:40:00Z,34,116,200,350,150,24276[Turmcenter],2021-07-07T13:42:02.939Z
0.7837838,open,2021-07-07T13:40:00Z,319,88,0,407,407,18944[Alte Oper],2021-07-07T13:42:02.939Z
0.29945055,open,2021-07-07T13:40:00Z,109,255,0,364,364,24281[Hauptbahnhof Süd],2021-07-07T13:42:02.939Z
0.76143384,open,2021-07-07T13:40:00Z,616,193,0,809,809,24279[Konstabler],2021-07-07T13:42:02.939Z
0.9929578,open,2021-07-07T13:40:00Z,423,3,0,426,426,18497[Hauptwache],2021-07-07T13:42:02.939Z
0.5441176,open,2021-07-07T13:40:00Z,370,310,0,680,680,18495[Am Gericht],2021-07-07T13:42:02.939Z
0.26051402,open,2021-07-07T13:40:00Z,223,633,45,901,856,109240[MyZeil],2021-07-07T13:42:02.939Z
0.23809524,open,2021-07-07T13:40:00Z,145,464,0,609,609,18494[Konrad-Adenauer-Straße],2021-07-07T13:42:02.939Z
0.94400895,open,2021-07-07T13:50:00Z,843,50,0,893,893,24277[Börse],2021-07-07T13:52:02.728Z
0.23333333,open,2021-07-07T13:50:00Z,35,115,200,350,150,24276[Turmcenter],2021-07-07T13:52:02.728Z
0.7567568,open,2021-07-07T13:50:00Z,308,99,0,407,407,18944[Alte Oper],2021-07-07T13:52:02.728Z
0.28846154,open,2021-07-07T13:50:00Z,105,259,0,364,364,24281[Hauptbahnhof Süd],2021-07-07T13:52:02.728Z
0.7478368,open,2021-07-07T13:50:00Z,605,204,0,809,809,24279[Konstabler],2021-07-07T13:52:02.728Z
0.9929578,open,2021-07-07T13:50:00Z,423,3,0,426,426,18497[Hauptwache],2021-07-07T13:52:02.728Z
0.51911765,open,2021-07-07T13:50:00Z,353,327,0,680,680,18495[Am Gericht],2021-07-07T13:52:02.728Z
0.26285046,open,2021-07-07T13:50:00Z,225,631,45,901,856,109240[MyZeil],2021-07-07T13:52:02.728Z
0.24466339,open,2021-07-07T13:50:00Z,149,460,0,609,609,18494[Konrad-Adenauer-Straße],2021-07-07T13:52:02.728Z
0.94400895,open,2021-07-07T14:10:00Z,843,50,0,893,893,24277[Börse],2021-07-07T14:12:01.010Z
0.17333333,open,2021-07-07T14:10:00Z,26,124,200,350,150,24276[Turmcenter],2021-07-07T14:12:01.010Z
0.7493858,open,2021-07-07T14:10:00Z,305,102,0,407,407,18944[Alte Oper],2021-07-07T14:12:01.010Z
0.25274727,open,2021-07-07T14:10:00Z,92,272,0,364,364,24281[Hauptbahnhof Süd],2021-07-07T14:12:01.010Z
0.7564895,open,2021-07-07T14:10:00Z,612,197,0,809,809,24279[Konstabler],2021-07-07T14:12:01.010Z
0.97183096,open,2021-07-07T14:10:00Z,414,12,0,426,426,18497[Hauptwache],2021-07-07T14:12:01.010Z
0.49411765,open,2021-07-07T14:10:00Z,336,344,0,680,680,18495[Am Gericht],2021-07-07T14:12:01.010Z
0.26985982,open,2021-07-07T14:10:00Z,231,625,45,901,856,109240[MyZeil],2021-07-07T14:12:01.010Z
0.25123152,open,2021-07-07T14:10:00Z,153,456,0,609,609,18494[Konrad-Adenauer-Straße],2021-07-07T14:12:01.010Z
0.94400895,open,2021-07-07T14:30:00Z,843,50,0,893,893,24277[Börse],2021-07-07T14:32:02.149Z
0.12666667,open,2021-07-07T14:30:00Z,19,131,200,350,150,24276[Turmcenter],2021-07-07T14:32:02.149Z
0.7493858,open,2021-07-07T14:30:00Z,305,102,0,407,407,18944[Alte Oper],2021-07-07T14:32:02.149Z
0.21703297,open,2021-07-07T14:30:00Z,79,285,0,364,364,24281[Hauptbahnhof Süd],2021-07-07T14:32:02.149Z
0.7255871,open,2021-07-07T14:30:00Z,587,222,0,809,809,24279[Konstabler],2021-07-07T14:32:02.149Z
0.97887325,open,2021-07-07T14:30:00Z,417,9,0,426,426,18497[Hauptwache],2021-07-07T14:32:02.149Z
0.47941175,open,2021-07-07T14:30:00Z,326,354,0,680,680,18495[Am Gericht],2021-07-07T14:32:02.149Z
0.27920562,open,2021-07-07T14:30:00Z,239,617,45,901,856,109240[MyZeil],2021-07-07T14:32:02.149Z
0.2545156,open,2021-07-07T14:30:00Z,155,454,0,609,609,18494[Konrad-Adenauer-Straße],2021-07-07T14:32:02.149Z
0.94400895,open,2021-07-07T14:40:00Z,843,50,0,893,893,24277[Börse],2021-07-07T14:42:00.623Z
0.07333333,open,2021-07-07T14:40:00Z,11,139,200,350,150,24276[Turmcenter],2021-07-07T14:42:00.623Z
0.73955774,open,2021-07-07T14:40:00Z,301,106,0,407,407,18944[Alte Oper],2021-07-07T14:42:00.623Z
0.21428572,open,2021-07-07T14:40:00Z,78,286,0,364,364,24281[Hauptbahnhof Süd],2021-07-07T14:42:00.623Z
0.7404203,open,2021-07-07T14:40:00Z,599,210,0,809,809,24279[Konstabler],2021-07-07T14:42:00.623Z
0.9906103,open,2021-07-07T14:40:00Z,422,4,0,426,426,18497[Hauptwache],2021-07-07T14:42:00.623Z
0.4735294,open,2021-07-07T14:40:00Z,322,358,0,680,680,18495[Am Gericht],2021-07-07T14:42:00.623Z
0.26285046,open,2021-07-07T14:40:00Z,225,631,45,901,856,109240[MyZeil],2021-07-07T14:42:00.623Z
0.25615764,open,2021-07-07T14:40:00Z,156,453,0,609,609,18494[Konrad-Adenauer-Straße],2021-07-07T14:42:00.623Z
0.94400895,open,2021-07-07T14:50:00Z,843,50,0,893,893,24277[Börse],2021-07-07T14:52:00.413Z
0.1,open,2021-07-07T14:50:00Z,15,135,200,350,150,24276[Turmcenter],2021-07-07T14:52:00.413Z
0.75184274,open,2021-07-07T14:50:00Z,306,101,0,407,407,18944[Alte Oper],2021-07-07T14:52:00.413Z
0.1923077,open,2021-07-07T14:50:00Z,70,294,0,364,364,24281[Hauptbahnhof Süd],2021-07-07T14:52:00.413Z
0.7478368,open,2021-07-07T14:50:00Z,605,204,0,809,809,24279[Konstabler],2021-07-07T14:52:00.413Z
1,open,2021-07-07T14:50:00Z,426,0,0,426,426,18497[Hauptwache],2021-07-07T14:52:00.413Z
0.46764705,open,2021-07-07T14:50:00Z,318,362,0,680,680,18495[Am Gericht],2021-07-07T14:52:00.413Z
0.25350466,open,2021-07-07T14:50:00Z,217,639,45,901,856,109240[MyZeil],2021-07-07T14:52:00.413Z
0.2545156,open,2021-07-07T14:50:00Z,155,454,0,609,609,18494[Konrad-Adenauer-Straße],2021-07-07T14:52:00.413Z
0.94400895,open,2021-07-07T15:21:00Z,843,50,0,893,893,24277[Börse],2021-07-07T15:22:00.153Z
0.026666667,open,2021-07-07T15:21:00Z,4,146,200,350,150,24276[Turmcenter],2021-07-07T15:22:00.153Z
0.72727275,open,2021-07-07T15:21:00Z,296,111,0,407,407,18944[Alte Oper],2021-07-07T15:22:00.153Z
0.17032968,open,2021-07-07T15:21:00Z,62,302,0,364,364,24281[Hauptbahnhof Süd],2021-07-07T15:22:00.153Z
0.7181706,open,2021-07-07T15:21:00Z,581,228,0,809,809,24279[Konstabler],2021-07-07T15:22:00.153Z
0.96478873,open,2021-07-07T15:21:00Z,411,15,0,426,426,18497[Hauptwache],2021-07-07T15:22:00.153Z
0.46764705,open,2021-07-07T15:21:00Z,318,362,0,680,680,18495[Am Gericht],2021-07-07T15:22:00.153Z
0.23598132,open,2021-07-07T15:21:00Z,202,654,45,901,856,109240[MyZeil],2021-07-07T15:22:00.153Z
0.24958949,open,2021-07-07T15:21:00Z,152,457,0,609,609,18494[Konrad-Adenauer-Straße],2021-07-07T15:22:00.153Z
0.94400895,open,2021-07-07T15:51:00Z,843,50,0,893,893,24277[Börse],2021-07-07T15:52:02.961Z
0.006666667,open,2021-07-07T15:51:00Z,1,149,200,350,150,24276[Turmcenter],2021-07-07T15:52:02.961Z
0.7076167,open,2021-07-07T15:51:00Z,288,119,0,407,407,18944[Alte Oper],2021-07-07T15:52:02.961Z
0.1456044,open,2021-07-07T15:51:00Z,53,311,0,364,364,24281[Hauptbahnhof Süd],2021-07-07T15:52:02.961Z
0.736712,open,2021-07-07T15:51:00Z,596,213,0,809,809,24279[Konstabler],2021-07-07T15:52:02.961Z
0.9530516,open,2021-07-07T15:51:00Z,406,20,0,426,426,18497[Hauptwache],2021-07-07T15:52:02.961Z
0.44411764,open,2021-07-07T15:51:00Z,302,378,0,680,680,18495[Am Gericht],2021-07-07T15:52:02.961Z
0.2254673,open,2021-07-07T15:51:00Z,193,663,45,901,856,109240[MyZeil],2021-07-07T15:52:02.961Z
0.23481117,open,2021-07-07T15:51:00Z,143,466,0,609,609,18494[Konrad-Adenauer-Straße],2021-07-07T15:52:02.961Z
0.94400895,open,2021-07-07T16:17:00Z,843,50,0,893,893,24277[Börse],2021-07-07T16:22:01.311Z
0,open,2021-07-07T16:17:00Z,0,150,200,350,150,24276[Turmcenter],2021-07-07T16:22:01.311Z
0.71253073,open,2021-07-07T16:17:00Z,290,117,0,407,407,18944[Alte Oper],2021-07-07T16:22:01.311Z
0.13461539,open,2021-07-07T16:17:00Z,49,315,0,364,364,24281[Hauptbahnhof Süd],2021-07-07T16:22:01.311Z
0.70580965,open,2021-07-07T16:17:00Z,571,238,0,809,809,24279[Konstabler],2021-07-07T16:22:01.311Z
0.899061,open,2021-07-07T16:17:00Z,383,43,0,426,426,18497[Hauptwache],2021-07-07T16:22:01.311Z
0.43382353,open,2021-07-07T16:17:00Z,295,385,0,680,680,18495[Am Gericht],2021-07-07T16:22:01.311Z
0.21845794,open,2021-07-07T16:17:00Z,187,669,45,901,856,109240[MyZeil],2021-07-07T16:22:01.311Z
0.21182266,open,2021-07-07T16:17:00Z,129,480,0,609,609,18494[Konrad-Adenauer-Straße],2021-07-07T16:22:01.311Z
0.94400895,open,2021-07-07T17:02:00Z,843,50,0,893,893,24277[Börse],2021-07-07T17:07:02.238Z
0.04,open,2021-07-07T17:02:00Z,8,192,150,350,200,24276[Turmcenter],2021-07-07T17:07:02.238Z
0.73464376,open,2021-07-07T17:02:00Z,299,108,0,407,407,18944[Alte Oper],2021-07-07T17:07:02.238Z
0.07692308,open,2021-07-07T17:02:00Z,28,336,0,364,364,24281[Hauptbahnhof Süd],2021-07-07T17:07:02.238Z
0.6464771,open,2021-07-07T17:02:00Z,523,286,0,809,809,24279[Konstabler],2021-07-07T17:07:02.238Z
0.8403756,open,2021-07-07T17:02:00Z,358,68,0,426,426,18497[Hauptwache],2021-07-07T17:07:02.238Z
0.3882353,open,2021-07-07T17:02:00Z,264,416,0,680,680,18495[Am Gericht],2021-07-07T17:07:02.238Z
0.22196262,open,2021-07-07T17:02:00Z,190,666,45,901,856,109240[MyZeil],2021-07-07T17:07:02.238Z
0.1954023,open,2021-07-07T17:02:00Z,119,490,0,609,609,18494[Konrad-Adenauer-Straße],2021-07-07T17:07:02.238Z
0.94400895,open,2021-07-07T17:33:00Z,843,50,0,893,893,24277[Börse],2021-07-07T17:37:00.851Z
0.08,open,2021-07-07T17:33:00Z,16,184,150,350,200,24276[Turmcenter],2021-07-07T17:37:00.851Z
0.68550366,open,2021-07-07T17:33:00Z,279,128,0,407,407,18944[Alte Oper],2021-07-07T17:37:00.851Z
0.06318682,open,2021-07-07T17:33:00Z,23,341,0,364,364,24281[Hauptbahnhof Süd],2021-07-07T17:37:00.851Z
0.6007417,open,2021-07-07T17:33:00Z,486,323,0,809,809,24279[Konstabler],2021-07-07T17:37:00.851Z
0.8286385,open,2021-07-07T17:33:00Z,353,73,0,426,426,18497[Hauptwache],2021-07-07T17:37:00.851Z
0.38088235,open,2021-07-07T17:33:00Z,259,421,0,680,680,18495[Am Gericht],2021-07-07T17:37:00.851Z
0.21378505,open,2021-07-07T17:33:00Z,183,673,45,901,856,109240[MyZeil],2021-07-07T17:37:00.851Z
0.18226601,open,2021-07-07T17:33:00Z,111,498,0,609,609,18494[Konrad-Adenauer-Straße],2021-07-07T17:37:00.851Z
0.94400895,open,2021-07-07T17:48:00Z,843,50,0,893,893,24277[Börse],2021-07-07T17:52:02.711Z
0.11,open,2021-07-07T17:48:00Z,22,178,150,350,200,24276[Turmcenter],2021-07-07T17:52:02.711Z
0.63144964,open,2021-07-07T17:48:00Z,257,150,0,407,407,18944[Alte Oper],2021-07-07T17:52:02.711Z
0.06043956,open,2021-07-07T17:48:00Z,22,342,0,364,364,24281[Hauptbahnhof Süd],2021-07-07T17:52:02.711Z
0.5710754,open,2021-07-07T17:48:00Z,462,347,0,809,809,24279[Konstabler],2021-07-07T17:52:02.711Z
0.80985916,open,2021-07-07T17:48:00Z,345,81,0,426,426,18497[Hauptwache],2021-07-07T17:52:02.711Z
0.36617646,open,2021-07-07T17:48:00Z,249,431,0,680,680,18495[Am Gericht],2021-07-07T17:52:02.711Z
0.20093457,open,2021-07-07T17:48:00Z,172,684,45,901,856,109240[MyZeil],2021-07-07T17:52:02.711Z
0.17898194,open,2021-07-07T17:48:00Z,109,500,0,609,609,18494[Konrad-Adenauer-Straße],2021-07-07T17:52:02.711Z
0.94400895,open,2021-07-07T18:08:00Z,843,50,0,893,893,24277[Börse],2021-07-07T18:12:01.908Z
0.09,open,2021-07-07T18:08:00Z,18,182,150,350,200,24276[Turmcenter],2021-07-07T18:12:01.908Z
0.58476657,open,2021-07-07T18:08:00Z,238,169,0,407,407,18944[Alte Oper],2021-07-07T18:12:01.908Z
0.06043956,open,2021-07-07T18:08:00Z,22,342,0,364,364,24281[Hauptbahnhof Süd],2021-07-07T18:12:01.908Z
0.5241038,open,2021-07-07T18:08:00Z,424,385,0,809,809,24279[Konstabler],2021-07-07T18:12:01.908Z
0.7816901,open,2021-07-07T18:08:00Z,333,93,0,426,426,18497[Hauptwache],2021-07-07T18:12:01.908Z
0.34117648,open,2021-07-07T18:08:00Z,232,448,0,680,680,18495[Am Gericht],2021-07-07T18:12:01.908Z
0.17640187,open,2021-07-07T18:08:00Z,151,705,45,901,856,109240[MyZeil],2021-07-07T18:12:01.908Z
0.18062398,open,2021-07-07T18:08:00Z,110,499,0,609,609,18494[Konrad-Adenauer-Straße],2021-07-07T18:12:01.908Z
0.94400895,open,2021-07-07T18:39:00Z,843,50,0,893,893,24277[Börse],2021-07-07T18:42:00.759Z
0.08,open,2021-07-07T18:39:00Z,16,184,150,350,200,24276[Turmcenter],2021-07-07T18:42:00.759Z
0.5208845,open,2021-07-07T18:39:00Z,212,195,0,407,407,18944[Alte Oper],2021-07-07T18:42:00.759Z
0.054945055,open,2021-07-07T18:39:00Z,20,344,0,364,364,24281[Hauptbahnhof Süd],2021-07-07T18:42:00.759Z
0.48578492,open,2021-07-07T18:39:00Z,393,416,0,809,809,24279[Konstabler],2021-07-07T18:42:00.759Z
0.70187795,open,2021-07-07T18:39:00Z,299,127,0,426,426,18497[Hauptwache],2021-07-07T18:42:00.759Z
0.33235294,open,2021-07-07T18:39:00Z,226,454,0,680,680,18495[Am Gericht],2021-07-07T18:42:00.759Z
0.1495327,open,2021-07-07T18:39:00Z,128,728,45,901,856,109240[MyZeil],2021-07-07T18:42:00.759Z
0.1543514,open,2021-07-07T18:39:00Z,94,515,0,609,609,18494[Konrad-Adenauer-Straße],2021-07-07T18:42:00.759Z
0.94400895,open,2021-07-07T18:54:00Z,843,50,0,893,893,24277[Börse],2021-07-07T18:57:00.771Z
0.075,open,2021-07-07T18:54:00Z,15,185,150,350,200,24276[Turmcenter],2021-07-07T18:57:00.771Z
0.4889435,open,2021-07-07T18:54:00Z,199,208,0,407,407,18944[Alte Oper],2021-07-07T18:57:00.771Z
0.054945055,open,2021-07-07T18:54:00Z,20,344,0,364,364,24281[Hauptbahnhof Süd],2021-07-07T18:57:00.771Z
0.45982695,open,2021-07-07T18:54:00Z,372,437,0,809,809,24279[Konstabler],2021-07-07T18:57:00.771Z
0.67840374,open,2021-07-07T18:54:00Z,289,137,0,426,426,18497[Hauptwache],2021-07-07T18:57:00.771Z
0.32352942,open,2021-07-07T18:54:00Z,220,460,0,680,680,18495[Am Gericht],2021-07-07T18:57:00.771Z
0.14135514,open,2021-07-07T18:54:00Z,121,735,45,901,856,109240[MyZeil],2021-07-07T18:57:00.771Z
0.14449918,open,2021-07-07T18:54:00Z,88,521,0,609,609,18494[Konrad-Adenauer-Straße],2021-07-07T18:57:00.771Z
0.94400895,open,2021-07-07T19:09:00Z,843,50,0,893,893,24277[Börse],2021-07-07T19:12:00.488Z
0.03,open,2021-07-07T19:09:00Z,6,194,150,350,200,24276[Turmcenter],2021-07-07T19:12:00.488Z
0.46437347,open,2021-07-07T19:09:00Z,189,218,0,407,407,18944[Alte Oper],2021-07-07T19:12:00.488Z
0.057692308,open,2021-07-07T19:09:00Z,21,343,0,364,364,24281[Hauptbahnhof Süd],2021-07-07T19:12:00.488Z
0.4487021,open,2021-07-07T19:09:00Z,363,446,0,809,809,24279[Konstabler],2021-07-07T19:12:00.488Z
0.65023476,open,2021-07-07T19:09:00Z,277,149,0,426,426,18497[Hauptwache],2021-07-07T19:12:00.488Z
0.31176472,open,2021-07-07T19:09:00Z,212,468,0,680,680,18495[Am Gericht],2021-07-07T19:12:00.488Z
0.14135514,open,2021-07-07T19:09:00Z,121,735,45,901,856,109240[MyZeil],2021-07-07T19:12:00.488Z
0.14285715,open,2021-07-07T19:09:00Z,87,522,0,609,609,18494[Konrad-Adenauer-Straße],2021-07-07T19:12:00.488Z
0.94400895,open,2021-07-07T19:24:00Z,843,50,0,893,893,24277[Börse],2021-07-07T19:27:00.513Z
0.015,open,2021-07-07T19:24:00Z,3,197,150,350,200,24276[Turmcenter],2021-07-07T19:27:00.513Z
0.44471744,open,2021-07-07T19:24:00Z,181,226,0,407,407,18944[Alte Oper],2021-07-07T19:27:00.513Z
0.054945055,open,2021-07-07T19:24:00Z,20,344,0,364,364,24281[Hauptbahnhof Süd],2021-07-07T19:27:00.513Z
0.4326329,open,2021-07-07T19:24:00Z,350,459,0,809,809,24279[Konstabler],2021-07-07T19:27:00.513Z
0.63380283,open,2021-07-07T19:24:00Z,270,156,0,426,426,18497[Hauptwache],2021-07-07T19:27:00.513Z
0.30441177,open,2021-07-07T19:24:00Z,207,473,0,680,680,18495[Am Gericht],2021-07-07T19:27:00.513Z
0.14135514,open,2021-07-07T19:24:00Z,121,735,45,901,856,109240[MyZeil],2021-07-07T19:27:00.513Z
0.12315271,open,2021-07-07T19:24:00Z,75,534,0,609,609,18494[Konrad-Adenauer-Straße],2021-07-07T19:27:00.513Z
0.94400895,open,2021-07-07T19:29:00Z,843,50,0,893,893,24277[Börse],2021-07-07T19:32:00.610Z
0.015,open,2021-07-07T19:29:00Z,3,197,150,350,200,24276[Turmcenter],2021-07-07T19:32:00.610Z
0.43488944,open,2021-07-07T19:29:00Z,177,230,0,407,407,18944[Alte Oper],2021-07-07T19:32:00.610Z
0.054945055,open,2021-07-07T19:29:00Z,20,344,0,364,364,24281[Hauptbahnhof Süd],2021-07-07T19:32:00.610Z
0.43139678,open,2021-07-07T19:29:00Z,349,460,0,809,809,24279[Konstabler],2021-07-07T19:32:00.610Z
0.62441313,open,2021-07-07T19:29:00Z,266,160,0,426,426,18497[Hauptwache],2021-07-07T19:32:00.610Z
0.30441177,open,2021-07-07T19:29:00Z,207,473,0,680,680,18495[Am Gericht],2021-07-07T19:32:00.610Z
0.14018692,open,2021-07-07T19:29:00Z,120,736,45,901,856,109240[MyZeil],2021-07-07T19:32:00.610Z
0.124794744,open,2021-07-07T19:29:00Z,76,533,0,609,609,18494[Konrad-Adenauer-Straße],2021-07-07T19:32:00.610Z
0.94400895,open,2021-07-07T19:40:00Z,843,50,0,893,893,24277[Börse],2021-07-07T19:42:01.664Z
0,open,2021-07-07T19:40:00Z,0,200,150,350,200,24276[Turmcenter],2021-07-07T19:42:01.664Z
0.4127764,open,2021-07-07T19:40:00Z,168,239,0,407,407,18944[Alte Oper],2021-07-07T19:42:01.664Z
0.04945055,open,2021-07-07T19:40:00Z,18,346,0,364,364,24281[Hauptbahnhof Süd],2021-07-07T19:42:01.664Z
0.42274413,open,2021-07-07T19:40:00Z,342,467,0,809,809,24279[Konstabler],2021-07-07T19:42:01.664Z
0.6314554,open,2021-07-07T19:40:00Z,269,157,0,426,426,18497[Hauptwache],2021-07-07T19:42:01.664Z
0.30147058,open,2021-07-07T19:40:00Z,205,475,0,680,680,18495[Am Gericht],2021-07-07T19:42:01.664Z
0.13785046,open,2021-07-07T19:40:00Z,118,738,45,901,856,109240[MyZeil],2021-07-07T19:42:01.664Z
0.12151067,open,2021-07-07T19:40:00Z,74,535,0,609,609,18494[Konrad-Adenauer-Straße],2021-07-07T19:42:01.664Z
0.94400895,open,2021-07-07T19:50:00Z,843,50,0,893,893,24277[Börse],2021-07-07T19:52:00.954Z
0,open,2021-07-07T19:50:00Z,0,200,150,350,200,24276[Turmcenter],2021-07-07T19:52:00.954Z
0.4078624,open,2021-07-07T19:50:00Z,166,241,0,407,407,18944[Alte Oper],2021-07-07T19:52:00.954Z
0.046703298,open,2021-07-07T19:50:00Z,17,347,0,364,364,24281[Hauptbahnhof Süd],2021-07-07T19:52:00.954Z
0.41903585,open,2021-07-07T19:50:00Z,339,470,0,809,809,24279[Konstabler],2021-07-07T19:52:00.954Z
0.6197183,open,2021-07-07T19:50:00Z,264,162,0,426,426,18497[Hauptwache],2021-07-07T19:52:00.954Z
0.29411766,open,2021-07-07T19:50:00Z,200,480,0,680,680,18495[Am Gericht],2021-07-07T19:52:00.954Z
0.13668224,open,2021-07-07T19:50:00Z,117,739,45,901,856,109240[MyZeil],2021-07-07T19:52:00.954Z
0.11658456,open,2021-07-07T19:50:00Z,71,538,0,609,609,18494[Konrad-Adenauer-Straße],2021-07-07T19:52:00.954Z
0.94400895,open,2021-07-07T20:10:00Z,843,50,0,893,893,24277[Börse],2021-07-07T20:12:00.758Z
0,open,2021-07-07T20:10:00Z,0,200,150,350,200,24276[Turmcenter],2021-07-07T20:12:00.758Z
0.38083538,open,2021-07-07T20:10:00Z,155,252,0,407,407,18944[Alte Oper],2021-07-07T20:12:00.758Z
0.052197803,open,2021-07-07T20:10:00Z,19,345,0,364,364,24281[Hauptbahnhof Süd],2021-07-07T20:12:00.758Z
0.39678615,open,2021-07-07T20:10:00Z,321,488,0,809,809,24279[Konstabler],2021-07-07T20:12:00.758Z
0.5938967,open,2021-07-07T20:10:00Z,253,173,0,426,426,18497[Hauptwache],2021-07-07T20:12:00.758Z
0.28529412,open,2021-07-07T20:10:00Z,194,486,0,680,680,18495[Am Gericht],2021-07-07T20:12:00.758Z
0.13084112,open,2021-07-07T20:10:00Z,112,744,45,901,856,109240[MyZeil],2021-07-07T20:12:00.758Z
0.10509031,open,2021-07-07T20:10:00Z,64,545,0,609,609,18494[Konrad-Adenauer-Straße],2021-07-07T20:12:00.758Z
0.94400895,open,2021-07-07T20:26:00Z,843,50,0,893,893,24277[Börse],2021-07-07T20:27:01.008Z
0,open,2021-07-07T20:26:00Z,0,200,150,350,200,24276[Turmcenter],2021-07-07T20:27:01.008Z
0.35380834,open,2021-07-07T20:26:00Z,144,263,0,407,407,18944[Alte Oper],2021-07-07T20:27:01.008Z
0.052197803,open,2021-07-07T20:26:00Z,19,345,0,364,364,24281[Hauptbahnhof Süd],2021-07-07T20:27:01.008Z
0.37577257,open,2021-07-07T20:26:00Z,304,505,0,809,809,24279[Konstabler],2021-07-07T20:27:01.008Z
0.5680751,open,2021-07-07T20:26:00Z,242,184,0,426,426,18497[Hauptwache],2021-07-07T20:27:01.008Z
0.27941176,open,2021-07-07T20:26:00Z,190,490,0,680,680,18495[Am Gericht],2021-07-07T20:27:01.008Z
0.1296729,open,2021-07-07T20:26:00Z,111,745,45,901,856,109240[MyZeil],2021-07-07T20:27:01.008Z
0.100164205,open,2021-07-07T20:26:00Z,61,548,0,609,609,18494[Konrad-Adenauer-Straße],2021-07-07T20:27:01.008Z
0.94400895,open,2021-07-07T20:41:00Z,843,50,0,893,893,24277[Börse],2021-07-07T20:42:00.845Z
0,open,2021-07-07T20:41:00Z,0,200,150,350,200,24276[Turmcenter],2021-07-07T20:42:00.845Z
0.32678133,open,2021-07-07T20:41:00Z,133,274,0,407,407,18944[Alte Oper],2021-07-07T20:42:00.845Z
0.052197803,open,2021-07-07T20:41:00Z,19,345,0,364,364,24281[Hauptbahnhof Süd],2021-07-07T20:42:00.845Z
0.35475895,open,2021-07-07T20:41:00Z,287,522,0,809,809,24279[Konstabler],2021-07-07T20:42:00.845Z
0.556338,open,2021-07-07T20:41:00Z,237,189,0,426,426,18497[Hauptwache],2021-07-07T20:42:00.845Z
0.2764706,open,2021-07-07T20:41:00Z,188,492,0,680,680,18495[Am Gericht],2021-07-07T20:42:00.845Z
0.125,open,2021-07-07T20:41:00Z,107,749,45,901,856,109240[MyZeil],2021-07-07T20:42:00.845Z
0.08866995,open,2021-07-07T20:41:00Z,54,555,0,609,609,18494[Konrad-Adenauer-Straße],2021-07-07T20:42:00.845Z
0.94400895,open,2021-07-07T20:46:00Z,843,50,0,893,893,24277[Börse],2021-07-07T20:47:01.165Z
0,open,2021-07-07T20:46:00Z,0,200,150,350,200,24276[Turmcenter],2021-07-07T20:47:01.165Z
0.31941032,open,2021-07-07T20:46:00Z,130,277,0,407,407,18944[Alte Oper],2021-07-07T20:47:01.165Z
0.052197803,open,2021-07-07T20:46:00Z,19,345,0,364,364,24281[Hauptbahnhof Süd],2021-07-07T20:47:01.165Z
0.35105067,open,2021-07-07T20:46:00Z,284,525,0,809,809,24279[Konstabler],2021-07-07T20:47:01.165Z
0.5516432,open,2021-07-07T20:46:00Z,235,191,0,426,426,18497[Hauptwache],2021-07-07T20:47:01.165Z
0.275,open,2021-07-07T20:46:00Z,187,493,0,680,680,18495[Am Gericht],2021-07-07T20:47:01.165Z
0.12266355,open,2021-07-07T20:46:00Z,105,751,45,901,856,109240[MyZeil],2021-07-07T20:47:01.165Z
0.087027915,open,2021-07-07T20:46:00Z,53,556,0,609,609,18494[Konrad-Adenauer-Straße],2021-07-07T20:47:01.165Z
0.94400895,open,2021-07-07T21:01:00Z,843,50,0,893,893,24277[Börse],2021-07-07T21:02:02.314Z
0,open,2021-07-07T21:01:00Z,0,200,150,350,200,24276[Turmcenter],2021-07-07T21:02:02.314Z
0.2874693,open,2021-07-07T21:01:00Z,117,290,0,407,407,18944[Alte Oper],2021-07-07T21:02:02.314Z
0.052197803,open,2021-07-07T21:01:00Z,19,345,0,364,364,24281[Hauptbahnhof Süd],2021-07-07T21:02:02.314Z
0.33745363,open,2021-07-07T21:01:00Z,273,536,0,809,809,24279[Konstabler],2021-07-07T21:02:02.314Z
0.52816904,open,2021-07-07T21:01:00Z,225,201,0,426,426,18497[Hauptwache],2021-07-07T21:02:02.314Z
0.275,open,2021-07-07T21:01:00Z,187,493,0,680,680,18495[Am Gericht],2021-07-07T21:02:02.314Z
0.1203271,open,2021-07-07T21:01:00Z,103,753,45,901,856,109240[MyZeil],2021-07-07T21:02:02.314Z
0.08538588,open,2021-07-07T21:01:00Z,52,557,0,609,609,18494[Konrad-Adenauer-Straße],2021-07-07T21:02:02.314Z
0.94400895,open,2021-07-07T21:23:00Z,843,50,0,893,893,24277[Börse],2021-07-07T21:27:01.804Z
0,open,2021-07-07T21:23:00Z,0,200,150,350,200,24276[Turmcenter],2021-07-07T21:27:01.804Z
0.25798526,open,2021-07-07T21:23:00Z,105,302,0,407,407,18944[Alte Oper],2021-07-07T21:27:01.804Z
0.046703298,open,2021-07-07T21:23:00Z,17,347,0,364,364,24281[Hauptbahnhof Süd],2021-07-07T21:27:01.804Z
0.31891224,open,2021-07-07T21:23:00Z,258,551,0,809,809,24279[Konstabler],2021-07-07T21:27:01.804Z
0.51877934,open,2021-07-07T21:23:00Z,221,205,0,426,426,18497[Hauptwache],2021-07-07T21:27:01.804Z
0.26764706,open,2021-07-07T21:23:00Z,182,498,0,680,680,18495[Am Gericht],2021-07-07T21:27:01.804Z
0.11799066,open,2021-07-07T21:23:00Z,101,755,45,901,856,109240[MyZeil],2021-07-07T21:27:01.804Z
0.08045977,open,2021-07-07T21:23:00Z,49,560,0,609,609,18494[Konrad-Adenauer-Straße],2021-07-07T21:27:01.804Z
0.94400895,open,2021-07-07T21:38:00Z,843,50,0,893,893,24277[Börse],2021-07-07T21:42:00.364Z
0,open,2021-07-07T21:38:00Z,0,200,150,350,200,24276[Turmcenter],2021-07-07T21:42:00.364Z
0.24078624,open,2021-07-07T21:38:00Z,98,309,0,407,407,18944[Alte Oper],2021-07-07T21:42:00.364Z
0.046703298,open,2021-07-07T21:38:00Z,17,347,0,364,364,24281[Hauptbahnhof Süd],2021-07-07T21:42:00.364Z
0.31644005,open,2021-07-07T21:38:00Z,256,553,0,809,809,24279[Konstabler],2021-07-07T21:42:00.364Z
0.5046948,open,2021-07-07T21:38:00Z,215,211,0,426,426,18497[Hauptwache],2021-07-07T21:42:00.364Z
0.26764706,open,2021-07-07T21:38:00Z,182,498,0,680,680,18495[Am Gericht],2021-07-07T21:42:00.364Z
0.11565421,open,2021-07-07T21:38:00Z,99,757,45,901,856,109240[MyZeil],2021-07-07T21:42:00.364Z
0.0771757,open,2021-07-07T21:38:00Z,47,562,0,609,609,18494[Konrad-Adenauer-Straße],2021-07-07T21:42:00.364Z
0.94400895,open,2021-07-07T21:48:00Z,843,50,0,893,893,24277[Börse],2021-07-07T21:52:01.183Z
0,open,2021-07-07T21:48:00Z,0,200,150,350,200,24276[Turmcenter],2021-07-07T21:52:01.183Z
0.2113022,open,2021-07-07T21:48:00Z,86,321,0,407,407,18944[Alte Oper],2021-07-07T21:52:01.183Z
0.046703298,open,2021-07-07T21:48:00Z,17,347,0,364,364,24281[Hauptbahnhof Süd],2021-07-07T21:52:01.183Z
0.302843,open,2021-07-07T21:48:00Z,245,564,0,809,809,24279[Konstabler],2021-07-07T21:52:01.183Z
0.4976526,open,2021-07-07T21:48:00Z,212,214,0,426,426,18497[Hauptwache],2021-07-07T21:52:01.183Z
0.2647059,open,2021-07-07T21:48:00Z,180,500,0,680,680,18495[Am Gericht],2021-07-07T21:52:01.183Z
0.11565421,open,2021-07-07T21:48:00Z,99,757,45,901,856,109240[MyZeil],2021-07-07T21:52:01.183Z
0.07881773,open,2021-07-07T21:48:00Z,48,561,0,609,609,18494[Konrad-Adenauer-Straße],2021-07-07T21:52:01.183Z
0.94400895,open,2021-07-07T22:04:00Z,843,50,0,893,893,24277[Börse],2021-07-07T22:07:01.128Z
0,open,2021-07-07T22:04:00Z,0,200,150,350,200,24276[Turmcenter],2021-07-07T22:07:01.128Z
0.17936118,open,2021-07-07T22:04:00Z,73,334,0,407,407,18944[Alte Oper],2021-07-07T22:07:01.128Z
0.046703298,open,2021-07-07T22:04:00Z,17,347,0,364,364,24281[Hauptbahnhof Süd],2021-07-07T22:07:01.128Z
0.29295427,open,2021-07-07T22:04:00Z,237,572,0,809,809,24279[Konstabler],2021-07-07T22:07:01.128Z
0.49295774,open,2021-07-07T22:04:00Z,210,216,0,426,426,18497[Hauptwache],2021-07-07T22:07:01.128Z
0,closed,2021-07-07T22:04:00Z,,503,0,0,0,18495[Am Gericht],2021-07-07T22:07:01.128Z
0.11448598,open,2021-07-07T22:04:00Z,98,758,45,901,856,109240[MyZeil],2021-07-07T22:07:01.128Z
0.073891625,open,2021-07-07T22:04:00Z,45,564,0,609,609,18494[Konrad-Adenauer-Straße],2021-07-07T22:07:01.128Z
0.94400895,open,2021-07-07T22:23:00Z,843,50,0,893,893,24277[Börse],2021-07-07T22:27:00.228Z
0,open,2021-07-07T22:23:00Z,0,200,150,350,200,24276[Turmcenter],2021-07-07T22:27:00.228Z
0.16707617,open,2021-07-07T22:23:00Z,68,339,0,407,407,18944[Alte Oper],2021-07-07T22:27:00.228Z
0.043956045,open,2021-07-07T22:23:00Z,16,348,0,364,364,24281[Hauptbahnhof Süd],2021-07-07T22:27:00.228Z
0.2867738,open,2021-07-07T22:23:00Z,232,577,0,809,809,24279[Konstabler],2021-07-07T22:27:00.228Z
0.48356807,open,2021-07-07T22:23:00Z,206,220,0,426,426,18497[Hauptwache],2021-07-07T22:27:00.228Z
0,closed,2021-07-07T22:23:00Z,,503,0,0,0,18495[Am Gericht],2021-07-07T22:27:00.228Z
0.11448598,open,2021-07-07T22:23:00Z,98,758,45,901,856,109240[MyZeil],2021-07-07T22:27:00.228Z
0.0771757,open,2021-07-07T22:23:00Z,47,562,0,609,609,18494[Konrad-Adenauer-Straße],2021-07-07T22:27:00.228Z
0.94400895,open,2021-07-07T22:39:00Z,843,50,0,893,893,24277[Börse],2021-07-07T22:42:00.262Z
0,open,2021-07-07T22:39:00Z,0,200,150,350,200,24276[Turmcenter],2021-07-07T22:42:00.262Z
0.14742015,open,2021-07-07T22:39:00Z,60,347,0,407,407,18944[Alte Oper],2021-07-07T22:42:00.262Z
0.043956045,open,2021-07-07T22:39:00Z,16,348,0,364,364,24281[Hauptbahnhof Süd],2021-07-07T22:42:00.262Z
0.2855377,open,2021-07-07T22:39:00Z,231,578,0,809,809,24279[Konstabler],2021-07-07T22:42:00.262Z
0.48356807,open,2021-07-07T22:39:00Z,206,220,0,426,426,18497[Hauptwache],2021-07-07T22:42:00.262Z
0,closed,2021-07-07T22:39:00Z,,503,0,0,0,18495[Am Gericht],2021-07-07T22:42:00.262Z
0.11448598,open,2021-07-07T22:39:00Z,98,758,45,901,856,109240[MyZeil],2021-07-07T22:42:00.262Z
0.07881773,open,2021-07-07T22:39:00Z,48,561,0,609,609,18494[Konrad-Adenauer-Straße],2021-07-07T22:42:00.262Z
0.94400895,open,2021-07-07T22:49:00Z,843,50,0,893,893,24277[Börse],2021-07-07T22:52:02.110Z
0,open,2021-07-07T22:49:00Z,0,200,150,350,200,24276[Turmcenter],2021-07-07T22:52:02.110Z
0.14496315,open,2021-07-07T22:49:00Z,59,348,0,407,407,18944[Alte Oper],2021-07-07T22:52:02.110Z
0.043956045,open,2021-07-07T22:49:00Z,16,348,0,364,364,24281[Hauptbahnhof Süd],2021-07-07T22:52:02.110Z
0.2855377,open,2021-07-07T22:49:00Z,231,578,0,809,809,24279[Konstabler],2021-07-07T22:52:02.110Z
0.47887325,open,2021-07-07T22:49:00Z,204,222,0,426,426,18497[Hauptwache],2021-07-07T22:52:02.110Z
0,closed,2021-07-07T22:49:00Z,,503,0,0,0,18495[Am Gericht],2021-07-07T22:52:02.110Z
0.11448598,open,2021-07-07T22:49:00Z,98,758,45,901,856,109240[MyZeil],2021-07-07T22:52:02.110Z
0.07881773,open,2021-07-07T22:49:00Z,48,561,0,609,609,18494[Konrad-Adenauer-Straße],2021-07-07T22:52:02.110Z
0.94400895,open,2021-07-07T22:59:00Z,843,50,0,893,893,24277[Börse],2021-07-07T23:02:02.295Z
0,open,2021-07-07T22:59:00Z,0,200,150,350,200,24276[Turmcenter],2021-07-07T23:02:02.295Z
0.14496315,open,2021-07-07T22:59:00Z,59,348,0,407,407,18944[Alte Oper],2021-07-07T23:02:02.295Z
0.043956045,open,2021-07-07T22:59:00Z,16,348,0,364,364,24281[Hauptbahnhof Süd],2021-07-07T23:02:02.295Z
0.2843016,open,2021-07-07T22:59:00Z,230,579,0,809,809,24279[Konstabler],2021-07-07T23:02:02.295Z
0.4765258,open,2021-07-07T22:59:00Z,203,223,0,426,426,18497[Hauptwache],2021-07-07T23:02:02.295Z
0,closed,2021-07-07T22:59:00Z,,503,0,0,0,18495[Am Gericht],2021-07-07T23:02:02.295Z
0.11331776,open,2021-07-07T22:59:00Z,97,759,45,901,856,109240[MyZeil],2021-07-07T23:02:02.295Z
0.0771757,open,2021-07-07T22:59:00Z,47,562,0,609,609,18494[Konrad-Adenauer-Straße],2021-07-07T23:02:02.295Z
0.94400895,open,2021-07-07T23:20:00Z,843,50,0,893,893,24277[Börse],2021-07-07T23:22:01.346Z
0,open,2021-07-07T23:20:00Z,0,200,150,350,200,24276[Turmcenter],2021-07-07T23:22:01.346Z
0.14250614,open,2021-07-07T23:20:00Z,58,349,0,407,407,18944[Alte Oper],2021-07-07T23:22:01.346Z
0.043956045,open,2021-07-07T23:20:00Z,16,348,0,364,364,24281[Hauptbahnhof Süd],2021-07-07T23:22:01.346Z
0.28182942,open,2021-07-07T23:20:00Z,228,581,0,809,809,24279[Konstabler],2021-07-07T23:22:01.346Z
0.47887325,open,2021-07-07T23:20:00Z,204,222,0,426,426,18497[Hauptwache],2021-07-07T23:22:01.346Z
0,closed,2021-07-07T23:20:00Z,,503,0,0,0,18495[Am Gericht],2021-07-07T23:22:01.346Z
0.11331776,open,2021-07-07T23:20:00Z,97,759,45,901,856,109240[MyZeil],2021-07-07T23:22:01.346Z
0.073891625,open,2021-07-07T23:20:00Z,45,564,0,609,609,18494[Konrad-Adenauer-Straße],2021-07-07T23:22:01.346Z
0.94400895,open,2021-07-07T23:35:00Z,843,50,0,893,893,24277[Börse],2021-07-07T23:37:02.302Z
0,open,2021-07-07T23:35:00Z,0,200,150,350,200,24276[Turmcenter],2021-07-07T23:37:02.302Z
0.14250614,open,2021-07-07T23:35:00Z,58,349,0,407,407,18944[Alte Oper],2021-07-07T23:37:02.302Z
0.043956045,open,2021-07-07T23:35:00Z,16,348,0,364,364,24281[Hauptbahnhof Süd],2021-07-07T23:37:02.302Z
0.27812114,open,2021-07-07T23:35:00Z,225,584,0,809,809,24279[Konstabler],2021-07-07T23:37:02.302Z
0.4741784,open,2021-07-07T23:35:00Z,202,224,0,426,426,18497[Hauptwache],2021-07-07T23:37:02.302Z
0,closed,2021-07-07T23:35:00Z,,503,0,0,0,18495[Am Gericht],2021-07-07T23:37:02.302Z
0.11214953,open,2021-07-07T23:35:00Z,96,760,45,901,856,109240[MyZeil],2021-07-07T23:37:02.302Z
0.073891625,open,2021-07-07T23:35:00Z,45,564,0,609,609,18494[Konrad-Adenauer-Straße],2021-07-07T23:37:02.302Z
0.94400895,open,2021-07-07T23:41:00Z,843,50,0,893,893,24277[Börse],2021-07-07T23:42:02.013Z
0,open,2021-07-07T23:41:00Z,0,200,150,350,200,24276[Turmcenter],2021-07-07T23:42:02.013Z
0.14250614,open,2021-07-07T23:41:00Z,58,349,0,407,407,18944[Alte Oper],2021-07-07T23:42:02.013Z
0.043956045,open,2021-07-07T23:41:00Z,16,348,0,364,364,24281[Hauptbahnhof Süd],2021-07-07T23:42:02.013Z
0.27812114,open,2021-07-07T23:41:00Z,225,584,0,809,809,24279[Konstabler],2021-07-07T23:42:02.013Z
0.4741784,open,2021-07-07T23:41:00Z,202,224,0,426,426,18497[Hauptwache],2021-07-07T23:42:02.013Z
0,closed,2021-07-07T23:41:00Z,,503,0,0,0,18495[Am Gericht],2021-07-07T23:42:02.013Z
0.11214953,open,2021-07-07T23:41:00Z,96,760,45,901,856,109240[MyZeil],2021-07-07T23:42:02.013Z
0.073891625,open,2021-07-07T23:41:00Z,45,564,0,609,609,18494[Konrad-Adenauer-Straße],2021-07-07T23:42:02.013Z
0.94400895,open,2021-07-07T23:56:00Z,843,50,0,893,893,24277[Börse],2021-07-07T23:57:02.804Z
0,open,2021-07-07T23:56:00Z,0,200,150,350,200,24276[Turmcenter],2021-07-07T23:57:02.804Z
0.13759214,open,2021-07-07T23:56:00Z,56,351,0,407,407,18944[Alte Oper],2021-07-07T23:57:02.804Z
0.043956045,open,2021-07-07T23:56:00Z,16,348,0,364,364,24281[Hauptbahnhof Süd],2021-07-07T23:57:02.804Z
0.27812114,open,2021-07-07T23:56:00Z,225,584,0,809,809,24279[Konstabler],2021-07-07T23:57:02.804Z
0.46948355,open,2021-07-07T23:56:00Z,200,226,0,426,426,18497[Hauptwache],2021-07-07T23:57:02.804Z
0,closed,2021-07-07T23:56:00Z,,503,0,0,0,18495[Am Gericht],2021-07-07T23:57:02.804Z
0.11214953,open,2021-07-07T23:56:00Z,96,760,45,901,856,109240[MyZeil],2021-07-07T23:57:02.804Z
0.073891625,open,2021-07-07T23:56:00Z,45,564,0,609,609,18494[Konrad-Adenauer-Straße],2021-07-07T23:57:02.804Z
0.94400895,open,2021-07-08T01:01:00Z,843,50,0,893,893,24277[Börse],2021-07-08T01:07:00.017Z
0,open,2021-07-08T01:01:00Z,0,200,150,350,200,24276[Turmcenter],2021-07-08T01:07:00.017Z
0.13513513,open,2021-07-08T01:01:00Z,55,352,0,407,407,18944[Alte Oper],2021-07-08T01:07:00.017Z
0.041208792,open,2021-07-08T01:01:00Z,15,349,0,364,364,24281[Hauptbahnhof Süd],2021-07-08T01:07:00.017Z
0.27317676,open,2021-07-08T01:01:00Z,221,588,0,809,809,24279[Konstabler],2021-07-08T01:07:00.017Z
0.46713614,open,2021-07-08T01:01:00Z,199,227,0,426,426,18497[Hauptwache],2021-07-08T01:07:00.017Z
0,closed,2021-07-08T01:01:00Z,,503,0,0,0,18495[Am Gericht],2021-07-08T01:07:00.017Z
0.11331776,open,2021-07-08T01:01:00Z,97,759,45,901,856,109240[MyZeil],2021-07-08T01:07:00.017Z
0.07881773,open,2021-07-08T01:01:00Z,48,561,0,609,609,18494[Konrad-Adenauer-Straße],2021-07-08T01:07:00.017Z
0.94400895,open,2021-07-08T02:27:00Z,843,50,0,893,893,24277[Börse],2021-07-08T02:32:00.754Z
0,open,2021-07-08T02:27:00Z,0,200,150,350,200,24276[Turmcenter],2021-07-08T02:32:00.754Z
0.13759214,open,2021-07-08T02:27:00Z,56,351,0,407,407,18944[Alte Oper],2021-07-08T02:32:00.754Z
0.041208792,open,2021-07-08T02:27:00Z,15,349,0,364,364,24281[Hauptbahnhof Süd],2021-07-08T02:32:00.754Z
0.27317676,open,2021-07-08T02:27:00Z,221,588,0,809,809,24279[Konstabler],2021-07-08T02:32:00.754Z
0.46478873,open,2021-07-08T02:27:00Z,198,228,0,426,426,18497[Hauptwache],2021-07-08T02:32:00.754Z
0,closed,2021-07-08T02:27:00Z,,,0,0,0,18495[Am Gericht],2021-07-08T02:32:00.754Z
0.11331776,open,2021-07-08T02:27:00Z,97,759,45,901,856,109240[MyZeil],2021-07-08T02:32:00.754Z
0.08374384,open,2021-07-08T02:27:00Z,51,558,0,609,609,18494[Konrad-Adenauer-Straße],2021-07-08T02:32:00.754Z
0.94400895,open,2021-07-08T02:47:00Z,843,50,0,893,893,24277[Börse],2021-07-08T02:52:02.382Z
0,open,2021-07-08T02:47:00Z,0,200,150,350,200,24276[Turmcenter],2021-07-08T02:52:02.382Z
0.13759214,open,2021-07-08T02:47:00Z,56,351,0,407,407,18944[Alte Oper],2021-07-08T02:52:02.382Z
0.041208792,open,2021-07-08T02:47:00Z,15,349,0,364,364,24281[Hauptbahnhof Süd],2021-07-08T02:52:02.382Z
0.27317676,open,2021-07-08T02:47:00Z,221,588,0,809,809,24279[Konstabler],2021-07-08T02:52:02.382Z
0.46478873,open,2021-07-08T02:47:00Z,198,228,0,426,426,18497[Hauptwache],2021-07-08T02:52:02.382Z
0,closed,2021-07-08T02:47:00Z,,,0,0,0,18495[Am Gericht],2021-07-08T02:52:02.382Z
0.11331776,open,2021-07-08T02:47:00Z,97,759,45,901,856,109240[MyZeil],2021-07-08T02:52:02.382Z
0.087027915,open,2021-07-08T02:47:00Z,53,556,0,609,609,18494[Konrad-Adenauer-Straße],2021-07-08T02:52:02.382Z
0.94400895,open,2021-07-08T02:52:00Z,843,50,0,893,893,24277[Börse],2021-07-08T02:57:02.312Z
0,open,2021-07-08T02:52:00Z,0,200,150,350,200,24276[Turmcenter],2021-07-08T02:57:02.312Z
0.13759214,open,2021-07-08T02:52:00Z,56,351,0,407,407,18944[Alte Oper],2021-07-08T02:57:02.312Z
0.041208792,open,2021-07-08T02:52:00Z,15,349,0,364,364,24281[Hauptbahnhof Süd],2021-07-08T02:57:02.312Z
0.27317676,open,2021-07-08T02:52:00Z,221,588,0,809,809,24279[Konstabler],2021-07-08T02:57:02.312Z
0.46478873,open,2021-07-08T02:52:00Z,198,228,0,426,426,18497[Hauptwache],2021-07-08T02:57:02.312Z
0,closed,2021-07-08T02:52:00Z,,,0,0,0,18495[Am Gericht],2021-07-08T02:57:02.312Z
0.11331776,open,2021-07-08T02:52:00Z,97,759,45,901,856,109240[MyZeil],2021-07-08T02:57:02.312Z
0.087027915,open,2021-07-08T02:52:00Z,53,556,0,609,609,18494[Konrad-Adenauer-Straße],2021-07-08T02:57:02.312Z
0.94400895,open,2021-07-08T03:22:00Z,843,50,0,893,893,24277[Börse],2021-07-08T03:27:02.278Z
0,open,2021-07-08T03:22:00Z,0,200,150,350,200,24276[Turmcenter],2021-07-08T03:27:02.278Z
0.13759214,open,2021-07-08T03:22:00Z,56,351,0,407,407,18944[Alte Oper],2021-07-08T03:27:02.278Z
0.041208792,open,2021-07-08T03:22:00Z,15,349,0,364,364,24281[Hauptbahnhof Süd],2021-07-08T03:27:02.278Z
0.27564895,open,2021-07-08T03:22:00Z,223,586,0,809,809,24279[Konstabler],2021-07-08T03:27:02.278Z
0.46478873,open,2021-07-08T03:22:00Z,198,228,0,426,426,18497[Hauptwache],2021-07-08T03:27:02.278Z
0,closed,2021-07-08T03:22:00Z,,,0,0,0,18495[Am Gericht],2021-07-08T03:27:02.278Z
0.11398355,open,2021-07-08T03:22:00Z,97,754,45,896,851,109240[MyZeil],2021-07-08T03:27:02.278Z
0.087027915,open,2021-07-08T03:22:00Z,53,556,0,609,609,18494[Konrad-Adenauer-Straße],2021-07-08T03:27:02.278Z
0.94400895,open,2021-07-08T03:37:00Z,843,50,0,893,893,24277[Börse],2021-07-08T03:42:02.670Z
0,open,2021-07-08T03:37:00Z,0,200,150,350,200,24276[Turmcenter],2021-07-08T03:42:02.670Z
0.13759214,open,2021-07-08T03:37:00Z,56,351,0,407,407,18944[Alte Oper],2021-07-08T03:42:02.670Z
0.046703298,open,2021-07-08T03:37:00Z,17,347,0,364,364,24281[Hauptbahnhof Süd],2021-07-08T03:42:02.670Z
0.27441284,open,2021-07-08T03:37:00Z,222,587,0,809,809,24279[Konstabler],2021-07-08T03:42:02.670Z
0.46478873,open,2021-07-08T03:37:00Z,198,228,0,426,426,18497[Hauptwache],2021-07-08T03:42:02.670Z
0,closed,2021-07-08T03:37:00Z,,,0,0,0,18495[Am Gericht],2021-07-08T03:42:02.670Z
0.11398355,open,2021-07-08T03:37:00Z,97,754,45,896,851,109240[MyZeil],2021-07-08T03:42:02.670Z
0.09031199,open,2021-07-08T03:37:00Z,55,554,0,609,609,18494[Konrad-Adenauer-Straße],2021-07-08T03:42:02.670Z
0.94400895,open,2021-07-08T03:47:00Z,843,50,0,893,893,24277[Börse],2021-07-08T03:52:00.441Z
0,open,2021-07-08T03:47:00Z,0,200,150,350,200,24276[Turmcenter],2021-07-08T03:52:00.441Z
0.13759214,open,2021-07-08T03:47:00Z,56,351,0,407,407,18944[Alte Oper],2021-07-08T03:52:00.441Z
0.052197803,open,2021-07-08T03:47:00Z,19,345,0,364,364,24281[Hauptbahnhof Süd],2021-07-08T03:52:00.441Z
0.27441284,open,2021-07-08T03:47:00Z,222,587,0,809,809,24279[Konstabler],2021-07-08T03:52:00.441Z
0.46478873,open,2021-07-08T03:47:00Z,198,228,0,426,426,18497[Hauptwache],2021-07-08T03:52:00.441Z
0,closed,2021-07-08T03:47:00Z,,,0,0,0,18495[Am Gericht],2021-07-08T03:52:00.441Z
0.11515864,open,2021-07-08T03:47:00Z,98,753,45,896,851,109240[MyZeil],2021-07-08T03:52:00.441Z
0.093596056,open,2021-07-08T03:47:00Z,57,552,0,609,609,18494[Konrad-Adenauer-Straße],2021-07-08T03:52:00.441Z
0.94400895,open,2021-07-08T04:07:00Z,843,50,0,893,893,24277[Börse],2021-07-08T04:12:01.666Z
0,open,2021-07-08T04:07:00Z,0,150,200,350,150,24276[Turmcenter],2021-07-08T04:12:01.666Z
0.14004914,open,2021-07-08T04:07:00Z,57,350,0,407,407,18944[Alte Oper],2021-07-08T04:12:01.666Z
0.082417585,open,2021-07-08T04:07:00Z,30,334,0,364,364,24281[Hauptbahnhof Süd],2021-07-08T04:12:01.666Z
0.27441284,open,2021-07-08T04:07:00Z,222,587,0,809,809,24279[Konstabler],2021-07-08T04:12:01.666Z
0.46478873,open,2021-07-08T04:07:00Z,198,228,0,426,426,18497[Hauptwache],2021-07-08T04:12:01.666Z
0.275,open,2021-07-08T04:07:00Z,187,493,0,680,680,18495[Am Gericht],2021-07-08T04:12:01.666Z
0.11633372,open,2021-07-08T04:07:00Z,99,752,45,896,851,109240[MyZeil],2021-07-08T04:12:01.666Z
0.093596056,open,2021-07-08T04:07:00Z,57,552,0,609,609,18494[Konrad-Adenauer-Straße],2021-07-08T04:12:01.666Z
0.94400895,open,2021-07-08T04:42:00Z,843,50,0,893,893,24277[Börse],2021-07-08T04:47:02.656Z
0,open,2021-07-08T04:42:00Z,0,150,200,350,150,24276[Turmcenter],2021-07-08T04:47:02.656Z
0.14742015,open,2021-07-08T04:42:00Z,60,347,0,407,407,18944[Alte Oper],2021-07-08T04:47:02.656Z
0.12912089,open,2021-07-08T04:42:00Z,47,317,0,364,364,24281[Hauptbahnhof Süd],2021-07-08T04:47:02.656Z
0.2843016,open,2021-07-08T04:42:00Z,230,579,0,809,809,24279[Konstabler],2021-07-08T04:47:02.656Z
0.46713614,open,2021-07-08T04:42:00Z,199,227,0,426,426,18497[Hauptwache],2021-07-08T04:47:02.656Z
0.2882353,open,2021-07-08T04:42:00Z,196,484,0,680,680,18495[Am Gericht],2021-07-08T04:47:02.656Z
0.117508814,open,2021-07-08T04:42:00Z,100,751,45,896,851,109240[MyZeil],2021-07-08T04:47:02.656Z
0.093596056,open,2021-07-08T04:42:00Z,57,552,0,609,609,18494[Konrad-Adenauer-Straße],2021-07-08T04:47:02.656Z
0.94400895,open,2021-07-08T04:52:00Z,843,50,0,893,893,24277[Börse],2021-07-08T04:57:00.137Z
0.006666667,open,2021-07-08T04:52:00Z,1,149,200,350,150,24276[Turmcenter],2021-07-08T04:57:00.137Z
0.14742015,open,2021-07-08T04:52:00Z,60,347,0,407,407,18944[Alte Oper],2021-07-08T04:57:00.137Z
0.14285715,open,2021-07-08T04:52:00Z,52,312,0,364,364,24281[Hauptbahnhof Süd],2021-07-08T04:57:00.137Z
0.2843016,open,2021-07-08T04:52:00Z,230,579,0,809,809,24279[Konstabler],2021-07-08T04:57:00.137Z
0.46948355,open,2021-07-08T04:52:00Z,200,226,0,426,426,18497[Hauptwache],2021-07-08T04:57:00.137Z
0.2882353,open,2021-07-08T04:52:00Z,196,484,0,680,680,18495[Am Gericht],2021-07-08T04:57:00.137Z
0.11633372,open,2021-07-08T04:52:00Z,99,752,45,896,851,109240[MyZeil],2021-07-08T04:57:00.137Z
0.09688013,open,2021-07-08T04:52:00Z,59,550,0,609,609,18494[Konrad-Adenauer-Straße],2021-07-08T04:57:00.137Z
0.94400895,open,2021-07-08T05:13:00Z,843,50,0,893,893,24277[Börse],2021-07-08T05:17:02.806Z
0.02,open,2021-07-08T05:13:00Z,3,147,200,350,150,24276[Turmcenter],2021-07-08T05:17:02.806Z
0.15479116,open,2021-07-08T05:13:00Z,63,344,0,407,407,18944[Alte Oper],2021-07-08T05:17:02.806Z
0.16483517,open,2021-07-08T05:13:00Z,60,304,0,364,364,24281[Hauptbahnhof Süd],2021-07-08T05:17:02.806Z
0.2855377,open,2021-07-08T05:13:00Z,231,578,0,809,809,24279[Konstabler],2021-07-08T05:17:02.806Z
0.47887325,open,2021-07-08T05:13:00Z,204,222,0,426,426,18497[Hauptwache],2021-07-08T05:17:02.806Z
0.29705882,open,2021-07-08T05:13:00Z,202,478,0,680,680,18495[Am Gericht],2021-07-08T05:17:02.806Z
0.11633372,open,2021-07-08T05:13:00Z,99,752,45,896,851,109240[MyZeil],2021-07-08T05:17:02.806Z
0.098522164,open,2021-07-08T05:13:00Z,60,549,0,609,609,18494[Konrad-Adenauer-Straße],2021-07-08T05:17:02.806Z
0.94400895,open,2021-07-08T05:23:00Z,843,50,0,893,893,24277[Börse],2021-07-08T05:27:00.303Z
0.026666667,open,2021-07-08T05:23:00Z,4,146,200,350,150,24276[Turmcenter],2021-07-08T05:27:00.303Z
0.15970516,open,2021-07-08T05:23:00Z,65,342,0,407,407,18944[Alte Oper],2021-07-08T05:27:00.303Z
0.18131869,open,2021-07-08T05:23:00Z,66,298,0,364,364,24281[Hauptbahnhof Süd],2021-07-08T05:27:00.303Z
0.2855377,open,2021-07-08T05:23:00Z,231,578,0,809,809,24279[Konstabler],2021-07-08T05:27:00.303Z
0.48122066,open,2021-07-08T05:23:00Z,205,221,0,426,426,18497[Hauptwache],2021-07-08T05:27:00.303Z
0.30441177,open,2021-07-08T05:23:00Z,207,473,0,680,680,18495[Am Gericht],2021-07-08T05:27:00.303Z
0.118683904,open,2021-07-08T05:23:00Z,101,750,45,896,851,109240[MyZeil],2021-07-08T05:27:00.303Z
0.09688013,open,2021-07-08T05:23:00Z,59,550,0,609,609,18494[Konrad-Adenauer-Straße],2021-07-08T05:27:00.303Z
0.94400895,open,2021-07-08T05:38:00Z,843,50,0,893,893,24277[Börse],2021-07-08T05:42:02.804Z
0.053333335,open,2021-07-08T05:38:00Z,8,142,200,350,150,24276[Turmcenter],2021-07-08T05:42:02.804Z
0.17444718,open,2021-07-08T05:38:00Z,71,336,0,407,407,18944[Alte Oper],2021-07-08T05:42:02.804Z
0.1978022,open,2021-07-08T05:38:00Z,72,292,0,364,364,24281[Hauptbahnhof Süd],2021-07-08T05:42:02.804Z
0.29542646,open,2021-07-08T05:38:00Z,239,570,0,809,809,24279[Konstabler],2021-07-08T05:42:02.804Z
0.48826292,open,2021-07-08T05:38:00Z,208,218,0,426,426,18497[Hauptwache],2021-07-08T05:42:02.804Z
0.31470588,open,2021-07-08T05:38:00Z,214,466,0,680,680,18495[Am Gericht],2021-07-08T05:42:02.804Z
0.12103408,open,2021-07-08T05:38:00Z,103,748,45,896,851,109240[MyZeil],2021-07-08T05:42:02.804Z
0.09688013,open,2021-07-08T05:38:00Z,59,550,0,609,609,18494[Konrad-Adenauer-Straße],2021-07-08T05:42:02.804Z
0.94400895,open,2021-07-08T05:48:00Z,843,50,0,893,893,24277[Börse],2021-07-08T05:52:00.755Z
0.093333334,open,2021-07-08T05:48:00Z,14,136,200,350,150,24276[Turmcenter],2021-07-08T05:52:00.755Z
0.17690417,open,2021-07-08T05:48:00Z,72,335,0,407,407,18944[Alte Oper],2021-07-08T05:52:00.755Z
0.21153846,open,2021-07-08T05:48:00Z,77,287,0,364,364,24281[Hauptbahnhof Süd],2021-07-08T05:52:00.755Z
0.3065513,open,2021-07-08T05:48:00Z,248,561,0,809,809,24279[Konstabler],2021-07-08T05:52:00.755Z
0.49295774,open,2021-07-08T05:48:00Z,210,216,0,426,426,18497[Hauptwache],2021-07-08T05:52:00.755Z
0.33088234,open,2021-07-08T05:48:00Z,225,455,0,680,680,18495[Am Gericht],2021-07-08T05:52:00.755Z
0.12338425,open,2021-07-08T05:48:00Z,105,746,45,896,851,109240[MyZeil],2021-07-08T05:52:00.755Z
0.09688013,open,2021-07-08T05:48:00Z,59,550,0,609,609,18494[Konrad-Adenauer-Straße],2021-07-08T05:52:00.755Z
0.94400895,open,2021-07-08T05:58:00Z,843,50,0,893,893,24277[Börse],2021-07-08T06:02:01.370Z
0.10666667,open,2021-07-08T05:58:00Z,16,134,200,350,150,24276[Turmcenter],2021-07-08T06:02:01.370Z
0.18181819,open,2021-07-08T05:58:00Z,74,333,0,407,407,18944[Alte Oper],2021-07-08T06:02:01.370Z
0.23626374,open,2021-07-08T05:58:00Z,86,278,0,364,364,24281[Hauptbahnhof Süd],2021-07-08T06:02:01.370Z
0.31396785,open,2021-07-08T05:58:00Z,254,555,0,809,809,24279[Konstabler],2021-07-08T06:02:01.370Z
0.49530515,open,2021-07-08T05:58:00Z,211,215,0,426,426,18497[Hauptwache],2021-07-08T06:02:01.370Z
0.34411764,open,2021-07-08T05:58:00Z,234,446,0,680,680,18495[Am Gericht],2021-07-08T06:02:01.370Z
0.12455934,open,2021-07-08T05:58:00Z,106,745,45,896,851,109240[MyZeil],2021-07-08T06:02:01.370Z
0.11494253,open,2021-07-08T05:58:00Z,70,539,0,609,609,18494[Konrad-Adenauer-Straße],2021-07-08T06:02:01.370Z
0.94400895,open,2021-07-08T06:28:00Z,843,50,0,893,893,24277[Börse],2021-07-08T06:32:02.851Z
0.25333333,open,2021-07-08T06:28:00Z,38,112,200,350,150,24276[Turmcenter],2021-07-08T06:32:02.851Z
0.23095824,open,2021-07-08T06:28:00Z,94,313,0,407,407,18944[Alte Oper],2021-07-08T06:32:02.851Z
0.27747253,open,2021-07-08T06:28:00Z,101,263,0,364,364,24281[Hauptbahnhof Süd],2021-07-08T06:32:02.851Z
0.33127317,open,2021-07-08T06:28:00Z,268,541,0,809,809,24279[Konstabler],2021-07-08T06:32:02.851Z
0.5164319,open,2021-07-08T06:28:00Z,220,206,0,426,426,18497[Hauptwache],2021-07-08T06:32:02.851Z
0.40735295,open,2021-07-08T06:28:00Z,277,403,0,680,680,18495[Am Gericht],2021-07-08T06:32:02.851Z
0.13396005,open,2021-07-08T06:28:00Z,114,737,45,896,851,109240[MyZeil],2021-07-08T06:32:02.851Z
0.136289,open,2021-07-08T06:28:00Z,83,526,0,609,609,18494[Konrad-Adenauer-Straße],2021-07-08T06:32:02.851Z
0.94400895,open,2021-07-08T06:48:00Z,843,50,0,893,893,24277[Börse],2021-07-08T06:52:01.641Z
0.37333333,open,2021-07-08T06:48:00Z,56,94,200,350,150,24276[Turmcenter],2021-07-08T06:52:01.641Z
0.25061426,open,2021-07-08T06:48:00Z,102,305,0,407,407,18944[Alte Oper],2021-07-08T06:52:01.641Z
0.31593406,open,2021-07-08T06:48:00Z,115,249,0,364,364,24281[Hauptbahnhof Süd],2021-07-08T06:52:01.641Z
0.36093944,open,2021-07-08T06:48:00Z,292,517,0,809,809,24279[Konstabler],2021-07-08T06:52:01.641Z
0.5375587,open,2021-07-08T06:48:00Z,229,197,0,426,426,18497[Hauptwache],2021-07-08T06:52:01.641Z
0.45294118,open,2021-07-08T06:48:00Z,308,372,0,680,680,18495[Am Gericht],2021-07-08T06:52:01.641Z
0.14218566,open,2021-07-08T06:48:00Z,121,730,45,896,851,109240[MyZeil],2021-07-08T06:52:01.641Z
0.14778325,open,2021-07-08T06:48:00Z,90,519,0,609,609,18494[Konrad-Adenauer-Straße],2021-07-08T06:52:01.641Z
0.94400895,open,2021-07-08T07:08:00Z,843,50,0,893,893,24277[Börse],2021-07-08T07:12:01.042Z
0.46666667,open,2021-07-08T07:08:00Z,70,80,200,350,150,24276[Turmcenter],2021-07-08T07:12:01.042Z
0.28501227,open,2021-07-08T07:08:00Z,116,291,0,407,407,18944[Alte Oper],2021-07-08T07:12:01.042Z
0.3434066,open,2021-07-08T07:08:00Z,125,239,0,364,364,24281[Hauptbahnhof Süd],2021-07-08T07:12:01.042Z
0.38071692,open,2021-07-08T07:08:00Z,308,501,0,809,809,24279[Konstabler],2021-07-08T07:12:01.042Z
0.58450705,open,2021-07-08T07:08:00Z,249,177,0,426,426,18497[Hauptwache],2021-07-08T07:12:01.042Z
0.49117646,open,2021-07-08T07:08:00Z,334,346,0,680,680,18495[Am Gericht],2021-07-08T07:12:01.042Z
0.14453584,open,2021-07-08T07:08:00Z,123,728,45,896,851,109240[MyZeil],2021-07-08T07:12:01.042Z
0.16748768,open,2021-07-08T07:08:00Z,102,507,0,609,609,18494[Konrad-Adenauer-Straße],2021-07-08T07:12:01.042Z
0.94400895,open,2021-07-08T07:23:00Z,843,50,0,893,893,24277[Börse],2021-07-08T07:27:02.487Z
0.52,open,2021-07-08T07:23:00Z,78,72,200,350,150,24276[Turmcenter],2021-07-08T07:27:02.487Z
0.3144963,open,2021-07-08T07:23:00Z,128,279,0,407,407,18944[Alte Oper],2021-07-08T07:27:02.487Z
0.3653846,open,2021-07-08T07:23:00Z,133,231,0,364,364,24281[Hauptbahnhof Süd],2021-07-08T07:27:02.487Z
0.41656366,open,2021-07-08T07:23:00Z,337,472,0,809,809,24279[Konstabler],2021-07-08T07:27:02.487Z
0.6197183,open,2021-07-08T07:23:00Z,264,162,0,426,426,18497[Hauptwache],2021-07-08T07:27:02.487Z
0.53382355,open,2021-07-08T07:23:00Z,363,317,0,680,680,18495[Am Gericht],2021-07-08T07:27:02.487Z
0.1586369,open,2021-07-08T07:23:00Z,135,716,45,896,851,109240[MyZeil],2021-07-08T07:27:02.487Z
0.18390805,open,2021-07-08T07:23:00Z,112,497,0,609,609,18494[Konrad-Adenauer-Straße],2021-07-08T07:27:02.487Z
0.94400895,open,2021-07-08T07:33:00Z,843,50,0,893,893,24277[Börse],2021-07-08T07:37:00.082Z
0.55333334,open,2021-07-08T07:33:00Z,83,67,200,350,150,24276[Turmcenter],2021-07-08T07:37:00.082Z
0.33169532,open,2021-07-08T07:33:00Z,135,272,0,407,407,18944[Alte Oper],2021-07-08T07:37:00.082Z
0.37637362,open,2021-07-08T07:33:00Z,137,227,0,364,364,24281[Hauptbahnhof Süd],2021-07-08T07:37:00.082Z
0.42398024,open,2021-07-08T07:33:00Z,343,466,0,809,809,24279[Konstabler],2021-07-08T07:37:00.082Z
0.64788735,open,2021-07-08T07:33:00Z,276,150,0,426,426,18497[Hauptwache],2021-07-08T07:37:00.082Z
0.55441177,open,2021-07-08T07:33:00Z,377,303,0,680,680,18495[Am Gericht],2021-07-08T07:37:00.082Z
0.16451234,open,2021-07-08T07:33:00Z,140,711,45,896,851,109240[MyZeil],2021-07-08T07:37:00.082Z
0.19211823,open,2021-07-08T07:33:00Z,117,492,0,609,609,18494[Konrad-Adenauer-Straße],2021-07-08T07:37:00.082Z
0.94400895,open,2021-07-08T07:43:00Z,843,50,0,893,893,24277[Börse],2021-07-08T07:47:00.703Z
0.5733333,open,2021-07-08T07:43:00Z,86,64,200,350,150,24276[Turmcenter],2021-07-08T07:47:00.703Z
0.35380834,open,2021-07-08T07:43:00Z,144,263,0,407,407,18944[Alte Oper],2021-07-08T07:47:00.703Z
0.3846154,open,2021-07-08T07:43:00Z,140,224,0,364,364,24281[Hauptbahnhof Süd],2021-07-08T07:47:00.703Z
0.4437577,open,2021-07-08T07:43:00Z,359,450,0,809,809,24279[Konstabler],2021-07-08T07:47:00.703Z
0.70187795,open,2021-07-08T07:43:00Z,299,127,0,426,426,18497[Hauptwache],2021-07-08T07:47:00.703Z
0.5617647,open,2021-07-08T07:43:00Z,382,298,0,680,680,18495[Am Gericht],2021-07-08T07:47:00.703Z
0.17391305,open,2021-07-08T07:43:00Z,148,703,45,896,851,109240[MyZeil],2021-07-08T07:47:00.703Z
0.20197044,open,2021-07-08T07:43:00Z,123,486,0,609,609,18494[Konrad-Adenauer-Straße],2021-07-08T07:47:00.703Z
0.94400895,open,2021-07-08T07:53:00Z,843,50,0,893,893,24277[Börse],2021-07-08T07:57:01.683Z
0.64666665,open,2021-07-08T07:53:00Z,97,53,200,350,150,24276[Turmcenter],2021-07-08T07:57:01.683Z
0.3906634,open,2021-07-08T07:53:00Z,159,248,0,407,407,18944[Alte Oper],2021-07-08T07:57:01.683Z
0.3956044,open,2021-07-08T07:53:00Z,144,220,0,364,364,24281[Hauptbahnhof Süd],2021-07-08T07:57:01.683Z
0.46971568,open,2021-07-08T07:53:00Z,380,429,0,809,809,24279[Konstabler],2021-07-08T07:57:01.683Z
0.74647886,open,2021-07-08T07:53:00Z,318,108,0,426,426,18497[Hauptwache],2021-07-08T07:57:01.683Z
0.5985294,open,2021-07-08T07:53:00Z,407,273,0,680,680,18495[Am Gericht],2021-07-08T07:57:01.683Z
0.18331374,open,2021-07-08T07:53:00Z,156,695,45,896,851,109240[MyZeil],2021-07-08T07:57:01.683Z
0.21182266,open,2021-07-08T07:53:00Z,129,480,0,609,609,18494[Konrad-Adenauer-Straße],2021-07-08T07:57:01.683Z
0.94400895,open,2021-07-08T08:23:00Z,843,50,0,893,893,24277[Börse],2021-07-08T08:27:01.088Z
0.7266667,open,2021-07-08T08:23:00Z,109,41,200,350,150,24276[Turmcenter],2021-07-08T08:27:01.088Z
0.46683046,open,2021-07-08T08:23:00Z,190,217,0,407,407,18944[Alte Oper],2021-07-08T08:27:01.088Z
0.41208792,open,2021-07-08T08:23:00Z,150,214,0,364,364,24281[Hauptbahnhof Süd],2021-07-08T08:27:01.088Z
0.55747837,open,2021-07-08T08:23:00Z,451,358,0,809,809,24279[Konstabler],2021-07-08T08:27:01.088Z
0.85211265,open,2021-07-08T08:23:00Z,363,63,0,426,426,18497[Hauptwache],2021-07-08T08:27:01.088Z
0.62058824,open,2021-07-08T08:23:00Z,422,258,0,680,680,18495[Am Gericht],2021-07-08T08:27:01.088Z
0.21151586,open,2021-07-08T08:23:00Z,180,671,45,896,851,109240[MyZeil],2021-07-08T08:27:01.088Z
0.24466339,open,2021-07-08T08:23:00Z,149,460,0,609,609,18494[Konrad-Adenauer-Straße],2021-07-08T08:27:01.088Z
0.94400895,open,2021-07-08T08:33:00Z,843,50,0,893,893,24277[Börse],2021-07-08T08:37:01.556Z
0.7133333,open,2021-07-08T08:33:00Z,107,43,200,350,150,24276[Turmcenter],2021-07-08T08:37:01.556Z
0.5012285,open,2021-07-08T08:33:00Z,204,203,0,407,407,18944[Alte Oper],2021-07-08T08:37:01.556Z
0.40934065,open,2021-07-08T08:33:00Z,149,215,0,364,364,24281[Hauptbahnhof Süd],2021-07-08T08:37:01.556Z
0.578492,open,2021-07-08T08:33:00Z,468,341,0,809,809,24279[Konstabler],2021-07-08T08:37:01.556Z
0.8826291,open,2021-07-08T08:33:00Z,376,50,0,426,426,18497[Hauptwache],2021-07-08T08:37:01.556Z
0.6367647,open,2021-07-08T08:33:00Z,433,247,0,680,680,18495[Am Gericht],2021-07-08T08:37:01.556Z
0.22444183,open,2021-07-08T08:33:00Z,191,660,45,896,851,109240[MyZeil],2021-07-08T08:37:01.556Z
0.25123152,open,2021-07-08T08:33:00Z,153,456,0,609,609,18494[Konrad-Adenauer-Straße],2021-07-08T08:37:01.556Z
0.94400895,open,2021-07-08T08:48:00Z,843,50,0,893,893,24277[Börse],2021-07-08T08:52:02.597Z
0.7266667,open,2021-07-08T08:48:00Z,109,41,200,350,150,24276[Turmcenter],2021-07-08T08:52:02.597Z
0.53562653,open,2021-07-08T08:48:00Z,218,189,0,407,407,18944[Alte Oper],2021-07-08T08:52:02.597Z
0.41208792,open,2021-07-08T08:48:00Z,150,214,0,364,364,24281[Hauptbahnhof Süd],2021-07-08T08:52:02.597Z
0.60321385,open,2021-07-08T08:48:00Z,488,321,0,809,809,24279[Konstabler],2021-07-08T08:52:02.597Z
0.90140843,open,2021-07-08T08:48:00Z,384,42,0,426,426,18497[Hauptwache],2021-07-08T08:52:02.597Z
0.6573529,open,2021-07-08T08:48:00Z,447,233,0,680,680,18495[Am Gericht],2021-07-08T08:52:02.597Z
0.24559341,open,2021-07-08T08:48:00Z,209,642,45,896,851,109240[MyZeil],2021-07-08T08:52:02.597Z
0.28078818,open,2021-07-08T08:48:00Z,171,438,0,609,609,18494[Konrad-Adenauer-Straße],2021-07-08T08:52:02.597Z
0.94400895,open,2021-07-08T09:04:00Z,843,50,0,893,893,24277[Börse],2021-07-08T09:07:02.027Z
0.73333335,open,2021-07-08T09:04:00Z,110,40,200,350,150,24276[Turmcenter],2021-07-08T09:07:02.027Z
0.5675676,open,2021-07-08T09:04:00Z,231,176,0,407,407,18944[Alte Oper],2021-07-08T09:07:02.027Z
0.4065934,open,2021-07-08T09:04:00Z,148,216,0,364,364,24281[Hauptbahnhof Süd],2021-07-08T09:07:02.027Z
0.6279357,open,2021-07-08T09:04:00Z,508,301,0,809,809,24279[Konstabler],2021-07-08T09:07:02.027Z
0.9624413,open,2021-07-08T09:04:00Z,410,16,0,426,426,18497[Hauptwache],2021-07-08T09:07:02.027Z
0.6632353,open,2021-07-08T09:04:00Z,451,229,0,680,680,18495[Am Gericht],2021-07-08T09:07:02.027Z
0.2467685,open,2021-07-08T09:04:00Z,210,641,45,896,851,109240[MyZeil],2021-07-08T09:07:02.027Z
0.28899837,open,2021-07-08T09:04:00Z,176,433,0,609,609,18494[Konrad-Adenauer-Straße],2021-07-08T09:07:02.027Z
0.94400895,open,2021-07-08T09:29:00Z,843,50,0,893,893,24277[Börse],2021-07-08T09:32:01.864Z
0.8,open,2021-07-08T09:29:00Z,120,30,200,350,150,24276[Turmcenter],2021-07-08T09:32:01.864Z
0.63144964,open,2021-07-08T09:29:00Z,257,150,0,407,407,18944[Alte Oper],2021-07-08T09:32:01.864Z
0.40934065,open,2021-07-08T09:29:00Z,149,215,0,364,364,24281[Hauptbahnhof Süd],2021-07-08T09:32:01.864Z
0.67861557,open,2021-07-08T09:29:00Z,549,260,0,809,809,24279[Konstabler],2021-07-08T09:32:01.864Z
1,open,2021-07-08T09:29:00Z,426,0,0,426,426,18497[Hauptwache],2021-07-08T09:32:01.864Z
0.6779412,open,2021-07-08T09:29:00Z,461,219,0,680,680,18495[Am Gericht],2021-07-08T09:32:01.864Z
0.24911869,open,2021-07-08T09:29:00Z,212,639,45,896,851,109240[MyZeil],2021-07-08T09:32:01.864Z
0.30213463,open,2021-07-08T09:29:00Z,184,425,0,609,609,18494[Konrad-Adenauer-Straße],2021-07-08T09:32:01.864Z
0.94400895,open,2021-07-08T09:44:00Z,843,50,0,893,893,24277[Börse],2021-07-08T09:47:01.327Z
0.76,open,2021-07-08T09:44:00Z,114,36,200,350,150,24276[Turmcenter],2021-07-08T09:47:01.327Z
0.66339064,open,2021-07-08T09:44:00Z,270,137,0,407,407,18944[Alte Oper],2021-07-08T09:47:01.327Z
0.41208792,open,2021-07-08T09:44:00Z,150,214,0,364,364,24281[Hauptbahnhof Süd],2021-07-08T09:47:01.327Z
0.70580965,open,2021-07-08T09:44:00Z,571,238,0,809,809,24279[Konstabler],2021-07-08T09:47:01.327Z
1,open,2021-07-08T09:44:00Z,426,0,0,426,426,18497[Hauptwache],2021-07-08T09:47:01.327Z
0.6838235,open,2021-07-08T09:44:00Z,465,215,0,680,680,18495[Am Gericht],2021-07-08T09:47:01.327Z
0.25264394,open,2021-07-08T09:44:00Z,215,636,45,896,851,109240[MyZeil],2021-07-08T09:47:01.327Z
0.2955665,open,2021-07-08T09:44:00Z,180,429,0,609,609,18494[Konrad-Adenauer-Straße],2021-07-08T09:47:01.327Z
0.94400895,open,2021-07-08T09:54:00Z,843,50,0,893,893,24277[Börse],2021-07-08T09:57:02.283Z
0.76,open,2021-07-08T09:54:00Z,114,36,200,350,150,24276[Turmcenter],2021-07-08T09:57:02.283Z
0.68550366,open,2021-07-08T09:54:00Z,279,128,0,407,407,18944[Alte Oper],2021-07-08T09:57:02.283Z
0.42307693,open,2021-07-08T09:54:00Z,154,210,0,364,364,24281[Hauptbahnhof Süd],2021-07-08T09:57:02.283Z
0.7391842,open,2021-07-08T09:54:00Z,598,211,0,809,809,24279[Konstabler],2021-07-08T09:57:02.283Z
1,open,2021-07-08T09:54:00Z,426,0,0,426,426,18497[Hauptwache],2021-07-08T09:57:02.283Z
0.68088233,open,2021-07-08T09:54:00Z,463,217,0,680,680,18495[Am Gericht],2021-07-08T09:57:02.283Z
0.25264394,open,2021-07-08T09:54:00Z,215,636,45,896,851,109240[MyZeil],2021-07-08T09:57:02.283Z
0.30213463,open,2021-07-08T09:54:00Z,184,425,0,609,609,18494[Konrad-Adenauer-Straße],2021-07-08T09:57:02.283Z
0.94400895,open,2021-07-08T10:19:00Z,843,50,0,893,893,24277[Börse],2021-07-08T10:22:02.911Z
0.7733333,open,2021-07-08T10:19:00Z,116,34,200,350,150,24276[Turmcenter],2021-07-08T10:22:02.911Z
0.73464376,open,2021-07-08T10:19:00Z,299,108,0,407,407,18944[Alte Oper],2021-07-08T10:22:02.911Z
0.41208792,open,2021-07-08T10:19:00Z,150,214,0,364,364,24281[Hauptbahnhof Süd],2021-07-08T10:22:02.911Z
0.7564895,open,2021-07-08T10:19:00Z,612,197,0,809,809,24279[Konstabler],2021-07-08T10:22:02.911Z
0.9624413,open,2021-07-08T10:19:00Z,410,16,0,426,426,18497[Hauptwache],2021-07-08T10:22:02.911Z
0.6882353,open,2021-07-08T10:19:00Z,468,212,0,680,680,18495[Am Gericht],2021-07-08T10:22:02.911Z
0.27379555,open,2021-07-08T10:19:00Z,233,618,45,896,851,109240[MyZeil],2021-07-08T10:22:02.911Z
0.32019705,open,2021-07-08T10:19:00Z,195,414,0,609,609,18494[Konrad-Adenauer-Straße],2021-07-08T10:22:02.911Z
0.94400895,open,2021-07-08T10:39:00Z,843,50,0,893,893,24277[Börse],2021-07-08T10:42:01.487Z
0.75333333,open,2021-07-08T10:39:00Z,113,37,200,350,150,24276[Turmcenter],2021-07-08T10:42:01.487Z
0.7641278,open,2021-07-08T10:39:00Z,311,96,0,407,407,18944[Alte Oper],2021-07-08T10:42:01.487Z
0.41483516,open,2021-07-08T10:39:00Z,151,213,0,364,364,24281[Hauptbahnhof Süd],2021-07-08T10:42:01.487Z
0.7589617,open,2021-07-08T10:39:00Z,614,195,0,809,809,24279[Konstabler],2021-07-08T10:42:01.487Z
0.97183096,open,2021-07-08T10:39:00Z,414,12,0,426,426,18497[Hauptwache],2021-07-08T10:42:01.487Z
0.67941177,open,2021-07-08T10:39:00Z,462,218,0,680,680,18495[Am Gericht],2021-07-08T10:42:01.487Z
0.27849588,open,2021-07-08T10:39:00Z,237,614,45,896,851,109240[MyZeil],2021-07-08T10:42:01.487Z
0.3316913,open,2021-07-08T10:39:00Z,202,407,0,609,609,18494[Konrad-Adenauer-Straße],2021-07-08T10:42:01.487Z
0.94400895,open,2021-07-08T10:44:00Z,843,50,0,893,893,24277[Börse],2021-07-08T10:47:00.382Z
0.75333333,open,2021-07-08T10:44:00Z,113,37,200,350,150,24276[Turmcenter],2021-07-08T10:47:00.382Z
0.7837838,open,2021-07-08T10:44:00Z,319,88,0,407,407,18944[Alte Oper],2021-07-08T10:47:00.382Z
0.41758242,open,2021-07-08T10:44:00Z,152,212,0,364,364,24281[Hauptbahnhof Süd],2021-07-08T10:47:00.382Z
0.75154513,open,2021-07-08T10:44:00Z,608,201,0,809,809,24279[Konstabler],2021-07-08T10:47:00.382Z
0.97183096,open,2021-07-08T10:44:00Z,414,12,0,426,426,18497[Hauptwache],2021-07-08T10:47:00.382Z
0.6779412,open,2021-07-08T10:44:00Z,461,219,0,680,680,18495[Am Gericht],2021-07-08T10:47:00.382Z
0.27849588,open,2021-07-08T10:44:00Z,237,614,45,896,851,109240[MyZeil],2021-07-08T10:47:00.382Z
0.33825943,open,2021-07-08T10:44:00Z,206,403,0,609,609,18494[Konrad-Adenauer-Straße],2021-07-08T10:47:00.382Z
0.94400895,open,2021-07-08T10:55:00Z,843,50,0,893,893,24277[Börse],2021-07-08T10:57:00.552Z
0.8,open,2021-07-08T10:55:00Z,120,30,200,350,150,24276[Turmcenter],2021-07-08T10:57:00.552Z
0.7886978,open,2021-07-08T10:55:00Z,321,86,0,407,407,18944[Alte Oper],2021-07-08T10:57:00.552Z
0.40934065,open,2021-07-08T10:55:00Z,149,215,0,364,364,24281[Hauptbahnhof Süd],2021-07-08T10:57:00.552Z
0.74660075,open,2021-07-08T10:55:00Z,604,205,0,809,809,24279[Konstabler],2021-07-08T10:57:00.552Z
1,open,2021-07-08T10:55:00Z,426,0,0,426,426,18497[Hauptwache],2021-07-08T10:57:00.552Z
0.6779412,open,2021-07-08T10:55:00Z,461,219,0,680,680,18495[Am Gericht],2021-07-08T10:57:00.552Z
0.2773208,open,2021-07-08T10:55:00Z,236,615,45,896,851,109240[MyZeil],2021-07-08T10:57:00.552Z
0.3448276,open,2021-07-08T10:55:00Z,210,399,0,609,609,18494[Konrad-Adenauer-Straße],2021-07-08T10:57:00.552Z
0.94400895,open,2021-07-08T11:15:00Z,843,50,0,893,893,24277[Börse],2021-07-08T11:17:02.801Z
0.82,open,2021-07-08T11:15:00Z,123,27,200,350,150,24276[Turmcenter],2021-07-08T11:17:02.801Z
0.7985258,open,2021-07-08T11:15:00Z,325,82,0,407,407,18944[Alte Oper],2021-07-08T11:17:02.801Z
0.3901099,open,2021-07-08T11:15:00Z,142,222,0,364,364,24281[Hauptbahnhof Süd],2021-07-08T11:17:02.801Z
0.736712,open,2021-07-08T11:15:00Z,596,213,0,809,809,24279[Konstabler],2021-07-08T11:17:02.801Z
1,open,2021-07-08T11:15:00Z,426,0,0,426,426,18497[Hauptwache],2021-07-08T11:17:02.801Z
0.6764706,open,2021-07-08T11:15:00Z,460,220,0,680,680,18495[Am Gericht],2021-07-08T11:17:02.801Z
0.27262044,open,2021-07-08T11:15:00Z,232,619,45,896,851,109240[MyZeil],2021-07-08T11:17:02.801Z
0.3234811,open,2021-07-08T11:15:00Z,197,412,0,609,609,18494[Konrad-Adenauer-Straße],2021-07-08T11:17:02.801Z
0.94400895,open,2021-07-08T11:24:00Z,843,50,0,893,893,24277[Börse],2021-07-08T11:27:00.916Z
0.79333335,open,2021-07-08T11:24:00Z,119,31,200,350,150,24276[Turmcenter],2021-07-08T11:27:00.916Z
0.8058968,open,2021-07-08T11:24:00Z,328,79,0,407,407,18944[Alte Oper],2021-07-08T11:27:00.916Z
0.38736263,open,2021-07-08T11:24:00Z,141,223,0,364,364,24281[Hauptbahnhof Süd],2021-07-08T11:27:00.916Z
0.72929543,open,2021-07-08T11:24:00Z,590,219,0,809,809,24279[Konstabler],2021-07-08T11:27:00.916Z
0.9882629,open,2021-07-08T11:24:00Z,421,5,0,426,426,18497[Hauptwache],2021-07-08T11:27:00.916Z
0.6485294,open,2021-07-08T11:24:00Z,441,239,0,680,680,18495[Am Gericht],2021-07-08T11:27:00.916Z
0.27262044,open,2021-07-08T11:24:00Z,232,619,45,896,851,109240[MyZeil],2021-07-08T11:27:00.916Z
0.33004925,open,2021-07-08T11:24:00Z,201,408,0,609,609,18494[Konrad-Adenauer-Straße],2021-07-08T11:27:00.916Z
0.94400895,open,2021-07-08T11:35:00Z,843,50,0,893,893,24277[Börse],2021-07-08T11:37:01.851Z
0.76,open,2021-07-08T11:35:00Z,114,36,200,350,150,24276[Turmcenter],2021-07-08T11:37:01.851Z
0.8058968,open,2021-07-08T11:35:00Z,328,79,0,407,407,18944[Alte Oper],2021-07-08T11:37:01.851Z
0.3901099,open,2021-07-08T11:35:00Z,142,222,0,364,364,24281[Hauptbahnhof Süd],2021-07-08T11:37:01.851Z
0.72311497,open,2021-07-08T11:35:00Z,585,224,0,809,809,24279[Konstabler],2021-07-08T11:37:01.851Z
0.98122066,open,2021-07-08T11:35:00Z,418,8,0,426,426,18497[Hauptwache],2021-07-08T11:37:01.851Z
0.64705884,open,2021-07-08T11:35:00Z,440,240,0,680,680,18495[Am Gericht],2021-07-08T11:37:01.851Z
0.26556993,open,2021-07-08T11:35:00Z,226,625,45,896,851,109240[MyZeil],2021-07-08T11:37:01.851Z
0.3316913,open,2021-07-08T11:35:00Z,202,407,0,609,609,18494[Konrad-Adenauer-Straße],2021-07-08T11:37:01.851Z
0.94400895,open,2021-07-08T11:45:00Z,843,50,0,893,893,24277[Börse],2021-07-08T11:47:02.452Z
0.53333336,open,2021-07-08T11:45:00Z,80,70,200,350,150,24276[Turmcenter],2021-07-08T11:47:02.452Z
0.8108108,open,2021-07-08T11:45:00Z,330,77,0,407,407,18944[Alte Oper],2021-07-08T11:47:02.452Z
0.38736263,open,2021-07-08T11:45:00Z,141,223,0,364,364,24281[Hauptbahnhof Süd],2021-07-08T11:47:02.452Z
0.71075404,open,2021-07-08T11:45:00Z,575,234,0,809,809,24279[Konstabler],2021-07-08T11:47:02.452Z
0.9906103,open,2021-07-08T11:45:00Z,422,4,0,426,426,18497[Hauptwache],2021-07-08T11:47:02.452Z
0.6573529,open,2021-07-08T11:45:00Z,447,233,0,680,680,18495[Am Gericht],2021-07-08T11:47:02.452Z
0.26321974,open,2021-07-08T11:45:00Z,224,627,45,896,851,109240[MyZeil],2021-07-08T11:47:02.452Z
0.32512316,open,2021-07-08T11:45:00Z,198,411,0,609,609,18494[Konrad-Adenauer-Straße],2021-07-08T11:47:02.452Z
0.9206349,open,2021-07-08T12:00:00Z,290,25,0,315,315,18493[Junghofstraße],2021-07-08T12:02:01.598Z
0.94400895,open,2021-07-08T12:00:00Z,843,50,0,893,893,24277[Börse],2021-07-08T12:02:01.598Z
0.56,open,2021-07-08T12:00:00Z,84,66,200,350,150,24276[Turmcenter],2021-07-08T12:02:01.598Z
0.8083538,open,2021-07-08T12:00:00Z,329,78,0,407,407,18944[Alte Oper],2021-07-08T12:02:01.598Z
0.6743421,open,2021-07-08T12:00:00Z,205,99,180,484,304,24282[Moselstraße],2021-07-08T12:02:01.598Z
0.67147434,open,2021-07-08T12:00:00Z,419,205,0,624,624,18499[Westend],2021-07-08T12:02:01.598Z
0.97636366,open,2021-07-08T12:00:00Z,537,13,0,550,550,18500[Trianon],2021-07-08T12:02:01.598Z
0.37637362,open,2021-07-08T12:00:00Z,137,227,0,364,364,24281[Hauptbahnhof Süd],2021-07-08T12:02:01.598Z
0.44204852,open,2021-07-08T12:00:00Z,164,207,0,371,371,105480[Am Theater],2021-07-08T12:02:01.598Z
0.98888886,open,2021-07-08T12:00:00Z,89,1,0,90,90,18498[Interconti],2021-07-08T12:02:01.598Z
0.5807292,open,2021-07-08T12:00:00Z,223,161,0,384,384,105479[Baseler Platz],2021-07-08T12:02:01.598Z
0.72311497,open,2021-07-08T12:00:00Z,585,224,0,809,809,24279[Konstabler],2021-07-08T12:02:01.598Z
0.9624413,open,2021-07-08T12:00:00Z,410,16,0,426,426,18497[Hauptwache],2021-07-08T12:02:01.598Z
0,closed,2021-07-08T12:00:00Z,,,0,0,0,24280[Kaiserplatz],2021-07-08T12:02:01.598Z
0.6485294,open,2021-07-08T12:00:00Z,441,239,0,680,680,18495[Am Gericht],2021-07-08T12:02:01.598Z
0.26321974,open,2021-07-08T12:00:00Z,224,627,45,896,851,109240[MyZeil],2021-07-08T12:02:01.598Z
0.33004925,open,2021-07-08T12:00:00Z,201,408,0,609,609,18494[Konrad-Adenauer-Straße],2021-07-08T12:02:01.598Z
0.94400895,open,2021-07-08T12:35:00Z,843,50,0,893,893,24277[Börse],2021-07-08T12:37:01.199Z
0.52666664,open,2021-07-08T12:35:00Z,79,71,200,350,150,24276[Turmcenter],2021-07-08T12:37:01.199Z
0.75184274,open,2021-07-08T12:35:00Z,306,101,0,407,407,18944[Alte Oper],2021-07-08T12:37:01.199Z
0.3598901,open,2021-07-08T12:35:00Z,131,233,0,364,364,24281[Hauptbahnhof Süd],2021-07-08T12:37:01.199Z
0.71940666,open,2021-07-08T12:35:00Z,582,227,0,809,809,24279[Konstabler],2021-07-08T12:37:01.199Z
0.98122066,open,2021-07-08T12:35:00Z,418,8,0,426,426,18497[Hauptwache],2021-07-08T12:37:01.199Z
0.63529414,open,2021-07-08T12:35:00Z,432,248,0,680,680,18495[Am Gericht],2021-07-08T12:37:01.199Z
0.26086956,open,2021-07-08T12:35:00Z,222,629,45,896,851,109240[MyZeil],2021-07-08T12:37:01.199Z
0.34318554,open,2021-07-08T12:35:00Z,209,400,0,609,609,18494[Konrad-Adenauer-Straße],2021-07-08T12:37:01.199Z
0.94400895,open,2021-07-08T13:05:00Z,843,50,0,893,893,24277[Börse],2021-07-08T13:07:01.473Z
0.55333334,open,2021-07-08T13:05:00Z,83,67,200,350,150,24276[Turmcenter],2021-07-08T13:07:01.473Z
0.6953317,open,2021-07-08T13:05:00Z,283,124,0,407,407,18944[Alte Oper],2021-07-08T13:07:01.473Z
0.31593406,open,2021-07-08T13:05:00Z,115,249,0,364,364,24281[Hauptbahnhof Süd],2021-07-08T13:07:01.473Z
0.7045736,open,2021-07-08T13:05:00Z,570,239,0,809,809,24279[Konstabler],2021-07-08T13:07:01.473Z
0.9976526,open,2021-07-08T13:05:00Z,425,1,0,426,426,18497[Hauptwache],2021-07-08T13:07:01.473Z
0.6044118,open,2021-07-08T13:05:00Z,411,269,0,680,680,18495[Am Gericht],2021-07-08T13:07:01.473Z
0.25264394,open,2021-07-08T13:05:00Z,215,636,45,896,851,109240[MyZeil],2021-07-08T13:07:01.473Z
0.30377668,open,2021-07-08T13:05:00Z,185,424,0,609,609,18494[Konrad-Adenauer-Straße],2021-07-08T13:07:01.473Z
0.94400895,open,2021-07-08T13:36:00Z,843,50,0,893,893,24277[Börse],2021-07-08T13:37:01.612Z
0.58666664,open,2021-07-08T13:36:00Z,88,62,200,350,150,24276[Turmcenter],2021-07-08T13:37:01.612Z
0.64619166,open,2021-07-08T13:36:00Z,263,144,0,407,407,18944[Alte Oper],2021-07-08T13:37:01.612Z
0.2857143,open,2021-07-08T13:36:00Z,104,260,0,364,364,24281[Hauptbahnhof Süd],2021-07-08T13:37:01.612Z
0.68726826,open,2021-07-08T13:36:00Z,556,253,0,809,809,24279[Konstabler],2021-07-08T13:37:01.612Z
0.9929578,open,2021-07-08T13:36:00Z,423,3,0,426,426,18497[Hauptwache],2021-07-08T13:37:01.612Z
0.5397059,open,2021-07-08T13:36:00Z,367,313,0,680,680,18495[Am Gericht],2021-07-08T13:37:01.612Z
0.23971798,open,2021-07-08T13:36:00Z,204,647,45,896,851,109240[MyZeil],2021-07-08T13:37:01.612Z
0.2824302,open,2021-07-08T13:36:00Z,172,437,0,609,609,18494[Konrad-Adenauer-Straße],2021-07-08T13:37:01.612Z
0.94400895,open,2021-07-08T13:46:00Z,843,50,0,893,893,24277[Börse],2021-07-08T13:47:00.527Z
0.56,open,2021-07-08T13:46:00Z,84,66,200,350,150,24276[Turmcenter],2021-07-08T13:47:00.527Z
0.6289926,open,2021-07-08T13:46:00Z,256,151,0,407,407,18944[Alte Oper],2021-07-08T13:47:00.527Z
0.2747253,open,2021-07-08T13:46:00Z,100,264,0,364,364,24281[Hauptbahnhof Süd],2021-07-08T13:47:00.527Z
0.66625464,open,2021-07-08T13:46:00Z,539,270,0,809,809,24279[Konstabler],2021-07-08T13:47:00.527Z
0.9906103,open,2021-07-08T13:46:00Z,422,4,0,426,426,18497[Hauptwache],2021-07-08T13:47:00.527Z
0.5147059,open,2021-07-08T13:46:00Z,350,330,0,680,680,18495[Am Gericht],2021-07-08T13:47:00.527Z
0.24089307,open,2021-07-08T13:46:00Z,205,646,45,896,851,109240[MyZeil],2021-07-08T13:47:00.527Z
0.2545156,open,2021-07-08T13:46:00Z,155,454,0,609,609,18494[Konrad-Adenauer-Straße],2021-07-08T13:47:00.527Z
0.94400895,open,2021-07-08T14:01:00Z,843,50,0,893,893,24277[Börse],2021-07-08T14:02:03Z
0.47333333,open,2021-07-08T14:01:00Z,71,79,200,350,150,24276[Turmcenter],2021-07-08T14:02:03Z
0.6142506,open,2021-07-08T14:01:00Z,250,157,0,407,407,18944[Alte Oper],2021-07-08T14:02:03Z
0.25274727,open,2021-07-08T14:01:00Z,92,272,0,364,364,24281[Hauptbahnhof Süd],2021-07-08T14:02:03Z
0.66254634,open,2021-07-08T14:01:00Z,536,273,0,809,809,24279[Konstabler],2021-07-08T14:02:03Z
0.98122066,open,2021-07-08T14:01:00Z,418,8,0,426,426,18497[Hauptwache],2021-07-08T14:02:03Z
0.50147057,open,2021-07-08T14:01:00Z,341,339,0,680,680,18495[Am Gericht],2021-07-08T14:02:03Z
0.2467685,open,2021-07-08T14:01:00Z,210,641,45,896,851,109240[MyZeil],2021-07-08T14:02:03Z
0.24630542,open,2021-07-08T14:01:00Z,150,459,0,609,609,18494[Konrad-Adenauer-Straße],2021-07-08T14:02:03Z
0.94400895,open,2021-07-08T14:21:00Z,843,50,0,893,893,24277[Börse],2021-07-08T14:22:01.801Z
0.42,open,2021-07-08T14:21:00Z,63,87,200,350,150,24276[Turmcenter],2021-07-08T14:22:01.801Z
0.57002455,open,2021-07-08T14:21:00Z,232,175,0,407,407,18944[Alte Oper],2021-07-08T14:22:01.801Z
0.21703297,open,2021-07-08T14:21:00Z,79,285,0,364,364,24281[Hauptbahnhof Süd],2021-07-08T14:22:01.801Z
0.6526576,open,2021-07-08T14:21:00Z,528,281,0,809,809,24279[Konstabler],2021-07-08T14:22:01.801Z
0.9389671,open,2021-07-08T14:21:00Z,400,26,0,426,426,18497[Hauptwache],2021-07-08T14:22:01.801Z
0.4897059,open,2021-07-08T14:21:00Z,333,347,0,680,680,18495[Am Gericht],2021-07-08T14:22:01.801Z
0.23854288,open,2021-07-08T14:21:00Z,203,648,45,896,851,109240[MyZeil],2021-07-08T14:22:01.801Z
0.23316912,open,2021-07-08T14:21:00Z,142,467,0,609,609,18494[Konrad-Adenauer-Straße],2021-07-08T14:22:01.801Z
0.94400895,open,2021-07-08T14:37:00Z,843,50,0,893,893,24277[Börse],2021-07-08T14:42:00.973Z
0.38,open,2021-07-08T14:37:00Z,57,93,200,350,150,24276[Turmcenter],2021-07-08T14:42:00.973Z
0.55528253,open,2021-07-08T14:37:00Z,226,181,0,407,407,18944[Alte Oper],2021-07-08T14:42:00.973Z
0.20604396,open,2021-07-08T14:37:00Z,75,289,0,364,364,24281[Hauptbahnhof Süd],2021-07-08T14:42:00.973Z
0.6464771,open,2021-07-08T14:37:00Z,523,286,0,809,809,24279[Konstabler],2021-07-08T14:42:00.973Z
0.91784036,open,2021-07-08T14:37:00Z,391,35,0,426,426,18497[Hauptwache],2021-07-08T14:42:00.973Z
0.4735294,open,2021-07-08T14:37:00Z,322,358,0,680,680,18495[Am Gericht],2021-07-08T14:42:00.973Z
0.23501763,open,2021-07-08T14:37:00Z,200,651,45,896,851,109240[MyZeil],2021-07-08T14:42:00.973Z
0.22167487,open,2021-07-08T14:37:00Z,135,474,0,609,609,18494[Konrad-Adenauer-Straße],2021-07-08T14:42:00.973Z
0.94400895,open,2021-07-08T14:47:00Z,843,50,0,893,893,24277[Börse],2021-07-08T14:52:02.287Z
0.34666666,open,2021-07-08T14:47:00Z,52,98,200,350,150,24276[Turmcenter],2021-07-08T14:52:02.287Z
0.53562653,open,2021-07-08T14:47:00Z,218,189,0,407,407,18944[Alte Oper],2021-07-08T14:52:02.287Z
0.18406594,open,2021-07-08T14:47:00Z,67,297,0,364,364,24281[Hauptbahnhof Süd],2021-07-08T14:52:02.287Z
0.6291718,open,2021-07-08T14:47:00Z,509,300,0,809,809,24279[Konstabler],2021-07-08T14:52:02.287Z
0.91079813,open,2021-07-08T14:47:00Z,388,38,0,426,426,18497[Hauptwache],2021-07-08T14:52:02.287Z
0.46911764,open,2021-07-08T14:47:00Z,319,361,0,680,680,18495[Am Gericht],2021-07-08T14:52:02.287Z
0.23736781,open,2021-07-08T14:47:00Z,202,649,45,896,851,109240[MyZeil],2021-07-08T14:52:02.287Z
0.21839081,open,2021-07-08T14:47:00Z,133,476,0,609,609,18494[Konrad-Adenauer-Straße],2021-07-08T14:52:02.287Z
0.94400895,open,2021-07-08T14:57:00Z,843,50,0,893,893,24277[Börse],2021-07-08T15:02:00.552Z
0.32,open,2021-07-08T14:57:00Z,48,102,200,350,150,24276[Turmcenter],2021-07-08T15:02:00.552Z
0.53808355,open,2021-07-08T14:57:00Z,219,188,0,407,407,18944[Alte Oper],2021-07-08T15:02:00.552Z
0.18406594,open,2021-07-08T14:57:00Z,67,297,0,364,364,24281[Hauptbahnhof Süd],2021-07-08T15:02:00.552Z
0.62546355,open,2021-07-08T14:57:00Z,506,303,0,809,809,24279[Konstabler],2021-07-08T15:02:00.552Z
0.91079813,open,2021-07-08T14:57:00Z,388,38,0,426,426,18497[Hauptwache],2021-07-08T15:02:00.552Z
0.4632353,open,2021-07-08T14:57:00Z,315,365,0,680,680,18495[Am Gericht],2021-07-08T15:02:00.552Z
0.23149236,open,2021-07-08T14:57:00Z,197,654,45,896,851,109240[MyZeil],2021-07-08T15:02:00.552Z
0.21018063,open,2021-07-08T14:57:00Z,128,481,0,609,609,18494[Konrad-Adenauer-Straße],2021-07-08T15:02:00.552Z
0.94400895,open,2021-07-08T15:27:00Z,843,50,0,893,893,24277[Börse],2021-07-08T15:32:00.167Z
0.2,open,2021-07-08T15:27:00Z,30,120,200,350,150,24276[Turmcenter],2021-07-08T15:32:00.167Z
0.48157248,open,2021-07-08T15:27:00Z,196,211,0,407,407,18944[Alte Oper],2021-07-08T15:32:00.167Z
0.15934066,open,2021-07-08T15:27:00Z,58,306,0,364,364,24281[Hauptbahnhof Süd],2021-07-08T15:32:00.167Z
0.592089,open,2021-07-08T15:27:00Z,479,330,0,809,809,24279[Konstabler],2021-07-08T15:32:00.167Z
0.87558687,open,2021-07-08T15:27:00Z,373,53,0,426,426,18497[Hauptwache],2021-07-08T15:32:00.167Z
0.41470587,open,2021-07-08T15:27:00Z,282,398,0,680,680,18495[Am Gericht],2021-07-08T15:32:00.167Z
0.22914219,open,2021-07-08T15:27:00Z,195,656,45,896,851,109240[MyZeil],2021-07-08T15:32:00.167Z
0.18555008,open,2021-07-08T15:27:00Z,113,496,0,609,609,18494[Konrad-Adenauer-Straße],2021-07-08T15:32:00.167Z
0.94400895,open,2021-07-08T15:52:00Z,843,50,0,893,893,24277[Börse],2021-07-08T15:57:02.344Z
0.16666667,open,2021-07-08T15:52:00Z,25,125,200,350,150,24276[Turmcenter],2021-07-08T15:57:02.344Z
0.4889435,open,2021-07-08T15:52:00Z,199,208,0,407,407,18944[Alte Oper],2021-07-08T15:57:02.344Z
0.1401099,open,2021-07-08T15:52:00Z,51,313,0,364,364,24281[Hauptbahnhof Süd],2021-07-08T15:57:02.344Z
0.5723115,open,2021-07-08T15:52:00Z,463,346,0,809,809,24279[Konstabler],2021-07-08T15:57:02.344Z
0.84741783,open,2021-07-08T15:52:00Z,361,65,0,426,426,18497[Hauptwache],2021-07-08T15:57:02.344Z
0.41029412,open,2021-07-08T15:52:00Z,279,401,0,680,680,18495[Am Gericht],2021-07-08T15:57:02.344Z
0.2279671,open,2021-07-08T15:52:00Z,194,657,45,896,851,109240[MyZeil],2021-07-08T15:57:02.344Z
0.15106732,open,2021-07-08T15:52:00Z,92,517,0,609,609,18494[Konrad-Adenauer-Straße],2021-07-08T15:57:02.344Z
0.94400895,open,2021-07-08T16:33:00Z,843,50,0,893,893,24277[Börse],2021-07-08T16:37:02.933Z
0.065,open,2021-07-08T16:33:00Z,13,187,150,350,200,24276[Turmcenter],2021-07-08T16:37:02.933Z
0.42997542,open,2021-07-08T16:33:00Z,175,232,0,407,407,18944[Alte Oper],2021-07-08T16:37:02.933Z
0.12637363,open,2021-07-08T16:33:00Z,46,318,0,364,364,24281[Hauptbahnhof Süd],2021-07-08T16:37:02.933Z
0.5500618,open,2021-07-08T16:33:00Z,445,364,0,809,809,24279[Konstabler],2021-07-08T16:37:02.933Z
0.8286385,open,2021-07-08T16:33:00Z,353,73,0,426,426,18497[Hauptwache],2021-07-08T16:37:02.933Z
0.3617647,open,2021-07-08T16:33:00Z,246,434,0,680,680,18495[Am Gericht],2021-07-08T16:37:02.933Z
0.20916569,open,2021-07-08T16:33:00Z,178,673,45,896,851,109240[MyZeil],2021-07-08T16:37:02.933Z
0.13464697,open,2021-07-08T16:33:00Z,82,527,0,609,609,18494[Konrad-Adenauer-Straße],2021-07-08T16:37:02.933Z
0.94400895,open,2021-07-08T17:13:00Z,843,50,0,893,893,24277[Börse],2021-07-08T17:17:01.815Z
0.15,open,2021-07-08T17:13:00Z,30,170,150,350,200,24276[Turmcenter],2021-07-08T17:17:01.815Z
0.43734643,open,2021-07-08T17:13:00Z,178,229,0,407,407,18944[Alte Oper],2021-07-08T17:17:01.815Z
0.09615385,open,2021-07-08T17:13:00Z,35,329,0,364,364,24281[Hauptbahnhof Süd],2021-07-08T17:17:01.815Z
0.49443758,open,2021-07-08T17:13:00Z,400,409,0,809,809,24279[Konstabler],2021-07-08T17:17:01.815Z
0.80751175,open,2021-07-08T17:13:00Z,344,82,0,426,426,18497[Hauptwache],2021-07-08T17:17:01.815Z
0.35441175,open,2021-07-08T17:13:00Z,241,439,0,680,680,18495[Am Gericht],2021-07-08T17:17:01.815Z
0.19271445,open,2021-07-08T17:13:00Z,164,687,45,896,851,109240[MyZeil],2021-07-08T17:17:01.815Z
0.14449918,open,2021-07-08T17:13:00Z,88,521,0,609,609,18494[Konrad-Adenauer-Straße],2021-07-08T17:17:01.815Z
0.94400895,open,2021-07-08T17:39:00Z,843,50,0,893,893,24277[Börse],2021-07-08T17:42:02.846Z
0.175,open,2021-07-08T17:39:00Z,35,165,150,350,200,24276[Turmcenter],2021-07-08T17:42:02.846Z
0.3980344,open,2021-07-08T17:39:00Z,162,245,0,407,407,18944[Alte Oper],2021-07-08T17:42:02.846Z
0.06868132,open,2021-07-08T17:39:00Z,25,339,0,364,364,24281[Hauptbahnhof Süd],2021-07-08T17:42:02.846Z
0.46477133,open,2021-07-08T17:39:00Z,376,433,0,809,809,24279[Konstabler],2021-07-08T17:42:02.846Z
0.7793427,open,2021-07-08T17:39:00Z,332,94,0,426,426,18497[Hauptwache],2021-07-08T17:42:02.846Z
0.3514706,open,2021-07-08T17:39:00Z,239,441,0,680,680,18495[Am Gericht],2021-07-08T17:42:02.846Z
0.19153936,open,2021-07-08T17:39:00Z,163,688,45,896,851,109240[MyZeil],2021-07-08T17:42:02.846Z
0.12643678,open,2021-07-08T17:39:00Z,77,532,0,609,609,18494[Konrad-Adenauer-Straße],2021-07-08T17:42:02.846Z
0.94400895,open,2021-07-08T17:49:00Z,843,50,0,893,893,24277[Börse],2021-07-08T17:52:02.541Z
0.17,open,2021-07-08T17:49:00Z,34,166,150,350,200,24276[Turmcenter],2021-07-08T17:52:02.541Z
0.39312038,open,2021-07-08T17:49:00Z,160,247,0,407,407,18944[Alte Oper],2021-07-08T17:52:02.541Z
0.06868132,open,2021-07-08T17:49:00Z,25,339,0,364,364,24281[Hauptbahnhof Süd],2021-07-08T17:52:02.541Z
0.4499382,open,2021-07-08T17:49:00Z,364,445,0,809,809,24279[Konstabler],2021-07-08T17:52:02.541Z
0.7769953,open,2021-07-08T17:49:00Z,331,95,0,426,426,18497[Hauptwache],2021-07-08T17:52:02.541Z
0.34411764,open,2021-07-08T17:49:00Z,234,446,0,680,680,18495[Am Gericht],2021-07-08T17:52:02.541Z
0.18448883,open,2021-07-08T17:49:00Z,157,694,45,896,851,109240[MyZeil],2021-07-08T17:52:02.541Z
0.124794744,open,2021-07-08T17:49:00Z,76,533,0,609,609,18494[Konrad-Adenauer-Straße],2021-07-08T17:52:02.541Z
0.94400895,open,2021-07-08T18:09:00Z,843,50,0,893,893,24277[Börse],2021-07-08T18:12:00.582Z
0.18,open,2021-07-08T18:09:00Z,36,164,150,350,200,24276[Turmcenter],2021-07-08T18:12:00.582Z
0.38329238,open,2021-07-08T18:09:00Z,156,251,0,407,407,18944[Alte Oper],2021-07-08T18:12:00.582Z
0.06868132,open,2021-07-08T18:09:00Z,25,339,0,364,364,24281[Hauptbahnhof Süd],2021-07-08T18:12:00.582Z
0.42521632,open,2021-07-08T18:09:00Z,344,465,0,809,809,24279[Konstabler],2021-07-08T18:12:00.582Z
0.7347418,open,2021-07-08T18:09:00Z,313,113,0,426,426,18497[Hauptwache],2021-07-08T18:12:00.582Z
0.33382353,open,2021-07-08T18:09:00Z,227,453,0,680,680,18495[Am Gericht],2021-07-08T18:12:00.582Z
0.17391305,open,2021-07-08T18:09:00Z,148,703,45,896,851,109240[MyZeil],2021-07-08T18:12:00.582Z
0.1182266,open,2021-07-08T18:09:00Z,72,537,0,609,609,18494[Konrad-Adenauer-Straße],2021-07-08T18:12:00.582Z
0.94400895,open,2021-07-08T18:35:00Z,843,50,0,893,893,24277[Börse],2021-07-08T18:37:01.517Z
0.22,open,2021-07-08T18:35:00Z,44,156,150,350,200,24276[Turmcenter],2021-07-08T18:37:01.517Z
0.36117935,open,2021-07-08T18:35:00Z,147,260,0,407,407,18944[Alte Oper],2021-07-08T18:37:01.517Z
0.057692308,open,2021-07-08T18:35:00Z,21,343,0,364,364,24281[Hauptbahnhof Süd],2021-07-08T18:37:01.517Z
0.3893696,open,2021-07-08T18:35:00Z,315,494,0,809,809,24279[Konstabler],2021-07-08T18:37:01.517Z
0.69248825,open,2021-07-08T18:35:00Z,295,131,0,426,426,18497[Hauptwache],2021-07-08T18:37:01.517Z
0.32205883,open,2021-07-08T18:35:00Z,219,461,0,680,680,18495[Am Gericht],2021-07-08T18:37:01.517Z
0.17156287,open,2021-07-08T18:35:00Z,146,705,45,896,851,109240[MyZeil],2021-07-08T18:37:01.517Z
0.0952381,open,2021-07-08T18:35:00Z,58,551,0,609,609,18494[Konrad-Adenauer-Straße],2021-07-08T18:37:01.517Z
0.94400895,open,2021-07-08T18:50:00Z,843,50,0,893,893,24277[Börse],2021-07-08T18:52:00.277Z
0.235,open,2021-07-08T18:50:00Z,47,153,150,350,200,24276[Turmcenter],2021-07-08T18:52:00.277Z
0.36855036,open,2021-07-08T18:50:00Z,150,257,0,407,407,18944[Alte Oper],2021-07-08T18:52:00.277Z
0.057692308,open,2021-07-08T18:50:00Z,21,343,0,364,364,24281[Hauptbahnhof Süd],2021-07-08T18:52:00.277Z
0.37577257,open,2021-07-08T18:50:00Z,304,505,0,809,809,24279[Konstabler],2021-07-08T18:52:00.277Z
0.69014084,open,2021-07-08T18:50:00Z,294,132,0,426,426,18497[Hauptwache],2021-07-08T18:52:00.277Z
0.31029412,open,2021-07-08T18:50:00Z,211,469,0,680,680,18495[Am Gericht],2021-07-08T18:52:00.277Z
0.16803761,open,2021-07-08T18:50:00Z,143,708,45,896,851,109240[MyZeil],2021-07-08T18:52:00.277Z
0.08374384,open,2021-07-08T18:50:00Z,51,558,0,609,609,18494[Konrad-Adenauer-Straße],2021-07-08T18:52:00.277Z
0.94400895,open,2021-07-08T19:05:00Z,843,50,0,893,893,24277[Börse],2021-07-08T19:07:02.749Z
0.27,open,2021-07-08T19:05:00Z,54,146,150,350,200,24276[Turmcenter],2021-07-08T19:07:02.749Z
0.35872236,open,2021-07-08T19:05:00Z,146,261,0,407,407,18944[Alte Oper],2021-07-08T19:07:02.749Z
0.057692308,open,2021-07-08T19:05:00Z,21,343,0,364,364,24281[Hauptbahnhof Süd],2021-07-08T19:07:02.749Z
0.35846725,open,2021-07-08T19:05:00Z,290,519,0,809,809,24279[Konstabler],2021-07-08T19:07:02.749Z
0.6713615,open,2021-07-08T19:05:00Z,286,140,0,426,426,18497[Hauptwache],2021-07-08T19:07:02.749Z
0.30441177,open,2021-07-08T19:05:00Z,207,473,0,680,680,18495[Am Gericht],2021-07-08T19:07:02.749Z
0.1574618,open,2021-07-08T19:05:00Z,134,717,45,896,851,109240[MyZeil],2021-07-08T19:07:02.749Z
0.08045977,open,2021-07-08T19:05:00Z,49,560,0,609,609,18494[Konrad-Adenauer-Straße],2021-07-08T19:07:02.749Z
0.94400895,open,2021-07-08T19:20:00Z,843,50,0,893,893,24277[Börse],2021-07-08T19:22:02.840Z
0.255,open,2021-07-08T19:20:00Z,51,149,150,350,200,24276[Turmcenter],2021-07-08T19:22:02.840Z
0.34643734,open,2021-07-08T19:20:00Z,141,266,0,407,407,18944[Alte Oper],2021-07-08T19:22:02.840Z
0.057692308,open,2021-07-08T19:20:00Z,21,343,0,364,364,24281[Hauptbahnhof Süd],2021-07-08T19:22:02.840Z
0.3473424,open,2021-07-08T19:20:00Z,281,528,0,809,809,24279[Konstabler],2021-07-08T19:22:02.840Z
0.65258217,open,2021-07-08T19:20:00Z,278,148,0,426,426,18497[Hauptwache],2021-07-08T19:22:02.840Z
0.29852942,open,2021-07-08T19:20:00Z,203,477,0,680,680,18495[Am Gericht],2021-07-08T19:22:02.840Z
0.15041128,open,2021-07-08T19:20:00Z,128,723,45,896,851,109240[MyZeil],2021-07-08T19:22:02.840Z
0.073891625,open,2021-07-08T19:20:00Z,45,564,0,609,609,18494[Konrad-Adenauer-Straße],2021-07-08T19:22:02.840Z
0.94400895,open,2021-07-08T19:31:00Z,843,50,0,893,893,24277[Börse],2021-07-08T19:32:01.140Z
0.245,open,2021-07-08T19:31:00Z,49,151,150,350,200,24276[Turmcenter],2021-07-08T19:32:01.140Z
0.3243243,open,2021-07-08T19:31:00Z,132,275,0,407,407,18944[Alte Oper],2021-07-08T19:32:01.140Z
0.057692308,open,2021-07-08T19:31:00Z,21,343,0,364,364,24281[Hauptbahnhof Süd],2021-07-08T19:32:01.140Z
0.34363413,open,2021-07-08T19:31:00Z,278,531,0,809,809,24279[Konstabler],2021-07-08T19:32:01.140Z
0.65023476,open,2021-07-08T19:31:00Z,277,149,0,426,426,18497[Hauptwache],2021-07-08T19:32:01.140Z
0.28970587,open,2021-07-08T19:31:00Z,197,483,0,680,680,18495[Am Gericht],2021-07-08T19:32:01.140Z
0.15158637,open,2021-07-08T19:31:00Z,129,722,45,896,851,109240[MyZeil],2021-07-08T19:32:01.140Z
0.07060755,open,2021-07-08T19:31:00Z,43,566,0,609,609,18494[Konrad-Adenauer-Straße],2021-07-08T19:32:01.140Z
0.94400895,open,2021-07-08T19:36:00Z,843,50,0,893,893,24277[Börse],2021-07-08T19:37:00.648Z
0.24,open,2021-07-08T19:36:00Z,48,152,150,350,200,24276[Turmcenter],2021-07-08T19:37:00.648Z
0.31203932,open,2021-07-08T19:36:00Z,127,280,0,407,407,18944[Alte Oper],2021-07-08T19:37:00.648Z
0.06318682,open,2021-07-08T19:36:00Z,23,341,0,364,364,24281[Hauptbahnhof Süd],2021-07-08T19:37:00.648Z
0.33374536,open,2021-07-08T19:36:00Z,270,539,0,809,809,24279[Konstabler],2021-07-08T19:37:00.648Z
0.63849765,open,2021-07-08T19:36:00Z,272,154,0,426,426,18497[Hauptwache],2021-07-08T19:37:00.648Z
0.2882353,open,2021-07-08T19:36:00Z,196,484,0,680,680,18495[Am Gericht],2021-07-08T19:37:00.648Z
0.15158637,open,2021-07-08T19:36:00Z,129,722,45,896,851,109240[MyZeil],2021-07-08T19:37:00.648Z
0.06896552,open,2021-07-08T19:36:00Z,42,567,0,609,609,18494[Konrad-Adenauer-Straße],2021-07-08T19:37:00.648Z
0.94400895,open,2021-07-08T19:51:00Z,843,50,0,893,893,24277[Börse],2021-07-08T19:52:01.739Z
0.21,open,2021-07-08T19:51:00Z,42,158,150,350,200,24276[Turmcenter],2021-07-08T19:52:01.739Z
0.2972973,open,2021-07-08T19:51:00Z,121,286,0,407,407,18944[Alte Oper],2021-07-08T19:52:01.739Z
0.06593407,open,2021-07-08T19:51:00Z,24,340,0,364,364,24281[Hauptbahnhof Süd],2021-07-08T19:52:01.739Z
0.3250927,open,2021-07-08T19:51:00Z,263,546,0,809,809,24279[Konstabler],2021-07-08T19:52:01.739Z
0.62676054,open,2021-07-08T19:51:00Z,267,159,0,426,426,18497[Hauptwache],2021-07-08T19:52:01.739Z
0.28529412,open,2021-07-08T19:51:00Z,194,486,0,680,680,18495[Am Gericht],2021-07-08T19:52:01.739Z
0.15158637,open,2021-07-08T19:51:00Z,129,722,45,896,851,109240[MyZeil],2021-07-08T19:52:01.739Z
0.062397372,open,2021-07-08T19:51:00Z,38,571,0,609,609,18494[Konrad-Adenauer-Straße],2021-07-08T19:52:01.739Z
0.94400895,open,2021-07-08T20:07:00Z,843,50,0,893,893,24277[Börse],2021-07-08T20:12:01.209Z
0.18,open,2021-07-08T20:07:00Z,36,164,150,350,200,24276[Turmcenter],2021-07-08T20:12:01.209Z
0.3022113,open,2021-07-08T20:07:00Z,123,284,0,407,407,18944[Alte Oper],2021-07-08T20:12:01.209Z
0.057692308,open,2021-07-08T20:07:00Z,21,343,0,364,364,24281[Hauptbahnhof Süd],2021-07-08T20:12:01.209Z
0.31767616,open,2021-07-08T20:07:00Z,257,552,0,809,809,24279[Konstabler],2021-07-08T20:12:01.209Z
0.600939,open,2021-07-08T20:07:00Z,256,170,0,426,426,18497[Hauptwache],2021-07-08T20:12:01.209Z
0.28235295,open,2021-07-08T20:07:00Z,192,488,0,680,680,18495[Am Gericht],2021-07-08T20:12:01.209Z
0.14571093,open,2021-07-08T20:07:00Z,124,727,45,896,851,109240[MyZeil],2021-07-08T20:12:01.209Z
0.062397372,open,2021-07-08T20:07:00Z,38,571,0,609,609,18494[Konrad-Adenauer-Straße],2021-07-08T20:12:01.209Z
0.94400895,open,2021-07-08T20:22:00Z,843,50,0,893,893,24277[Börse],2021-07-08T20:27:01.736Z
0.145,open,2021-07-08T20:22:00Z,29,171,150,350,200,24276[Turmcenter],2021-07-08T20:27:01.736Z
0.29238328,open,2021-07-08T20:22:00Z,119,288,0,407,407,18944[Alte Oper],2021-07-08T20:27:01.736Z
0.046703298,open,2021-07-08T20:22:00Z,17,347,0,364,364,24281[Hauptbahnhof Süd],2021-07-08T20:27:01.736Z
0.3077874,open,2021-07-08T20:22:00Z,249,560,0,809,809,24279[Konstabler],2021-07-08T20:27:01.736Z
0.57746476,open,2021-07-08T20:22:00Z,246,180,0,426,426,18497[Hauptwache],2021-07-08T20:27:01.736Z
0.27941176,open,2021-07-08T20:22:00Z,190,490,0,680,680,18495[Am Gericht],2021-07-08T20:27:01.736Z
0.14218566,open,2021-07-08T20:22:00Z,121,730,45,896,851,109240[MyZeil],2021-07-08T20:27:01.736Z
0.049261082,open,2021-07-08T20:22:00Z,30,579,0,609,609,18494[Konrad-Adenauer-Straße],2021-07-08T20:27:01.736Z
0.94400895,open,2021-07-08T20:38:00Z,843,50,0,893,893,24277[Börse],2021-07-08T20:42:00.312Z
0.095,open,2021-07-08T20:38:00Z,19,181,150,350,200,24276[Turmcenter],2021-07-08T20:42:00.312Z
0.27764127,open,2021-07-08T20:38:00Z,113,294,0,407,407,18944[Alte Oper],2021-07-08T20:42:00.312Z
0.03846154,open,2021-07-08T20:38:00Z,14,350,0,364,364,24281[Hauptbahnhof Süd],2021-07-08T20:42:00.312Z
0.30407912,open,2021-07-08T20:38:00Z,246,563,0,809,809,24279[Konstabler],2021-07-08T20:42:00.312Z
0.5680751,open,2021-07-08T20:38:00Z,242,184,0,426,426,18497[Hauptwache],2021-07-08T20:42:00.312Z
0.27794117,open,2021-07-08T20:38:00Z,189,491,0,680,680,18495[Am Gericht],2021-07-08T20:42:00.312Z
0.13278496,open,2021-07-08T20:38:00Z,113,738,45,896,851,109240[MyZeil],2021-07-08T20:42:00.312Z
0.052545156,open,2021-07-08T20:38:00Z,32,577,0,609,609,18494[Konrad-Adenauer-Straße],2021-07-08T20:42:00.312Z
0.94400895,open,2021-07-08T20:43:00Z,843,50,0,893,893,24277[Börse],2021-07-08T20:47:02.763Z
0.085,open,2021-07-08T20:43:00Z,17,183,150,350,200,24276[Turmcenter],2021-07-08T20:47:02.763Z
0.27764127,open,2021-07-08T20:43:00Z,113,294,0,407,407,18944[Alte Oper],2021-07-08T20:47:02.763Z
0.03846154,open,2021-07-08T20:43:00Z,14,350,0,364,364,24281[Hauptbahnhof Süd],2021-07-08T20:47:02.763Z
0.30407912,open,2021-07-08T20:43:00Z,246,563,0,809,809,24279[Konstabler],2021-07-08T20:47:02.763Z
0.5657277,open,2021-07-08T20:43:00Z,241,185,0,426,426,18497[Hauptwache],2021-07-08T20:47:02.763Z
0.275,open,2021-07-08T20:43:00Z,187,493,0,680,680,18495[Am Gericht],2021-07-08T20:47:02.763Z
0.13160987,open,2021-07-08T20:43:00Z,112,739,45,896,851,109240[MyZeil],2021-07-08T20:47:02.763Z
0.049261082,open,2021-07-08T20:43:00Z,30,579,0,609,609,18494[Konrad-Adenauer-Straße],2021-07-08T20:47:02.763Z
0.94400895,open,2021-07-08T21:03:00Z,843,50,0,893,893,24277[Börse],2021-07-08T21:07:00.669Z
0.035,open,2021-07-08T21:03:00Z,7,193,150,350,200,24276[Turmcenter],2021-07-08T21:07:00.669Z
0.26044226,open,2021-07-08T21:03:00Z,106,301,0,407,407,18944[Alte Oper],2021-07-08T21:07:00.669Z
0.03846154,open,2021-07-08T21:03:00Z,14,350,0,364,364,24281[Hauptbahnhof Süd],2021-07-08T21:07:00.669Z
0.29295427,open,2021-07-08T21:03:00Z,237,572,0,809,809,24279[Konstabler],2021-07-08T21:07:00.669Z
0.5399061,open,2021-07-08T21:03:00Z,230,196,0,426,426,18497[Hauptwache],2021-07-08T21:07:00.669Z
0.2647059,open,2021-07-08T21:03:00Z,180,500,0,680,680,18495[Am Gericht],2021-07-08T21:07:00.669Z
0.12455934,open,2021-07-08T21:03:00Z,106,745,45,896,851,109240[MyZeil],2021-07-08T21:07:00.669Z
0.04597701,open,2021-07-08T21:03:00Z,28,581,0,609,609,18494[Konrad-Adenauer-Straße],2021-07-08T21:07:00.669Z
0.94400895,open,2021-07-08T21:19:00Z,843,50,0,893,893,24277[Börse],2021-07-08T21:22:00.603Z
0,open,2021-07-08T21:19:00Z,0,200,150,350,200,24276[Turmcenter],2021-07-08T21:22:00.603Z
0.22604422,open,2021-07-08T21:19:00Z,92,315,0,407,407,18944[Alte Oper],2021-07-08T21:22:00.603Z
0.035714287,open,2021-07-08T21:19:00Z,13,351,0,364,364,24281[Hauptbahnhof Süd],2021-07-08T21:22:00.603Z
0.29171818,open,2021-07-08T21:19:00Z,236,573,0,809,809,24279[Konstabler],2021-07-08T21:22:00.603Z
0.52816904,open,2021-07-08T21:19:00Z,225,201,0,426,426,18497[Hauptwache],2021-07-08T21:22:00.603Z
0.2617647,open,2021-07-08T21:19:00Z,178,502,0,680,680,18495[Am Gericht],2021-07-08T21:22:00.603Z
0.041050903,open,2021-07-08T21:19:00Z,25,584,0,609,609,18494[Konrad-Adenauer-Straße],2021-07-08T21:22:00.603Z
0.94400895,open,2021-07-08T21:39:00Z,843,50,0,893,893,24277[Börse],2021-07-08T21:42:01.918Z
0,open,2021-07-08T21:39:00Z,0,200,150,350,200,24276[Turmcenter],2021-07-08T21:42:01.918Z
0.22358723,open,2021-07-08T21:39:00Z,91,316,0,407,407,18944[Alte Oper],2021-07-08T21:42:01.918Z
0.035714287,open,2021-07-08T21:39:00Z,13,351,0,364,364,24281[Hauptbahnhof Süd],2021-07-08T21:42:01.918Z
0.29295427,open,2021-07-08T21:39:00Z,237,572,0,809,809,24279[Konstabler],2021-07-08T21:42:01.918Z
0.5093897,open,2021-07-08T21:39:00Z,217,209,0,426,426,18497[Hauptwache],2021-07-08T21:42:01.918Z
0.2632353,open,2021-07-08T21:39:00Z,179,501,0,680,680,18495[Am Gericht],2021-07-08T21:42:01.918Z
0.11515864,open,2021-07-08T21:39:00Z,98,753,45,896,851,109240[MyZeil],2021-07-08T21:42:01.918Z
0.03776683,open,2021-07-08T21:39:00Z,23,586,0,609,609,18494[Konrad-Adenauer-Straße],2021-07-08T21:42:01.918Z
0.94400895,open,2021-07-08T21:50:00Z,843,50,0,893,893,24277[Börse],2021-07-08T21:52:00.948Z
0,open,2021-07-08T21:50:00Z,0,200,150,350,200,24276[Turmcenter],2021-07-08T21:52:00.948Z
0.2113022,open,2021-07-08T21:50:00Z,86,321,0,407,407,18944[Alte Oper],2021-07-08T21:52:00.948Z
0.035714287,open,2021-07-08T21:50:00Z,13,351,0,364,364,24281[Hauptbahnhof Süd],2021-07-08T21:52:00.948Z
0.29048207,open,2021-07-08T21:50:00Z,235,574,0,809,809,24279[Konstabler],2021-07-08T21:52:00.948Z
0.5023474,open,2021-07-08T21:50:00Z,214,212,0,426,426,18497[Hauptwache],2021-07-08T21:52:00.948Z
0.2632353,open,2021-07-08T21:50:00Z,179,501,0,680,680,18495[Am Gericht],2021-07-08T21:52:00.948Z
0.11515864,open,2021-07-08T21:50:00Z,98,753,45,896,851,109240[MyZeil],2021-07-08T21:52:00.948Z
0.036124796,open,2021-07-08T21:50:00Z,22,587,0,609,609,18494[Konrad-Adenauer-Straße],2021-07-08T21:52:00.948Z
0.94400895,open,2021-07-08T21:55:00Z,843,50,0,893,893,24277[Börse],2021-07-08T21:57:02.731Z
0,open,2021-07-08T21:55:00Z,0,200,150,350,200,24276[Turmcenter],2021-07-08T21:57:02.731Z
0.19656019,open,2021-07-08T21:55:00Z,80,327,0,407,407,18944[Alte Oper],2021-07-08T21:57:02.731Z
0.035714287,open,2021-07-08T21:55:00Z,13,351,0,364,364,24281[Hauptbahnhof Süd],2021-07-08T21:57:02.731Z
0.28800988,open,2021-07-08T21:55:00Z,233,576,0,809,809,24279[Konstabler],2021-07-08T21:57:02.731Z
0.5023474,open,2021-07-08T21:55:00Z,214,212,0,426,426,18497[Hauptwache],2021-07-08T21:57:02.731Z
0.2632353,open,2021-07-08T21:55:00Z,179,501,0,680,680,18495[Am Gericht],2021-07-08T21:57:02.731Z
0.11515864,open,2021-07-08T21:55:00Z,98,753,45,896,851,109240[MyZeil],2021-07-08T21:57:02.731Z
0.03448276,open,2021-07-08T21:55:00Z,21,588,0,609,609,18494[Konrad-Adenauer-Straße],2021-07-08T21:57:02.731Z
0.94400895,open,2021-07-08T22:20:00Z,843,50,0,893,893,24277[Börse],2021-07-08T22:22:02.150Z
0,open,2021-07-08T22:20:00Z,0,200,150,350,200,24276[Turmcenter],2021-07-08T22:22:02.150Z
0.17936118,open,2021-07-08T22:20:00Z,73,334,0,407,407,18944[Alte Oper],2021-07-08T22:22:02.150Z
0.035714287,open,2021-07-08T22:20:00Z,13,351,0,364,364,24281[Hauptbahnhof Süd],2021-07-08T22:22:02.150Z
0.28800988,open,2021-07-08T22:20:00Z,233,576,0,809,809,24279[Konstabler],2021-07-08T22:22:02.150Z
0.49295774,open,2021-07-08T22:20:00Z,210,216,0,426,426,18497[Hauptwache],2021-07-08T22:22:02.150Z
0,closed,2021-07-08T22:20:00Z,,501,0,0,0,18495[Am Gericht],2021-07-08T22:22:02.150Z
0.11280846,open,2021-07-08T22:20:00Z,96,755,45,896,851,109240[MyZeil],2021-07-08T22:22:02.150Z
0.03284072,open,2021-07-08T22:20:00Z,20,589,0,609,609,18494[Konrad-Adenauer-Straße],2021-07-08T22:22:02.150Z
0.94400895,open,2021-07-08T22:35:00Z,843,50,0,893,893,24277[Börse],2021-07-08T22:37:01.531Z
0,open,2021-07-08T22:35:00Z,0,200,150,350,200,24276[Turmcenter],2021-07-08T22:37:01.531Z
0.16953316,open,2021-07-08T22:35:00Z,69,338,0,407,407,18944[Alte Oper],2021-07-08T22:37:01.531Z
0.032967035,open,2021-07-08T22:35:00Z,12,352,0,364,364,24281[Hauptbahnhof Süd],2021-07-08T22:37:01.531Z
0.2855377,open,2021-07-08T22:35:00Z,231,578,0,809,809,24279[Konstabler],2021-07-08T22:37:01.531Z
0.49061033,open,2021-07-08T22:35:00Z,209,217,0,426,426,18497[Hauptwache],2021-07-08T22:37:01.531Z
0,closed,2021-07-08T22:35:00Z,,501,0,0,0,18495[Am Gericht],2021-07-08T22:37:01.531Z
0.111633375,open,2021-07-08T22:35:00Z,95,756,45,896,851,109240[MyZeil],2021-07-08T22:37:01.531Z
0.02955665,open,2021-07-08T22:35:00Z,18,591,0,609,609,18494[Konrad-Adenauer-Straße],2021-07-08T22:37:01.531Z
0.94400895,open,2021-07-08T22:45:00Z,843,50,0,893,893,24277[Börse],2021-07-08T22:47:01.040Z
0,open,2021-07-08T22:45:00Z,0,200,150,350,200,24276[Turmcenter],2021-07-08T22:47:01.040Z
0.16707617,open,2021-07-08T22:45:00Z,68,339,0,407,407,18944[Alte Oper],2021-07-08T22:47:01.040Z
0.032967035,open,2021-07-08T22:45:00Z,12,352,0,364,364,24281[Hauptbahnhof Süd],2021-07-08T22:47:01.040Z
0.28059334,open,2021-07-08T22:45:00Z,227,582,0,809,809,24279[Konstabler],2021-07-08T22:47:01.040Z
0.48591548,open,2021-07-08T22:45:00Z,207,219,0,426,426,18497[Hauptwache],2021-07-08T22:47:01.040Z
0,closed,2021-07-08T22:45:00Z,,501,0,0,0,18495[Am Gericht],2021-07-08T22:47:01.040Z
0.111633375,open,2021-07-08T22:45:00Z,95,756,45,896,851,109240[MyZeil],2021-07-08T22:47:01.040Z
0.02955665,open,2021-07-08T22:45:00Z,18,591,0,609,609,18494[Konrad-Adenauer-Straße],2021-07-08T22:47:01.040Z
0.94400895,open,2021-07-08T22:55:00Z,843,50,0,893,893,24277[Börse],2021-07-08T22:57:01.137Z
0,open,2021-07-08T22:55:00Z,0,200,150,350,200,24276[Turmcenter],2021-07-08T22:57:01.137Z
0.16461916,open,2021-07-08T22:55:00Z,67,340,0,407,407,18944[Alte Oper],2021-07-08T22:57:01.137Z
0.032967035,open,2021-07-08T22:55:00Z,12,352,0,364,364,24281[Hauptbahnhof Süd],2021-07-08T22:57:01.137Z
0.28059334,open,2021-07-08T22:55:00Z,227,582,0,809,809,24279[Konstabler],2021-07-08T22:57:01.137Z
0.48356807,open,2021-07-08T22:55:00Z,206,220,0,426,426,18497[Hauptwache],2021-07-08T22:57:01.137Z
0,closed,2021-07-08T22:55:00Z,,501,0,0,0,18495[Am Gericht],2021-07-08T22:57:01.137Z
0.11280846,open,2021-07-08T22:55:00Z,96,755,45,896,851,109240[MyZeil],2021-07-08T22:57:01.137Z
0.02955665,open,2021-07-08T22:55:00Z,18,591,0,609,609,18494[Konrad-Adenauer-Straße],2021-07-08T22:57:01.137Z
0.94400895,open,2021-07-08T23:21:00Z,843,50,0,893,893,24277[Börse],2021-07-08T23:22:00.912Z
0,open,2021-07-08T23:21:00Z,0,200,150,350,200,24276[Turmcenter],2021-07-08T23:22:00.912Z
0.16461916,open,2021-07-08T23:21:00Z,67,340,0,407,407,18944[Alte Oper],2021-07-08T23:22:00.912Z
0.032967035,open,2021-07-08T23:21:00Z,12,352,0,364,364,24281[Hauptbahnhof Süd],2021-07-08T23:22:00.912Z
0.27564895,open,2021-07-08T23:21:00Z,223,586,0,809,809,24279[Konstabler],2021-07-08T23:22:00.912Z
0.47887325,open,2021-07-08T23:21:00Z,204,222,0,426,426,18497[Hauptwache],2021-07-08T23:22:00.912Z
0,closed,2021-07-08T23:21:00Z,,501,0,0,0,18495[Am Gericht],2021-07-08T23:22:00.912Z
0.111633375,open,2021-07-08T23:21:00Z,95,756,45,896,851,109240[MyZeil],2021-07-08T23:22:00.912Z
0.02955665,open,2021-07-08T23:21:00Z,18,591,0,609,609,18494[Konrad-Adenauer-Straße],2021-07-08T23:22:00.912Z
0.94400895,open,2021-07-08T23:31:00Z,843,50,0,893,893,24277[Börse],2021-07-08T23:32:00.036Z
0,open,2021-07-08T23:31:00Z,0,200,150,350,200,24276[Turmcenter],2021-07-08T23:32:00.036Z
0.16461916,open,2021-07-08T23:31:00Z,67,340,0,407,407,18944[Alte Oper],2021-07-08T23:32:00.036Z
0.032967035,open,2021-07-08T23:31:00Z,12,352,0,364,364,24281[Hauptbahnhof Süd],2021-07-08T23:32:00.036Z
0.27441284,open,2021-07-08T23:31:00Z,222,587,0,809,809,24279[Konstabler],2021-07-08T23:32:00.036Z
0.47887325,open,2021-07-08T23:31:00Z,204,222,0,426,426,18497[Hauptwache],2021-07-08T23:32:00.036Z
0,closed,2021-07-08T23:31:00Z,,501,0,0,0,18495[Am Gericht],2021-07-08T23:32:00.036Z
0.111633375,open,2021-07-08T23:31:00Z,95,756,45,896,851,109240[MyZeil],2021-07-08T23:32:00.036Z
0.026272578,open,2021-07-08T23:31:00Z,16,593,0,609,609,18494[Konrad-Adenauer-Straße],2021-07-08T23:32:00.036Z
0.94400895,open,2021-07-08T23:36:00Z,843,50,0,893,893,24277[Börse],2021-07-08T23:42:01.094Z
0,open,2021-07-08T23:36:00Z,0,200,150,350,200,24276[Turmcenter],2021-07-08T23:42:01.094Z
0.15970516,open,2021-07-08T23:36:00Z,65,342,0,407,407,18944[Alte Oper],2021-07-08T23:42:01.094Z
0.032967035,open,2021-07-08T23:36:00Z,12,352,0,364,364,24281[Hauptbahnhof Süd],2021-07-08T23:42:01.094Z
0.27317676,open,2021-07-08T23:36:00Z,221,588,0,809,809,24279[Konstabler],2021-07-08T23:42:01.094Z
0.47887325,open,2021-07-08T23:36:00Z,204,222,0,426,426,18497[Hauptwache],2021-07-08T23:42:01.094Z
0,closed,2021-07-08T23:36:00Z,,501,0,0,0,18495[Am Gericht],2021-07-08T23:42:01.094Z
0.111633375,open,2021-07-08T23:36:00Z,95,756,45,896,851,109240[MyZeil],2021-07-08T23:42:01.094Z
0.026272578,open,2021-07-08T23:36:00Z,16,593,0,609,609,18494[Konrad-Adenauer-Straße],2021-07-08T23:42:01.094Z
0.94400895,open,2021-07-08T23:47:00Z,843,50,0,893,893,24277[Börse],2021-07-08T23:52:00.382Z
0,open,2021-07-08T23:47:00Z,0,200,150,350,200,24276[Turmcenter],2021-07-08T23:52:00.382Z
0.15970516,open,2021-07-08T23:47:00Z,65,342,0,407,407,18944[Alte Oper],2021-07-08T23:52:00.382Z
0.032967035,open,2021-07-08T23:47:00Z,12,352,0,364,364,24281[Hauptbahnhof Süd],2021-07-08T23:52:00.382Z
0.27317676,open,2021-07-08T23:47:00Z,221,588,0,809,809,24279[Konstabler],2021-07-08T23:52:00.382Z
0.4765258,open,2021-07-08T23:47:00Z,203,223,0,426,426,18497[Hauptwache],2021-07-08T23:52:00.382Z
0,closed,2021-07-08T23:47:00Z,,501,0,0,0,18495[Am Gericht],2021-07-08T23:52:00.382Z
0.111633375,open,2021-07-08T23:47:00Z,95,756,45,896,851,109240[MyZeil],2021-07-08T23:52:00.382Z
0.027914613,open,2021-07-08T23:47:00Z,17,592,0,609,609,18494[Konrad-Adenauer-Straße],2021-07-08T23:52:00.382Z
0.94400895,open,2021-07-09T00:38:00Z,843,50,0,893,893,24277[Börse],2021-07-09T00:42:02.975Z
0,open,2021-07-09T00:38:00Z,0,200,150,350,200,24276[Turmcenter],2021-07-09T00:42:02.975Z
0.13267814,open,2021-07-09T00:38:00Z,54,353,0,407,407,18944[Alte Oper],2021-07-09T00:42:02.975Z
0.032967035,open,2021-07-09T00:38:00Z,12,352,0,364,364,24281[Hauptbahnhof Süd],2021-07-09T00:42:02.975Z
0.2694685,open,2021-07-09T00:38:00Z,218,591,0,809,809,24279[Konstabler],2021-07-09T00:42:02.975Z
0.4765258,open,2021-07-09T00:38:00Z,203,223,0,426,426,18497[Hauptwache],2021-07-09T00:42:02.975Z
0,closed,2021-07-09T00:38:00Z,,501,0,0,0,18495[Am Gericht],2021-07-09T00:42:02.975Z
0.111633375,open,2021-07-09T00:38:00Z,95,756,45,896,851,109240[MyZeil],2021-07-09T00:42:02.975Z
0.027914613,open,2021-07-09T00:38:00Z,17,592,0,609,609,18494[Konrad-Adenauer-Straße],2021-07-09T00:42:02.975Z
0.94400895,open,2021-07-09T01:43:00Z,843,50,0,893,893,24277[Börse],2021-07-09T01:47:02.612Z
0,open,2021-07-09T01:43:00Z,0,200,150,350,200,24276[Turmcenter],2021-07-09T01:47:02.612Z
0.13267814,open,2021-07-09T01:43:00Z,54,353,0,407,407,18944[Alte Oper],2021-07-09T01:47:02.612Z
0.032967035,open,2021-07-09T01:43:00Z,12,352,0,364,364,24281[Hauptbahnhof Süd],2021-07-09T01:47:02.612Z
0.26576018,open,2021-07-09T01:43:00Z,215,594,0,809,809,24279[Konstabler],2021-07-09T01:47:02.612Z
0.46948355,open,2021-07-09T01:43:00Z,200,226,0,426,426,18497[Hauptwache],2021-07-09T01:47:02.612Z
0,closed,2021-07-09T01:43:00Z,,501,0,0,0,18495[Am Gericht],2021-07-09T01:47:02.612Z
0.11280846,open,2021-07-09T01:43:00Z,96,755,45,896,851,109240[MyZeil],2021-07-09T01:47:02.612Z
0.031198686,open,2021-07-09T01:43:00Z,19,590,0,609,609,18494[Konrad-Adenauer-Straße],2021-07-09T01:47:02.612Z
0.94400895,open,2021-07-09T02:13:00Z,843,50,0,893,893,24277[Börse],2021-07-09T02:17:02.251Z
0,open,2021-07-09T02:13:00Z,0,200,150,350,200,24276[Turmcenter],2021-07-09T02:17:02.251Z
0.13513513,open,2021-07-09T02:13:00Z,55,352,0,407,407,18944[Alte Oper],2021-07-09T02:17:02.251Z
0.032967035,open,2021-07-09T02:13:00Z,12,352,0,364,364,24281[Hauptbahnhof Süd],2021-07-09T02:17:02.251Z
0.26328802,open,2021-07-09T02:13:00Z,213,596,0,809,809,24279[Konstabler],2021-07-09T02:17:02.251Z
0.46948355,open,2021-07-09T02:13:00Z,200,226,0,426,426,18497[Hauptwache],2021-07-09T02:17:02.251Z
0,closed,2021-07-09T02:13:00Z,,,0,0,0,18495[Am Gericht],2021-07-09T02:17:02.251Z
0.11280846,open,2021-07-09T02:13:00Z,96,755,45,896,851,109240[MyZeil],2021-07-09T02:17:02.251Z
0.03284072,open,2021-07-09T02:13:00Z,20,589,0,609,609,18494[Konrad-Adenauer-Straße],2021-07-09T02:17:02.251Z
0.94400895,open,2021-07-09T02:38:00Z,843,50,0,893,893,24277[Börse],2021-07-09T02:42:02.206Z
0,open,2021-07-09T02:38:00Z,0,200,150,350,200,24276[Turmcenter],2021-07-09T02:42:02.206Z
0.13513513,open,2021-07-09T02:38:00Z,55,352,0,407,407,18944[Alte Oper],2021-07-09T02:42:02.206Z
0.035714287,open,2021-07-09T02:38:00Z,13,351,0,364,364,24281[Hauptbahnhof Süd],2021-07-09T02:42:02.206Z
0.2645241,open,2021-07-09T02:38:00Z,214,595,0,809,809,24279[Konstabler],2021-07-09T02:42:02.206Z
0.46948355,open,2021-07-09T02:38:00Z,200,226,0,426,426,18497[Hauptwache],2021-07-09T02:42:02.206Z
0,closed,2021-07-09T02:38:00Z,,,0,0,0,18495[Am Gericht],2021-07-09T02:42:02.206Z
0.11280846,open,2021-07-09T02:38:00Z,96,755,45,896,851,109240[MyZeil],2021-07-09T02:42:02.206Z
0.041050903,open,2021-07-09T02:38:00Z,25,584,0,609,609,18494[Konrad-Adenauer-Straße],2021-07-09T02:42:02.206Z
0.94400895,open,2021-07-09T02:48:00Z,843,50,0,893,893,24277[Börse],2021-07-09T02:52:02.769Z
0,open,2021-07-09T02:48:00Z,0,200,150,350,200,24276[Turmcenter],2021-07-09T02:52:02.769Z
0.13513513,open,2021-07-09T02:48:00Z,55,352,0,407,407,18944[Alte Oper],2021-07-09T02:52:02.769Z
0.035714287,open,2021-07-09T02:48:00Z,13,351,0,364,364,24281[Hauptbahnhof Süd],2021-07-09T02:52:02.769Z
0.26328802,open,2021-07-09T02:48:00Z,213,596,0,809,809,24279[Konstabler],2021-07-09T02:52:02.769Z
0.471831,open,2021-07-09T02:48:00Z,201,225,0,426,426,18497[Hauptwache],2021-07-09T02:52:02.769Z
0,closed,2021-07-09T02:48:00Z,,,0,0,0,18495[Am Gericht],2021-07-09T02:52:02.769Z
0.11280846,open,2021-07-09T02:48:00Z,96,755,45,896,851,109240[MyZeil],2021-07-09T02:52:02.769Z
0.039408866,open,2021-07-09T02:48:00Z,24,585,0,609,609,18494[Konrad-Adenauer-Straße],2021-07-09T02:52:02.769Z
0.94400895,open,2021-07-09T03:03:00Z,843,50,0,893,893,24277[Börse],2021-07-09T03:07:01.646Z
0,open,2021-07-09T03:03:00Z,0,200,150,350,200,24276[Turmcenter],2021-07-09T03:07:01.646Z
0.13513513,open,2021-07-09T03:03:00Z,55,352,0,407,407,18944[Alte Oper],2021-07-09T03:07:01.646Z
0.03846154,open,2021-07-09T03:03:00Z,14,350,0,364,364,24281[Hauptbahnhof Süd],2021-07-09T03:07:01.646Z
0.2645241,open,2021-07-09T03:03:00Z,214,595,0,809,809,24279[Konstabler],2021-07-09T03:07:01.646Z
0.471831,open,2021-07-09T03:03:00Z,201,225,0,426,426,18497[Hauptwache],2021-07-09T03:07:01.646Z
0,closed,2021-07-09T03:03:00Z,,,0,0,0,18495[Am Gericht],2021-07-09T03:07:01.646Z
0.11280846,open,2021-07-09T03:03:00Z,96,755,45,896,851,109240[MyZeil],2021-07-09T03:07:01.646Z
0.039408866,open,2021-07-09T03:03:00Z,24,585,0,609,609,18494[Konrad-Adenauer-Straße],2021-07-09T03:07:01.646Z
0.94400895,open,2021-07-09T03:43:00Z,843,50,0,893,893,24277[Börse],2021-07-09T03:47:01.206Z
0,open,2021-07-09T03:43:00Z,0,200,150,350,200,24276[Turmcenter],2021-07-09T03:47:01.206Z
0.13513513,open,2021-07-09T03:43:00Z,55,352,0,407,407,18944[Alte Oper],2021-07-09T03:47:01.206Z
0.046703298,open,2021-07-09T03:43:00Z,17,347,0,364,364,24281[Hauptbahnhof Süd],2021-07-09T03:47:01.206Z
0.26328802,open,2021-07-09T03:43:00Z,213,596,0,809,809,24279[Konstabler],2021-07-09T03:47:01.206Z
0.471831,open,2021-07-09T03:43:00Z,201,225,0,426,426,18497[Hauptwache],2021-07-09T03:47:01.206Z
0,closed,2021-07-09T03:43:00Z,,,0,0,0,18495[Am Gericht],2021-07-09T03:47:01.206Z
0.11398355,open,2021-07-09T03:43:00Z,97,754,45,896,851,109240[MyZeil],2021-07-09T03:47:01.206Z
0.044334974,open,2021-07-09T03:43:00Z,27,582,0,609,609,18494[Konrad-Adenauer-Straße],2021-07-09T03:47:01.206Z
0.94400895,open,2021-07-09T03:53:00Z,843,50,0,893,893,24277[Börse],2021-07-09T03:57:02.056Z
0,open,2021-07-09T03:53:00Z,0,200,150,350,200,24276[Turmcenter],2021-07-09T03:57:02.056Z
0.13759214,open,2021-07-09T03:53:00Z,56,351,0,407,407,18944[Alte Oper],2021-07-09T03:57:02.056Z
0.052197803,open,2021-07-09T03:53:00Z,19,345,0,364,364,24281[Hauptbahnhof Süd],2021-07-09T03:57:02.056Z
0.26328802,open,2021-07-09T03:53:00Z,213,596,0,809,809,24279[Konstabler],2021-07-09T03:57:02.056Z
0.471831,open,2021-07-09T03:53:00Z,201,225,0,426,426,18497[Hauptwache],2021-07-09T03:57:02.056Z
0,closed,2021-07-09T03:53:00Z,,,0,0,0,18495[Am Gericht],2021-07-09T03:57:02.056Z
0.11515864,open,2021-07-09T03:53:00Z,98,753,45,896,851,109240[MyZeil],2021-07-09T03:57:02.056Z
0.044334974,open,2021-07-09T03:53:00Z,27,582,0,609,609,18494[Konrad-Adenauer-Straße],2021-07-09T03:57:02.056Z
0.94400895,open,2021-07-09T04:23:00Z,843,50,0,893,893,24277[Börse],2021-07-09T04:27:01.445Z
0,open,2021-07-09T04:23:00Z,0,150,200,350,150,24276[Turmcenter],2021-07-09T04:27:01.445Z
0.13759214,open,2021-07-09T04:23:00Z,56,351,0,407,407,18944[Alte Oper],2021-07-09T04:27:01.445Z
0.07967033,open,2021-07-09T04:23:00Z,29,335,0,364,364,24281[Hauptbahnhof Süd],2021-07-09T04:27:01.445Z
0.2620519,open,2021-07-09T04:23:00Z,212,597,0,809,809,24279[Konstabler],2021-07-09T04:27:01.445Z
0.4741784,open,2021-07-09T04:23:00Z,202,224,0,426,426,18497[Hauptwache],2021-07-09T04:27:01.445Z
0.2882353,open,2021-07-09T04:23:00Z,196,484,0,680,680,18495[Am Gericht],2021-07-09T04:27:01.445Z
0.11398355,open,2021-07-09T04:23:00Z,97,754,45,896,851,109240[MyZeil],2021-07-09T04:27:01.445Z
0.05090312,open,2021-07-09T04:23:00Z,31,578,0,609,609,18494[Konrad-Adenauer-Straße],2021-07-09T04:27:01.445Z
0.94400895,open,2021-07-09T04:43:00Z,843,50,0,893,893,24277[Börse],2021-07-09T04:47:02.953Z
0,open,2021-07-09T04:43:00Z,0,150,200,350,150,24276[Turmcenter],2021-07-09T04:47:02.953Z
0.14004914,open,2021-07-09T04:43:00Z,57,350,0,407,407,18944[Alte Oper],2021-07-09T04:47:02.953Z
0.09615385,open,2021-07-09T04:43:00Z,35,329,0,364,364,24281[Hauptbahnhof Süd],2021-07-09T04:47:02.953Z
0.2645241,open,2021-07-09T04:43:00Z,214,595,0,809,809,24279[Konstabler],2021-07-09T04:47:02.953Z
0.471831,open,2021-07-09T04:43:00Z,201,225,0,426,426,18497[Hauptwache],2021-07-09T04:47:02.953Z
0.29117647,open,2021-07-09T04:43:00Z,198,482,0,680,680,18495[Am Gericht],2021-07-09T04:47:02.953Z
0.11515864,open,2021-07-09T04:43:00Z,98,753,45,896,851,109240[MyZeil],2021-07-09T04:47:02.953Z
0.04761905,open,2021-07-09T04:43:00Z,29,580,0,609,609,18494[Konrad-Adenauer-Straße],2021-07-09T04:47:02.953Z
0.94400895,open,2021-07-09T04:58:00Z,843,50,0,893,893,24277[Börse],2021-07-09T05:02:00.149Z
0,open,2021-07-09T04:58:00Z,0,150,200,350,150,24276[Turmcenter],2021-07-09T05:02:00.149Z
0.14004914,open,2021-07-09T04:58:00Z,57,350,0,407,407,18944[Alte Oper],2021-07-09T05:02:00.149Z
0.09615385,open,2021-07-09T04:58:00Z,35,329,0,364,364,24281[Hauptbahnhof Süd],2021-07-09T05:02:00.149Z
0.26328802,open,2021-07-09T04:58:00Z,213,596,0,809,809,24279[Konstabler],2021-07-09T05:02:00.149Z
0.4765258,open,2021-07-09T04:58:00Z,203,223,0,426,426,18497[Hauptwache],2021-07-09T05:02:00.149Z
0.29264706,open,2021-07-09T04:58:00Z,199,481,0,680,680,18495[Am Gericht],2021-07-09T05:02:00.149Z
0.117508814,open,2021-07-09T04:58:00Z,100,751,45,896,851,109240[MyZeil],2021-07-09T05:02:00.149Z
0.052545156,open,2021-07-09T04:58:00Z,32,577,0,609,609,18494[Konrad-Adenauer-Straße],2021-07-09T05:02:00.149Z
0.94400895,open,2021-07-09T05:19:00Z,843,50,0,893,893,24277[Börse],2021-07-09T05:22:02.839Z
0.026666667,open,2021-07-09T05:19:00Z,4,146,200,350,150,24276[Turmcenter],2021-07-09T05:22:02.839Z
0.15724815,open,2021-07-09T05:19:00Z,64,343,0,407,407,18944[Alte Oper],2021-07-09T05:22:02.839Z
0.11263736,open,2021-07-09T05:19:00Z,41,323,0,364,364,24281[Hauptbahnhof Süd],2021-07-09T05:22:02.839Z
0.2620519,open,2021-07-09T05:19:00Z,212,597,0,809,809,24279[Konstabler],2021-07-09T05:22:02.839Z
0.48591548,open,2021-07-09T05:19:00Z,207,219,0,426,426,18497[Hauptwache],2021-07-09T05:22:02.839Z
0.30147058,open,2021-07-09T05:19:00Z,205,475,0,680,680,18495[Am Gericht],2021-07-09T05:22:02.839Z
0.11985899,open,2021-07-09T05:19:00Z,102,749,45,896,851,109240[MyZeil],2021-07-09T05:22:02.839Z
0.05090312,open,2021-07-09T05:19:00Z,31,578,0,609,609,18494[Konrad-Adenauer-Straße],2021-07-09T05:22:02.839Z
0.94400895,open,2021-07-09T05:28:00Z,843,50,0,893,893,24277[Börse],2021-07-09T05:32:01.132Z
0.053333335,open,2021-07-09T05:28:00Z,8,142,200,350,150,24276[Turmcenter],2021-07-09T05:32:01.132Z
0.15970516,open,2021-07-09T05:28:00Z,65,342,0,407,407,18944[Alte Oper],2021-07-09T05:32:01.132Z
0.13186814,open,2021-07-09T05:28:00Z,48,316,0,364,364,24281[Hauptbahnhof Süd],2021-07-09T05:32:01.132Z
0.2620519,open,2021-07-09T05:28:00Z,212,597,0,809,809,24279[Konstabler],2021-07-09T05:32:01.132Z
0.48591548,open,2021-07-09T05:28:00Z,207,219,0,426,426,18497[Hauptwache],2021-07-09T05:32:01.132Z
0.31176472,open,2021-07-09T05:28:00Z,212,468,0,680,680,18495[Am Gericht],2021-07-09T05:32:01.132Z
0.11985899,open,2021-07-09T05:28:00Z,102,749,45,896,851,109240[MyZeil],2021-07-09T05:32:01.132Z
0.049261082,open,2021-07-09T05:28:00Z,30,579,0,609,609,18494[Konrad-Adenauer-Straße],2021-07-09T05:32:01.132Z
0.94400895,open,2021-07-09T05:39:00Z,843,50,0,893,893,24277[Börse],2021-07-09T05:42:02.234Z
0.07333333,open,2021-07-09T05:39:00Z,11,139,200,350,150,24276[Turmcenter],2021-07-09T05:42:02.234Z
0.15970516,open,2021-07-09T05:39:00Z,65,342,0,407,407,18944[Alte Oper],2021-07-09T05:42:02.234Z
0.1401099,open,2021-07-09T05:39:00Z,51,313,0,364,364,24281[Hauptbahnhof Süd],2021-07-09T05:42:02.234Z
0.27317676,open,2021-07-09T05:39:00Z,221,588,0,809,809,24279[Konstabler],2021-07-09T05:42:02.234Z
0.49295774,open,2021-07-09T05:39:00Z,210,216,0,426,426,18497[Hauptwache],2021-07-09T05:42:02.234Z
0.32352942,open,2021-07-09T05:39:00Z,220,460,0,680,680,18495[Am Gericht],2021-07-09T05:42:02.234Z
0.12103408,open,2021-07-09T05:39:00Z,103,748,45,896,851,109240[MyZeil],2021-07-09T05:42:02.234Z
0.054187194,open,2021-07-09T05:39:00Z,33,576,0,609,609,18494[Konrad-Adenauer-Straße],2021-07-09T05:42:02.234Z
0.94400895,open,2021-07-09T05:49:00Z,843,50,0,893,893,24277[Börse],2021-07-09T05:52:00.236Z
0.07333333,open,2021-07-09T05:49:00Z,11,139,200,350,150,24276[Turmcenter],2021-07-09T05:52:00.236Z
0.16707617,open,2021-07-09T05:49:00Z,68,339,0,407,407,18944[Alte Oper],2021-07-09T05:52:00.236Z
0.1510989,open,2021-07-09T05:49:00Z,55,309,0,364,364,24281[Hauptbahnhof Süd],2021-07-09T05:52:00.236Z
0.2867738,open,2021-07-09T05:49:00Z,232,577,0,809,809,24279[Konstabler],2021-07-09T05:52:00.236Z
0.49530515,open,2021-07-09T05:49:00Z,211,215,0,426,426,18497[Hauptwache],2021-07-09T05:52:00.236Z
0.3367647,open,2021-07-09T05:49:00Z,229,451,0,680,680,18495[Am Gericht],2021-07-09T05:52:00.236Z
0.12103408,open,2021-07-09T05:49:00Z,103,748,45,896,851,109240[MyZeil],2021-07-09T05:52:00.236Z
0.062397372,open,2021-07-09T05:49:00Z,38,571,0,609,609,18494[Konrad-Adenauer-Straße],2021-07-09T05:52:00.236Z
0.94400895,open,2021-07-09T06:09:00Z,843,50,0,893,893,24277[Börse],2021-07-09T06:12:01.741Z
0.17333333,open,2021-07-09T06:09:00Z,26,124,200,350,150,24276[Turmcenter],2021-07-09T06:12:01.741Z
0.18673219,open,2021-07-09T06:09:00Z,76,331,0,407,407,18944[Alte Oper],2021-07-09T06:12:01.741Z
0.18681319,open,2021-07-09T06:09:00Z,68,296,0,364,364,24281[Hauptbahnhof Süd],2021-07-09T06:12:01.741Z
0.30037084,open,2021-07-09T06:09:00Z,243,566,0,809,809,24279[Konstabler],2021-07-09T06:12:01.741Z
0.5023474,open,2021-07-09T06:09:00Z,214,212,0,426,426,18497[Hauptwache],2021-07-09T06:12:01.741Z
0.3779412,open,2021-07-09T06:09:00Z,257,423,0,680,680,18495[Am Gericht],2021-07-09T06:12:01.741Z
0.12925969,open,2021-07-09T06:09:00Z,110,741,45,896,851,109240[MyZeil],2021-07-09T06:12:01.741Z
0.0771757,open,2021-07-09T06:09:00Z,47,562,0,609,609,18494[Konrad-Adenauer-Straße],2021-07-09T06:12:01.741Z
0.94400895,open,2021-07-09T06:39:00Z,843,50,0,893,893,24277[Börse],2021-07-09T06:42:02.466Z
0.33333334,open,2021-07-09T06:39:00Z,50,100,200,350,150,24276[Turmcenter],2021-07-09T06:42:02.466Z
0.23341523,open,2021-07-09T06:39:00Z,95,312,0,407,407,18944[Alte Oper],2021-07-09T06:42:02.466Z
0.24175824,open,2021-07-09T06:39:00Z,88,276,0,364,364,24281[Hauptbahnhof Süd],2021-07-09T06:42:02.466Z
0.32385662,open,2021-07-09T06:39:00Z,262,547,0,809,809,24279[Konstabler],2021-07-09T06:42:02.466Z
0.5539906,open,2021-07-09T06:39:00Z,236,190,0,426,426,18497[Hauptwache],2021-07-09T06:42:02.466Z
0.45294118,open,2021-07-09T06:39:00Z,308,372,0,680,680,18495[Am Gericht],2021-07-09T06:42:02.466Z
0.13748531,open,2021-07-09T06:39:00Z,117,734,45,896,851,109240[MyZeil],2021-07-09T06:42:02.466Z
0.0952381,open,2021-07-09T06:39:00Z,58,551,0,609,609,18494[Konrad-Adenauer-Straße],2021-07-09T06:42:02.466Z
0.94400895,open,2021-07-09T06:54:00Z,843,50,0,893,893,24277[Börse],2021-07-09T06:57:01.472Z
0.44,open,2021-07-09T06:54:00Z,66,84,200,350,150,24276[Turmcenter],2021-07-09T06:57:01.472Z
0.26781327,open,2021-07-09T06:54:00Z,109,298,0,407,407,18944[Alte Oper],2021-07-09T06:57:01.472Z
0.27747253,open,2021-07-09T06:54:00Z,101,263,0,364,364,24281[Hauptbahnhof Süd],2021-07-09T06:57:01.472Z
0.3522868,open,2021-07-09T06:54:00Z,285,524,0,809,809,24279[Konstabler],2021-07-09T06:57:01.472Z
0.5798122,open,2021-07-09T06:54:00Z,247,179,0,426,426,18497[Hauptwache],2021-07-09T06:57:01.472Z
0.4852941,open,2021-07-09T06:54:00Z,330,350,0,680,680,18495[Am Gericht],2021-07-09T06:57:01.472Z
0.1386604,open,2021-07-09T06:54:00Z,118,733,45,896,851,109240[MyZeil],2021-07-09T06:57:01.472Z
0.106732346,open,2021-07-09T06:54:00Z,65,544,0,609,609,18494[Konrad-Adenauer-Straße],2021-07-09T06:57:01.472Z
0.94400895,open,2021-07-09T07:14:00Z,843,50,0,893,893,24277[Börse],2021-07-09T07:17:03.017Z
0.49333334,open,2021-07-09T07:14:00Z,74,76,200,350,150,24276[Turmcenter],2021-07-09T07:17:03.017Z
0.2874693,open,2021-07-09T07:14:00Z,117,290,0,407,407,18944[Alte Oper],2021-07-09T07:17:03.017Z
0.3021978,open,2021-07-09T07:14:00Z,110,254,0,364,364,24281[Hauptbahnhof Süd],2021-07-09T07:17:03.017Z
0.38071692,open,2021-07-09T07:14:00Z,308,501,0,809,809,24279[Konstabler],2021-07-09T07:17:03.017Z
0.6079812,open,2021-07-09T07:14:00Z,259,167,0,426,426,18497[Hauptwache],2021-07-09T07:17:03.017Z
0.525,open,2021-07-09T07:14:00Z,357,323,0,680,680,18495[Am Gericht],2021-07-09T07:17:03.017Z
0.14923619,open,2021-07-09T07:14:00Z,127,724,45,896,851,109240[MyZeil],2021-07-09T07:17:03.017Z
0.12643678,open,2021-07-09T07:14:00Z,77,532,0,609,609,18494[Konrad-Adenauer-Straße],2021-07-09T07:17:03.017Z
0.94400895,open,2021-07-09T07:24:00Z,843,50,0,893,893,24277[Börse],2021-07-09T07:27:00.550Z
0.5933333,open,2021-07-09T07:24:00Z,89,61,200,350,150,24276[Turmcenter],2021-07-09T07:27:00.550Z
0.2997543,open,2021-07-09T07:24:00Z,122,285,0,407,407,18944[Alte Oper],2021-07-09T07:27:00.550Z
0.31318682,open,2021-07-09T07:24:00Z,114,250,0,364,364,24281[Hauptbahnhof Süd],2021-07-09T07:27:00.550Z
0.39555007,open,2021-07-09T07:24:00Z,320,489,0,809,809,24279[Konstabler],2021-07-09T07:27:00.550Z
0.63615024,open,2021-07-09T07:24:00Z,271,155,0,426,426,18497[Hauptwache],2021-07-09T07:27:00.550Z
0.5397059,open,2021-07-09T07:24:00Z,367,313,0,680,680,18495[Am Gericht],2021-07-09T07:27:00.550Z
0.15393655,open,2021-07-09T07:24:00Z,131,720,45,896,851,109240[MyZeil],2021-07-09T07:27:00.550Z
0.13464697,open,2021-07-09T07:24:00Z,82,527,0,609,609,18494[Konrad-Adenauer-Straße],2021-07-09T07:27:00.550Z
0.94400895,open,2021-07-09T07:39:00Z,843,50,0,893,893,24277[Börse],2021-07-09T07:42:00.896Z
0.61333334,open,2021-07-09T07:39:00Z,92,58,200,350,150,24276[Turmcenter],2021-07-09T07:42:00.896Z
0.31695333,open,2021-07-09T07:39:00Z,129,278,0,407,407,18944[Alte Oper],2021-07-09T07:42:00.896Z
0.31318682,open,2021-07-09T07:39:00Z,114,250,0,364,364,24281[Hauptbahnhof Süd],2021-07-09T07:42:00.896Z
0.42027193,open,2021-07-09T07:39:00Z,340,469,0,809,809,24279[Konstabler],2021-07-09T07:42:00.896Z
0.67840374,open,2021-07-09T07:39:00Z,289,137,0,426,426,18497[Hauptwache],2021-07-09T07:42:00.896Z
0.5661765,open,2021-07-09T07:39:00Z,385,295,0,680,680,18495[Am Gericht],2021-07-09T07:42:00.896Z
0.16333725,open,2021-07-09T07:39:00Z,139,712,45,896,851,109240[MyZeil],2021-07-09T07:42:00.896Z
0.1412151,open,2021-07-09T07:39:00Z,86,523,0,609,609,18494[Konrad-Adenauer-Straße],2021-07-09T07:42:00.896Z
0.94400895,open,2021-07-09T07:44:00Z,843,50,0,893,893,24277[Börse],2021-07-09T07:47:02.746Z
0.62,open,2021-07-09T07:44:00Z,93,57,200,350,150,24276[Turmcenter],2021-07-09T07:47:02.746Z
0.34889436,open,2021-07-09T07:44:00Z,142,265,0,407,407,18944[Alte Oper],2021-07-09T07:47:02.746Z
0.32692307,open,2021-07-09T07:44:00Z,119,245,0,364,364,24281[Hauptbahnhof Süd],2021-07-09T07:47:02.746Z
0.43386897,open,2021-07-09T07:44:00Z,351,458,0,809,809,24279[Konstabler],2021-07-09T07:47:02.746Z
0.685446,open,2021-07-09T07:44:00Z,292,134,0,426,426,18497[Hauptwache],2021-07-09T07:47:02.746Z
0.5764706,open,2021-07-09T07:44:00Z,392,288,0,680,680,18495[Am Gericht],2021-07-09T07:47:02.746Z
0.16451234,open,2021-07-09T07:44:00Z,140,711,45,896,851,109240[MyZeil],2021-07-09T07:47:02.746Z
0.15106732,open,2021-07-09T07:44:00Z,92,517,0,609,609,18494[Konrad-Adenauer-Straße],2021-07-09T07:47:02.746Z
0.94400895,open,2021-07-09T08:04:00Z,843,50,0,893,893,24277[Börse],2021-07-09T08:07:02.021Z
0.70666665,open,2021-07-09T08:04:00Z,106,44,200,350,150,24276[Turmcenter],2021-07-09T08:07:02.021Z
0.4078624,open,2021-07-09T08:04:00Z,166,241,0,407,407,18944[Alte Oper],2021-07-09T08:07:02.021Z
0.33791208,open,2021-07-09T08:04:00Z,123,241,0,364,364,24281[Hauptbahnhof Süd],2021-07-09T08:07:02.021Z
0.48578492,open,2021-07-09T08:04:00Z,393,416,0,809,809,24279[Konstabler],2021-07-09T08:07:02.021Z
0.75117373,open,2021-07-09T08:04:00Z,320,106,0,426,426,18497[Hauptwache],2021-07-09T08:07:02.021Z
0.6073529,open,2021-07-09T08:04:00Z,413,267,0,680,680,18495[Am Gericht],2021-07-09T08:07:02.021Z
0.18683901,open,2021-07-09T08:04:00Z,159,692,45,896,851,109240[MyZeil],2021-07-09T08:07:02.021Z
0.1904762,open,2021-07-09T08:04:00Z,116,493,0,609,609,18494[Konrad-Adenauer-Straße],2021-07-09T08:07:02.021Z
0.94400895,open,2021-07-09T08:24:00Z,843,50,0,893,893,24277[Börse],2021-07-09T08:27:00.583Z
0.72,open,2021-07-09T08:24:00Z,108,42,200,350,150,24276[Turmcenter],2021-07-09T08:27:00.583Z
0.42997542,open,2021-07-09T08:24:00Z,175,232,0,407,407,18944[Alte Oper],2021-07-09T08:27:00.583Z
0.32967034,open,2021-07-09T08:24:00Z,120,244,0,364,364,24281[Hauptbahnhof Süd],2021-07-09T08:27:00.583Z
0.5488257,open,2021-07-09T08:24:00Z,444,365,0,809,809,24279[Konstabler],2021-07-09T08:27:00.583Z
0.7887324,open,2021-07-09T08:24:00Z,336,90,0,426,426,18497[Hauptwache],2021-07-09T08:27:00.583Z
0.62647057,open,2021-07-09T08:24:00Z,426,254,0,680,680,18495[Am Gericht],2021-07-09T08:27:00.583Z
0.20916569,open,2021-07-09T08:24:00Z,178,673,45,896,851,109240[MyZeil],2021-07-09T08:27:00.583Z
0.21018063,open,2021-07-09T08:24:00Z,128,481,0,609,609,18494[Konrad-Adenauer-Straße],2021-07-09T08:27:00.583Z
0.94400895,open,2021-07-09T08:45:00Z,843,50,0,893,893,24277[Börse],2021-07-09T08:47:00.724Z
0.67333335,open,2021-07-09T08:45:00Z,101,49,200,350,150,24276[Turmcenter],2021-07-09T08:47:00.724Z
0.4791155,open,2021-07-09T08:45:00Z,195,212,0,407,407,18944[Alte Oper],2021-07-09T08:47:00.724Z
0.31593406,open,2021-07-09T08:45:00Z,115,249,0,364,364,24281[Hauptbahnhof Süd],2021-07-09T08:47:00.724Z
0.58590853,open,2021-07-09T08:45:00Z,474,335,0,809,809,24279[Konstabler],2021-07-09T08:47:00.724Z
0.8920188,open,2021-07-09T08:45:00Z,380,46,0,426,426,18497[Hauptwache],2021-07-09T08:47:00.724Z
0.6382353,open,2021-07-09T08:45:00Z,434,246,0,680,680,18495[Am Gericht],2021-07-09T08:47:00.724Z
0.2279671,open,2021-07-09T08:45:00Z,194,657,45,896,851,109240[MyZeil],2021-07-09T08:47:00.724Z
0.23809524,open,2021-07-09T08:45:00Z,145,464,0,609,609,18494[Konrad-Adenauer-Straße],2021-07-09T08:47:00.724Z
0.94400895,open,2021-07-09T08:50:00Z,843,50,0,893,893,24277[Börse],2021-07-09T08:52:02.918Z
0.67333335,open,2021-07-09T08:50:00Z,101,49,200,350,150,24276[Turmcenter],2021-07-09T08:52:02.918Z
0.48402947,open,2021-07-09T08:50:00Z,197,210,0,407,407,18944[Alte Oper],2021-07-09T08:52:02.918Z
0.31043956,open,2021-07-09T08:50:00Z,113,251,0,364,364,24281[Hauptbahnhof Süd],2021-07-09T08:52:02.918Z
0.5957973,open,2021-07-09T08:50:00Z,482,327,0,809,809,24279[Konstabler],2021-07-09T08:52:02.918Z
0.9084507,open,2021-07-09T08:50:00Z,387,39,0,426,426,18497[Hauptwache],2021-07-09T08:52:02.918Z
0.6382353,open,2021-07-09T08:50:00Z,434,246,0,680,680,18495[Am Gericht],2021-07-09T08:52:02.918Z
0.23384254,open,2021-07-09T08:50:00Z,199,652,45,896,851,109240[MyZeil],2021-07-09T08:52:02.918Z
0.24302134,open,2021-07-09T08:50:00Z,148,461,0,609,609,18494[Konrad-Adenauer-Straße],2021-07-09T08:52:02.918Z
0.94400895,open,2021-07-09T09:15:00Z,843,50,0,893,893,24277[Börse],2021-07-09T09:17:00.721Z
0.68,open,2021-07-09T09:15:00Z,102,48,200,350,150,24276[Turmcenter],2021-07-09T09:17:00.721Z
0.4938575,open,2021-07-09T09:15:00Z,201,206,0,407,407,18944[Alte Oper],2021-07-09T09:17:00.721Z
0.32417583,open,2021-07-09T09:15:00Z,118,246,0,364,364,24281[Hauptbahnhof Süd],2021-07-09T09:17:00.721Z
0.6588381,open,2021-07-09T09:15:00Z,533,276,0,809,809,24279[Konstabler],2021-07-09T09:17:00.721Z
0.91314554,open,2021-07-09T09:15:00Z,389,37,0,426,426,18497[Hauptwache],2021-07-09T09:17:00.721Z
0.6397059,open,2021-07-09T09:15:00Z,435,245,0,680,680,18495[Am Gericht],2021-07-09T09:17:00.721Z
0.2467685,open,2021-07-09T09:15:00Z,210,641,45,896,851,109240[MyZeil],2021-07-09T09:17:00.721Z
0.2676519,open,2021-07-09T09:15:00Z,163,446,0,609,609,18494[Konrad-Adenauer-Straße],2021-07-09T09:17:00.721Z
0.94400895,open,2021-07-09T09:30:00Z,843,50,0,893,893,24277[Börse],2021-07-09T09:32:00.270Z
0.67333335,open,2021-07-09T09:30:00Z,101,49,200,350,150,24276[Turmcenter],2021-07-09T09:32:00.270Z
0.54545456,open,2021-07-09T09:30:00Z,222,185,0,407,407,18944[Alte Oper],2021-07-09T09:32:00.270Z
0.31593406,open,2021-07-09T09:30:00Z,115,249,0,364,364,24281[Hauptbahnhof Süd],2021-07-09T09:32:00.270Z
0.66996294,open,2021-07-09T09:30:00Z,542,267,0,809,809,24279[Konstabler],2021-07-09T09:32:00.270Z
0.96713614,open,2021-07-09T09:30:00Z,412,14,0,426,426,18497[Hauptwache],2021-07-09T09:32:00.270Z
0.6426471,open,2021-07-09T09:30:00Z,437,243,0,680,680,18495[Am Gericht],2021-07-09T09:32:00.270Z
0.2561692,open,2021-07-09T09:30:00Z,218,633,45,896,851,109240[MyZeil],2021-07-09T09:32:00.270Z
0.26600984,open,2021-07-09T09:30:00Z,162,447,0,609,609,18494[Konrad-Adenauer-Straße],2021-07-09T09:32:00.270Z
0.94400895,open,2021-07-09T09:45:00Z,843,50,0,893,893,24277[Börse],2021-07-09T09:47:02.929Z
0.68666667,open,2021-07-09T09:45:00Z,103,47,200,350,150,24276[Turmcenter],2021-07-09T09:47:02.929Z
0.5749386,open,2021-07-09T09:45:00Z,234,173,0,407,407,18944[Alte Oper],2021-07-09T09:47:02.929Z
0.31043956,open,2021-07-09T09:45:00Z,113,251,0,364,364,24281[Hauptbahnhof Süd],2021-07-09T09:47:02.929Z
0.6909765,open,2021-07-09T09:45:00Z,559,250,0,809,809,24279[Konstabler],2021-07-09T09:47:02.929Z
1,open,2021-07-09T09:45:00Z,426,0,0,426,426,18497[Hauptwache],2021-07-09T09:47:02.929Z
0.65,open,2021-07-09T09:45:00Z,442,238,0,680,680,18495[Am Gericht],2021-07-09T09:47:02.929Z
0.27497062,open,2021-07-09T09:45:00Z,234,617,45,896,851,109240[MyZeil],2021-07-09T09:47:02.929Z
0.26600984,open,2021-07-09T09:45:00Z,162,447,0,609,609,18494[Konrad-Adenauer-Straße],2021-07-09T09:47:02.929Z
0.94400895,open,2021-07-09T09:56:00Z,843,50,0,893,893,24277[Börse],2021-07-09T09:57:00.556Z
0.7133333,open,2021-07-09T09:56:00Z,107,43,200,350,150,24276[Turmcenter],2021-07-09T09:57:00.556Z
0.5872236,open,2021-07-09T09:56:00Z,239,168,0,407,407,18944[Alte Oper],2021-07-09T09:57:00.556Z
0.31318682,open,2021-07-09T09:56:00Z,114,250,0,364,364,24281[Hauptbahnhof Süd],2021-07-09T09:57:00.556Z
0.70580965,open,2021-07-09T09:56:00Z,571,238,0,809,809,24279[Konstabler],2021-07-09T09:57:00.556Z
0.9976526,open,2021-07-09T09:56:00Z,425,1,0,426,426,18497[Hauptwache],2021-07-09T09:57:00.556Z
0.6544118,open,2021-07-09T09:56:00Z,445,235,0,680,680,18495[Am Gericht],2021-07-09T09:57:00.556Z
0.26556993,open,2021-07-09T09:56:00Z,226,625,45,896,851,109240[MyZeil],2021-07-09T09:57:00.556Z
0.26108375,open,2021-07-09T09:56:00Z,159,450,0,609,609,18494[Konrad-Adenauer-Straße],2021-07-09T09:57:00.556Z
0.94400895,open,2021-07-09T10:21:00Z,843,50,0,893,893,24277[Börse],2021-07-09T10:22:01.406Z
0.75333333,open,2021-07-09T10:21:00Z,113,37,200,350,150,24276[Turmcenter],2021-07-09T10:22:01.406Z
0.6167076,open,2021-07-09T10:21:00Z,251,156,0,407,407,18944[Alte Oper],2021-07-09T10:22:01.406Z
0.29945055,open,2021-07-09T10:21:00Z,109,255,0,364,364,24281[Hauptbahnhof Süd],2021-07-09T10:22:01.406Z
0.72435105,open,2021-07-09T10:21:00Z,586,223,0,809,809,24279[Konstabler],2021-07-09T10:22:01.406Z
1,open,2021-07-09T10:21:00Z,426,0,0,426,426,18497[Hauptwache],2021-07-09T10:22:01.406Z
0.6338235,open,2021-07-09T10:21:00Z,431,249,0,680,680,18495[Am Gericht],2021-07-09T10:22:01.406Z
0.266745,open,2021-07-09T10:21:00Z,227,624,45,896,851,109240[MyZeil],2021-07-09T10:22:01.406Z
0.25287357,open,2021-07-09T10:21:00Z,154,455,0,609,609,18494[Konrad-Adenauer-Straße],2021-07-09T10:22:01.406Z
0.94400895,open,2021-07-09T10:36:00Z,843,50,0,893,893,24277[Börse],2021-07-09T10:37:01.950Z
0.7266667,open,2021-07-09T10:36:00Z,109,41,200,350,150,24276[Turmcenter],2021-07-09T10:37:01.950Z
0.6044226,open,2021-07-09T10:36:00Z,246,161,0,407,407,18944[Alte Oper],2021-07-09T10:37:01.950Z
0.27747253,open,2021-07-09T10:36:00Z,101,263,0,364,364,24281[Hauptbahnhof Süd],2021-07-09T10:37:01.950Z
0.7255871,open,2021-07-09T10:36:00Z,587,222,0,809,809,24279[Konstabler],2021-07-09T10:37:01.950Z
0.9882629,open,2021-07-09T10:36:00Z,421,5,0,426,426,18497[Hauptwache],2021-07-09T10:37:01.950Z
0.6220588,open,2021-07-09T10:36:00Z,423,257,0,680,680,18495[Am Gericht],2021-07-09T10:37:01.950Z
0.2761457,open,2021-07-09T10:36:00Z,235,616,45,896,851,109240[MyZeil],2021-07-09T10:37:01.950Z
0.26600984,open,2021-07-09T10:36:00Z,162,447,0,609,609,18494[Konrad-Adenauer-Straße],2021-07-09T10:37:01.950Z
0.94400895,open,2021-07-09T10:46:00Z,843,50,0,893,893,24277[Börse],2021-07-09T10:47:02.561Z
0.62666667,open,2021-07-09T10:46:00Z,94,56,200,350,150,24276[Turmcenter],2021-07-09T10:47:02.561Z
0.5995086,open,2021-07-09T10:46:00Z,244,163,0,407,407,18944[Alte Oper],2021-07-09T10:47:02.561Z
0.27197802,open,2021-07-09T10:46:00Z,99,265,0,364,364,24281[Hauptbahnhof Süd],2021-07-09T10:47:02.561Z
0.7144623,open,2021-07-09T10:46:00Z,578,231,0,809,809,24279[Konstabler],2021-07-09T10:47:02.561Z
1,open,2021-07-09T10:46:00Z,426,0,0,426,426,18497[Hauptwache],2021-07-09T10:47:02.561Z
0.6102941,open,2021-07-09T10:46:00Z,415,265,0,680,680,18495[Am Gericht],2021-07-09T10:47:02.561Z
0.27379555,open,2021-07-09T10:46:00Z,233,618,45,896,851,109240[MyZeil],2021-07-09T10:47:02.561Z
0.25615764,open,2021-07-09T10:46:00Z,156,453,0,609,609,18494[Konrad-Adenauer-Straße],2021-07-09T10:47:02.561Z
0.94400895,open,2021-07-09T10:56:00Z,843,50,0,893,893,24277[Börse],2021-07-09T10:57:02.354Z
0.6533333,open,2021-07-09T10:56:00Z,98,52,200,350,150,24276[Turmcenter],2021-07-09T10:57:02.354Z
0.6068796,open,2021-07-09T10:56:00Z,247,160,0,407,407,18944[Alte Oper],2021-07-09T10:57:02.354Z
0.2747253,open,2021-07-09T10:56:00Z,100,264,0,364,364,24281[Hauptbahnhof Süd],2021-07-09T10:57:02.354Z
0.7218789,open,2021-07-09T10:56:00Z,584,225,0,809,809,24279[Konstabler],2021-07-09T10:57:02.354Z
0.9906103,open,2021-07-09T10:56:00Z,422,4,0,426,426,18497[Hauptwache],2021-07-09T10:57:02.354Z
0.6117647,open,2021-07-09T10:56:00Z,416,264,0,680,680,18495[Am Gericht],2021-07-09T10:57:02.354Z
0.26556993,open,2021-07-09T10:56:00Z,226,625,45,896,851,109240[MyZeil],2021-07-09T10:57:02.354Z
0.2545156,open,2021-07-09T10:56:00Z,155,454,0,609,609,18494[Konrad-Adenauer-Straße],2021-07-09T10:57:02.354Z
0.94400895,open,2021-07-09T11:16:00Z,843,50,0,893,893,24277[Börse],2021-07-09T11:17:00.465Z
0.62,open,2021-07-09T11:16:00Z,93,57,200,350,150,24276[Turmcenter],2021-07-09T11:17:00.465Z
0.6019656,open,2021-07-09T11:16:00Z,245,162,0,407,407,18944[Alte Oper],2021-07-09T11:17:00.465Z
0.260989,open,2021-07-09T11:16:00Z,95,269,0,364,364,24281[Hauptbahnhof Süd],2021-07-09T11:17:00.465Z
0.72064275,open,2021-07-09T11:16:00Z,583,226,0,809,809,24279[Konstabler],2021-07-09T11:17:00.465Z
1,open,2021-07-09T11:16:00Z,426,0,0,426,426,18497[Hauptwache],2021-07-09T11:17:00.465Z
0.5852941,open,2021-07-09T11:16:00Z,398,282,0,680,680,18495[Am Gericht],2021-07-09T11:17:00.465Z
0.26321974,open,2021-07-09T11:16:00Z,224,627,45,896,851,109240[MyZeil],2021-07-09T11:17:00.465Z
0.2413793,open,2021-07-09T11:16:00Z,147,462,0,609,609,18494[Konrad-Adenauer-Straße],2021-07-09T11:17:00.465Z
0.94400895,open,2021-07-09T11:26:00Z,843,50,0,893,893,24277[Börse],2021-07-09T11:27:00.042Z
0.6066667,open,2021-07-09T11:26:00Z,91,59,200,350,150,24276[Turmcenter],2021-07-09T11:27:00.042Z
0.62407863,open,2021-07-09T11:26:00Z,254,153,0,407,407,18944[Alte Oper],2021-07-09T11:27:00.042Z
0.25824177,open,2021-07-09T11:26:00Z,94,270,0,364,364,24281[Hauptbahnhof Süd],2021-07-09T11:27:00.042Z
0.71075404,open,2021-07-09T11:26:00Z,575,234,0,809,809,24279[Konstabler],2021-07-09T11:27:00.042Z
0.9953052,open,2021-07-09T11:26:00Z,424,2,0,426,426,18497[Hauptwache],2021-07-09T11:27:00.042Z
0.5779412,open,2021-07-09T11:26:00Z,393,287,0,680,680,18495[Am Gericht],2021-07-09T11:27:00.042Z
0.25381905,open,2021-07-09T11:26:00Z,216,635,45,896,851,109240[MyZeil],2021-07-09T11:27:00.042Z
0.22824302,open,2021-07-09T11:26:00Z,139,470,0,609,609,18494[Konrad-Adenauer-Straße],2021-07-09T11:27:00.042Z
0.94400895,open,2021-07-09T11:36:00Z,843,50,0,893,893,24277[Börse],2021-07-09T11:37:01.360Z
0.28666666,open,2021-07-09T11:36:00Z,43,107,200,350,150,24276[Turmcenter],2021-07-09T11:37:01.360Z
0.64619166,open,2021-07-09T11:36:00Z,263,144,0,407,407,18944[Alte Oper],2021-07-09T11:37:01.360Z
0.25274727,open,2021-07-09T11:36:00Z,92,272,0,364,364,24281[Hauptbahnhof Süd],2021-07-09T11:37:01.360Z
0.7156984,open,2021-07-09T11:36:00Z,579,230,0,809,809,24279[Konstabler],2021-07-09T11:37:01.360Z
0.9953052,open,2021-07-09T11:36:00Z,424,2,0,426,426,18497[Hauptwache],2021-07-09T11:37:01.360Z
0.55588233,open,2021-07-09T11:36:00Z,378,302,0,680,680,18495[Am Gericht],2021-07-09T11:37:01.360Z
0.2561692,open,2021-07-09T11:36:00Z,218,633,45,896,851,109240[MyZeil],2021-07-09T11:37:01.360Z
0.22660099,open,2021-07-09T11:36:00Z,138,471,0,609,609,18494[Konrad-Adenauer-Straße],2021-07-09T11:37:01.360Z
0.94400895,open,2021-07-09T11:51:00Z,843,50,0,893,893,24277[Börse],2021-07-09T11:52:01.376Z
0.30666667,open,2021-07-09T11:51:00Z,46,104,200,350,150,24276[Turmcenter],2021-07-09T11:52:01.376Z
0.6560196,open,2021-07-09T11:51:00Z,267,140,0,407,407,18944[Alte Oper],2021-07-09T11:52:01.376Z
0.23626374,open,2021-07-09T11:51:00Z,86,278,0,364,364,24281[Hauptbahnhof Süd],2021-07-09T11:52:01.376Z
0.7144623,open,2021-07-09T11:51:00Z,578,231,0,809,809,24279[Konstabler],2021-07-09T11:52:01.376Z
0.9953052,open,2021-07-09T11:51:00Z,424,2,0,426,426,18497[Hauptwache],2021-07-09T11:52:01.376Z
0.54264706,open,2021-07-09T11:51:00Z,369,311,0,680,680,18495[Am Gericht],2021-07-09T11:52:01.376Z
0.26204467,open,2021-07-09T11:51:00Z,223,628,45,896,851,109240[MyZeil],2021-07-09T11:52:01.376Z
0.22003284,open,2021-07-09T11:51:00Z,134,475,0,609,609,18494[Konrad-Adenauer-Straße],2021-07-09T11:52:01.376Z
0.94400895,open,2021-07-09T12:01:00Z,843,50,0,893,893,24277[Börse],2021-07-09T12:07:02.845Z
0.30666667,open,2021-07-09T12:01:00Z,46,104,200,350,150,24276[Turmcenter],2021-07-09T12:07:02.845Z
0.65356266,open,2021-07-09T12:01:00Z,266,141,0,407,407,18944[Alte Oper],2021-07-09T12:07:02.845Z
0.21703297,open,2021-07-09T12:01:00Z,79,285,0,364,364,24281[Hauptbahnhof Süd],2021-07-09T12:07:02.845Z
0.7218789,open,2021-07-09T12:01:00Z,584,225,0,809,809,24279[Konstabler],2021-07-09T12:07:02.845Z
1,open,2021-07-09T12:01:00Z,426,0,0,426,426,18497[Hauptwache],2021-07-09T12:07:02.845Z
0.54264706,open,2021-07-09T12:01:00Z,369,311,0,680,680,18495[Am Gericht],2021-07-09T12:07:02.845Z
0.27379555,open,2021-07-09T12:01:00Z,233,618,45,896,851,109240[MyZeil],2021-07-09T12:07:02.845Z
0.21510673,open,2021-07-09T12:01:00Z,131,478,0,609,609,18494[Konrad-Adenauer-Straße],2021-07-09T12:07:02.845Z
0.94400895,open,2021-07-09T12:37:00Z,843,50,0,893,893,24277[Börse],2021-07-09T12:42:00.552Z
0.25333333,open,2021-07-09T12:37:00Z,38,112,200,350,150,24276[Turmcenter],2021-07-09T12:42:00.552Z
0.6093366,open,2021-07-09T12:37:00Z,248,159,0,407,407,18944[Alte Oper],2021-07-09T12:42:00.552Z
0.1923077,open,2021-07-09T12:37:00Z,70,294,0,364,364,24281[Hauptbahnhof Süd],2021-07-09T12:42:00.552Z
0.7169345,open,2021-07-09T12:37:00Z,580,229,0,809,809,24279[Konstabler],2021-07-09T12:42:00.552Z
1,open,2021-07-09T12:37:00Z,426,0,0,426,426,18497[Hauptwache],2021-07-09T12:42:00.552Z
0.5088235,open,2021-07-09T12:37:00Z,346,334,0,680,680,18495[Am Gericht],2021-07-09T12:42:00.552Z
0.27262044,open,2021-07-09T12:37:00Z,232,619,45,896,851,109240[MyZeil],2021-07-09T12:42:00.552Z
0.23481117,open,2021-07-09T12:37:00Z,143,466,0,609,609,18494[Konrad-Adenauer-Straße],2021-07-09T12:42:00.552Z
0.94400895,open,2021-07-09T12:57:00Z,843,50,0,893,893,24277[Börse],2021-07-09T13:02:02.018Z
0.22,open,2021-07-09T12:57:00Z,33,117,200,350,150,24276[Turmcenter],2021-07-09T13:02:02.018Z
0.5872236,open,2021-07-09T12:57:00Z,239,168,0,407,407,18944[Alte Oper],2021-07-09T13:02:02.018Z
0.17582418,open,2021-07-09T12:57:00Z,64,300,0,364,364,24281[Hauptbahnhof Süd],2021-07-09T13:02:02.018Z
0.70704573,open,2021-07-09T12:57:00Z,572,237,0,809,809,24279[Konstabler],2021-07-09T13:02:02.018Z
0.96948355,open,2021-07-09T12:57:00Z,413,13,0,426,426,18497[Hauptwache],2021-07-09T13:02:02.018Z
0.5,open,2021-07-09T12:57:00Z,340,340,0,680,680,18495[Am Gericht],2021-07-09T13:02:02.018Z
0.27144536,open,2021-07-09T12:57:00Z,231,620,45,896,851,109240[MyZeil],2021-07-09T13:02:02.018Z
0.26272577,open,2021-07-09T12:57:00Z,160,449,0,609,609,18494[Konrad-Adenauer-Straße],2021-07-09T13:02:02.018Z
0.94400895,open,2021-07-09T13:27:00Z,843,50,0,893,893,24277[Börse],2021-07-09T13:32:01.803Z
0.18,open,2021-07-09T13:27:00Z,27,123,200,350,150,24276[Turmcenter],2021-07-09T13:32:01.803Z
0.56511056,open,2021-07-09T13:27:00Z,230,177,0,407,407,18944[Alte Oper],2021-07-09T13:32:01.803Z
0.15934066,open,2021-07-09T13:27:00Z,58,306,0,364,364,24281[Hauptbahnhof Süd],2021-07-09T13:32:01.803Z
0.7045736,open,2021-07-09T13:27:00Z,570,239,0,809,809,24279[Konstabler],2021-07-09T13:32:01.803Z
0.9953052,open,2021-07-09T13:27:00Z,424,2,0,426,426,18497[Hauptwache],2021-07-09T13:32:01.803Z
0.4852941,open,2021-07-09T13:27:00Z,330,350,0,680,680,18495[Am Gericht],2021-07-09T13:32:01.803Z
0.2773208,open,2021-07-09T13:27:00Z,236,615,45,896,851,109240[MyZeil],2021-07-09T13:32:01.803Z
0.27422002,open,2021-07-09T13:27:00Z,167,442,0,609,609,18494[Konrad-Adenauer-Straße],2021-07-09T13:32:01.803Z
0.94400895,open,2021-07-09T13:32:00Z,843,50,0,893,893,24277[Börse],2021-07-09T13:37:02.109Z
0.18,open,2021-07-09T13:32:00Z,27,123,200,350,150,24276[Turmcenter],2021-07-09T13:37:02.109Z
0.5724816,open,2021-07-09T13:32:00Z,233,174,0,407,407,18944[Alte Oper],2021-07-09T13:37:02.109Z
0.15384616,open,2021-07-09T13:32:00Z,56,308,0,364,364,24281[Hauptbahnhof Süd],2021-07-09T13:37:02.109Z
0.70704573,open,2021-07-09T13:32:00Z,572,237,0,809,809,24279[Konstabler],2021-07-09T13:37:02.109Z
1,open,2021-07-09T13:32:00Z,426,0,0,426,426,18497[Hauptwache],2021-07-09T13:37:02.109Z
0.475,open,2021-07-09T13:32:00Z,323,357,0,680,680,18495[Am Gericht],2021-07-09T13:37:02.109Z
0.2761457,open,2021-07-09T13:32:00Z,235,616,45,896,851,109240[MyZeil],2021-07-09T13:37:02.109Z
0.27750412,open,2021-07-09T13:32:00Z,169,440,0,609,609,18494[Konrad-Adenauer-Straße],2021-07-09T13:37:02.109Z
0.94400895,open,2021-07-09T13:42:00Z,843,50,0,893,893,24277[Börse],2021-07-09T13:47:01.639Z
0.17333333,open,2021-07-09T13:42:00Z,26,124,200,350,150,24276[Turmcenter],2021-07-09T13:47:01.639Z
0.5945946,open,2021-07-09T13:42:00Z,242,165,0,407,407,18944[Alte Oper],2021-07-09T13:47:01.639Z
0.14835165,open,2021-07-09T13:42:00Z,54,310,0,364,364,24281[Hauptbahnhof Süd],2021-07-09T13:47:01.639Z
0.7156984,open,2021-07-09T13:42:00Z,579,230,0,809,809,24279[Konstabler],2021-07-09T13:47:01.639Z
0.9906103,open,2021-07-09T13:42:00Z,422,4,0,426,426,18497[Hauptwache],2021-07-09T13:47:01.639Z
0.475,open,2021-07-09T13:42:00Z,323,357,0,680,680,18495[Am Gericht],2021-07-09T13:47:01.639Z
0.27027026,open,2021-07-09T13:42:00Z,230,621,45,896,851,109240[MyZeil],2021-07-09T13:47:01.639Z
0.2676519,open,2021-07-09T13:42:00Z,163,446,0,609,609,18494[Konrad-Adenauer-Straße],2021-07-09T13:47:01.639Z
0.94400895,open,2021-07-09T13:57:00Z,843,50,0,893,893,24277[Börse],2021-07-09T14:02:00.626Z
0.18,open,2021-07-09T13:57:00Z,27,123,200,350,150,24276[Turmcenter],2021-07-09T14:02:00.626Z
0.5798526,open,2021-07-09T13:57:00Z,236,171,0,407,407,18944[Alte Oper],2021-07-09T14:02:00.626Z
0.1456044,open,2021-07-09T13:57:00Z,53,311,0,364,364,24281[Hauptbahnhof Süd],2021-07-09T14:02:00.626Z
0.72435105,open,2021-07-09T13:57:00Z,586,223,0,809,809,24279[Konstabler],2021-07-09T14:02:00.626Z
0.9835681,open,2021-07-09T13:57:00Z,419,7,0,426,426,18497[Hauptwache],2021-07-09T14:02:00.626Z
0.475,open,2021-07-09T13:57:00Z,323,357,0,680,680,18495[Am Gericht],2021-07-09T14:02:00.626Z
0.28554642,open,2021-07-09T13:57:00Z,243,608,45,896,851,109240[MyZeil],2021-07-09T14:02:00.626Z
0.27586207,open,2021-07-09T13:57:00Z,168,441,0,609,609,18494[Konrad-Adenauer-Straße],2021-07-09T14:02:00.626Z
0.94400895,open,2021-07-09T14:23:00Z,843,50,0,893,893,24277[Börse],2021-07-09T14:27:00.861Z
0.15333334,open,2021-07-09T14:23:00Z,23,127,200,350,150,24276[Turmcenter],2021-07-09T14:27:00.861Z
0.56511056,open,2021-07-09T14:23:00Z,230,177,0,407,407,18944[Alte Oper],2021-07-09T14:27:00.861Z
0.13186814,open,2021-07-09T14:23:00Z,48,316,0,364,364,24281[Hauptbahnhof Süd],2021-07-09T14:27:00.861Z
0.72064275,open,2021-07-09T14:23:00Z,583,226,0,809,809,24279[Konstabler],2021-07-09T14:27:00.861Z
0.97887325,open,2021-07-09T14:23:00Z,417,9,0,426,426,18497[Hauptwache],2021-07-09T14:27:00.861Z
0.46617648,open,2021-07-09T14:23:00Z,317,363,0,680,680,18495[Am Gericht],2021-07-09T14:27:00.861Z
0.26556993,open,2021-07-09T14:23:00Z,226,625,45,896,851,109240[MyZeil],2021-07-09T14:27:00.861Z
0.26436782,open,2021-07-09T14:23:00Z,161,448,0,609,609,18494[Konrad-Adenauer-Straße],2021-07-09T14:27:00.861Z
0.94400895,open,2021-07-09T14:33:00Z,843,50,0,893,893,24277[Börse],2021-07-09T14:37:02.990Z
0.10666667,open,2021-07-09T14:33:00Z,16,134,200,350,150,24276[Turmcenter],2021-07-09T14:37:02.990Z
0.54545456,open,2021-07-09T14:33:00Z,222,185,0,407,407,18944[Alte Oper],2021-07-09T14:37:02.990Z
0.11813187,open,2021-07-09T14:33:00Z,43,321,0,364,364,24281[Hauptbahnhof Süd],2021-07-09T14:37:02.990Z
0.72929543,open,2021-07-09T14:33:00Z,590,219,0,809,809,24279[Konstabler],2021-07-09T14:37:02.990Z
0.97652584,open,2021-07-09T14:33:00Z,416,10,0,426,426,18497[Hauptwache],2021-07-09T14:37:02.990Z
0.45588234,open,2021-07-09T14:33:00Z,310,370,0,680,680,18495[Am Gericht],2021-07-09T14:37:02.990Z
0.26086956,open,2021-07-09T14:33:00Z,222,629,45,896,851,109240[MyZeil],2021-07-09T14:37:02.990Z
0.26108375,open,2021-07-09T14:33:00Z,159,450,0,609,609,18494[Konrad-Adenauer-Straße],2021-07-09T14:37:02.990Z
0.94400895,open,2021-07-09T14:43:00Z,843,50,0,893,893,24277[Börse],2021-07-09T14:47:01.006Z
0.07333333,open,2021-07-09T14:43:00Z,11,139,200,350,150,24276[Turmcenter],2021-07-09T14:47:01.006Z
0.5257985,open,2021-07-09T14:43:00Z,214,193,0,407,407,18944[Alte Oper],2021-07-09T14:47:01.006Z
0.10714286,open,2021-07-09T14:43:00Z,39,325,0,364,364,24281[Hauptbahnhof Süd],2021-07-09T14:47:01.006Z
0.7305315,open,2021-07-09T14:43:00Z,591,218,0,809,809,24279[Konstabler],2021-07-09T14:47:01.006Z
0.95539904,open,2021-07-09T14:43:00Z,407,19,0,426,426,18497[Hauptwache],2021-07-09T14:47:01.006Z
0.46029413,open,2021-07-09T14:43:00Z,313,367,0,680,680,18495[Am Gericht],2021-07-09T14:47:01.006Z
0.27379555,open,2021-07-09T14:43:00Z,233,618,45,896,851,109240[MyZeil],2021-07-09T14:47:01.006Z
0.2545156,open,2021-07-09T14:43:00Z,155,454,0,609,609,18494[Konrad-Adenauer-Straße],2021-07-09T14:47:01.006Z
0.94400895,open,2021-07-09T14:53:00Z,843,50,0,893,893,24277[Börse],2021-07-09T14:57:01.629Z
0.093333334,open,2021-07-09T14:53:00Z,14,136,200,350,150,24276[Turmcenter],2021-07-09T14:57:01.629Z
0.5061425,open,2021-07-09T14:53:00Z,206,201,0,407,407,18944[Alte Oper],2021-07-09T14:57:01.629Z
0.10714286,open,2021-07-09T14:53:00Z,39,325,0,364,364,24281[Hauptbahnhof Süd],2021-07-09T14:57:01.629Z
0.7169345,open,2021-07-09T14:53:00Z,580,229,0,809,809,24279[Konstabler],2021-07-09T14:57:01.629Z
0.96478873,open,2021-07-09T14:53:00Z,411,15,0,426,426,18497[Hauptwache],2021-07-09T14:57:01.629Z
0.46911764,open,2021-07-09T14:53:00Z,319,361,0,680,680,18495[Am Gericht],2021-07-09T14:57:01.629Z
0.2773208,open,2021-07-09T14:53:00Z,236,615,45,896,851,109240[MyZeil],2021-07-09T14:57:01.629Z
0.24466339,open,2021-07-09T14:53:00Z,149,460,0,609,609,18494[Konrad-Adenauer-Straße],2021-07-09T14:57:01.629Z
0.94400895,open,2021-07-09T15:28:00Z,843,50,0,893,893,24277[Börse],2021-07-09T15:32:00.586Z
0.1,open,2021-07-09T15:28:00Z,15,135,200,350,150,24276[Turmcenter],2021-07-09T15:32:00.586Z
0.46191648,open,2021-07-09T15:28:00Z,188,219,0,407,407,18944[Alte Oper],2021-07-09T15:32:00.586Z
0.104395606,open,2021-07-09T15:28:00Z,38,326,0,364,364,24281[Hauptbahnhof Süd],2021-07-09T15:32:00.586Z
0.71075404,open,2021-07-09T15:28:00Z,575,234,0,809,809,24279[Konstabler],2021-07-09T15:32:00.586Z
0.96478873,open,2021-07-09T15:28:00Z,411,15,0,426,426,18497[Hauptwache],2021-07-09T15:32:00.586Z
0.43823528,open,2021-07-09T15:28:00Z,298,382,0,680,680,18495[Am Gericht],2021-07-09T15:32:00.586Z
0.27262044,open,2021-07-09T15:28:00Z,232,619,45,896,851,109240[MyZeil],2021-07-09T15:32:00.586Z
0.21018063,open,2021-07-09T15:28:00Z,128,481,0,609,609,18494[Konrad-Adenauer-Straße],2021-07-09T15:32:00.586Z
0.94400895,open,2021-07-09T15:43:00Z,843,50,0,893,893,24277[Börse],2021-07-09T15:47:01.506Z
0.1,open,2021-07-09T15:43:00Z,15,135,200,350,150,24276[Turmcenter],2021-07-09T15:47:01.506Z
0.45454547,open,2021-07-09T15:43:00Z,185,222,0,407,407,18944[Alte Oper],2021-07-09T15:47:01.506Z
0.08791209,open,2021-07-09T15:43:00Z,32,332,0,364,364,24281[Hauptbahnhof Süd],2021-07-09T15:47:01.506Z
0.68850434,open,2021-07-09T15:43:00Z,557,252,0,809,809,24279[Konstabler],2021-07-09T15:47:01.506Z
0.943662,open,2021-07-09T15:43:00Z,402,24,0,426,426,18497[Hauptwache],2021-07-09T15:47:01.506Z
0.42647058,open,2021-07-09T15:43:00Z,290,390,0,680,680,18495[Am Gericht],2021-07-09T15:47:01.506Z
0.28437132,open,2021-07-09T15:43:00Z,242,609,45,896,851,109240[MyZeil],2021-07-09T15:47:01.506Z
0.21182266,open,2021-07-09T15:43:00Z,129,480,0,609,609,18494[Konrad-Adenauer-Straße],2021-07-09T15:47:01.506Z
0.94400895,open,2021-07-09T15:59:00Z,843,50,0,893,893,24277[Börse],2021-07-09T16:02:00.721Z
0.08,open,2021-07-09T15:59:00Z,12,138,200,350,150,24276[Turmcenter],2021-07-09T16:02:00.721Z
0.4127764,open,2021-07-09T15:59:00Z,168,239,0,407,407,18944[Alte Oper],2021-07-09T16:02:00.721Z
0.082417585,open,2021-07-09T15:59:00Z,30,334,0,364,364,24281[Hauptbahnhof Süd],2021-07-09T16:02:00.721Z
0.6773795,open,2021-07-09T15:59:00Z,548,261,0,809,809,24279[Konstabler],2021-07-09T16:02:00.721Z
0.91784036,open,2021-07-09T15:59:00Z,391,35,0,426,426,18497[Hauptwache],2021-07-09T16:02:00.721Z
0.42352942,open,2021-07-09T15:59:00Z,288,392,0,680,680,18495[Am Gericht],2021-07-09T16:02:00.721Z
0.2761457,open,2021-07-09T15:59:00Z,235,616,45,896,851,109240[MyZeil],2021-07-09T16:02:00.721Z
0.20689656,open,2021-07-09T15:59:00Z,126,483,0,609,609,18494[Konrad-Adenauer-Straße],2021-07-09T16:02:00.721Z
0.94400895,open,2021-07-09T16:34:00Z,843,50,0,893,893,24277[Börse],2021-07-09T16:37:02.973Z
0.085,open,2021-07-09T16:34:00Z,17,183,150,350,200,24276[Turmcenter],2021-07-09T16:37:02.973Z
0.4054054,open,2021-07-09T16:34:00Z,165,242,0,407,407,18944[Alte Oper],2021-07-09T16:37:02.973Z
0.06043956,open,2021-07-09T16:34:00Z,22,342,0,364,364,24281[Hauptbahnhof Süd],2021-07-09T16:37:02.973Z
0.6353523,open,2021-07-09T16:34:00Z,514,295,0,809,809,24279[Konstabler],2021-07-09T16:37:02.973Z
0.87323946,open,2021-07-09T16:34:00Z,372,54,0,426,426,18497[Hauptwache],2021-07-09T16:37:02.973Z
0.40294117,open,2021-07-09T16:34:00Z,274,406,0,680,680,18495[Am Gericht],2021-07-09T16:37:02.973Z
0.25851938,open,2021-07-09T16:34:00Z,220,631,45,896,851,109240[MyZeil],2021-07-09T16:37:02.973Z
0.16584565,open,2021-07-09T16:34:00Z,101,508,0,609,609,18494[Konrad-Adenauer-Straße],2021-07-09T16:37:02.973Z
0.94400895,open,2021-07-09T16:59:00Z,843,50,0,893,893,24277[Börse],2021-07-09T17:02:02.993Z
0.135,open,2021-07-09T16:59:00Z,27,173,150,350,200,24276[Turmcenter],2021-07-09T17:02:02.993Z
0.42506143,open,2021-07-09T16:59:00Z,173,234,0,407,407,18944[Alte Oper],2021-07-09T17:02:02.993Z
0.06318682,open,2021-07-09T16:59:00Z,23,341,0,364,364,24281[Hauptbahnhof Süd],2021-07-09T17:02:02.993Z
0.6106304,open,2021-07-09T16:59:00Z,494,315,0,809,809,24279[Konstabler],2021-07-09T17:02:02.993Z
0.8849765,open,2021-07-09T16:59:00Z,377,49,0,426,426,18497[Hauptwache],2021-07-09T17:02:02.993Z
0.40588236,open,2021-07-09T16:59:00Z,276,404,0,680,680,18495[Am Gericht],2021-07-09T17:02:02.993Z
0.25264394,open,2021-07-09T16:59:00Z,215,636,45,896,851,109240[MyZeil],2021-07-09T17:02:02.993Z
0.1592775,open,2021-07-09T16:59:00Z,97,512,0,609,609,18494[Konrad-Adenauer-Straße],2021-07-09T17:02:02.993Z
0.94400895,open,2021-07-09T17:30:00Z,843,50,0,893,893,24277[Börse],2021-07-09T17:32:00.659Z
0.2,open,2021-07-09T17:30:00Z,40,160,150,350,200,24276[Turmcenter],2021-07-09T17:32:00.659Z
0.41031942,open,2021-07-09T17:30:00Z,167,240,0,407,407,18944[Alte Oper],2021-07-09T17:32:00.659Z
0.06318682,open,2021-07-09T17:30:00Z,23,341,0,364,364,24281[Hauptbahnhof Süd],2021-07-09T17:32:00.659Z
0.58961684,open,2021-07-09T17:30:00Z,477,332,0,809,809,24279[Konstabler],2021-07-09T17:32:00.659Z
0.8685446,open,2021-07-09T17:30:00Z,370,56,0,426,426,18497[Hauptwache],2021-07-09T17:32:00.659Z
0.39411765,open,2021-07-09T17:30:00Z,268,412,0,680,680,18495[Am Gericht],2021-07-09T17:32:00.659Z
0.24089307,open,2021-07-09T17:30:00Z,205,646,45,896,851,109240[MyZeil],2021-07-09T17:32:00.659Z
0.1592775,open,2021-07-09T17:30:00Z,97,512,0,609,609,18494[Konrad-Adenauer-Straße],2021-07-09T17:32:00.659Z
0.94400895,open,2021-07-09T17:45:00Z,843,50,0,893,893,24277[Börse],2021-07-09T17:47:01.122Z
0.245,open,2021-07-09T17:45:00Z,49,151,150,350,200,24276[Turmcenter],2021-07-09T17:47:01.122Z
0.4078624,open,2021-07-09T17:45:00Z,166,241,0,407,407,18944[Alte Oper],2021-07-09T17:47:01.122Z
0.06868132,open,2021-07-09T17:45:00Z,25,339,0,364,364,24281[Hauptbahnhof Süd],2021-07-09T17:47:01.122Z
0.5710754,open,2021-07-09T17:45:00Z,462,347,0,809,809,24279[Konstabler],2021-07-09T17:47:01.122Z
0.84741783,open,2021-07-09T17:45:00Z,361,65,0,426,426,18497[Hauptwache],2021-07-09T17:47:01.122Z
0.3882353,open,2021-07-09T17:45:00Z,264,416,0,680,680,18495[Am Gericht],2021-07-09T17:47:01.122Z
0.23736781,open,2021-07-09T17:45:00Z,202,649,45,896,851,109240[MyZeil],2021-07-09T17:47:01.122Z
0.15599343,open,2021-07-09T17:45:00Z,95,514,0,609,609,18494[Konrad-Adenauer-Straße],2021-07-09T17:47:01.122Z
0.94400895,open,2021-07-09T17:55:00Z,843,50,0,893,893,24277[Börse],2021-07-09T17:57:01.631Z
0.235,open,2021-07-09T17:55:00Z,47,153,150,350,200,24276[Turmcenter],2021-07-09T17:57:01.631Z
0.4127764,open,2021-07-09T17:55:00Z,168,239,0,407,407,18944[Alte Oper],2021-07-09T17:57:01.631Z
0.06318682,open,2021-07-09T17:55:00Z,23,341,0,364,364,24281[Hauptbahnhof Süd],2021-07-09T17:57:01.631Z
0.5562423,open,2021-07-09T17:55:00Z,450,359,0,809,809,24279[Konstabler],2021-07-09T17:57:01.631Z
0.8380282,open,2021-07-09T17:55:00Z,357,69,0,426,426,18497[Hauptwache],2021-07-09T17:57:01.631Z
0.38382354,open,2021-07-09T17:55:00Z,261,419,0,680,680,18495[Am Gericht],2021-07-09T17:57:01.631Z
0.23736781,open,2021-07-09T17:55:00Z,202,649,45,896,851,109240[MyZeil],2021-07-09T17:57:01.631Z
0.16420361,open,2021-07-09T17:55:00Z,100,509,0,609,609,18494[Konrad-Adenauer-Straße],2021-07-09T17:57:01.631Z
0.94400895,open,2021-07-09T18:25:00Z,843,50,0,893,893,24277[Börse],2021-07-09T18:27:01.662Z
0.255,open,2021-07-09T18:25:00Z,51,149,150,350,200,24276[Turmcenter],2021-07-09T18:27:01.662Z
0.3955774,open,2021-07-09T18:25:00Z,161,246,0,407,407,18944[Alte Oper],2021-07-09T18:27:01.662Z
0.06318682,open,2021-07-09T18:25:00Z,23,341,0,364,364,24281[Hauptbahnhof Süd],2021-07-09T18:27:01.662Z
0.51915944,open,2021-07-09T18:25:00Z,420,389,0,809,809,24279[Konstabler],2021-07-09T18:27:01.662Z
0.81220657,open,2021-07-09T18:25:00Z,346,80,0,426,426,18497[Hauptwache],2021-07-09T18:27:01.662Z
0.36764705,open,2021-07-09T18:25:00Z,250,430,0,680,680,18495[Am Gericht],2021-07-09T18:27:01.662Z
0.21269095,open,2021-07-09T18:25:00Z,181,670,45,896,851,109240[MyZeil],2021-07-09T18:27:01.662Z
0.16748768,open,2021-07-09T18:25:00Z,102,507,0,609,609,18494[Konrad-Adenauer-Straße],2021-07-09T18:27:01.662Z
0.94400895,open,2021-07-09T18:46:00Z,843,50,0,893,893,24277[Börse],2021-07-09T18:47:02.882Z
0.31,open,2021-07-09T18:46:00Z,62,138,150,350,200,24276[Turmcenter],2021-07-09T18:47:02.882Z
0.4004914,open,2021-07-09T18:46:00Z,163,244,0,407,407,18944[Alte Oper],2021-07-09T18:47:02.882Z
0.054945055,open,2021-07-09T18:46:00Z,20,344,0,364,364,24281[Hauptbahnhof Süd],2021-07-09T18:47:02.882Z
0.49567366,open,2021-07-09T18:46:00Z,401,408,0,809,809,24279[Konstabler],2021-07-09T18:47:02.882Z
0.8169014,open,2021-07-09T18:46:00Z,348,78,0,426,426,18497[Hauptwache],2021-07-09T18:47:02.882Z
0.35735294,open,2021-07-09T18:46:00Z,243,437,0,680,680,18495[Am Gericht],2021-07-09T18:47:02.882Z
0.20446533,open,2021-07-09T18:46:00Z,174,677,45,896,851,109240[MyZeil],2021-07-09T18:47:02.882Z
0.15763547,open,2021-07-09T18:46:00Z,96,513,0,609,609,18494[Konrad-Adenauer-Straße],2021-07-09T18:47:02.882Z
0.94400895,open,2021-07-09T19:01:00Z,843,50,0,893,893,24277[Börse],2021-07-09T19:02:02.346Z
0.335,open,2021-07-09T19:01:00Z,67,133,150,350,200,24276[Turmcenter],2021-07-09T19:02:02.346Z
0.38329238,open,2021-07-09T19:01:00Z,156,251,0,407,407,18944[Alte Oper],2021-07-09T19:02:02.346Z
0.054945055,open,2021-07-09T19:01:00Z,20,344,0,364,364,24281[Hauptbahnhof Süd],2021-07-09T19:02:02.346Z
0.48331273,open,2021-07-09T19:01:00Z,391,418,0,809,809,24279[Konstabler],2021-07-09T19:02:02.346Z
0.8028169,open,2021-07-09T19:01:00Z,342,84,0,426,426,18497[Hauptwache],2021-07-09T19:02:02.346Z
0.34117648,open,2021-07-09T19:01:00Z,232,448,0,680,680,18495[Am Gericht],2021-07-09T19:02:02.346Z
0.20446533,open,2021-07-09T19:01:00Z,174,677,45,896,851,109240[MyZeil],2021-07-09T19:02:02.346Z
0.1412151,open,2021-07-09T19:01:00Z,86,523,0,609,609,18494[Konrad-Adenauer-Straße],2021-07-09T19:02:02.346Z
0.94400895,open,2021-07-09T19:16:00Z,843,50,0,893,893,24277[Börse],2021-07-09T19:17:02.925Z
0.335,open,2021-07-09T19:16:00Z,67,133,150,350,200,24276[Turmcenter],2021-07-09T19:17:02.925Z
0.3906634,open,2021-07-09T19:16:00Z,159,248,0,407,407,18944[Alte Oper],2021-07-09T19:17:02.925Z
0.06043956,open,2021-07-09T19:16:00Z,22,342,0,364,364,24281[Hauptbahnhof Süd],2021-07-09T19:17:02.925Z
0.4709518,open,2021-07-09T19:16:00Z,381,428,0,809,809,24279[Konstabler],2021-07-09T19:17:02.925Z
0.7910798,open,2021-07-09T19:16:00Z,337,89,0,426,426,18497[Hauptwache],2021-07-09T19:17:02.925Z
0.3382353,open,2021-07-09T19:16:00Z,230,450,0,680,680,18495[Am Gericht],2021-07-09T19:17:02.925Z
0.19976498,open,2021-07-09T19:16:00Z,170,681,45,896,851,109240[MyZeil],2021-07-09T19:17:02.925Z
0.13300492,open,2021-07-09T19:16:00Z,81,528,0,609,609,18494[Konrad-Adenauer-Straße],2021-07-09T19:17:02.925Z
0.94400895,open,2021-07-09T19:32:00Z,843,50,0,893,893,24277[Börse],2021-07-09T19:37:01.919Z
0.325,open,2021-07-09T19:32:00Z,65,135,150,350,200,24276[Turmcenter],2021-07-09T19:37:01.919Z
0.36855036,open,2021-07-09T19:32:00Z,150,257,0,407,407,18944[Alte Oper],2021-07-09T19:37:01.919Z
0.054945055,open,2021-07-09T19:32:00Z,20,344,0,364,364,24281[Hauptbahnhof Süd],2021-07-09T19:37:01.919Z
0.45982695,open,2021-07-09T19:32:00Z,372,437,0,809,809,24279[Konstabler],2021-07-09T19:37:01.919Z
0.786385,open,2021-07-09T19:32:00Z,335,91,0,426,426,18497[Hauptwache],2021-07-09T19:37:01.919Z
0.3367647,open,2021-07-09T19:32:00Z,229,451,0,680,680,18495[Am Gericht],2021-07-09T19:37:01.919Z
0.19271445,open,2021-07-09T19:32:00Z,164,687,45,896,851,109240[MyZeil],2021-07-09T19:37:01.919Z
0.13136289,open,2021-07-09T19:32:00Z,80,529,0,609,609,18494[Konrad-Adenauer-Straße],2021-07-09T19:37:01.919Z
0.94400895,open,2021-07-09T19:42:00Z,843,50,0,893,893,24277[Börse],2021-07-09T19:47:00.482Z
0.31,open,2021-07-09T19:42:00Z,62,138,150,350,200,24276[Turmcenter],2021-07-09T19:47:00.482Z
0.36855036,open,2021-07-09T19:42:00Z,150,257,0,407,407,18944[Alte Oper],2021-07-09T19:47:00.482Z
0.054945055,open,2021-07-09T19:42:00Z,20,344,0,364,364,24281[Hauptbahnhof Süd],2021-07-09T19:47:00.482Z
0.46106303,open,2021-07-09T19:42:00Z,373,436,0,809,809,24279[Konstabler],2021-07-09T19:47:00.482Z
0.7793427,open,2021-07-09T19:42:00Z,332,94,0,426,426,18497[Hauptwache],2021-07-09T19:47:00.482Z
0.34264705,open,2021-07-09T19:42:00Z,233,447,0,680,680,18495[Am Gericht],2021-07-09T19:47:00.482Z
0.1891892,open,2021-07-09T19:42:00Z,161,690,45,896,851,109240[MyZeil],2021-07-09T19:47:00.482Z
0.12315271,open,2021-07-09T19:42:00Z,75,534,0,609,609,18494[Konrad-Adenauer-Straße],2021-07-09T19:47:00.482Z
0.94400895,open,2021-07-09T19:57:00Z,843,50,0,893,893,24277[Börse],2021-07-09T20:02:02.531Z
0.27,open,2021-07-09T19:57:00Z,54,146,150,350,200,24276[Turmcenter],2021-07-09T20:02:02.531Z
0.34152335,open,2021-07-09T19:57:00Z,139,268,0,407,407,18944[Alte Oper],2021-07-09T20:02:02.531Z
0.054945055,open,2021-07-09T19:57:00Z,20,344,0,364,364,24281[Hauptbahnhof Süd],2021-07-09T20:02:02.531Z
0.46229914,open,2021-07-09T19:57:00Z,374,435,0,809,809,24279[Konstabler],2021-07-09T20:02:02.531Z
0.7793427,open,2021-07-09T19:57:00Z,332,94,0,426,426,18497[Hauptwache],2021-07-09T20:02:02.531Z
0.3382353,open,2021-07-09T19:57:00Z,230,450,0,680,680,18495[Am Gericht],2021-07-09T20:02:02.531Z
0.18683901,open,2021-07-09T19:57:00Z,159,692,45,896,851,109240[MyZeil],2021-07-09T20:02:02.531Z
0.113300495,open,2021-07-09T19:57:00Z,69,540,0,609,609,18494[Konrad-Adenauer-Straße],2021-07-09T20:02:02.531Z
0.94400895,open,2021-07-09T20:18:00Z,843,50,0,893,893,24277[Börse],2021-07-09T20:22:01.046Z
0.225,open,2021-07-09T20:18:00Z,45,155,150,350,200,24276[Turmcenter],2021-07-09T20:22:01.046Z
0.33415234,open,2021-07-09T20:18:00Z,136,271,0,407,407,18944[Alte Oper],2021-07-09T20:22:01.046Z
0.04945055,open,2021-07-09T20:18:00Z,18,346,0,364,364,24281[Hauptbahnhof Süd],2021-07-09T20:22:01.046Z
0.4437577,open,2021-07-09T20:18:00Z,359,450,0,809,809,24279[Konstabler],2021-07-09T20:22:01.046Z
0.7793427,open,2021-07-09T20:18:00Z,332,94,0,426,426,18497[Hauptwache],2021-07-09T20:22:01.046Z
0.325,open,2021-07-09T20:18:00Z,221,459,0,680,680,18495[Am Gericht],2021-07-09T20:22:01.046Z
0.17626321,open,2021-07-09T20:18:00Z,150,701,45,896,851,109240[MyZeil],2021-07-09T20:22:01.046Z
0.098522164,open,2021-07-09T20:18:00Z,60,549,0,609,609,18494[Konrad-Adenauer-Straße],2021-07-09T20:22:01.046Z
0.94400895,open,2021-07-09T20:28:00Z,843,50,0,893,893,24277[Börse],2021-07-09T20:32:01.800Z
0.155,open,2021-07-09T20:28:00Z,31,169,150,350,200,24276[Turmcenter],2021-07-09T20:32:01.800Z
0.32923833,open,2021-07-09T20:28:00Z,134,273,0,407,407,18944[Alte Oper],2021-07-09T20:32:01.800Z
0.04945055,open,2021-07-09T20:28:00Z,18,346,0,364,364,24281[Hauptbahnhof Süd],2021-07-09T20:32:01.800Z
0.44252163,open,2021-07-09T20:28:00Z,358,451,0,809,809,24279[Konstabler],2021-07-09T20:32:01.800Z
0.7746479,open,2021-07-09T20:28:00Z,330,96,0,426,426,18497[Hauptwache],2021-07-09T20:32:01.800Z
0.31911764,open,2021-07-09T20:28:00Z,217,463,0,680,680,18495[Am Gericht],2021-07-09T20:32:01.800Z
0.17508814,open,2021-07-09T20:28:00Z,149,702,45,896,851,109240[MyZeil],2021-07-09T20:32:01.800Z
0.087027915,open,2021-07-09T20:28:00Z,53,556,0,609,609,18494[Konrad-Adenauer-Straße],2021-07-09T20:32:01.800Z
0.94400895,open,2021-07-09T20:39:00Z,843,50,0,893,893,24277[Börse],2021-07-09T20:42:02.528Z
0.14,open,2021-07-09T20:39:00Z,28,172,150,350,200,24276[Turmcenter],2021-07-09T20:42:02.528Z
0.31695333,open,2021-07-09T20:39:00Z,129,278,0,407,407,18944[Alte Oper],2021-07-09T20:42:02.528Z
0.046703298,open,2021-07-09T20:39:00Z,17,347,0,364,364,24281[Hauptbahnhof Süd],2021-07-09T20:42:02.528Z
0.43881336,open,2021-07-09T20:39:00Z,355,454,0,809,809,24279[Konstabler],2021-07-09T20:42:02.528Z
0.7605634,open,2021-07-09T20:39:00Z,324,102,0,426,426,18497[Hauptwache],2021-07-09T20:42:02.528Z
0.31764707,open,2021-07-09T20:39:00Z,216,464,0,680,680,18495[Am Gericht],2021-07-09T20:42:02.528Z
0.16568743,open,2021-07-09T20:39:00Z,141,710,45,896,851,109240[MyZeil],2021-07-09T20:42:02.528Z
0.08045977,open,2021-07-09T20:39:00Z,49,560,0,609,609,18494[Konrad-Adenauer-Straße],2021-07-09T20:42:02.528Z
0.94400895,open,2021-07-09T20:49:00Z,843,50,0,893,893,24277[Börse],2021-07-09T20:52:00.087Z
0.11,open,2021-07-09T20:49:00Z,22,178,150,350,200,24276[Turmcenter],2021-07-09T20:52:00.087Z
0.31695333,open,2021-07-09T20:49:00Z,129,278,0,407,407,18944[Alte Oper],2021-07-09T20:52:00.087Z
0.03846154,open,2021-07-09T20:49:00Z,14,350,0,364,364,24281[Hauptbahnhof Süd],2021-07-09T20:52:00.087Z
0.44004944,open,2021-07-09T20:49:00Z,356,453,0,809,809,24279[Konstabler],2021-07-09T20:52:00.087Z
0.7723005,open,2021-07-09T20:49:00Z,329,97,0,426,426,18497[Hauptwache],2021-07-09T20:52:00.087Z
0.31176472,open,2021-07-09T20:49:00Z,212,468,0,680,680,18495[Am Gericht],2021-07-09T20:52:00.087Z
0.15981199,open,2021-07-09T20:49:00Z,136,715,45,896,851,109240[MyZeil],2021-07-09T20:52:00.087Z
0.08210181,open,2021-07-09T20:49:00Z,50,559,0,609,609,18494[Konrad-Adenauer-Straße],2021-07-09T20:52:00.087Z
0.94400895,open,2021-07-09T21:09:00Z,843,50,0,893,893,24277[Börse],2021-07-09T21:12:01.593Z
0.06,open,2021-07-09T21:09:00Z,12,188,150,350,200,24276[Turmcenter],2021-07-09T21:12:01.593Z
0.2997543,open,2021-07-09T21:09:00Z,122,285,0,407,407,18944[Alte Oper],2021-07-09T21:12:01.593Z
0.041208792,open,2021-07-09T21:09:00Z,15,349,0,364,364,24281[Hauptbahnhof Süd],2021-07-09T21:12:01.593Z
0.4301607,open,2021-07-09T21:09:00Z,348,461,0,809,809,24279[Konstabler],2021-07-09T21:12:01.593Z
0.7699531,open,2021-07-09T21:09:00Z,328,98,0,426,426,18497[Hauptwache],2021-07-09T21:12:01.593Z
0.30735293,open,2021-07-09T21:09:00Z,209,471,0,680,680,18495[Am Gericht],2021-07-09T21:12:01.593Z
0.1574618,open,2021-07-09T21:09:00Z,134,717,45,896,851,109240[MyZeil],2021-07-09T21:12:01.593Z
0.06896552,open,2021-07-09T21:09:00Z,42,567,0,609,609,18494[Konrad-Adenauer-Straße],2021-07-09T21:12:01.593Z
0.94400895,open,2021-07-09T21:30:00Z,843,50,0,893,893,24277[Börse],2021-07-09T21:32:02.912Z
0,open,2021-07-09T21:30:00Z,0,200,150,350,200,24276[Turmcenter],2021-07-09T21:32:02.912Z
0.28255528,open,2021-07-09T21:30:00Z,115,292,0,407,407,18944[Alte Oper],2021-07-09T21:32:02.912Z
0.041208792,open,2021-07-09T21:30:00Z,15,349,0,364,364,24281[Hauptbahnhof Süd],2021-07-09T21:32:02.912Z
0.41409147,open,2021-07-09T21:30:00Z,335,474,0,809,809,24279[Konstabler],2021-07-09T21:32:02.912Z
0.76760566,open,2021-07-09T21:30:00Z,327,99,0,426,426,18497[Hauptwache],2021-07-09T21:32:02.912Z
0.30588236,open,2021-07-09T21:30:00Z,208,472,0,680,680,18495[Am Gericht],2021-07-09T21:32:02.912Z
0.15158637,open,2021-07-09T21:30:00Z,129,722,45,896,851,109240[MyZeil],2021-07-09T21:32:02.912Z
0.06732348,open,2021-07-09T21:30:00Z,41,568,0,609,609,18494[Konrad-Adenauer-Straße],2021-07-09T21:32:02.912Z
0.94400895,open,2021-07-09T21:40:00Z,843,50,0,893,893,24277[Börse],2021-07-09T21:42:01.100Z
0,open,2021-07-09T21:40:00Z,0,200,150,350,200,24276[Turmcenter],2021-07-09T21:42:01.100Z
0.27764127,open,2021-07-09T21:40:00Z,113,294,0,407,407,18944[Alte Oper],2021-07-09T21:42:01.100Z
0.03846154,open,2021-07-09T21:40:00Z,14,350,0,364,364,24281[Hauptbahnhof Süd],2021-07-09T21:42:01.100Z
0.407911,open,2021-07-09T21:40:00Z,330,479,0,809,809,24279[Konstabler],2021-07-09T21:42:01.100Z
0.75586855,open,2021-07-09T21:40:00Z,322,104,0,426,426,18497[Hauptwache],2021-07-09T21:42:01.100Z
0.29558823,open,2021-07-09T21:40:00Z,201,479,0,680,680,18495[Am Gericht],2021-07-09T21:42:01.100Z
0.15276146,open,2021-07-09T21:40:00Z,130,721,45,896,851,109240[MyZeil],2021-07-09T21:42:01.100Z
0.06403941,open,2021-07-09T21:40:00Z,39,570,0,609,609,18494[Konrad-Adenauer-Straße],2021-07-09T21:42:01.100Z
0.94400895,open,2021-07-09T21:51:00Z,843,50,0,893,893,24277[Börse],2021-07-09T21:52:01.832Z
0,open,2021-07-09T21:51:00Z,0,200,150,350,200,24276[Turmcenter],2021-07-09T21:52:01.832Z
0.26781327,open,2021-07-09T21:51:00Z,109,298,0,407,407,18944[Alte Oper],2021-07-09T21:52:01.832Z
0.035714287,open,2021-07-09T21:51:00Z,13,351,0,364,364,24281[Hauptbahnhof Süd],2021-07-09T21:52:01.832Z
0.41161928,open,2021-07-09T21:51:00Z,333,476,0,809,809,24279[Konstabler],2021-07-09T21:52:01.832Z
0.74647886,open,2021-07-09T21:51:00Z,318,108,0,426,426,18497[Hauptwache],2021-07-09T21:52:01.832Z
0.29117647,open,2021-07-09T21:51:00Z,198,482,0,680,680,18495[Am Gericht],2021-07-09T21:52:01.832Z
0.15041128,open,2021-07-09T21:51:00Z,128,723,45,896,851,109240[MyZeil],2021-07-09T21:52:01.832Z
0.057471264,open,2021-07-09T21:51:00Z,35,574,0,609,609,18494[Konrad-Adenauer-Straße],2021-07-09T21:52:01.832Z
0.94400895,open,2021-07-09T22:12:00Z,843,50,0,893,893,24277[Börse],2021-07-09T22:17:02.952Z
0,open,2021-07-09T22:12:00Z,0,200,150,350,200,24276[Turmcenter],2021-07-09T22:17:02.952Z
0.25061426,open,2021-07-09T22:12:00Z,102,305,0,407,407,18944[Alte Oper],2021-07-09T22:17:02.952Z
0.032967035,open,2021-07-09T22:12:00Z,12,352,0,364,364,24281[Hauptbahnhof Süd],2021-07-09T22:17:02.952Z
0.40667492,open,2021-07-09T22:12:00Z,329,480,0,809,809,24279[Konstabler],2021-07-09T22:17:02.952Z
0.69953054,open,2021-07-09T22:12:00Z,298,128,0,426,426,18497[Hauptwache],2021-07-09T22:17:02.952Z
0,closed,2021-07-09T22:12:00Z,,484,0,0,0,18495[Am Gericht],2021-07-09T22:17:02.952Z
0.15041128,open,2021-07-09T22:12:00Z,128,723,45,896,851,109240[MyZeil],2021-07-09T22:17:02.952Z
0.05090312,open,2021-07-09T22:12:00Z,31,578,0,609,609,18494[Konrad-Adenauer-Straße],2021-07-09T22:17:02.952Z
0.94400895,open,2021-07-09T22:27:00Z,843,50,0,893,893,24277[Börse],2021-07-09T22:32:01.341Z
0.005,open,2021-07-09T22:27:00Z,1,199,150,350,200,24276[Turmcenter],2021-07-09T22:32:01.341Z
0.24570024,open,2021-07-09T22:27:00Z,100,307,0,407,407,18944[Alte Oper],2021-07-09T22:32:01.341Z
0.03021978,open,2021-07-09T22:27:00Z,11,353,0,364,364,24281[Hauptbahnhof Süd],2021-07-09T22:32:01.341Z
0.39184177,open,2021-07-09T22:27:00Z,317,492,0,809,809,24279[Konstabler],2021-07-09T22:32:01.341Z
0.685446,open,2021-07-09T22:27:00Z,292,134,0,426,426,18497[Hauptwache],2021-07-09T22:32:01.341Z
0,closed,2021-07-09T22:27:00Z,,484,0,0,0,18495[Am Gericht],2021-07-09T22:32:01.341Z
0.15158637,open,2021-07-09T22:27:00Z,129,722,45,896,851,109240[MyZeil],2021-07-09T22:32:01.341Z
0.044334974,open,2021-07-09T22:27:00Z,27,582,0,609,609,18494[Konrad-Adenauer-Straße],2021-07-09T22:32:01.341Z
0.94400895,open,2021-07-09T22:37:00Z,843,50,0,893,893,24277[Börse],2021-07-09T22:42:01.256Z
0,open,2021-07-09T22:37:00Z,0,200,150,350,200,24276[Turmcenter],2021-07-09T22:42:01.256Z
0.24570024,open,2021-07-09T22:37:00Z,100,307,0,407,407,18944[Alte Oper],2021-07-09T22:42:01.256Z
0.027472528,open,2021-07-09T22:37:00Z,10,354,0,364,364,24281[Hauptbahnhof Süd],2021-07-09T22:42:01.256Z
0.38442522,open,2021-07-09T22:37:00Z,311,498,0,809,809,24279[Konstabler],2021-07-09T22:42:01.256Z
0.6690141,open,2021-07-09T22:37:00Z,285,141,0,426,426,18497[Hauptwache],2021-07-09T22:42:01.256Z
0,closed,2021-07-09T22:37:00Z,,484,0,0,0,18495[Am Gericht],2021-07-09T22:42:01.256Z
0.15158637,open,2021-07-09T22:37:00Z,129,722,45,896,851,109240[MyZeil],2021-07-09T22:42:01.256Z
0.044334974,open,2021-07-09T22:37:00Z,27,582,0,609,609,18494[Konrad-Adenauer-Straße],2021-07-09T22:42:01.256Z
0.94400895,open,2021-07-09T22:52:00Z,843,50,0,893,893,24277[Börse],2021-07-09T22:57:02.022Z
0,open,2021-07-09T22:52:00Z,0,200,150,350,200,24276[Turmcenter],2021-07-09T22:57:02.022Z
0.22850123,open,2021-07-09T22:52:00Z,93,314,0,407,407,18944[Alte Oper],2021-07-09T22:57:02.022Z
0.03021978,open,2021-07-09T22:52:00Z,11,353,0,364,364,24281[Hauptbahnhof Süd],2021-07-09T22:57:02.022Z
0.37824476,open,2021-07-09T22:52:00Z,306,503,0,809,809,24279[Konstabler],2021-07-09T22:57:02.022Z
0.6596244,open,2021-07-09T22:52:00Z,281,145,0,426,426,18497[Hauptwache],2021-07-09T22:57:02.022Z
0,closed,2021-07-09T22:52:00Z,,484,0,0,0,18495[Am Gericht],2021-07-09T22:57:02.022Z
0.14806111,open,2021-07-09T22:52:00Z,126,725,45,896,851,109240[MyZeil],2021-07-09T22:57:02.022Z
0.044334974,open,2021-07-09T22:52:00Z,27,582,0,609,609,18494[Konrad-Adenauer-Straße],2021-07-09T22:57:02.022Z
0.94400895,open,2021-07-09T23:02:00Z,843,50,0,893,893,24277[Börse],2021-07-09T23:07:02.581Z
0,open,2021-07-09T23:02:00Z,0,200,150,350,200,24276[Turmcenter],2021-07-09T23:07:02.581Z
0.21867321,open,2021-07-09T23:02:00Z,89,318,0,407,407,18944[Alte Oper],2021-07-09T23:07:02.581Z
0.032967035,open,2021-07-09T23:02:00Z,12,352,0,364,364,24281[Hauptbahnhof Süd],2021-07-09T23:07:02.581Z
0.37700865,open,2021-07-09T23:02:00Z,305,504,0,809,809,24279[Konstabler],2021-07-09T23:07:02.581Z
0.65258217,open,2021-07-09T23:02:00Z,278,148,0,426,426,18497[Hauptwache],2021-07-09T23:07:02.581Z
0,closed,2021-07-09T23:02:00Z,,484,0,0,0,18495[Am Gericht],2021-07-09T23:07:02.581Z
0.14688602,open,2021-07-09T23:02:00Z,125,726,45,896,851,109240[MyZeil],2021-07-09T23:07:02.581Z
0.039408866,open,2021-07-09T23:02:00Z,24,585,0,609,609,18494[Konrad-Adenauer-Straße],2021-07-09T23:07:02.581Z
0.94400895,open,2021-07-09T23:22:00Z,843,50,0,893,893,24277[Börse],2021-07-09T23:27:01.874Z
0,open,2021-07-09T23:22:00Z,0,200,150,350,200,24276[Turmcenter],2021-07-09T23:27:01.874Z
0.21621622,open,2021-07-09T23:22:00Z,88,319,0,407,407,18944[Alte Oper],2021-07-09T23:27:01.874Z
0.032967035,open,2021-07-09T23:22:00Z,12,352,0,364,364,24281[Hauptbahnhof Süd],2021-07-09T23:27:01.874Z
0.36217552,open,2021-07-09T23:22:00Z,293,516,0,809,809,24279[Konstabler],2021-07-09T23:27:01.874Z
0.6314554,open,2021-07-09T23:22:00Z,269,157,0,426,426,18497[Hauptwache],2021-07-09T23:27:01.874Z
0,closed,2021-07-09T23:22:00Z,,484,0,0,0,18495[Am Gericht],2021-07-09T23:27:01.874Z
0.14453584,open,2021-07-09T23:22:00Z,123,728,45,896,851,109240[MyZeil],2021-07-09T23:27:01.874Z
0.039408866,open,2021-07-09T23:22:00Z,24,585,0,609,609,18494[Konrad-Adenauer-Straße],2021-07-09T23:27:01.874Z
0.94400895,open,2021-07-09T23:32:00Z,843,50,0,893,893,24277[Börse],2021-07-09T23:37:00.249Z
0,open,2021-07-09T23:32:00Z,0,200,150,350,200,24276[Turmcenter],2021-07-09T23:37:00.249Z
0.21621622,open,2021-07-09T23:32:00Z,88,319,0,407,407,18944[Alte Oper],2021-07-09T23:37:00.249Z
0.032967035,open,2021-07-09T23:32:00Z,12,352,0,364,364,24281[Hauptbahnhof Süd],2021-07-09T23:37:00.249Z
0.35970333,open,2021-07-09T23:32:00Z,291,518,0,809,809,24279[Konstabler],2021-07-09T23:37:00.249Z
0.6173709,open,2021-07-09T23:32:00Z,263,163,0,426,426,18497[Hauptwache],2021-07-09T23:37:00.249Z
0,closed,2021-07-09T23:32:00Z,,484,0,0,0,18495[Am Gericht],2021-07-09T23:37:00.249Z
0.14336075,open,2021-07-09T23:32:00Z,122,729,45,896,851,109240[MyZeil],2021-07-09T23:37:00.249Z
0.03776683,open,2021-07-09T23:32:00Z,23,586,0,609,609,18494[Konrad-Adenauer-Straße],2021-07-09T23:37:00.249Z
0.94400895,open,2021-07-09T23:47:00Z,843,50,0,893,893,24277[Börse],2021-07-09T23:52:00.782Z
0,open,2021-07-09T23:47:00Z,0,200,150,350,200,24276[Turmcenter],2021-07-09T23:52:00.782Z
0.1990172,open,2021-07-09T23:47:00Z,81,326,0,407,407,18944[Alte Oper],2021-07-09T23:52:00.782Z
0.032967035,open,2021-07-09T23:47:00Z,12,352,0,364,364,24281[Hauptbahnhof Süd],2021-07-09T23:52:00.782Z
0.3473424,open,2021-07-09T23:47:00Z,281,528,0,809,809,24279[Konstabler],2021-07-09T23:52:00.782Z
0.59624416,open,2021-07-09T23:47:00Z,254,172,0,426,426,18497[Hauptwache],2021-07-09T23:52:00.782Z
0,closed,2021-07-09T23:47:00Z,,484,0,0,0,18495[Am Gericht],2021-07-09T23:52:00.782Z
0.14336075,open,2021-07-09T23:47:00Z,122,729,45,896,851,109240[MyZeil],2021-07-09T23:52:00.782Z
0.031198686,open,2021-07-09T23:47:00Z,19,590,0,609,609,18494[Konrad-Adenauer-Straße],2021-07-09T23:52:00.782Z
0.94400895,open,2021-07-10T00:12:00Z,843,50,0,893,893,24277[Börse],2021-07-10T00:17:02.659Z
0,open,2021-07-10T00:12:00Z,0,200,150,350,200,24276[Turmcenter],2021-07-10T00:17:02.659Z
0.19164619,open,2021-07-10T00:12:00Z,78,329,0,407,407,18944[Alte Oper],2021-07-10T00:17:02.659Z
0.032967035,open,2021-07-10T00:12:00Z,12,352,0,364,364,24281[Hauptbahnhof Süd],2021-07-10T00:17:02.659Z
0.33745363,open,2021-07-10T00:12:00Z,273,536,0,809,809,24279[Konstabler],2021-07-10T00:17:02.659Z
0.57042253,open,2021-07-10T00:12:00Z,243,183,0,426,426,18497[Hauptwache],2021-07-10T00:17:02.659Z
0,closed,2021-07-10T00:12:00Z,,484,0,0,0,18495[Am Gericht],2021-07-10T00:17:02.659Z
0.13631022,open,2021-07-10T00:12:00Z,116,735,45,896,851,109240[MyZeil],2021-07-10T00:17:02.659Z
0.026272578,open,2021-07-10T00:12:00Z,16,593,0,609,609,18494[Konrad-Adenauer-Straße],2021-07-10T00:17:02.659Z
0.94400895,open,2021-07-10T02:03:00Z,843,50,0,893,893,24277[Börse],2021-07-10T02:07:00.980Z
0,open,2021-07-10T02:03:00Z,0,200,150,350,200,24276[Turmcenter],2021-07-10T02:07:00.980Z
0.16216215,open,2021-07-10T02:03:00Z,66,341,0,407,407,18944[Alte Oper],2021-07-10T02:07:00.980Z
0.032967035,open,2021-07-10T02:03:00Z,12,352,0,364,364,24281[Hauptbahnhof Süd],2021-07-10T02:07:00.980Z
0.29666254,open,2021-07-10T02:03:00Z,240,569,0,809,809,24279[Konstabler],2021-07-10T02:07:00.980Z
0.5117371,open,2021-07-10T02:03:00Z,218,208,0,426,426,18497[Hauptwache],2021-07-10T02:07:00.980Z
0,closed,2021-07-10T02:03:00Z,,,0,0,0,18495[Am Gericht],2021-07-10T02:07:00.980Z
0.13513513,open,2021-07-10T02:03:00Z,115,736,45,896,851,109240[MyZeil],2021-07-10T02:07:00.980Z
0.03284072,open,2021-07-10T02:03:00Z,20,589,0,609,609,18494[Konrad-Adenauer-Straße],2021-07-10T02:07:00.980Z
0.94400895,open,2021-07-10T02:33:00Z,843,50,0,893,893,24277[Börse],2021-07-10T02:37:02.531Z
0,open,2021-07-10T02:33:00Z,0,200,150,350,200,24276[Turmcenter],2021-07-10T02:37:02.531Z
0.16216215,open,2021-07-10T02:33:00Z,66,341,0,407,407,18944[Alte Oper],2021-07-10T02:37:02.531Z
0.032967035,open,2021-07-10T02:33:00Z,12,352,0,364,364,24281[Hauptbahnhof Süd],2021-07-10T02:37:02.531Z
0.2855377,open,2021-07-10T02:33:00Z,231,578,0,809,809,24279[Konstabler],2021-07-10T02:37:02.531Z
0.49061033,open,2021-07-10T02:33:00Z,209,217,0,426,426,18497[Hauptwache],2021-07-10T02:37:02.531Z
0,closed,2021-07-10T02:33:00Z,,,0,0,0,18495[Am Gericht],2021-07-10T02:37:02.531Z
0.13513513,open,2021-07-10T02:33:00Z,115,736,45,896,851,109240[MyZeil],2021-07-10T02:37:02.531Z
0.03448276,open,2021-07-10T02:33:00Z,21,588,0,609,609,18494[Konrad-Adenauer-Straße],2021-07-10T02:37:02.531Z
0.94400895,open,2021-07-10T02:43:00Z,843,50,0,893,893,24277[Börse],2021-07-10T02:47:01.495Z
0,open,2021-07-10T02:43:00Z,0,200,150,350,200,24276[Turmcenter],2021-07-10T02:47:01.495Z
0.16216215,open,2021-07-10T02:43:00Z,66,341,0,407,407,18944[Alte Oper],2021-07-10T02:47:01.495Z
0.032967035,open,2021-07-10T02:43:00Z,12,352,0,364,364,24281[Hauptbahnhof Süd],2021-07-10T02:47:01.495Z
0.2867738,open,2021-07-10T02:43:00Z,232,577,0,809,809,24279[Konstabler],2021-07-10T02:47:01.495Z
0.48591548,open,2021-07-10T02:43:00Z,207,219,0,426,426,18497[Hauptwache],2021-07-10T02:47:01.495Z
0,closed,2021-07-10T02:43:00Z,,,0,0,0,18495[Am Gericht],2021-07-10T02:47:01.495Z
0.13513513,open,2021-07-10T02:43:00Z,115,736,45,896,851,109240[MyZeil],2021-07-10T02:47:01.495Z
0.03448276,open,2021-07-10T02:43:00Z,21,588,0,609,609,18494[Konrad-Adenauer-Straße],2021-07-10T02:47:01.495Z
0.94400895,open,2021-07-10T03:03:00Z,843,50,0,893,893,24277[Börse],2021-07-10T03:07:00.165Z
0,open,2021-07-10T03:03:00Z,0,200,150,350,200,24276[Turmcenter],2021-07-10T03:07:00.165Z
0.15970516,open,2021-07-10T03:03:00Z,65,342,0,407,407,18944[Alte Oper],2021-07-10T03:07:00.165Z
0.032967035,open,2021-07-10T03:03:00Z,12,352,0,364,364,24281[Hauptbahnhof Süd],2021-07-10T03:07:00.165Z
0.2843016,open,2021-07-10T03:03:00Z,230,579,0,809,809,24279[Konstabler],2021-07-10T03:07:00.165Z
0.48356807,open,2021-07-10T03:03:00Z,206,220,0,426,426,18497[Hauptwache],2021-07-10T03:07:00.165Z
0,closed,2021-07-10T03:03:00Z,,,0,0,0,18495[Am Gericht],2021-07-10T03:07:00.165Z
0.13513513,open,2021-07-10T03:03:00Z,115,736,45,896,851,109240[MyZeil],2021-07-10T03:07:00.165Z
0.03448276,open,2021-07-10T03:03:00Z,21,588,0,609,609,18494[Konrad-Adenauer-Straße],2021-07-10T03:07:00.165Z
0.94400895,open,2021-07-10T03:23:00Z,843,50,0,893,893,24277[Börse],2021-07-10T03:27:01.968Z
0,open,2021-07-10T03:23:00Z,0,200,150,350,200,24276[Turmcenter],2021-07-10T03:27:01.968Z
0.15970516,open,2021-07-10T03:23:00Z,65,342,0,407,407,18944[Alte Oper],2021-07-10T03:27:01.968Z
0.032967035,open,2021-07-10T03:23:00Z,12,352,0,364,364,24281[Hauptbahnhof Süd],2021-07-10T03:27:01.968Z
0.28182942,open,2021-07-10T03:23:00Z,228,581,0,809,809,24279[Konstabler],2021-07-10T03:27:01.968Z
0.48356807,open,2021-07-10T03:23:00Z,206,220,0,426,426,18497[Hauptwache],2021-07-10T03:27:01.968Z
0,closed,2021-07-10T03:23:00Z,,,0,0,0,18495[Am Gericht],2021-07-10T03:27:01.968Z
0.13631022,open,2021-07-10T03:23:00Z,116,735,45,896,851,109240[MyZeil],2021-07-10T03:27:01.968Z
0.03448276,open,2021-07-10T03:23:00Z,21,588,0,609,609,18494[Konrad-Adenauer-Straße],2021-07-10T03:27:01.968Z
0.94400895,open,2021-07-10T03:43:00Z,843,50,0,893,893,24277[Börse],2021-07-10T03:47:00.933Z
0,open,2021-07-10T03:43:00Z,0,200,150,350,200,24276[Turmcenter],2021-07-10T03:47:00.933Z
0.15970516,open,2021-07-10T03:43:00Z,65,342,0,407,407,18944[Alte Oper],2021-07-10T03:47:00.933Z
0.032967035,open,2021-07-10T03:43:00Z,12,352,0,364,364,24281[Hauptbahnhof Süd],2021-07-10T03:47:00.933Z
0.27812114,open,2021-07-10T03:43:00Z,225,584,0,809,809,24279[Konstabler],2021-07-10T03:47:00.933Z
0.48356807,open,2021-07-10T03:43:00Z,206,220,0,426,426,18497[Hauptwache],2021-07-10T03:47:00.933Z
0,closed,2021-07-10T03:43:00Z,,,0,0,0,18495[Am Gericht],2021-07-10T03:47:00.933Z
0.13513513,open,2021-07-10T03:43:00Z,115,736,45,896,851,109240[MyZeil],2021-07-10T03:47:00.933Z
0.03448276,open,2021-07-10T03:43:00Z,21,588,0,609,609,18494[Konrad-Adenauer-Straße],2021-07-10T03:47:00.933Z
0.94400895,open,2021-07-10T03:53:00Z,843,50,0,893,893,24277[Börse],2021-07-10T03:57:02.138Z
0,open,2021-07-10T03:53:00Z,0,200,150,350,200,24276[Turmcenter],2021-07-10T03:57:02.138Z
0.15970516,open,2021-07-10T03:53:00Z,65,342,0,407,407,18944[Alte Oper],2021-07-10T03:57:02.138Z
0.032967035,open,2021-07-10T03:53:00Z,12,352,0,364,364,24281[Hauptbahnhof Süd],2021-07-10T03:57:02.138Z
0.27564895,open,2021-07-10T03:53:00Z,223,586,0,809,809,24279[Konstabler],2021-07-10T03:57:02.138Z
0.48356807,open,2021-07-10T03:53:00Z,206,220,0,426,426,18497[Hauptwache],2021-07-10T03:57:02.138Z
0,closed,2021-07-10T03:53:00Z,,,0,0,0,18495[Am Gericht],2021-07-10T03:57:02.138Z
0.13513513,open,2021-07-10T03:53:00Z,115,736,45,896,851,109240[MyZeil],2021-07-10T03:57:02.138Z
0.03448276,open,2021-07-10T03:53:00Z,21,588,0,609,609,18494[Konrad-Adenauer-Straße],2021-07-10T03:57:02.138Z
0.94400895,open,2021-07-10T04:18:00Z,843,50,0,893,893,24277[Börse],2021-07-10T04:22:02.343Z
0,open,2021-07-10T04:18:00Z,0,200,150,350,200,24276[Turmcenter],2021-07-10T04:22:02.343Z
0.15970516,open,2021-07-10T04:18:00Z,65,342,0,407,407,18944[Alte Oper],2021-07-10T04:22:02.343Z
0.041208792,open,2021-07-10T04:18:00Z,15,349,0,364,364,24281[Hauptbahnhof Süd],2021-07-10T04:22:02.343Z
0.27564895,open,2021-07-10T04:18:00Z,223,586,0,809,809,24279[Konstabler],2021-07-10T04:22:02.343Z
0.48122066,open,2021-07-10T04:18:00Z,205,221,0,426,426,18497[Hauptwache],2021-07-10T04:22:02.343Z
0.24558823,open,2021-07-10T04:18:00Z,167,513,0,680,680,18495[Am Gericht],2021-07-10T04:22:02.343Z
0.13513513,open,2021-07-10T04:18:00Z,115,736,45,896,851,109240[MyZeil],2021-07-10T04:22:02.343Z
0.03284072,open,2021-07-10T04:18:00Z,20,589,0,609,609,18494[Konrad-Adenauer-Straße],2021-07-10T04:22:02.343Z
0.94400895,open,2021-07-10T04:43:00Z,843,50,0,893,893,24277[Börse],2021-07-10T04:47:01.617Z
0,open,2021-07-10T04:43:00Z,0,200,150,350,200,24276[Turmcenter],2021-07-10T04:47:01.617Z
0.15724815,open,2021-07-10T04:43:00Z,64,343,0,407,407,18944[Alte Oper],2021-07-10T04:47:01.617Z
0.043956045,open,2021-07-10T04:43:00Z,16,348,0,364,364,24281[Hauptbahnhof Süd],2021-07-10T04:47:01.617Z
0.27317676,open,2021-07-10T04:43:00Z,221,588,0,809,809,24279[Konstabler],2021-07-10T04:47:01.617Z
0.47887325,open,2021-07-10T04:43:00Z,204,222,0,426,426,18497[Hauptwache],2021-07-10T04:47:01.617Z
0.24705882,open,2021-07-10T04:43:00Z,168,512,0,680,680,18495[Am Gericht],2021-07-10T04:47:01.617Z
0.13513513,open,2021-07-10T04:43:00Z,115,736,45,896,851,109240[MyZeil],2021-07-10T04:47:01.617Z
0.027914613,open,2021-07-10T04:43:00Z,17,592,0,609,609,18494[Konrad-Adenauer-Straße],2021-07-10T04:47:01.617Z
0.94400895,open,2021-07-10T04:54:00Z,843,50,0,893,893,24277[Börse],2021-07-10T04:57:02.023Z
0,open,2021-07-10T04:54:00Z,0,200,150,350,200,24276[Turmcenter],2021-07-10T04:57:02.023Z
0.15724815,open,2021-07-10T04:54:00Z,64,343,0,407,407,18944[Alte Oper],2021-07-10T04:57:02.023Z
0.046703298,open,2021-07-10T04:54:00Z,17,347,0,364,364,24281[Hauptbahnhof Süd],2021-07-10T04:57:02.023Z
0.27441284,open,2021-07-10T04:54:00Z,222,587,0,809,809,24279[Konstabler],2021-07-10T04:57:02.023Z
0.47887325,open,2021-07-10T04:54:00Z,204,222,0,426,426,18497[Hauptwache],2021-07-10T04:57:02.023Z
0.24705882,open,2021-07-10T04:54:00Z,168,512,0,680,680,18495[Am Gericht],2021-07-10T04:57:02.023Z
0.13631022,open,2021-07-10T04:54:00Z,116,735,45,896,851,109240[MyZeil],2021-07-10T04:57:02.023Z
0.027914613,open,2021-07-10T04:54:00Z,17,592,0,609,609,18494[Konrad-Adenauer-Straße],2021-07-10T04:57:02.023Z
0.94400895,open,2021-07-10T05:14:00Z,843,50,0,893,893,24277[Börse],2021-07-10T05:17:02.740Z
0,open,2021-07-10T05:14:00Z,0,200,150,350,200,24276[Turmcenter],2021-07-10T05:17:02.740Z
0.15479116,open,2021-07-10T05:14:00Z,63,344,0,407,407,18944[Alte Oper],2021-07-10T05:17:02.740Z
0.043956045,open,2021-07-10T05:14:00Z,16,348,0,364,364,24281[Hauptbahnhof Süd],2021-07-10T05:17:02.740Z
0.27688503,open,2021-07-10T05:14:00Z,224,585,0,809,809,24279[Konstabler],2021-07-10T05:17:02.740Z
0.48356807,open,2021-07-10T05:14:00Z,206,220,0,426,426,18497[Hauptwache],2021-07-10T05:17:02.740Z
0.25,open,2021-07-10T05:14:00Z,170,510,0,680,680,18495[Am Gericht],2021-07-10T05:17:02.740Z
0.13631022,open,2021-07-10T05:14:00Z,116,735,45,896,851,109240[MyZeil],2021-07-10T05:17:02.740Z
0.027914613,open,2021-07-10T05:14:00Z,17,592,0,609,609,18494[Konrad-Adenauer-Straße],2021-07-10T05:17:02.740Z
0.94400895,open,2021-07-10T05:24:00Z,843,50,0,893,893,24277[Börse],2021-07-10T05:27:02.761Z
0,open,2021-07-10T05:24:00Z,0,200,150,350,200,24276[Turmcenter],2021-07-10T05:27:02.761Z
0.15479116,open,2021-07-10T05:24:00Z,63,344,0,407,407,18944[Alte Oper],2021-07-10T05:27:02.761Z
0.043956045,open,2021-07-10T05:24:00Z,16,348,0,364,364,24281[Hauptbahnhof Süd],2021-07-10T05:27:02.761Z
0.27564895,open,2021-07-10T05:24:00Z,223,586,0,809,809,24279[Konstabler],2021-07-10T05:27:02.761Z
0.48356807,open,2021-07-10T05:24:00Z,206,220,0,426,426,18497[Hauptwache],2021-07-10T05:27:02.761Z
0.2514706,open,2021-07-10T05:24:00Z,171,509,0,680,680,18495[Am Gericht],2021-07-10T05:27:02.761Z
0.13748531,open,2021-07-10T05:24:00Z,117,734,45,896,851,109240[MyZeil],2021-07-10T05:27:02.761Z
0.027914613,open,2021-07-10T05:24:00Z,17,592,0,609,609,18494[Konrad-Adenauer-Straße],2021-07-10T05:27:02.761Z
0.94400895,open,2021-07-10T05:34:00Z,843,50,0,893,893,24277[Börse],2021-07-10T05:37:00.842Z
0,open,2021-07-10T05:34:00Z,0,200,150,350,200,24276[Turmcenter],2021-07-10T05:37:00.842Z
0.15479116,open,2021-07-10T05:34:00Z,63,344,0,407,407,18944[Alte Oper],2021-07-10T05:37:00.842Z
0.043956045,open,2021-07-10T05:34:00Z,16,348,0,364,364,24281[Hauptbahnhof Süd],2021-07-10T05:37:00.842Z
0.27317676,open,2021-07-10T05:34:00Z,221,588,0,809,809,24279[Konstabler],2021-07-10T05:37:00.842Z
0.48591548,open,2021-07-10T05:34:00Z,207,219,0,426,426,18497[Hauptwache],2021-07-10T05:37:00.842Z
0.24705882,open,2021-07-10T05:34:00Z,168,512,0,680,680,18495[Am Gericht],2021-07-10T05:37:00.842Z
0.13748531,open,2021-07-10T05:34:00Z,117,734,45,896,851,109240[MyZeil],2021-07-10T05:37:00.842Z
0.02955665,open,2021-07-10T05:34:00Z,18,591,0,609,609,18494[Konrad-Adenauer-Straße],2021-07-10T05:37:00.842Z
0.94400895,open,2021-07-10T05:44:00Z,843,50,0,893,893,24277[Börse],2021-07-10T05:47:02.206Z
0,open,2021-07-10T05:44:00Z,0,200,150,350,200,24276[Turmcenter],2021-07-10T05:47:02.206Z
0.15479116,open,2021-07-10T05:44:00Z,63,344,0,407,407,18944[Alte Oper],2021-07-10T05:47:02.206Z
0.043956045,open,2021-07-10T05:44:00Z,16,348,0,364,364,24281[Hauptbahnhof Süd],2021-07-10T05:47:02.206Z
0.27194068,open,2021-07-10T05:44:00Z,220,589,0,809,809,24279[Konstabler],2021-07-10T05:47:02.206Z
0.49061033,open,2021-07-10T05:44:00Z,209,217,0,426,426,18497[Hauptwache],2021-07-10T05:47:02.206Z
0.2485294,open,2021-07-10T05:44:00Z,169,511,0,680,680,18495[Am Gericht],2021-07-10T05:47:02.206Z
0.13748531,open,2021-07-10T05:44:00Z,117,734,45,896,851,109240[MyZeil],2021-07-10T05:47:02.206Z
0.03284072,open,2021-07-10T05:44:00Z,20,589,0,609,609,18494[Konrad-Adenauer-Straße],2021-07-10T05:47:02.206Z
0.94400895,open,2021-07-10T05:59:00Z,843,50,0,893,893,24277[Börse],2021-07-10T06:02:00.116Z
0,open,2021-07-10T05:59:00Z,0,200,150,350,200,24276[Turmcenter],2021-07-10T06:02:00.116Z
0.16216215,open,2021-07-10T05:59:00Z,66,341,0,407,407,18944[Alte Oper],2021-07-10T06:02:00.116Z
0.043956045,open,2021-07-10T05:59:00Z,16,348,0,364,364,24281[Hauptbahnhof Süd],2021-07-10T06:02:00.116Z
0.2694685,open,2021-07-10T05:59:00Z,218,591,0,809,809,24279[Konstabler],2021-07-10T06:02:00.116Z
0.49061033,open,2021-07-10T05:59:00Z,209,217,0,426,426,18497[Hauptwache],2021-07-10T06:02:00.116Z
0.2485294,open,2021-07-10T05:59:00Z,169,511,0,680,680,18495[Am Gericht],2021-07-10T06:02:00.116Z
0.13748531,open,2021-07-10T05:59:00Z,117,734,45,896,851,109240[MyZeil],2021-07-10T06:02:00.116Z
0.03284072,open,2021-07-10T05:59:00Z,20,589,0,609,609,18494[Konrad-Adenauer-Straße],2021-07-10T06:02:00.116Z
0.94400895,open,2021-07-10T06:29:00Z,843,50,0,893,893,24277[Börse],2021-07-10T06:32:01.949Z
0.01,open,2021-07-10T06:29:00Z,2,198,150,350,200,24276[Turmcenter],2021-07-10T06:32:01.949Z
0.16707617,open,2021-07-10T06:29:00Z,68,339,0,407,407,18944[Alte Oper],2021-07-10T06:32:01.949Z
0.046703298,open,2021-07-10T06:29:00Z,17,347,0,364,364,24281[Hauptbahnhof Süd],2021-07-10T06:32:01.949Z
0.2867738,open,2021-07-10T06:29:00Z,232,577,0,809,809,24279[Konstabler],2021-07-10T06:32:01.949Z
0.5046948,open,2021-07-10T06:29:00Z,215,211,0,426,426,18497[Hauptwache],2021-07-10T06:32:01.949Z
0.21470588,open,2021-07-10T06:29:00Z,146,534,0,680,680,18495[Am Gericht],2021-07-10T06:32:01.949Z
0.1386604,open,2021-07-10T06:29:00Z,118,733,45,896,851,109240[MyZeil],2021-07-10T06:32:01.949Z
0.039408866,open,2021-07-10T06:29:00Z,24,585,0,609,609,18494[Konrad-Adenauer-Straße],2021-07-10T06:32:01.949Z
0.94400895,open,2021-07-10T06:49:00Z,843,50,0,893,893,24277[Börse],2021-07-10T06:52:01.827Z
0.01,open,2021-07-10T06:49:00Z,2,198,150,350,200,24276[Turmcenter],2021-07-10T06:52:01.827Z
0.17936118,open,2021-07-10T06:49:00Z,73,334,0,407,407,18944[Alte Oper],2021-07-10T06:52:01.827Z
0.043956045,open,2021-07-10T06:49:00Z,16,348,0,364,364,24281[Hauptbahnhof Süd],2021-07-10T06:52:01.827Z
0.29542646,open,2021-07-10T06:49:00Z,239,570,0,809,809,24279[Konstabler],2021-07-10T06:52:01.827Z
0.52347416,open,2021-07-10T06:49:00Z,223,203,0,426,426,18497[Hauptwache],2021-07-10T06:52:01.827Z
0.21323529,open,2021-07-10T06:49:00Z,145,535,0,680,680,18495[Am Gericht],2021-07-10T06:52:01.827Z
0.14101058,open,2021-07-10T06:49:00Z,120,731,45,896,851,109240[MyZeil],2021-07-10T06:52:01.827Z
0.036124796,open,2021-07-10T06:49:00Z,22,587,0,609,609,18494[Konrad-Adenauer-Straße],2021-07-10T06:52:01.827Z
0.94400895,open,2021-07-10T07:04:00Z,843,50,0,893,893,24277[Börse],2021-07-10T07:07:01.272Z
0.025,open,2021-07-10T07:04:00Z,5,195,150,350,200,24276[Turmcenter],2021-07-10T07:07:01.272Z
0.18181819,open,2021-07-10T07:04:00Z,74,333,0,407,407,18944[Alte Oper],2021-07-10T07:07:01.272Z
0.041208792,open,2021-07-10T07:04:00Z,15,349,0,364,364,24281[Hauptbahnhof Süd],2021-07-10T07:07:01.272Z
0.31396785,open,2021-07-10T07:04:00Z,254,555,0,809,809,24279[Konstabler],2021-07-10T07:07:01.272Z
0.5375587,open,2021-07-10T07:04:00Z,229,197,0,426,426,18497[Hauptwache],2021-07-10T07:07:01.272Z
0.21617647,open,2021-07-10T07:04:00Z,147,533,0,680,680,18495[Am Gericht],2021-07-10T07:07:01.272Z
0.13983549,open,2021-07-10T07:04:00Z,119,732,45,896,851,109240[MyZeil],2021-07-10T07:07:01.272Z
0.03284072,open,2021-07-10T07:04:00Z,20,589,0,609,609,18494[Konrad-Adenauer-Straße],2021-07-10T07:07:01.272Z
0.94400895,open,2021-07-10T07:19:00Z,843,50,0,893,893,24277[Börse],2021-07-10T07:22:02.006Z
0.03,open,2021-07-10T07:19:00Z,6,194,150,350,200,24276[Turmcenter],2021-07-10T07:22:02.006Z
0.19164619,open,2021-07-10T07:19:00Z,78,329,0,407,407,18944[Alte Oper],2021-07-10T07:22:02.006Z
0.041208792,open,2021-07-10T07:19:00Z,15,349,0,364,364,24281[Hauptbahnhof Süd],2021-07-10T07:22:02.006Z
0.33621755,open,2021-07-10T07:19:00Z,272,537,0,809,809,24279[Konstabler],2021-07-10T07:22:02.006Z
0.5492958,open,2021-07-10T07:19:00Z,234,192,0,426,426,18497[Hauptwache],2021-07-10T07:22:02.006Z
0.21911764,open,2021-07-10T07:19:00Z,149,531,0,680,680,18495[Am Gericht],2021-07-10T07:22:02.006Z
0.14101058,open,2021-07-10T07:19:00Z,120,731,45,896,851,109240[MyZeil],2021-07-10T07:22:02.006Z
0.049261082,open,2021-07-10T07:19:00Z,30,579,0,609,609,18494[Konrad-Adenauer-Straße],2021-07-10T07:22:02.006Z
0.94400895,open,2021-07-10T07:34:00Z,843,50,0,893,893,24277[Börse],2021-07-10T07:37:00.606Z
0.035,open,2021-07-10T07:34:00Z,7,193,150,350,200,24276[Turmcenter],2021-07-10T07:37:00.606Z
0.2039312,open,2021-07-10T07:34:00Z,83,324,0,407,407,18944[Alte Oper],2021-07-10T07:37:00.606Z
0.041208792,open,2021-07-10T07:34:00Z,15,349,0,364,364,24281[Hauptbahnhof Süd],2021-07-10T07:37:00.606Z
0.3634116,open,2021-07-10T07:34:00Z,294,515,0,809,809,24279[Konstabler],2021-07-10T07:37:00.606Z
0.5586854,open,2021-07-10T07:34:00Z,238,188,0,426,426,18497[Hauptwache],2021-07-10T07:37:00.606Z
0.22794117,open,2021-07-10T07:34:00Z,155,525,0,680,680,18495[Am Gericht],2021-07-10T07:37:00.606Z
0.14806111,open,2021-07-10T07:34:00Z,126,725,45,896,851,109240[MyZeil],2021-07-10T07:37:00.606Z
0.0591133,open,2021-07-10T07:34:00Z,36,573,0,609,609,18494[Konrad-Adenauer-Straße],2021-07-10T07:37:00.606Z
0.94400895,open,2021-07-10T07:39:00Z,843,50,0,893,893,24277[Börse],2021-07-10T07:42:02.294Z
0.035,open,2021-07-10T07:39:00Z,7,193,150,350,200,24276[Turmcenter],2021-07-10T07:42:02.294Z
0.20884521,open,2021-07-10T07:39:00Z,85,322,0,407,407,18944[Alte Oper],2021-07-10T07:42:02.294Z
0.041208792,open,2021-07-10T07:39:00Z,15,349,0,364,364,24281[Hauptbahnhof Süd],2021-07-10T07:42:02.294Z
0.37824476,open,2021-07-10T07:39:00Z,306,503,0,809,809,24279[Konstabler],2021-07-10T07:42:02.294Z
0.57042253,open,2021-07-10T07:39:00Z,243,183,0,426,426,18497[Hauptwache],2021-07-10T07:42:02.294Z
0.23235294,open,2021-07-10T07:39:00Z,158,522,0,680,680,18495[Am Gericht],2021-07-10T07:42:02.294Z
0.14923619,open,2021-07-10T07:39:00Z,127,724,45,896,851,109240[MyZeil],2021-07-10T07:42:02.294Z
0.06403941,open,2021-07-10T07:39:00Z,39,570,0,609,609,18494[Konrad-Adenauer-Straße],2021-07-10T07:42:02.294Z
0.94400895,open,2021-07-10T08:00:00Z,843,50,0,893,893,24277[Börse],2021-07-10T08:02:00.379Z
0.085,open,2021-07-10T08:00:00Z,17,183,150,350,200,24276[Turmcenter],2021-07-10T08:02:00.379Z
0.25061426,open,2021-07-10T08:00:00Z,102,305,0,407,407,18944[Alte Oper],2021-07-10T08:02:00.379Z
0.043956045,open,2021-07-10T08:00:00Z,16,348,0,364,364,24281[Hauptbahnhof Süd],2021-07-10T08:02:00.379Z
0.44252163,open,2021-07-10T08:00:00Z,358,451,0,809,809,24279[Konstabler],2021-07-10T08:02:00.379Z
0.64319247,open,2021-07-10T08:00:00Z,274,152,0,426,426,18497[Hauptwache],2021-07-10T08:02:00.379Z
0.24117647,open,2021-07-10T08:00:00Z,164,516,0,680,680,18495[Am Gericht],2021-07-10T08:02:00.379Z
0.16921268,open,2021-07-10T08:00:00Z,144,707,45,896,851,109240[MyZeil],2021-07-10T08:02:00.379Z
0.08866995,open,2021-07-10T08:00:00Z,54,555,0,609,609,18494[Konrad-Adenauer-Straße],2021-07-10T08:02:00.379Z
0.94400895,open,2021-07-10T08:20:00Z,843,50,0,893,893,24277[Börse],2021-07-10T08:22:01.723Z
0.1,open,2021-07-10T08:20:00Z,20,180,150,350,200,24276[Turmcenter],2021-07-10T08:22:01.723Z
0.2899263,open,2021-07-10T08:20:00Z,118,289,0,407,407,18944[Alte Oper],2021-07-10T08:22:01.723Z
0.043956045,open,2021-07-10T08:20:00Z,16,348,0,364,364,24281[Hauptbahnhof Süd],2021-07-10T08:22:01.723Z
0.5253399,open,2021-07-10T08:20:00Z,425,384,0,809,809,24279[Konstabler],2021-07-10T08:22:01.723Z
0.7276995,open,2021-07-10T08:20:00Z,310,116,0,426,426,18497[Hauptwache],2021-07-10T08:22:01.723Z
0.25882354,open,2021-07-10T08:20:00Z,176,504,0,680,680,18495[Am Gericht],2021-07-10T08:22:01.723Z
0.20094007,open,2021-07-10T08:20:00Z,171,680,45,896,851,109240[MyZeil],2021-07-10T08:22:01.723Z
0.1182266,open,2021-07-10T08:20:00Z,72,537,0,609,609,18494[Konrad-Adenauer-Straße],2021-07-10T08:22:01.723Z
0.94400895,open,2021-07-10T08:45:00Z,843,50,0,893,893,24277[Börse],2021-07-10T08:47:02.139Z
0.135,open,2021-07-10T08:45:00Z,27,173,150,350,200,24276[Turmcenter],2021-07-10T08:47:02.139Z
0.35380834,open,2021-07-10T08:45:00Z,144,263,0,407,407,18944[Alte Oper],2021-07-10T08:47:02.139Z
0.041208792,open,2021-07-10T08:45:00Z,15,349,0,364,364,24281[Hauptbahnhof Süd],2021-07-10T08:47:02.139Z
0.6304079,open,2021-07-10T08:45:00Z,510,299,0,809,809,24279[Konstabler],2021-07-10T08:47:02.139Z
0.814554,open,2021-07-10T08:45:00Z,347,79,0,426,426,18497[Hauptwache],2021-07-10T08:47:02.139Z
0.29117647,open,2021-07-10T08:45:00Z,198,482,0,680,680,18495[Am Gericht],2021-07-10T08:47:02.139Z
0.23384254,open,2021-07-10T08:45:00Z,199,652,45,896,851,109240[MyZeil],2021-07-10T08:47:02.139Z
0.17405583,open,2021-07-10T08:45:00Z,106,503,0,609,609,18494[Konrad-Adenauer-Straße],2021-07-10T08:47:02.139Z
0.94400895,open,2021-07-10T08:55:00Z,843,50,0,893,893,24277[Börse],2021-07-10T08:57:00.385Z
0.15,open,2021-07-10T08:55:00Z,30,170,150,350,200,24276[Turmcenter],2021-07-10T08:57:00.385Z
0.3882064,open,2021-07-10T08:55:00Z,158,249,0,407,407,18944[Alte Oper],2021-07-10T08:57:00.385Z
0.043956045,open,2021-07-10T08:55:00Z,16,348,0,364,364,24281[Hauptbahnhof Süd],2021-07-10T08:57:00.385Z
0.6551298,open,2021-07-10T08:55:00Z,530,279,0,809,809,24279[Konstabler],2021-07-10T08:57:00.385Z
0.85211265,open,2021-07-10T08:55:00Z,363,63,0,426,426,18497[Hauptwache],2021-07-10T08:57:00.385Z
0.3,open,2021-07-10T08:55:00Z,204,476,0,680,680,18495[Am Gericht],2021-07-10T08:57:00.385Z
0.25264394,open,2021-07-10T08:55:00Z,215,636,45,896,851,109240[MyZeil],2021-07-10T08:57:00.385Z
0.20525451,open,2021-07-10T08:55:00Z,125,484,0,609,609,18494[Konrad-Adenauer-Straße],2021-07-10T08:57:00.385Z
0.94400895,open,2021-07-10T09:15:00Z,843,50,0,893,893,24277[Börse],2021-07-10T09:17:01.749Z
0.175,open,2021-07-10T09:15:00Z,35,165,150,350,200,24276[Turmcenter],2021-07-10T09:17:01.749Z
0.4127764,open,2021-07-10T09:15:00Z,168,239,0,407,407,18944[Alte Oper],2021-07-10T09:17:01.749Z
0.046703298,open,2021-07-10T09:15:00Z,17,347,0,364,364,24281[Hauptbahnhof Süd],2021-07-10T09:17:01.749Z
0.7156984,open,2021-07-10T09:15:00Z,579,230,0,809,809,24279[Konstabler],2021-07-10T09:17:01.749Z
0.92488265,open,2021-07-10T09:15:00Z,394,32,0,426,426,18497[Hauptwache],2021-07-10T09:17:01.749Z
0.32647058,open,2021-07-10T09:15:00Z,222,458,0,680,680,18495[Am Gericht],2021-07-10T09:17:01.749Z
0.28554642,open,2021-07-10T09:15:00Z,243,608,45,896,851,109240[MyZeil],2021-07-10T09:17:01.749Z
0.2545156,open,2021-07-10T09:15:00Z,155,454,0,609,609,18494[Konrad-Adenauer-Straße],2021-07-10T09:17:01.749Z
0.94400895,open,2021-07-10T09:30:00Z,843,50,0,893,893,24277[Börse],2021-07-10T09:32:00.070Z
0.185,open,2021-07-10T09:30:00Z,37,163,150,350,200,24276[Turmcenter],2021-07-10T09:32:00.070Z
0.43243244,open,2021-07-10T09:30:00Z,176,231,0,407,407,18944[Alte Oper],2021-07-10T09:32:00.070Z
0.04945055,open,2021-07-10T09:30:00Z,18,346,0,364,364,24281[Hauptbahnhof Süd],2021-07-10T09:32:00.070Z
0.7787392,open,2021-07-10T09:30:00Z,630,179,0,809,809,24279[Konstabler],2021-07-10T09:32:00.070Z
0.9624413,open,2021-07-10T09:30:00Z,410,16,0,426,426,18497[Hauptwache],2021-07-10T09:32:00.070Z
0.34117648,open,2021-07-10T09:30:00Z,232,448,0,680,680,18495[Am Gericht],2021-07-10T09:32:00.070Z
0.30552292,open,2021-07-10T09:30:00Z,260,591,45,896,851,109240[MyZeil],2021-07-10T09:32:00.070Z
0.26436782,open,2021-07-10T09:30:00Z,161,448,0,609,609,18494[Konrad-Adenauer-Straße],2021-07-10T09:32:00.070Z
0.94400895,open,2021-07-10T09:45:00Z,843,50,0,893,893,24277[Börse],2021-07-10T09:47:01.427Z
0.195,open,2021-07-10T09:45:00Z,39,161,150,350,200,24276[Turmcenter],2021-07-10T09:47:01.427Z
0.4791155,open,2021-07-10T09:45:00Z,195,212,0,407,407,18944[Alte Oper],2021-07-10T09:47:01.427Z
0.052197803,open,2021-07-10T09:45:00Z,19,345,0,364,364,24281[Hauptbahnhof Süd],2021-07-10T09:47:01.427Z
0.8343634,open,2021-07-10T09:45:00Z,675,134,0,809,809,24279[Konstabler],2021-07-10T09:47:01.427Z
1,open,2021-07-10T09:45:00Z,426,0,0,426,426,18497[Hauptwache],2021-07-10T09:47:01.427Z
0.3632353,open,2021-07-10T09:45:00Z,247,433,0,680,680,18495[Am Gericht],2021-07-10T09:47:01.427Z
0.306698,open,2021-07-10T09:45:00Z,261,590,45,896,851,109240[MyZeil],2021-07-10T09:47:01.427Z
0.29228243,open,2021-07-10T09:45:00Z,178,431,0,609,609,18494[Konrad-Adenauer-Straße],2021-07-10T09:47:01.427Z
0.94400895,open,2021-07-10T09:55:00Z,843,50,0,893,893,24277[Börse],2021-07-10T09:57:00.446Z
0.21,open,2021-07-10T09:55:00Z,42,158,150,350,200,24276[Turmcenter],2021-07-10T09:57:00.446Z
0.4963145,open,2021-07-10T09:55:00Z,202,205,0,407,407,18944[Alte Oper],2021-07-10T09:57:00.446Z
0.057692308,open,2021-07-10T09:55:00Z,21,343,0,364,364,24281[Hauptbahnhof Süd],2021-07-10T09:57:00.446Z
0.8739184,open,2021-07-10T09:55:00Z,707,102,0,809,809,24279[Konstabler],2021-07-10T09:57:00.446Z
1,open,2021-07-10T09:55:00Z,426,0,0,426,426,18497[Hauptwache],2021-07-10T09:57:00.446Z
0.3735294,open,2021-07-10T09:55:00Z,254,426,0,680,680,18495[Am Gericht],2021-07-10T09:57:00.446Z
0.31844887,open,2021-07-10T09:55:00Z,271,580,45,896,851,109240[MyZeil],2021-07-10T09:57:00.446Z
0.28899837,open,2021-07-10T09:55:00Z,176,433,0,609,609,18494[Konrad-Adenauer-Straße],2021-07-10T09:57:00.446Z
0.94400895,open,2021-07-10T10:21:00Z,843,50,0,893,893,24277[Börse],2021-07-10T10:22:01.437Z
0.235,open,2021-07-10T10:21:00Z,47,153,150,350,200,24276[Turmcenter],2021-07-10T10:22:01.437Z
0.56265354,open,2021-07-10T10:21:00Z,229,178,0,407,407,18944[Alte Oper],2021-07-10T10:22:01.437Z
0.057692308,open,2021-07-10T10:21:00Z,21,343,0,364,364,24281[Hauptbahnhof Süd],2021-07-10T10:22:01.437Z
0.946848,open,2021-07-10T10:21:00Z,766,43,0,809,809,24279[Konstabler],2021-07-10T10:22:01.437Z
0.9929578,open,2021-07-10T10:21:00Z,423,3,0,426,426,18497[Hauptwache],2021-07-10T10:22:01.437Z
0.42058823,open,2021-07-10T10:21:00Z,286,394,0,680,680,18495[Am Gericht],2021-07-10T10:22:01.437Z
0.35370153,open,2021-07-10T10:21:00Z,301,550,45,896,851,109240[MyZeil],2021-07-10T10:22:01.437Z
0.3366174,open,2021-07-10T10:21:00Z,205,404,0,609,609,18494[Konrad-Adenauer-Straße],2021-07-10T10:22:01.437Z
0.94400895,open,2021-07-10T10:36:00Z,843,50,0,893,893,24277[Börse],2021-07-10T10:37:02.171Z
0.24,open,2021-07-10T10:36:00Z,48,152,150,350,200,24276[Turmcenter],2021-07-10T10:37:02.171Z
0.5749386,open,2021-07-10T10:36:00Z,234,173,0,407,407,18944[Alte Oper],2021-07-10T10:37:02.171Z
0.06318682,open,2021-07-10T10:36:00Z,23,341,0,364,364,24281[Hauptbahnhof Süd],2021-07-10T10:37:02.171Z
0.9728059,open,2021-07-10T10:36:00Z,787,22,0,809,809,24279[Konstabler],2021-07-10T10:37:02.171Z
1,open,2021-07-10T10:36:00Z,426,0,0,426,426,18497[Hauptwache],2021-07-10T10:37:02.171Z
0.44852942,open,2021-07-10T10:36:00Z,305,375,0,680,680,18495[Am Gericht],2021-07-10T10:37:02.171Z
0.3760282,open,2021-07-10T10:36:00Z,320,531,45,896,851,109240[MyZeil],2021-07-10T10:37:02.171Z
0.3546798,open,2021-07-10T10:36:00Z,216,393,0,609,609,18494[Konrad-Adenauer-Straße],2021-07-10T10:37:02.171Z
0.94400895,open,2021-07-10T10:51:00Z,843,50,0,893,893,24277[Börse],2021-07-10T10:52:00.295Z
0.245,open,2021-07-10T10:51:00Z,49,151,150,350,200,24276[Turmcenter],2021-07-10T10:52:00.295Z
0.6412777,open,2021-07-10T10:51:00Z,261,146,0,407,407,18944[Alte Oper],2021-07-10T10:52:00.295Z
0.06318682,open,2021-07-10T10:51:00Z,23,341,0,364,364,24281[Hauptbahnhof Süd],2021-07-10T10:52:00.295Z
0.99011123,open,2021-07-10T10:51:00Z,801,8,0,809,809,24279[Konstabler],2021-07-10T10:52:00.295Z
1,open,2021-07-10T10:51:00Z,426,0,0,426,426,18497[Hauptwache],2021-07-10T10:52:00.295Z
0.45588234,open,2021-07-10T10:51:00Z,310,370,0,680,680,18495[Am Gericht],2021-07-10T10:52:00.295Z
0.3948296,open,2021-07-10T10:51:00Z,336,515,45,896,851,109240[MyZeil],2021-07-10T10:52:00.295Z
0.38423645,open,2021-07-10T10:51:00Z,234,375,0,609,609,18494[Konrad-Adenauer-Straße],2021-07-10T10:52:00.295Z
0.94400895,open,2021-07-10T10:56:00Z,843,50,0,893,893,24277[Börse],2021-07-10T10:57:02.236Z
0.265,open,2021-07-10T10:56:00Z,53,147,150,350,200,24276[Turmcenter],2021-07-10T10:57:02.236Z
0.6756757,open,2021-07-10T10:56:00Z,275,132,0,407,407,18944[Alte Oper],2021-07-10T10:57:02.236Z
0.06318682,open,2021-07-10T10:56:00Z,23,341,0,364,364,24281[Hauptbahnhof Süd],2021-07-10T10:57:02.236Z
1,open,2021-07-10T10:56:00Z,809,0,0,809,809,24279[Konstabler],2021-07-10T10:57:02.236Z
1,open,2021-07-10T10:56:00Z,426,0,0,426,426,18497[Hauptwache],2021-07-10T10:57:02.236Z
0.4632353,open,2021-07-10T10:56:00Z,315,365,0,680,680,18495[Am Gericht],2021-07-10T10:57:02.236Z
0.40305522,open,2021-07-10T10:56:00Z,343,508,45,896,851,109240[MyZeil],2021-07-10T10:57:02.236Z
0.39901477,open,2021-07-10T10:56:00Z,243,366,0,609,609,18494[Konrad-Adenauer-Straße],2021-07-10T10:57:02.236Z
0.94400895,open,2021-07-10T11:16:00Z,843,50,0,893,893,24277[Börse],2021-07-10T11:17:01.567Z
0.255,open,2021-07-10T11:16:00Z,51,149,150,350,200,24276[Turmcenter],2021-07-10T11:17:01.567Z
0.7444717,open,2021-07-10T11:16:00Z,303,104,0,407,407,18944[Alte Oper],2021-07-10T11:17:01.567Z
0.06043956,open,2021-07-10T11:16:00Z,22,342,0,364,364,24281[Hauptbahnhof Süd],2021-07-10T11:17:01.567Z
1,open,2021-07-10T11:16:00Z,809,0,0,809,809,24279[Konstabler],2021-07-10T11:17:01.567Z
0.9953052,open,2021-07-10T11:16:00Z,424,2,0,426,426,18497[Hauptwache],2021-07-10T11:17:01.567Z
0.48382354,open,2021-07-10T11:16:00Z,329,351,0,680,680,18495[Am Gericht],2021-07-10T11:17:01.567Z
0.43948296,open,2021-07-10T11:16:00Z,374,477,45,896,851,109240[MyZeil],2021-07-10T11:17:01.567Z
0.4449918,open,2021-07-10T11:16:00Z,271,338,0,609,609,18494[Konrad-Adenauer-Straße],2021-07-10T11:17:01.567Z
0.94400895,open,2021-07-10T11:26:00Z,843,50,0,893,893,24277[Börse],2021-07-10T11:27:01.451Z
0.26,open,2021-07-10T11:26:00Z,52,148,150,350,200,24276[Turmcenter],2021-07-10T11:27:01.451Z
0.7567568,open,2021-07-10T11:26:00Z,308,99,0,407,407,18944[Alte Oper],2021-07-10T11:27:01.451Z
0.06318682,open,2021-07-10T11:26:00Z,23,341,0,364,364,24281[Hauptbahnhof Süd],2021-07-10T11:27:01.451Z
0.9913473,open,2021-07-10T11:26:00Z,802,7,0,809,809,24279[Konstabler],2021-07-10T11:27:01.451Z
0.9953052,open,2021-07-10T11:26:00Z,424,2,0,426,426,18497[Hauptwache],2021-07-10T11:27:01.451Z
0.4852941,open,2021-07-10T11:26:00Z,330,350,0,680,680,18495[Am Gericht],2021-07-10T11:27:01.451Z
0.4430082,open,2021-07-10T11:26:00Z,377,474,45,896,851,109240[MyZeil],2021-07-10T11:27:01.451Z
0.44827586,open,2021-07-10T11:26:00Z,273,336,0,609,609,18494[Konrad-Adenauer-Straße],2021-07-10T11:27:01.451Z
0.94400895,open,2021-07-10T11:36:00Z,843,50,0,893,893,24277[Börse],2021-07-10T11:37:01.763Z
0.27,open,2021-07-10T11:36:00Z,54,146,150,350,200,24276[Turmcenter],2021-07-10T11:37:01.763Z
0.75921375,open,2021-07-10T11:36:00Z,309,98,0,407,407,18944[Alte Oper],2021-07-10T11:37:01.763Z
0.06868132,open,2021-07-10T11:36:00Z,25,339,0,364,364,24281[Hauptbahnhof Süd],2021-07-10T11:37:01.763Z
0.99258345,open,2021-07-10T11:36:00Z,803,6,0,809,809,24279[Konstabler],2021-07-10T11:37:01.763Z
1,open,2021-07-10T11:36:00Z,426,0,0,426,426,18497[Hauptwache],2021-07-10T11:37:01.763Z
0.48382354,open,2021-07-10T11:36:00Z,329,351,0,680,680,18495[Am Gericht],2021-07-10T11:37:01.763Z
0.46063456,open,2021-07-10T11:36:00Z,392,459,45,896,851,109240[MyZeil],2021-07-10T11:37:01.763Z
0.47619048,open,2021-07-10T11:36:00Z,290,319,0,609,609,18494[Konrad-Adenauer-Straße],2021-07-10T11:37:01.763Z
0.94400895,open,2021-07-10T11:46:00Z,843,50,0,893,893,24277[Börse],2021-07-10T11:47:00.410Z
0.265,open,2021-07-10T11:46:00Z,53,147,150,350,200,24276[Turmcenter],2021-07-10T11:47:00.410Z
0.7641278,open,2021-07-10T11:46:00Z,311,96,0,407,407,18944[Alte Oper],2021-07-10T11:47:00.410Z
0.06318682,open,2021-07-10T11:46:00Z,23,341,0,364,364,24281[Hauptbahnhof Süd],2021-07-10T11:47:00.410Z
0.9913473,open,2021-07-10T11:46:00Z,802,7,0,809,809,24279[Konstabler],2021-07-10T11:47:00.410Z
0.9953052,open,2021-07-10T11:46:00Z,424,2,0,426,426,18497[Hauptwache],2021-07-10T11:47:00.410Z
0.4882353,open,2021-07-10T11:46:00Z,332,348,0,680,680,18495[Am Gericht],2021-07-10T11:47:00.410Z
0.46180964,open,2021-07-10T11:46:00Z,393,458,45,896,851,109240[MyZeil],2021-07-10T11:47:00.410Z
0.4827586,open,2021-07-10T11:46:00Z,294,315,0,609,609,18494[Konrad-Adenauer-Straße],2021-07-10T11:47:00.410Z
0.94400895,open,2021-07-10T11:56:00Z,843,50,0,893,893,24277[Börse],2021-07-10T11:57:00.968Z
0.28,open,2021-07-10T11:56:00Z,56,144,150,350,200,24276[Turmcenter],2021-07-10T11:57:00.968Z
0.7788698,open,2021-07-10T11:56:00Z,317,90,0,407,407,18944[Alte Oper],2021-07-10T11:57:00.968Z
0.06868132,open,2021-07-10T11:56:00Z,25,339,0,364,364,24281[Hauptbahnhof Süd],2021-07-10T11:57:00.968Z
0.98887515,open,2021-07-10T11:56:00Z,800,9,0,809,809,24279[Konstabler],2021-07-10T11:57:00.968Z
0.9976526,open,2021-07-10T11:56:00Z,425,1,0,426,426,18497[Hauptwache],2021-07-10T11:57:00.968Z
0.5,open,2021-07-10T11:56:00Z,340,340,0,680,680,18495[Am Gericht],2021-07-10T11:57:00.968Z
0.45828438,open,2021-07-10T11:56:00Z,390,461,45,896,851,109240[MyZeil],2021-07-10T11:57:00.968Z
0.51559937,open,2021-07-10T11:56:00Z,314,295,0,609,609,18494[Konrad-Adenauer-Straße],2021-07-10T11:57:00.968Z
0.94400895,open,2021-07-10T12:26:00Z,843,50,0,893,893,24277[Börse],2021-07-10T12:32:01.682Z
0.33,open,2021-07-10T12:26:00Z,66,134,150,350,200,24276[Turmcenter],2021-07-10T12:32:01.682Z
0.8083538,open,2021-07-10T12:26:00Z,329,78,0,407,407,18944[Alte Oper],2021-07-10T12:32:01.682Z
0.07417583,open,2021-07-10T12:26:00Z,27,337,0,364,364,24281[Hauptbahnhof Süd],2021-07-10T12:32:01.682Z
1,open,2021-07-10T12:26:00Z,809,0,0,809,809,24279[Konstabler],2021-07-10T12:32:01.682Z
1,open,2021-07-10T12:26:00Z,426,0,0,426,426,18497[Hauptwache],2021-07-10T12:32:01.682Z
0.5411765,open,2021-07-10T12:26:00Z,368,312,0,680,680,18495[Am Gericht],2021-07-10T12:32:01.682Z
0.4653349,open,2021-07-10T12:26:00Z,396,455,45,896,851,109240[MyZeil],2021-07-10T12:32:01.682Z
0.5320197,open,2021-07-10T12:26:00Z,324,285,0,609,609,18494[Konrad-Adenauer-Straße],2021-07-10T12:32:01.682Z
0.94400895,open,2021-07-10T12:52:00Z,843,50,0,893,893,24277[Börse],2021-07-10T12:57:00.358Z
0.36,open,2021-07-10T12:52:00Z,72,128,150,350,200,24276[Turmcenter],2021-07-10T12:57:00.358Z
0.8108108,open,2021-07-10T12:52:00Z,330,77,0,407,407,18944[Alte Oper],2021-07-10T12:57:00.358Z
0.07967033,open,2021-07-10T12:52:00Z,29,335,0,364,364,24281[Hauptbahnhof Süd],2021-07-10T12:57:00.358Z
0.9913473,open,2021-07-10T12:52:00Z,802,7,0,809,809,24279[Konstabler],2021-07-10T12:57:00.358Z
1,open,2021-07-10T12:52:00Z,426,0,0,426,426,18497[Hauptwache],2021-07-10T12:57:00.358Z
0.5735294,open,2021-07-10T12:52:00Z,390,290,0,680,680,18495[Am Gericht],2021-07-10T12:57:00.358Z
0.4864865,open,2021-07-10T12:52:00Z,414,437,45,896,851,109240[MyZeil],2021-07-10T12:57:00.358Z
0.54022986,open,2021-07-10T12:52:00Z,329,280,0,609,609,18494[Konrad-Adenauer-Straße],2021-07-10T12:57:00.358Z
0.94400895,open,2021-07-10T13:17:00Z,843,50,0,893,893,24277[Börse],2021-07-10T13:22:00.800Z
0.35,open,2021-07-10T13:17:00Z,70,130,150,350,200,24276[Turmcenter],2021-07-10T13:22:00.800Z
0.8058968,open,2021-07-10T13:17:00Z,328,79,0,407,407,18944[Alte Oper],2021-07-10T13:22:00.800Z
0.07692308,open,2021-07-10T13:17:00Z,28,336,0,364,364,24281[Hauptbahnhof Süd],2021-07-10T13:22:00.800Z
0.9913473,open,2021-07-10T13:17:00Z,802,7,0,809,809,24279[Konstabler],2021-07-10T13:22:00.800Z
1,open,2021-07-10T13:17:00Z,426,0,0,426,426,18497[Hauptwache],2021-07-10T13:22:00.800Z
0.60294116,open,2021-07-10T13:17:00Z,410,270,0,680,680,18495[Am Gericht],2021-07-10T13:22:00.800Z
0.4841363,open,2021-07-10T13:17:00Z,412,439,45,896,851,109240[MyZeil],2021-07-10T13:22:00.800Z
0.55500823,open,2021-07-10T13:17:00Z,338,271,0,609,609,18494[Konrad-Adenauer-Straße],2021-07-10T13:22:00.800Z
0.94400895,open,2021-07-10T13:32:00Z,843,50,0,893,893,24277[Börse],2021-07-10T13:37:01.582Z
0.34,open,2021-07-10T13:32:00Z,68,132,150,350,200,24276[Turmcenter],2021-07-10T13:37:01.582Z
0.8058968,open,2021-07-10T13:32:00Z,328,79,0,407,407,18944[Alte Oper],2021-07-10T13:37:01.582Z
0.082417585,open,2021-07-10T13:32:00Z,30,334,0,364,364,24281[Hauptbahnhof Süd],2021-07-10T13:37:01.582Z
0.9913473,open,2021-07-10T13:32:00Z,802,7,0,809,809,24279[Konstabler],2021-07-10T13:37:01.582Z
1,open,2021-07-10T13:32:00Z,426,0,0,426,426,18497[Hauptwache],2021-07-10T13:37:01.582Z
0.5926471,open,2021-07-10T13:32:00Z,403,277,0,680,680,18495[Am Gericht],2021-07-10T13:37:01.582Z
0.4958872,open,2021-07-10T13:32:00Z,422,429,45,896,851,109240[MyZeil],2021-07-10T13:37:01.582Z
0.56157637,open,2021-07-10T13:32:00Z,342,267,0,609,609,18494[Konrad-Adenauer-Straße],2021-07-10T13:37:01.582Z
0.94400895,open,2021-07-10T13:37:00Z,843,50,0,893,893,24277[Börse],2021-07-10T13:42:00.915Z
0.33,open,2021-07-10T13:37:00Z,66,134,150,350,200,24276[Turmcenter],2021-07-10T13:42:00.915Z
0.8132678,open,2021-07-10T13:37:00Z,331,76,0,407,407,18944[Alte Oper],2021-07-10T13:42:00.915Z
0.082417585,open,2021-07-10T13:37:00Z,30,334,0,364,364,24281[Hauptbahnhof Süd],2021-07-10T13:42:00.915Z
1,open,2021-07-10T13:37:00Z,809,0,0,809,809,24279[Konstabler],2021-07-10T13:42:00.915Z
1,open,2021-07-10T13:37:00Z,426,0,0,426,426,18497[Hauptwache],2021-07-10T13:42:00.915Z
0.59117645,open,2021-07-10T13:37:00Z,402,278,0,680,680,18495[Am Gericht],2021-07-10T13:42:00.915Z
0.49823737,open,2021-07-10T13:37:00Z,424,427,45,896,851,109240[MyZeil],2021-07-10T13:42:00.915Z
0.5500821,open,2021-07-10T13:37:00Z,335,274,0,609,609,18494[Konrad-Adenauer-Straße],2021-07-10T13:42:00.915Z
0.94400895,open,2021-07-10T13:52:00Z,843,50,0,893,893,24277[Börse],2021-07-10T13:57:01.958Z
0.325,open,2021-07-10T13:52:00Z,65,135,150,350,200,24276[Turmcenter],2021-07-10T13:57:01.958Z
0.7837838,open,2021-07-10T13:52:00Z,319,88,0,407,407,18944[Alte Oper],2021-07-10T13:57:01.958Z
0.082417585,open,2021-07-10T13:52:00Z,30,334,0,364,364,24281[Hauptbahnhof Süd],2021-07-10T13:57:01.958Z
1,open,2021-07-10T13:52:00Z,809,0,0,809,809,24279[Konstabler],2021-07-10T13:57:01.958Z
1,open,2021-07-10T13:52:00Z,426,0,0,426,426,18497[Hauptwache],2021-07-10T13:57:01.958Z
0.61764705,open,2021-07-10T13:52:00Z,420,260,0,680,680,18495[Am Gericht],2021-07-10T13:57:01.958Z
0.49118683,open,2021-07-10T13:52:00Z,418,433,45,896,851,109240[MyZeil],2021-07-10T13:57:01.958Z
0.5599343,open,2021-07-10T13:52:00Z,341,268,0,609,609,18494[Konrad-Adenauer-Straße],2021-07-10T13:57:01.958Z
0.94400895,open,2021-07-10T14:12:00Z,843,50,0,893,893,24277[Börse],2021-07-10T14:17:01.641Z
0.315,open,2021-07-10T14:12:00Z,63,137,150,350,200,24276[Turmcenter],2021-07-10T14:17:01.641Z
0.77395576,open,2021-07-10T14:12:00Z,315,92,0,407,407,18944[Alte Oper],2021-07-10T14:17:01.641Z
0.08516484,open,2021-07-10T14:12:00Z,31,333,0,364,364,24281[Hauptbahnhof Süd],2021-07-10T14:17:01.641Z
0.98393077,open,2021-07-10T14:12:00Z,796,13,0,809,809,24279[Konstabler],2021-07-10T14:17:01.641Z
1,open,2021-07-10T14:12:00Z,426,0,0,426,426,18497[Hauptwache],2021-07-10T14:17:01.641Z
0.6367647,open,2021-07-10T14:12:00Z,433,247,0,680,680,18495[Am Gericht],2021-07-10T14:17:01.641Z
0.49001175,open,2021-07-10T14:12:00Z,417,434,45,896,851,109240[MyZeil],2021-07-10T14:17:01.641Z
0.5632184,open,2021-07-10T14:12:00Z,343,266,0,609,609,18494[Konrad-Adenauer-Straße],2021-07-10T14:17:01.641Z
0.94400895,open,2021-07-10T14:23:00Z,843,50,0,893,893,24277[Börse],2021-07-10T14:27:01.796Z
0.315,open,2021-07-10T14:23:00Z,63,137,150,350,200,24276[Turmcenter],2021-07-10T14:27:01.796Z
0.7493858,open,2021-07-10T14:23:00Z,305,102,0,407,407,18944[Alte Oper],2021-07-10T14:27:01.796Z
0.08791209,open,2021-07-10T14:23:00Z,32,332,0,364,364,24281[Hauptbahnhof Süd],2021-07-10T14:27:01.796Z
1,open,2021-07-10T14:23:00Z,809,0,0,809,809,24279[Konstabler],2021-07-10T14:27:01.796Z
1,open,2021-07-10T14:23:00Z,426,0,0,426,426,18497[Hauptwache],2021-07-10T14:27:01.796Z
0.65,open,2021-07-10T14:23:00Z,442,238,0,680,680,18495[Am Gericht],2021-07-10T14:27:01.796Z
0.47826087,open,2021-07-10T14:23:00Z,407,444,45,896,851,109240[MyZeil],2021-07-10T14:27:01.796Z
0.55172414,open,2021-07-10T14:23:00Z,336,273,0,609,609,18494[Konrad-Adenauer-Straße],2021-07-10T14:27:01.796Z
0.94400895,open,2021-07-10T14:33:00Z,843,50,0,893,893,24277[Börse],2021-07-10T14:37:02.992Z
0.29,open,2021-07-10T14:33:00Z,58,142,150,350,200,24276[Turmcenter],2021-07-10T14:37:02.992Z
0.7297297,open,2021-07-10T14:33:00Z,297,110,0,407,407,18944[Alte Oper],2021-07-10T14:37:02.992Z
0.08516484,open,2021-07-10T14:33:00Z,31,333,0,364,364,24281[Hauptbahnhof Süd],2021-07-10T14:37:02.992Z
1,open,2021-07-10T14:33:00Z,809,0,0,809,809,24279[Konstabler],2021-07-10T14:37:02.992Z
1,open,2021-07-10T14:33:00Z,426,0,0,426,426,18497[Hauptwache],2021-07-10T14:37:02.992Z
0.68088233,open,2021-07-10T14:33:00Z,463,217,0,680,680,18495[Am Gericht],2021-07-10T14:37:02.992Z
0.4759107,open,2021-07-10T14:33:00Z,405,446,45,896,851,109240[MyZeil],2021-07-10T14:37:02.992Z
0.54844004,open,2021-07-10T14:33:00Z,334,275,0,609,609,18494[Konrad-Adenauer-Straße],2021-07-10T14:37:02.992Z
0.94400895,open,2021-07-10T14:43:00Z,843,50,0,893,893,24277[Börse],2021-07-10T14:47:02.713Z
0.285,open,2021-07-10T14:43:00Z,57,143,150,350,200,24276[Turmcenter],2021-07-10T14:47:02.713Z
0.7076167,open,2021-07-10T14:43:00Z,288,119,0,407,407,18944[Alte Oper],2021-07-10T14:47:02.713Z
0.082417585,open,2021-07-10T14:43:00Z,30,334,0,364,364,24281[Hauptbahnhof Süd],2021-07-10T14:47:02.713Z
1,open,2021-07-10T14:43:00Z,809,0,0,809,809,24279[Konstabler],2021-07-10T14:47:02.713Z
1,open,2021-07-10T14:43:00Z,426,0,0,426,426,18497[Hauptwache],2021-07-10T14:47:02.713Z
0.69411767,open,2021-07-10T14:43:00Z,472,208,0,680,680,18495[Am Gericht],2021-07-10T14:47:02.713Z
0.47473562,open,2021-07-10T14:43:00Z,404,447,45,896,851,109240[MyZeil],2021-07-10T14:47:02.713Z
0.54679805,open,2021-07-10T14:43:00Z,333,276,0,609,609,18494[Konrad-Adenauer-Straße],2021-07-10T14:47:02.713Z
0.94400895,open,2021-07-10T14:53:00Z,843,50,0,893,893,24277[Börse],2021-07-10T14:57:01.579Z
0.305,open,2021-07-10T14:53:00Z,61,139,150,350,200,24276[Turmcenter],2021-07-10T14:57:01.579Z
0.68550366,open,2021-07-10T14:53:00Z,279,128,0,407,407,18944[Alte Oper],2021-07-10T14:57:01.579Z
0.08516484,open,2021-07-10T14:53:00Z,31,333,0,364,364,24281[Hauptbahnhof Süd],2021-07-10T14:57:01.579Z
1,open,2021-07-10T14:53:00Z,809,0,0,809,809,24279[Konstabler],2021-07-10T14:57:01.579Z
1,open,2021-07-10T14:53:00Z,426,0,0,426,426,18497[Hauptwache],2021-07-10T14:57:01.579Z
0.7029412,open,2021-07-10T14:53:00Z,478,202,0,680,680,18495[Am Gericht],2021-07-10T14:57:01.579Z
0.46886018,open,2021-07-10T14:53:00Z,399,452,45,896,851,109240[MyZeil],2021-07-10T14:57:01.579Z
0.5336617,open,2021-07-10T14:53:00Z,325,284,0,609,609,18494[Konrad-Adenauer-Straße],2021-07-10T14:57:01.579Z
0.94400895,open,2021-07-10T15:23:00Z,843,50,0,893,893,24277[Börse],2021-07-10T15:27:02.488Z
0.255,open,2021-07-10T15:23:00Z,51,149,150,350,200,24276[Turmcenter],2021-07-10T15:27:02.488Z
0.6830467,open,2021-07-10T15:23:00Z,278,129,0,407,407,18944[Alte Oper],2021-07-10T15:27:02.488Z
0.07967033,open,2021-07-10T15:23:00Z,29,335,0,364,364,24281[Hauptbahnhof Süd],2021-07-10T15:27:02.488Z
1,open,2021-07-10T15:23:00Z,809,0,0,809,809,24279[Konstabler],2021-07-10T15:27:02.488Z
1,open,2021-07-10T15:23:00Z,426,0,0,426,426,18497[Hauptwache],2021-07-10T15:27:02.488Z
0.7058824,open,2021-07-10T15:23:00Z,480,200,0,680,680,18495[Am Gericht],2021-07-10T15:27:02.488Z
0.44418332,open,2021-07-10T15:23:00Z,378,473,45,896,851,109240[MyZeil],2021-07-10T15:27:02.488Z
0.5221675,open,2021-07-10T15:23:00Z,318,291,0,609,609,18494[Konrad-Adenauer-Straße],2021-07-10T15:27:02.488Z
0.94400895,open,2021-07-10T15:43:00Z,843,50,0,893,893,24277[Börse],2021-07-10T15:47:00.682Z
0.27,open,2021-07-10T15:43:00Z,54,146,150,350,200,24276[Turmcenter],2021-07-10T15:47:00.682Z
0.66584766,open,2021-07-10T15:43:00Z,271,136,0,407,407,18944[Alte Oper],2021-07-10T15:47:00.682Z
0.07417583,open,2021-07-10T15:43:00Z,27,337,0,364,364,24281[Hauptbahnhof Süd],2021-07-10T15:47:00.682Z
1,open,2021-07-10T15:43:00Z,809,0,0,809,809,24279[Konstabler],2021-07-10T15:47:00.682Z
1,open,2021-07-10T15:43:00Z,426,0,0,426,426,18497[Hauptwache],2021-07-10T15:47:00.682Z
0.69558823,open,2021-07-10T15:43:00Z,473,207,0,680,680,18495[Am Gericht],2021-07-10T15:47:00.682Z
0.43243244,open,2021-07-10T15:43:00Z,368,483,45,896,851,109240[MyZeil],2021-07-10T15:47:00.682Z
0.48768473,open,2021-07-10T15:43:00Z,297,312,0,609,609,18494[Konrad-Adenauer-Straße],2021-07-10T15:47:00.682Z
0.94400895,open,2021-07-10T15:53:00Z,843,50,0,893,893,24277[Börse],2021-07-10T15:57:00.267Z
0.275,open,2021-07-10T15:53:00Z,55,145,150,350,200,24276[Turmcenter],2021-07-10T15:57:00.267Z
0.6486486,open,2021-07-10T15:53:00Z,264,143,0,407,407,18944[Alte Oper],2021-07-10T15:57:00.267Z
0.07417583,open,2021-07-10T15:53:00Z,27,337,0,364,364,24281[Hauptbahnhof Süd],2021-07-10T15:57:00.267Z
0.9777503,open,2021-07-10T15:53:00Z,791,18,0,809,809,24279[Konstabler],2021-07-10T15:57:00.267Z
1,open,2021-07-10T15:53:00Z,426,0,0,426,426,18497[Hauptwache],2021-07-10T15:57:00.267Z
0.67941177,open,2021-07-10T15:53:00Z,462,218,0,680,680,18495[Am Gericht],2021-07-10T15:57:00.267Z
0.4253819,open,2021-07-10T15:53:00Z,362,489,45,896,851,109240[MyZeil],2021-07-10T15:57:00.267Z
0.48604268,open,2021-07-10T15:53:00Z,296,313,0,609,609,18494[Konrad-Adenauer-Straße],2021-07-10T15:57:00.267Z
0.94400895,open,2021-07-10T16:29:00Z,843,50,0,893,893,24277[Börse],2021-07-10T16:32:01.459Z
0.325,open,2021-07-10T16:29:00Z,65,135,150,350,200,24276[Turmcenter],2021-07-10T16:32:01.459Z
0.54545456,open,2021-07-10T16:29:00Z,222,185,0,407,407,18944[Alte Oper],2021-07-10T16:32:01.459Z
0.06868132,open,2021-07-10T16:29:00Z,25,339,0,364,364,24281[Hauptbahnhof Süd],2021-07-10T16:32:01.459Z
0.9579728,open,2021-07-10T16:29:00Z,775,34,0,809,809,24279[Konstabler],2021-07-10T16:32:01.459Z
1,open,2021-07-10T16:29:00Z,426,0,0,426,426,18497[Hauptwache],2021-07-10T16:32:01.459Z
0.6338235,open,2021-07-10T16:29:00Z,431,249,0,680,680,18495[Am Gericht],2021-07-10T16:32:01.459Z
0.3983549,open,2021-07-10T16:29:00Z,339,512,45,896,851,109240[MyZeil],2021-07-10T16:32:01.459Z
0.4449918,open,2021-07-10T16:29:00Z,271,338,0,609,609,18494[Konrad-Adenauer-Straße],2021-07-10T16:32:01.459Z
0.94400895,open,2021-07-10T16:59:00Z,843,50,0,893,893,24277[Börse],2021-07-10T17:02:02.377Z
0.37,open,2021-07-10T16:59:00Z,74,126,150,350,200,24276[Turmcenter],2021-07-10T17:02:02.377Z
0.5257985,open,2021-07-10T16:59:00Z,214,193,0,407,407,18944[Alte Oper],2021-07-10T17:02:02.377Z
0.052197803,open,2021-07-10T16:59:00Z,19,345,0,364,364,24281[Hauptbahnhof Süd],2021-07-10T17:02:02.377Z
0.93448704,open,2021-07-10T16:59:00Z,756,53,0,809,809,24279[Konstabler],2021-07-10T17:02:02.377Z
0.9835681,open,2021-07-10T16:59:00Z,419,7,0,426,426,18497[Hauptwache],2021-07-10T17:02:02.377Z
0.6279412,open,2021-07-10T16:59:00Z,427,253,0,680,680,18495[Am Gericht],2021-07-10T17:02:02.377Z
0.37367803,open,2021-07-10T16:59:00Z,318,533,45,896,851,109240[MyZeil],2021-07-10T17:02:02.377Z
0.41379312,open,2021-07-10T16:59:00Z,252,357,0,609,609,18494[Konrad-Adenauer-Straße],2021-07-10T17:02:02.377Z
0.94400895,open,2021-07-10T17:30:00Z,843,50,0,893,893,24277[Börse],2021-07-10T17:32:00.408Z
0.405,open,2021-07-10T17:30:00Z,81,119,150,350,200,24276[Turmcenter],2021-07-10T17:32:00.408Z
0.53562653,open,2021-07-10T17:30:00Z,218,189,0,407,407,18944[Alte Oper],2021-07-10T17:32:00.408Z
0.043956045,open,2021-07-10T17:30:00Z,16,348,0,364,364,24281[Hauptbahnhof Süd],2021-07-10T17:32:00.408Z
0.9023486,open,2021-07-10T17:30:00Z,730,79,0,809,809,24279[Konstabler],2021-07-10T17:32:00.408Z
0.95539904,open,2021-07-10T17:30:00Z,407,19,0,426,426,18497[Hauptwache],2021-07-10T17:32:00.408Z
0.61764705,open,2021-07-10T17:30:00Z,420,260,0,680,680,18495[Am Gericht],2021-07-10T17:32:00.408Z
0.35135135,open,2021-07-10T17:30:00Z,299,552,45,896,851,109240[MyZeil],2021-07-10T17:32:00.408Z
0.37931034,open,2021-07-10T17:30:00Z,231,378,0,609,609,18494[Konrad-Adenauer-Straße],2021-07-10T17:32:00.408Z
0.94400895,open,2021-07-10T17:40:00Z,843,50,0,893,893,24277[Börse],2021-07-10T17:42:01.425Z
0.4,open,2021-07-10T17:40:00Z,80,120,150,350,200,24276[Turmcenter],2021-07-10T17:42:01.425Z
0.5257985,open,2021-07-10T17:40:00Z,214,193,0,407,407,18944[Alte Oper],2021-07-10T17:42:01.425Z
0.043956045,open,2021-07-10T17:40:00Z,16,348,0,364,364,24281[Hauptbahnhof Süd],2021-07-10T17:42:01.425Z
0.88875157,open,2021-07-10T17:40:00Z,719,90,0,809,809,24279[Konstabler],2021-07-10T17:42:01.425Z
0.9460094,open,2021-07-10T17:40:00Z,403,23,0,426,426,18497[Hauptwache],2021-07-10T17:42:01.425Z
0.6,open,2021-07-10T17:40:00Z,408,272,0,680,680,18495[Am Gericht],2021-07-10T17:42:01.425Z
0.34195065,open,2021-07-10T17:40:00Z,291,560,45,896,851,109240[MyZeil],2021-07-10T17:42:01.425Z
0.36288998,open,2021-07-10T17:40:00Z,221,388,0,609,609,18494[Konrad-Adenauer-Straße],2021-07-10T17:42:01.425Z
0.94400895,open,2021-07-10T17:55:00Z,843,50,0,893,893,24277[Börse],2021-07-10T17:57:01.261Z
0.455,open,2021-07-10T17:55:00Z,91,109,150,350,200,24276[Turmcenter],2021-07-10T17:57:01.261Z
0.53071254,open,2021-07-10T17:55:00Z,216,191,0,407,407,18944[Alte Oper],2021-07-10T17:57:01.261Z
0.043956045,open,2021-07-10T17:55:00Z,16,348,0,364,364,24281[Hauptbahnhof Süd],2021-07-10T17:57:01.261Z
0.84054387,open,2021-07-10T17:55:00Z,680,129,0,809,809,24279[Konstabler],2021-07-10T17:57:01.261Z
0.9530516,open,2021-07-10T17:55:00Z,406,20,0,426,426,18497[Hauptwache],2021-07-10T17:57:01.261Z
0.5808824,open,2021-07-10T17:55:00Z,395,285,0,680,680,18495[Am Gericht],2021-07-10T17:57:01.261Z
0.32902467,open,2021-07-10T17:55:00Z,280,571,45,896,851,109240[MyZeil],2021-07-10T17:57:01.261Z
0.3464696,open,2021-07-10T17:55:00Z,211,398,0,609,609,18494[Konrad-Adenauer-Straße],2021-07-10T17:57:01.261Z
0.94400895,open,2021-07-10T18:10:00Z,843,50,0,893,893,24277[Börse],2021-07-10T18:12:01.957Z
0.44,open,2021-07-10T18:10:00Z,88,112,150,350,200,24276[Turmcenter],2021-07-10T18:12:01.957Z
0.53808355,open,2021-07-10T18:10:00Z,219,188,0,407,407,18944[Alte Oper],2021-07-10T18:12:01.957Z
0.043956045,open,2021-07-10T18:10:00Z,16,348,0,364,364,24281[Hauptbahnhof Süd],2021-07-10T18:12:01.957Z
0.789864,open,2021-07-10T18:10:00Z,639,170,0,809,809,24279[Konstabler],2021-07-10T18:12:01.957Z
0.9319249,open,2021-07-10T18:10:00Z,397,29,0,426,426,18497[Hauptwache],2021-07-10T18:12:01.957Z
0.55588233,open,2021-07-10T18:10:00Z,378,302,0,680,680,18495[Am Gericht],2021-07-10T18:12:01.957Z
0.29494712,open,2021-07-10T18:10:00Z,251,600,45,896,851,109240[MyZeil],2021-07-10T18:12:01.957Z
0.3448276,open,2021-07-10T18:10:00Z,210,399,0,609,609,18494[Konrad-Adenauer-Straße],2021-07-10T18:12:01.957Z
0.94400895,open,2021-07-10T18:36:00Z,843,50,0,893,893,24277[Börse],2021-07-10T18:37:00.484Z
0.45,open,2021-07-10T18:36:00Z,90,110,150,350,200,24276[Turmcenter],2021-07-10T18:37:00.484Z
0.5061425,open,2021-07-10T18:36:00Z,206,201,0,407,407,18944[Alte Oper],2021-07-10T18:37:00.484Z
0.041208792,open,2021-07-10T18:36:00Z,15,349,0,364,364,24281[Hauptbahnhof Süd],2021-07-10T18:37:00.484Z
0.74165636,open,2021-07-10T18:36:00Z,600,209,0,809,809,24279[Konstabler],2021-07-10T18:37:00.484Z
0.9507042,open,2021-07-10T18:36:00Z,405,21,0,426,426,18497[Hauptwache],2021-07-10T18:37:00.484Z
0.5382353,open,2021-07-10T18:36:00Z,366,314,0,680,680,18495[Am Gericht],2021-07-10T18:37:00.484Z
0.27027026,open,2021-07-10T18:36:00Z,230,621,45,896,851,109240[MyZeil],2021-07-10T18:37:00.484Z
0.31034482,open,2021-07-10T18:36:00Z,189,420,0,609,609,18494[Konrad-Adenauer-Straße],2021-07-10T18:37:00.484Z
0.94400895,open,2021-07-10T18:51:00Z,843,50,0,893,893,24277[Börse],2021-07-10T18:52:00.894Z
0.46,open,2021-07-10T18:51:00Z,92,108,150,350,200,24276[Turmcenter],2021-07-10T18:52:00.894Z
0.49140048,open,2021-07-10T18:51:00Z,200,207,0,407,407,18944[Alte Oper],2021-07-10T18:52:00.894Z
0.03846154,open,2021-07-10T18:51:00Z,14,350,0,364,364,24281[Hauptbahnhof Süd],2021-07-10T18:52:00.894Z
0.6996292,open,2021-07-10T18:51:00Z,566,243,0,809,809,24279[Konstabler],2021-07-10T18:52:00.894Z
0.9460094,open,2021-07-10T18:51:00Z,403,23,0,426,426,18497[Hauptwache],2021-07-10T18:52:00.894Z
0.5264706,open,2021-07-10T18:51:00Z,358,322,0,680,680,18495[Am Gericht],2021-07-10T18:52:00.894Z
0.24559341,open,2021-07-10T18:51:00Z,209,642,45,896,851,109240[MyZeil],2021-07-10T18:52:00.894Z
0.2857143,open,2021-07-10T18:51:00Z,174,435,0,609,609,18494[Konrad-Adenauer-Straße],2021-07-10T18:52:00.894Z
0.94400895,open,2021-07-10T19:06:00Z,843,50,0,893,893,24277[Börse],2021-07-10T19:07:00.832Z
0.415,open,2021-07-10T19:06:00Z,83,117,150,350,200,24276[Turmcenter],2021-07-10T19:07:00.832Z
0.4864865,open,2021-07-10T19:06:00Z,198,209,0,407,407,18944[Alte Oper],2021-07-10T19:07:00.832Z
0.035714287,open,2021-07-10T19:06:00Z,13,351,0,364,364,24281[Hauptbahnhof Süd],2021-07-10T19:07:00.832Z
0.68355995,open,2021-07-10T19:06:00Z,553,256,0,809,809,24279[Konstabler],2021-07-10T19:07:00.832Z
0.97417843,open,2021-07-10T19:06:00Z,415,11,0,426,426,18497[Hauptwache],2021-07-10T19:07:00.832Z
0.5205882,open,2021-07-10T19:06:00Z,354,326,0,680,680,18495[Am Gericht],2021-07-10T19:07:00.832Z
0.22561692,open,2021-07-10T19:06:00Z,192,659,45,896,851,109240[MyZeil],2021-07-10T19:07:00.832Z
0.25779969,open,2021-07-10T19:06:00Z,157,452,0,609,609,18494[Konrad-Adenauer-Straße],2021-07-10T19:07:00.832Z
0.94400895,open,2021-07-10T19:16:00Z,843,50,0,893,893,24277[Börse],2021-07-10T19:17:01.882Z
0.395,open,2021-07-10T19:16:00Z,79,121,150,350,200,24276[Turmcenter],2021-07-10T19:17:01.882Z
0.47665846,open,2021-07-10T19:16:00Z,194,213,0,407,407,18944[Alte Oper],2021-07-10T19:17:01.882Z
0.035714287,open,2021-07-10T19:16:00Z,13,351,0,364,364,24281[Hauptbahnhof Süd],2021-07-10T19:17:01.882Z
0.6724351,open,2021-07-10T19:16:00Z,544,265,0,809,809,24279[Konstabler],2021-07-10T19:17:01.882Z
0.9413146,open,2021-07-10T19:16:00Z,401,25,0,426,426,18497[Hauptwache],2021-07-10T19:17:01.882Z
0.50735295,open,2021-07-10T19:16:00Z,345,335,0,680,680,18495[Am Gericht],2021-07-10T19:17:01.882Z
0.21856639,open,2021-07-10T19:16:00Z,186,665,45,896,851,109240[MyZeil],2021-07-10T19:17:01.882Z
0.24466339,open,2021-07-10T19:16:00Z,149,460,0,609,609,18494[Konrad-Adenauer-Straße],2021-07-10T19:17:01.882Z
0.94400895,open,2021-07-10T19:21:00Z,843,50,0,893,893,24277[Börse],2021-07-10T19:27:01.928Z
0.405,open,2021-07-10T19:21:00Z,81,119,150,350,200,24276[Turmcenter],2021-07-10T19:27:01.928Z
0.48157248,open,2021-07-10T19:21:00Z,196,211,0,407,407,18944[Alte Oper],2021-07-10T19:27:01.928Z
0.032967035,open,2021-07-10T19:21:00Z,12,352,0,364,364,24281[Hauptbahnhof Süd],2021-07-10T19:27:01.928Z
0.66625464,open,2021-07-10T19:21:00Z,539,270,0,809,809,24279[Konstabler],2021-07-10T19:27:01.928Z
0.92957747,open,2021-07-10T19:21:00Z,396,30,0,426,426,18497[Hauptwache],2021-07-10T19:27:01.928Z
0.49117646,open,2021-07-10T19:21:00Z,334,346,0,680,680,18495[Am Gericht],2021-07-10T19:27:01.928Z
0.21386604,open,2021-07-10T19:21:00Z,182,669,45,896,851,109240[MyZeil],2021-07-10T19:27:01.928Z
0.23973727,open,2021-07-10T19:21:00Z,146,463,0,609,609,18494[Konrad-Adenauer-Straße],2021-07-10T19:27:01.928Z
0.94400895,open,2021-07-10T19:37:00Z,843,50,0,893,893,24277[Börse],2021-07-10T19:42:03.008Z
0.42,open,2021-07-10T19:37:00Z,84,116,150,350,200,24276[Turmcenter],2021-07-10T19:42:03.008Z
0.45700246,open,2021-07-10T19:37:00Z,186,221,0,407,407,18944[Alte Oper],2021-07-10T19:42:03.008Z
0.035714287,open,2021-07-10T19:37:00Z,13,351,0,364,364,24281[Hauptbahnhof Süd],2021-07-10T19:42:03.008Z
0.64029664,open,2021-07-10T19:37:00Z,518,291,0,809,809,24279[Konstabler],2021-07-10T19:42:03.008Z
0.9460094,open,2021-07-10T19:37:00Z,403,23,0,426,426,18497[Hauptwache],2021-07-10T19:42:03.008Z
0.46764705,open,2021-07-10T19:37:00Z,318,362,0,680,680,18495[Am Gericht],2021-07-10T19:42:03.008Z
0.2079906,open,2021-07-10T19:37:00Z,177,674,45,896,851,109240[MyZeil],2021-07-10T19:42:03.008Z
0.21510673,open,2021-07-10T19:37:00Z,131,478,0,609,609,18494[Konrad-Adenauer-Straße],2021-07-10T19:42:03.008Z
0.94400895,open,2021-07-10T19:42:00Z,843,50,0,893,893,24277[Börse],2021-07-10T19:47:00.544Z
0.425,open,2021-07-10T19:42:00Z,85,115,150,350,200,24276[Turmcenter],2021-07-10T19:47:00.544Z
0.45454547,open,2021-07-10T19:42:00Z,185,222,0,407,407,18944[Alte Oper],2021-07-10T19:47:00.544Z
0.03846154,open,2021-07-10T19:42:00Z,14,350,0,364,364,24281[Hauptbahnhof Süd],2021-07-10T19:47:00.544Z
0.6378245,open,2021-07-10T19:42:00Z,516,293,0,809,809,24279[Konstabler],2021-07-10T19:47:00.544Z
0.95539904,open,2021-07-10T19:42:00Z,407,19,0,426,426,18497[Hauptwache],2021-07-10T19:47:00.544Z
0.45588234,open,2021-07-10T19:42:00Z,310,370,0,680,680,18495[Am Gericht],2021-07-10T19:47:00.544Z
0.20681551,open,2021-07-10T19:42:00Z,176,675,45,896,851,109240[MyZeil],2021-07-10T19:47:00.544Z
0.21839081,open,2021-07-10T19:42:00Z,133,476,0,609,609,18494[Konrad-Adenauer-Straße],2021-07-10T19:47:00.544Z
0.94400895,open,2021-07-10T20:03:00Z,843,50,0,893,893,24277[Börse],2021-07-10T20:07:02.920Z
0.405,open,2021-07-10T20:03:00Z,81,119,150,350,200,24276[Turmcenter],2021-07-10T20:07:02.920Z
0.42506143,open,2021-07-10T20:03:00Z,173,234,0,407,407,18944[Alte Oper],2021-07-10T20:07:02.920Z
0.03846154,open,2021-07-10T20:03:00Z,14,350,0,364,364,24281[Hauptbahnhof Süd],2021-07-10T20:07:02.920Z
0.6266996,open,2021-07-10T20:03:00Z,507,302,0,809,809,24279[Konstabler],2021-07-10T20:07:02.920Z
0.9460094,open,2021-07-10T20:03:00Z,403,23,0,426,426,18497[Hauptwache],2021-07-10T20:07:02.920Z
0.41617647,open,2021-07-10T20:03:00Z,283,397,0,680,680,18495[Am Gericht],2021-07-10T20:07:02.920Z
0.1880141,open,2021-07-10T20:03:00Z,160,691,45,896,851,109240[MyZeil],2021-07-10T20:07:02.920Z
0.19868638,open,2021-07-10T20:03:00Z,121,488,0,609,609,18494[Konrad-Adenauer-Straße],2021-07-10T20:07:02.920Z
0.94400895,open,2021-07-10T20:23:00Z,843,50,0,893,893,24277[Börse],2021-07-10T20:27:00.591Z
0.395,open,2021-07-10T20:23:00Z,79,121,150,350,200,24276[Turmcenter],2021-07-10T20:27:00.591Z
0.41031942,open,2021-07-10T20:23:00Z,167,240,0,407,407,18944[Alte Oper],2021-07-10T20:27:00.591Z
0.035714287,open,2021-07-10T20:23:00Z,13,351,0,364,364,24281[Hauptbahnhof Süd],2021-07-10T20:27:00.591Z
0.618047,open,2021-07-10T20:23:00Z,500,309,0,809,809,24279[Konstabler],2021-07-10T20:27:00.591Z
0.943662,open,2021-07-10T20:23:00Z,402,24,0,426,426,18497[Hauptwache],2021-07-10T20:27:00.591Z
0.39264706,open,2021-07-10T20:23:00Z,267,413,0,680,680,18495[Am Gericht],2021-07-10T20:27:00.591Z
0.18683901,open,2021-07-10T20:23:00Z,159,692,45,896,851,109240[MyZeil],2021-07-10T20:27:00.591Z
0.1954023,open,2021-07-10T20:23:00Z,119,490,0,609,609,18494[Konrad-Adenauer-Straße],2021-07-10T20:27:00.591Z
0.94400895,open,2021-07-10T20:33:00Z,843,50,0,893,893,24277[Börse],2021-07-10T20:37:02.598Z
0.35,open,2021-07-10T20:33:00Z,70,130,150,350,200,24276[Turmcenter],2021-07-10T20:37:02.598Z
0.4078624,open,2021-07-10T20:33:00Z,166,241,0,407,407,18944[Alte Oper],2021-07-10T20:37:02.598Z
0.035714287,open,2021-07-10T20:33:00Z,13,351,0,364,364,24281[Hauptbahnhof Süd],2021-07-10T20:37:02.598Z
0.60815823,open,2021-07-10T20:33:00Z,492,317,0,809,809,24279[Konstabler],2021-07-10T20:37:02.598Z
0.9507042,open,2021-07-10T20:33:00Z,405,21,0,426,426,18497[Hauptwache],2021-07-10T20:37:02.598Z
0.38088235,open,2021-07-10T20:33:00Z,259,421,0,680,680,18495[Am Gericht],2021-07-10T20:37:02.598Z
0.18213867,open,2021-07-10T20:33:00Z,155,696,45,896,851,109240[MyZeil],2021-07-10T20:37:02.598Z
0.18719211,open,2021-07-10T20:33:00Z,114,495,0,609,609,18494[Konrad-Adenauer-Straße],2021-07-10T20:37:02.598Z
0.94400895,open,2021-07-10T20:44:00Z,843,50,0,893,893,24277[Börse],2021-07-10T20:47:00.841Z
0.345,open,2021-07-10T20:44:00Z,69,131,150,350,200,24276[Turmcenter],2021-07-10T20:47:00.841Z
0.39312038,open,2021-07-10T20:44:00Z,160,247,0,407,407,18944[Alte Oper],2021-07-10T20:47:00.841Z
0.035714287,open,2021-07-10T20:44:00Z,13,351,0,364,364,24281[Hauptbahnhof Süd],2021-07-10T20:47:00.841Z
0.5970334,open,2021-07-10T20:44:00Z,483,326,0,809,809,24279[Konstabler],2021-07-10T20:47:00.841Z
0.95539904,open,2021-07-10T20:44:00Z,407,19,0,426,426,18497[Hauptwache],2021-07-10T20:47:00.841Z
0.36764705,open,2021-07-10T20:44:00Z,250,430,0,680,680,18495[Am Gericht],2021-07-10T20:47:00.841Z
0.1786134,open,2021-07-10T20:44:00Z,152,699,45,896,851,109240[MyZeil],2021-07-10T20:47:00.841Z
0.1773399,open,2021-07-10T20:44:00Z,108,501,0,609,609,18494[Konrad-Adenauer-Straße],2021-07-10T20:47:00.841Z
0.94400895,open,2021-07-10T20:54:00Z,843,50,0,893,893,24277[Börse],2021-07-10T20:57:00.275Z
0.34,open,2021-07-10T20:54:00Z,68,132,150,350,200,24276[Turmcenter],2021-07-10T20:57:00.275Z
0.39312038,open,2021-07-10T20:54:00Z,160,247,0,407,407,18944[Alte Oper],2021-07-10T20:57:00.275Z
0.03846154,open,2021-07-10T20:54:00Z,14,350,0,364,364,24281[Hauptbahnhof Süd],2021-07-10T20:57:00.275Z
0.5883807,open,2021-07-10T20:54:00Z,476,333,0,809,809,24279[Konstabler],2021-07-10T20:57:00.275Z
0.9507042,open,2021-07-10T20:54:00Z,405,21,0,426,426,18497[Hauptwache],2021-07-10T20:57:00.275Z
0.3529412,open,2021-07-10T20:54:00Z,240,440,0,680,680,18495[Am Gericht],2021-07-10T20:57:00.275Z
0.17156287,open,2021-07-10T20:54:00Z,146,705,45,896,851,109240[MyZeil],2021-07-10T20:57:00.275Z
0.17569786,open,2021-07-10T20:54:00Z,107,502,0,609,609,18494[Konrad-Adenauer-Straße],2021-07-10T20:57:00.275Z
0.94400895,open,2021-07-10T21:15:00Z,843,50,0,893,893,24277[Börse],2021-07-10T21:17:00.718Z
0.25,open,2021-07-10T21:15:00Z,50,150,150,350,200,24276[Turmcenter],2021-07-10T21:17:00.718Z
0.34398034,open,2021-07-10T21:15:00Z,140,267,0,407,407,18944[Alte Oper],2021-07-10T21:17:00.718Z
0.03846154,open,2021-07-10T21:15:00Z,14,350,0,364,364,24281[Hauptbahnhof Süd],2021-07-10T21:17:00.718Z
0.55995053,open,2021-07-10T21:15:00Z,453,356,0,809,809,24279[Konstabler],2021-07-10T21:17:00.718Z
0.9084507,open,2021-07-10T21:15:00Z,387,39,0,426,426,18497[Hauptwache],2021-07-10T21:17:00.718Z
0.32941177,open,2021-07-10T21:15:00Z,224,456,0,680,680,18495[Am Gericht],2021-07-10T21:17:00.718Z
0.1592775,open,2021-07-10T21:15:00Z,97,512,0,609,609,18494[Konrad-Adenauer-Straße],2021-07-10T21:17:00.718Z
0.94400895,open,2021-07-10T21:31:00Z,843,50,0,893,893,24277[Börse],2021-07-10T21:32:02.047Z
0.205,open,2021-07-10T21:31:00Z,41,159,150,350,200,24276[Turmcenter],2021-07-10T21:32:02.047Z
0.2972973,open,2021-07-10T21:31:00Z,121,286,0,407,407,18944[Alte Oper],2021-07-10T21:32:02.047Z
0.035714287,open,2021-07-10T21:31:00Z,13,351,0,364,364,24281[Hauptbahnhof Süd],2021-07-10T21:32:02.047Z
0.49196538,open,2021-07-10T21:31:00Z,398,411,0,809,809,24279[Konstabler],2021-07-10T21:32:02.047Z
0.81924886,open,2021-07-10T21:31:00Z,349,77,0,426,426,18497[Hauptwache],2021-07-10T21:32:02.047Z
0.30147058,open,2021-07-10T21:31:00Z,205,475,0,680,680,18495[Am Gericht],2021-07-10T21:32:02.047Z
0.15158637,open,2021-07-10T21:31:00Z,129,722,45,896,851,109240[MyZeil],2021-07-10T21:32:02.047Z
0.14285715,open,2021-07-10T21:31:00Z,87,522,0,609,609,18494[Konrad-Adenauer-Straße],2021-07-10T21:32:02.047Z
0.94400895,open,2021-07-10T21:41:00Z,843,50,0,893,893,24277[Börse],2021-07-10T21:42:00.379Z
0.21,open,2021-07-10T21:41:00Z,42,158,150,350,200,24276[Turmcenter],2021-07-10T21:42:00.379Z
0.28255528,open,2021-07-10T21:41:00Z,115,292,0,407,407,18944[Alte Oper],2021-07-10T21:42:00.379Z
0.032967035,open,2021-07-10T21:41:00Z,12,352,0,364,364,24281[Hauptbahnhof Süd],2021-07-10T21:42:00.379Z
0.47960445,open,2021-07-10T21:41:00Z,388,421,0,809,809,24279[Konstabler],2021-07-10T21:42:00.379Z
0.7793427,open,2021-07-10T21:41:00Z,332,94,0,426,426,18497[Hauptwache],2021-07-10T21:42:00.379Z
0.28382352,open,2021-07-10T21:41:00Z,193,487,0,680,680,18495[Am Gericht],2021-07-10T21:42:00.379Z
0.14806111,open,2021-07-10T21:41:00Z,126,725,45,896,851,109240[MyZeil],2021-07-10T21:42:00.379Z
0.13300492,open,2021-07-10T21:41:00Z,81,528,0,609,609,18494[Konrad-Adenauer-Straße],2021-07-10T21:42:00.379Z
0.94400895,open,2021-07-10T21:51:00Z,843,50,0,893,893,24277[Börse],2021-07-10T21:57:00.644Z
0.21,open,2021-07-10T21:51:00Z,42,158,150,350,200,24276[Turmcenter],2021-07-10T21:57:00.644Z
0.28255528,open,2021-07-10T21:51:00Z,115,292,0,407,407,18944[Alte Oper],2021-07-10T21:57:00.644Z
0.032967035,open,2021-07-10T21:51:00Z,12,352,0,364,364,24281[Hauptbahnhof Süd],2021-07-10T21:57:00.644Z
0.47218788,open,2021-07-10T21:51:00Z,382,427,0,809,809,24279[Konstabler],2021-07-10T21:57:00.644Z
0.75352114,open,2021-07-10T21:51:00Z,321,105,0,426,426,18497[Hauptwache],2021-07-10T21:57:00.644Z
0.27058825,open,2021-07-10T21:51:00Z,184,496,0,680,680,18495[Am Gericht],2021-07-10T21:57:00.644Z
0.14923619,open,2021-07-10T21:51:00Z,127,724,45,896,851,109240[MyZeil],2021-07-10T21:57:00.644Z
0.12151067,open,2021-07-10T21:51:00Z,74,535,0,609,609,18494[Konrad-Adenauer-Straße],2021-07-10T21:57:00.644Z
0.94400895,open,2021-07-10T22:07:00Z,843,50,0,893,893,24277[Börse],2021-07-10T22:12:01.930Z
0.17,open,2021-07-10T22:07:00Z,34,166,150,350,200,24276[Turmcenter],2021-07-10T22:12:01.930Z
0.26781327,open,2021-07-10T22:07:00Z,109,298,0,407,407,18944[Alte Oper],2021-07-10T22:12:01.930Z
0.032967035,open,2021-07-10T22:07:00Z,12,352,0,364,364,24281[Hauptbahnhof Süd],2021-07-10T22:12:01.930Z
0.4437577,open,2021-07-10T22:07:00Z,359,450,0,809,809,24279[Konstabler],2021-07-10T22:12:01.930Z
0.71596247,open,2021-07-10T22:07:00Z,305,121,0,426,426,18497[Hauptwache],2021-07-10T22:12:01.930Z
0,closed,2021-07-10T22:07:00Z,,500,0,0,0,18495[Am Gericht],2021-07-10T22:12:01.930Z
0.14453584,open,2021-07-10T22:07:00Z,123,728,45,896,851,109240[MyZeil],2021-07-10T22:12:01.930Z
0.113300495,open,2021-07-10T22:07:00Z,69,540,0,609,609,18494[Konrad-Adenauer-Straße],2021-07-10T22:12:01.930Z
0.94400895,open,2021-07-10T22:28:00Z,843,50,0,893,893,24277[Börse],2021-07-10T22:32:02.503Z
0.165,open,2021-07-10T22:28:00Z,33,167,150,350,200,24276[Turmcenter],2021-07-10T22:32:02.503Z
0.24570024,open,2021-07-10T22:28:00Z,100,307,0,407,407,18944[Alte Oper],2021-07-10T22:32:02.503Z
0.032967035,open,2021-07-10T22:28:00Z,12,352,0,364,364,24281[Hauptbahnhof Süd],2021-07-10T22:32:02.503Z
0.42521632,open,2021-07-10T22:28:00Z,344,465,0,809,809,24279[Konstabler],2021-07-10T22:32:02.503Z
0.70422536,open,2021-07-10T22:28:00Z,300,126,0,426,426,18497[Hauptwache],2021-07-10T22:32:02.503Z
0,closed,2021-07-10T22:28:00Z,,500,0,0,0,18495[Am Gericht],2021-07-10T22:32:02.503Z
0.14571093,open,2021-07-10T22:28:00Z,124,727,45,896,851,109240[MyZeil],2021-07-10T22:32:02.503Z
0.100164205,open,2021-07-10T22:28:00Z,61,548,0,609,609,18494[Konrad-Adenauer-Straße],2021-07-10T22:32:02.503Z
0.94400895,open,2021-07-10T22:38:00Z,843,50,0,893,893,24277[Börse],2021-07-10T22:42:01.425Z
0.155,open,2021-07-10T22:38:00Z,31,169,150,350,200,24276[Turmcenter],2021-07-10T22:42:01.425Z
0.23832923,open,2021-07-10T22:38:00Z,97,310,0,407,407,18944[Alte Oper],2021-07-10T22:42:01.425Z
0.032967035,open,2021-07-10T22:38:00Z,12,352,0,364,364,24281[Hauptbahnhof Süd],2021-07-10T22:42:01.425Z
0.40914708,open,2021-07-10T22:38:00Z,331,478,0,809,809,24279[Konstabler],2021-07-10T22:42:01.425Z
0.68779343,open,2021-07-10T22:38:00Z,293,133,0,426,426,18497[Hauptwache],2021-07-10T22:42:01.425Z
0,closed,2021-07-10T22:38:00Z,,500,0,0,0,18495[Am Gericht],2021-07-10T22:42:01.425Z
0.14336075,open,2021-07-10T22:38:00Z,122,729,45,896,851,109240[MyZeil],2021-07-10T22:42:01.425Z
0.09688013,open,2021-07-10T22:38:00Z,59,550,0,609,609,18494[Konrad-Adenauer-Straße],2021-07-10T22:42:01.425Z
0.94400895,open,2021-07-10T22:48:00Z,843,50,0,893,893,24277[Börse],2021-07-10T22:52:00.048Z
0.14,open,2021-07-10T22:48:00Z,28,172,150,350,200,24276[Turmcenter],2021-07-10T22:52:00.048Z
0.21867321,open,2021-07-10T22:48:00Z,89,318,0,407,407,18944[Alte Oper],2021-07-10T22:52:00.048Z
0.032967035,open,2021-07-10T22:48:00Z,12,352,0,364,364,24281[Hauptbahnhof Süd],2021-07-10T22:52:00.048Z
0.40049443,open,2021-07-10T22:48:00Z,324,485,0,809,809,24279[Konstabler],2021-07-10T22:52:00.048Z
0.6830986,open,2021-07-10T22:48:00Z,291,135,0,426,426,18497[Hauptwache],2021-07-10T22:52:00.048Z
0,closed,2021-07-10T22:48:00Z,,500,0,0,0,18495[Am Gericht],2021-07-10T22:52:00.048Z
0.14101058,open,2021-07-10T22:48:00Z,120,731,45,896,851,109240[MyZeil],2021-07-10T22:52:00.048Z
0.0952381,open,2021-07-10T22:48:00Z,58,551,0,609,609,18494[Konrad-Adenauer-Straße],2021-07-10T22:52:00.048Z
0.94400895,open,2021-07-10T23:03:00Z,843,50,0,893,893,24277[Börse],2021-07-10T23:07:00.548Z
0.115,open,2021-07-10T23:03:00Z,23,177,150,350,200,24276[Turmcenter],2021-07-10T23:07:00.548Z
0.21375921,open,2021-07-10T23:03:00Z,87,320,0,407,407,18944[Alte Oper],2021-07-10T23:07:00.548Z
0.032967035,open,2021-07-10T23:03:00Z,12,352,0,364,364,24281[Hauptbahnhof Süd],2021-07-10T23:07:00.548Z
0.39555007,open,2021-07-10T23:03:00Z,320,489,0,809,809,24279[Konstabler],2021-07-10T23:07:00.548Z
0.6619718,open,2021-07-10T23:03:00Z,282,144,0,426,426,18497[Hauptwache],2021-07-10T23:07:00.548Z
0,closed,2021-07-10T23:03:00Z,,500,0,0,0,18495[Am Gericht],2021-07-10T23:07:00.548Z
0.14101058,open,2021-07-10T23:03:00Z,120,731,45,896,851,109240[MyZeil],2021-07-10T23:07:00.548Z
0.09031199,open,2021-07-10T23:03:00Z,55,554,0,609,609,18494[Konrad-Adenauer-Straße],2021-07-10T23:07:00.548Z
0.94400895,open,2021-07-10T23:24:00Z,843,50,0,893,893,24277[Börse],2021-07-10T23:27:00.899Z
0.11,open,2021-07-10T23:24:00Z,22,178,150,350,200,24276[Turmcenter],2021-07-10T23:27:00.899Z
0.2063882,open,2021-07-10T23:24:00Z,84,323,0,407,407,18944[Alte Oper],2021-07-10T23:27:00.899Z
0.035714287,open,2021-07-10T23:24:00Z,13,351,0,364,364,24281[Hauptbahnhof Süd],2021-07-10T23:27:00.899Z
0.37577257,open,2021-07-10T23:24:00Z,304,505,0,809,809,24279[Konstabler],2021-07-10T23:27:00.899Z
0.62910795,open,2021-07-10T23:24:00Z,268,158,0,426,426,18497[Hauptwache],2021-07-10T23:27:00.899Z
0,closed,2021-07-10T23:24:00Z,,500,0,0,0,18495[Am Gericht],2021-07-10T23:27:00.899Z
0.13748531,open,2021-07-10T23:24:00Z,117,734,45,896,851,109240[MyZeil],2021-07-10T23:27:00.899Z
0.07881773,open,2021-07-10T23:24:00Z,48,561,0,609,609,18494[Konrad-Adenauer-Straße],2021-07-10T23:27:00.899Z
0.94400895,open,2021-07-10T23:34:00Z,843,50,0,893,893,24277[Börse],2021-07-10T23:37:01.506Z
0.095,open,2021-07-10T23:34:00Z,19,181,150,350,200,24276[Turmcenter],2021-07-10T23:37:01.506Z
0.2039312,open,2021-07-10T23:34:00Z,83,324,0,407,407,18944[Alte Oper],2021-07-10T23:37:01.506Z
0.035714287,open,2021-07-10T23:34:00Z,13,351,0,364,364,24281[Hauptbahnhof Süd],2021-07-10T23:37:01.506Z
0.3695921,open,2021-07-10T23:34:00Z,299,510,0,809,809,24279[Konstabler],2021-07-10T23:37:01.506Z
0.6173709,open,2021-07-10T23:34:00Z,263,163,0,426,426,18497[Hauptwache],2021-07-10T23:37:01.506Z
0,closed,2021-07-10T23:34:00Z,,500,0,0,0,18495[Am Gericht],2021-07-10T23:37:01.506Z
0.13748531,open,2021-07-10T23:34:00Z,117,734,45,896,851,109240[MyZeil],2021-07-10T23:37:01.506Z
0.0771757,open,2021-07-10T23:34:00Z,47,562,0,609,609,18494[Konrad-Adenauer-Straße],2021-07-10T23:37:01.506Z
0.94400895,open,2021-07-10T23:45:00Z,843,50,0,893,893,24277[Börse],2021-07-10T23:47:01.704Z
0.09,open,2021-07-10T23:45:00Z,18,182,150,350,200,24276[Turmcenter],2021-07-10T23:47:01.704Z
0.1990172,open,2021-07-10T23:45:00Z,81,326,0,407,407,18944[Alte Oper],2021-07-10T23:47:01.704Z
0.035714287,open,2021-07-10T23:45:00Z,13,351,0,364,364,24281[Hauptbahnhof Süd],2021-07-10T23:47:01.704Z
0.3695921,open,2021-07-10T23:45:00Z,299,510,0,809,809,24279[Konstabler],2021-07-10T23:47:01.704Z
0.6126761,open,2021-07-10T23:45:00Z,261,165,0,426,426,18497[Hauptwache],2021-07-10T23:47:01.704Z
0,closed,2021-07-10T23:45:00Z,,500,0,0,0,18495[Am Gericht],2021-07-10T23:47:01.704Z
0.13748531,open,2021-07-10T23:45:00Z,117,734,45,896,851,109240[MyZeil],2021-07-10T23:47:01.704Z
0.07553366,open,2021-07-10T23:45:00Z,46,563,0,609,609,18494[Konrad-Adenauer-Straße],2021-07-10T23:47:01.704Z
0.94400895,open,2021-07-10T23:55:00Z,843,50,0,893,893,24277[Börse],2021-07-10T23:57:02.157Z
0.05,open,2021-07-10T23:55:00Z,10,190,150,350,200,24276[Turmcenter],2021-07-10T23:57:02.157Z
0.18673219,open,2021-07-10T23:55:00Z,76,331,0,407,407,18944[Alte Oper],2021-07-10T23:57:02.157Z
0.035714287,open,2021-07-10T23:55:00Z,13,351,0,364,364,24281[Hauptbahnhof Süd],2021-07-10T23:57:02.157Z
0.368356,open,2021-07-10T23:55:00Z,298,511,0,809,809,24279[Konstabler],2021-07-10T23:57:02.157Z
0.6056338,open,2021-07-10T23:55:00Z,258,168,0,426,426,18497[Hauptwache],2021-07-10T23:57:02.157Z
0,closed,2021-07-10T23:55:00Z,,500,0,0,0,18495[Am Gericht],2021-07-10T23:57:02.157Z
0.13748531,open,2021-07-10T23:55:00Z,117,734,45,896,851,109240[MyZeil],2021-07-10T23:57:02.157Z
0.07224959,open,2021-07-10T23:55:00Z,44,565,0,609,609,18494[Konrad-Adenauer-Straße],2021-07-10T23:57:02.157Z
0.94400895,open,2021-07-11T01:11:00Z,843,50,0,893,893,24277[Börse],2021-07-11T01:12:01.931Z
0.025,open,2021-07-11T01:11:00Z,5,195,150,350,200,24276[Turmcenter],2021-07-11T01:12:01.931Z
0.16461916,open,2021-07-11T01:11:00Z,67,340,0,407,407,18944[Alte Oper],2021-07-11T01:12:01.931Z
0.032967035,open,2021-07-11T01:11:00Z,12,352,0,364,364,24281[Hauptbahnhof Süd],2021-07-11T01:12:01.931Z
0.34239802,open,2021-07-11T01:11:00Z,277,532,0,809,809,24279[Konstabler],2021-07-11T01:12:01.931Z
0.52582157,open,2021-07-11T01:11:00Z,224,202,0,426,426,18497[Hauptwache],2021-07-11T01:12:01.931Z
0,closed,2021-07-11T01:11:00Z,,500,0,0,0,18495[Am Gericht],2021-07-11T01:12:01.931Z
0.13513513,open,2021-07-11T01:11:00Z,115,736,45,896,851,109240[MyZeil],2021-07-11T01:12:01.931Z
0.06403941,open,2021-07-11T01:11:00Z,39,570,0,609,609,18494[Konrad-Adenauer-Straße],2021-07-11T01:12:01.931Z
0.94400895,open,2021-07-11T02:06:00Z,843,50,0,893,893,24277[Börse],2021-07-11T02:07:00.402Z
0.025,open,2021-07-11T02:06:00Z,5,195,150,350,200,24276[Turmcenter],2021-07-11T02:07:00.402Z
0.15724815,open,2021-07-11T02:06:00Z,64,343,0,407,407,18944[Alte Oper],2021-07-11T02:07:00.402Z
0.03021978,open,2021-07-11T02:06:00Z,11,353,0,364,364,24281[Hauptbahnhof Süd],2021-07-11T02:07:00.402Z
0.31767616,open,2021-07-11T02:06:00Z,257,552,0,809,809,24279[Konstabler],2021-07-11T02:07:00.402Z
0.5140845,open,2021-07-11T02:06:00Z,219,207,0,426,426,18497[Hauptwache],2021-07-11T02:07:00.402Z
0,closed,2021-07-11T02:06:00Z,,,0,0,0,18495[Am Gericht],2021-07-11T02:07:00.402Z
0.13396005,open,2021-07-11T02:06:00Z,114,737,45,896,851,109240[MyZeil],2021-07-11T02:07:00.402Z
0.054187194,open,2021-07-11T02:06:00Z,33,576,0,609,609,18494[Konrad-Adenauer-Straße],2021-07-11T02:07:00.402Z
0.94400895,open,2021-07-11T02:36:00Z,843,50,0,893,893,24277[Börse],2021-07-11T02:37:02.873Z
0.025,open,2021-07-11T02:36:00Z,5,195,150,350,200,24276[Turmcenter],2021-07-11T02:37:02.873Z
0.15724815,open,2021-07-11T02:36:00Z,64,343,0,407,407,18944[Alte Oper],2021-07-11T02:37:02.873Z
0.027472528,open,2021-07-11T02:36:00Z,10,354,0,364,364,24281[Hauptbahnhof Süd],2021-07-11T02:37:02.873Z
0.3053152,open,2021-07-11T02:36:00Z,247,562,0,809,809,24279[Konstabler],2021-07-11T02:37:02.873Z
0.5070422,open,2021-07-11T02:36:00Z,216,210,0,426,426,18497[Hauptwache],2021-07-11T02:37:02.873Z
0,closed,2021-07-11T02:36:00Z,,,0,0,0,18495[Am Gericht],2021-07-11T02:37:02.873Z
0.13396005,open,2021-07-11T02:36:00Z,114,737,45,896,851,109240[MyZeil],2021-07-11T02:37:02.873Z
0.052545156,open,2021-07-11T02:36:00Z,32,577,0,609,609,18494[Konrad-Adenauer-Straße],2021-07-11T02:37:02.873Z
0.94400895,open,2021-07-11T02:51:00Z,843,50,0,893,893,24277[Börse],2021-07-11T02:52:02.423Z
0.025,open,2021-07-11T02:51:00Z,5,195,150,350,200,24276[Turmcenter],2021-07-11T02:52:02.423Z
0.15724815,open,2021-07-11T02:51:00Z,64,343,0,407,407,18944[Alte Oper],2021-07-11T02:52:02.423Z
0.027472528,open,2021-07-11T02:51:00Z,10,354,0,364,364,24281[Hauptbahnhof Süd],2021-07-11T02:52:02.423Z
0.30037084,open,2021-07-11T02:51:00Z,243,566,0,809,809,24279[Konstabler],2021-07-11T02:52:02.423Z
0.5046948,open,2021-07-11T02:51:00Z,215,211,0,426,426,18497[Hauptwache],2021-07-11T02:52:02.423Z
0,closed,2021-07-11T02:51:00Z,,,0,0,0,18495[Am Gericht],2021-07-11T02:52:02.423Z
0.13396005,open,2021-07-11T02:51:00Z,114,737,45,896,851,109240[MyZeil],2021-07-11T02:52:02.423Z
0.05090312,open,2021-07-11T02:51:00Z,31,578,0,609,609,18494[Konrad-Adenauer-Straße],2021-07-11T02:52:02.423Z
0.94400895,open,2021-07-11T02:56:00Z,843,50,0,893,893,24277[Börse],2021-07-11T02:57:01.244Z
0.025,open,2021-07-11T02:56:00Z,5,195,150,350,200,24276[Turmcenter],2021-07-11T02:57:01.244Z
0.15724815,open,2021-07-11T02:56:00Z,64,343,0,407,407,18944[Alte Oper],2021-07-11T02:57:01.244Z
0.027472528,open,2021-07-11T02:56:00Z,10,354,0,364,364,24281[Hauptbahnhof Süd],2021-07-11T02:57:01.244Z
0.30037084,open,2021-07-11T02:56:00Z,243,566,0,809,809,24279[Konstabler],2021-07-11T02:57:01.244Z
0.5046948,open,2021-07-11T02:56:00Z,215,211,0,426,426,18497[Hauptwache],2021-07-11T02:57:01.244Z
0,closed,2021-07-11T02:56:00Z,,,0,0,0,18495[Am Gericht],2021-07-11T02:57:01.244Z
0.13396005,open,2021-07-11T02:56:00Z,114,737,45,896,851,109240[MyZeil],2021-07-11T02:57:01.244Z
0.049261082,open,2021-07-11T02:56:00Z,30,579,0,609,609,18494[Konrad-Adenauer-Straße],2021-07-11T02:57:01.244Z
0.94400895,open,2021-07-11T03:26:00Z,843,50,0,893,893,24277[Börse],2021-07-11T03:27:01.467Z
0.02,open,2021-07-11T03:26:00Z,4,196,150,350,200,24276[Turmcenter],2021-07-11T03:27:01.467Z
0.15479116,open,2021-07-11T03:26:00Z,63,344,0,407,407,18944[Alte Oper],2021-07-11T03:27:01.467Z
0.027472528,open,2021-07-11T03:26:00Z,10,354,0,364,364,24281[Hauptbahnhof Süd],2021-07-11T03:27:01.467Z
0.29171818,open,2021-07-11T03:26:00Z,236,573,0,809,809,24279[Konstabler],2021-07-11T03:27:01.467Z
0.5046948,open,2021-07-11T03:26:00Z,215,211,0,426,426,18497[Hauptwache],2021-07-11T03:27:01.467Z
0,closed,2021-07-11T03:26:00Z,,,0,0,0,18495[Am Gericht],2021-07-11T03:27:01.467Z
0.13396005,open,2021-07-11T03:26:00Z,114,737,45,896,851,109240[MyZeil],2021-07-11T03:27:01.467Z
0.049261082,open,2021-07-11T03:26:00Z,30,579,0,609,609,18494[Konrad-Adenauer-Straße],2021-07-11T03:27:01.467Z
0.94400895,open,2021-07-11T03:41:00Z,843,50,0,893,893,24277[Börse],2021-07-11T03:42:00.804Z
0.02,open,2021-07-11T03:41:00Z,4,196,150,350,200,24276[Turmcenter],2021-07-11T03:42:00.804Z
0.15479116,open,2021-07-11T03:41:00Z,63,344,0,407,407,18944[Alte Oper],2021-07-11T03:42:00.804Z
0.03021978,open,2021-07-11T03:41:00Z,11,353,0,364,364,24281[Hauptbahnhof Süd],2021-07-11T03:42:00.804Z
0.29295427,open,2021-07-11T03:41:00Z,237,572,0,809,809,24279[Konstabler],2021-07-11T03:42:00.804Z
0.49530515,open,2021-07-11T03:41:00Z,211,215,0,426,426,18497[Hauptwache],2021-07-11T03:42:00.804Z
0,closed,2021-07-11T03:41:00Z,,,0,0,0,18495[Am Gericht],2021-07-11T03:42:00.804Z
0.13396005,open,2021-07-11T03:41:00Z,114,737,45,896,851,109240[MyZeil],2021-07-11T03:42:00.804Z
0.049261082,open,2021-07-11T03:41:00Z,30,579,0,609,609,18494[Konrad-Adenauer-Straße],2021-07-11T03:42:00.804Z
0.94400895,open,2021-07-11T03:51:00Z,843,50,0,893,893,24277[Börse],2021-07-11T03:52:01.371Z
0.02,open,2021-07-11T03:51:00Z,4,196,150,350,200,24276[Turmcenter],2021-07-11T03:52:01.371Z
0.15479116,open,2021-07-11T03:51:00Z,63,344,0,407,407,18944[Alte Oper],2021-07-11T03:52:01.371Z
0.027472528,open,2021-07-11T03:51:00Z,10,354,0,364,364,24281[Hauptbahnhof Süd],2021-07-11T03:52:01.371Z
0.29295427,open,2021-07-11T03:51:00Z,237,572,0,809,809,24279[Konstabler],2021-07-11T03:52:01.371Z
0.49295774,open,2021-07-11T03:51:00Z,210,216,0,426,426,18497[Hauptwache],2021-07-11T03:52:01.371Z
0,closed,2021-07-11T03:51:00Z,,,0,0,0,18495[Am Gericht],2021-07-11T03:52:01.371Z
0.13396005,open,2021-07-11T03:51:00Z,114,737,45,896,851,109240[MyZeil],2021-07-11T03:52:01.371Z
0.049261082,open,2021-07-11T03:51:00Z,30,579,0,609,609,18494[Konrad-Adenauer-Straße],2021-07-11T03:52:01.371Z
0.94400895,open,2021-07-11T04:37:00Z,843,50,0,893,893,24277[Börse],2021-07-11T04:42:01.993Z
0.02,open,2021-07-11T04:37:00Z,4,196,150,350,200,24276[Turmcenter],2021-07-11T04:42:01.993Z
0.15479116,open,2021-07-11T04:37:00Z,63,344,0,407,407,18944[Alte Oper],2021-07-11T04:42:01.993Z
0.032967035,open,2021-07-11T04:37:00Z,12,352,0,364,364,24281[Hauptbahnhof Süd],2021-07-11T04:42:01.993Z
0.27935722,open,2021-07-11T04:37:00Z,226,583,0,809,809,24279[Konstabler],2021-07-11T04:42:01.993Z
0.49295774,open,2021-07-11T04:37:00Z,210,216,0,426,426,18497[Hauptwache],2021-07-11T04:42:01.993Z
0.2,open,2021-07-11T04:37:00Z,136,544,0,680,680,18495[Am Gericht],2021-07-11T04:42:01.993Z
0.13396005,open,2021-07-11T04:37:00Z,114,737,45,896,851,109240[MyZeil],2021-07-11T04:42:01.993Z
0.04597701,open,2021-07-11T04:37:00Z,28,581,0,609,609,18494[Konrad-Adenauer-Straße],2021-07-11T04:42:01.993Z
0.94400895,open,2021-07-11T04:52:00Z,843,50,0,893,893,24277[Börse],2021-07-11T04:57:01.929Z
0.02,open,2021-07-11T04:52:00Z,4,196,150,350,200,24276[Turmcenter],2021-07-11T04:57:01.929Z
0.15479116,open,2021-07-11T04:52:00Z,63,344,0,407,407,18944[Alte Oper],2021-07-11T04:57:01.929Z
0.032967035,open,2021-07-11T04:52:00Z,12,352,0,364,364,24281[Hauptbahnhof Süd],2021-07-11T04:57:01.929Z
0.27812114,open,2021-07-11T04:52:00Z,225,584,0,809,809,24279[Konstabler],2021-07-11T04:57:01.929Z
0.48826292,open,2021-07-11T04:52:00Z,208,218,0,426,426,18497[Hauptwache],2021-07-11T04:57:01.929Z
0.20147058,open,2021-07-11T04:52:00Z,137,543,0,680,680,18495[Am Gericht],2021-07-11T04:57:01.929Z
0.13396005,open,2021-07-11T04:52:00Z,114,737,45,896,851,109240[MyZeil],2021-07-11T04:57:01.929Z
0.04597701,open,2021-07-11T04:52:00Z,28,581,0,609,609,18494[Konrad-Adenauer-Straße],2021-07-11T04:57:01.929Z
0.94400895,open,2021-07-11T05:12:00Z,843,50,0,893,893,24277[Börse],2021-07-11T05:17:00.300Z
0.02,open,2021-07-11T05:12:00Z,4,196,150,350,200,24276[Turmcenter],2021-07-11T05:17:00.300Z
0.15479116,open,2021-07-11T05:12:00Z,63,344,0,407,407,18944[Alte Oper],2021-07-11T05:17:00.300Z
0.032967035,open,2021-07-11T05:12:00Z,12,352,0,364,364,24281[Hauptbahnhof Süd],2021-07-11T05:17:00.300Z
0.27441284,open,2021-07-11T05:12:00Z,222,587,0,809,809,24279[Konstabler],2021-07-11T05:17:00.300Z
0.48591548,open,2021-07-11T05:12:00Z,207,219,0,426,426,18497[Hauptwache],2021-07-11T05:17:00.300Z
0.20147058,open,2021-07-11T05:12:00Z,137,543,0,680,680,18495[Am Gericht],2021-07-11T05:17:00.300Z
0.13396005,open,2021-07-11T05:12:00Z,114,737,45,896,851,109240[MyZeil],2021-07-11T05:17:00.300Z
0.04597701,open,2021-07-11T05:12:00Z,28,581,0,609,609,18494[Konrad-Adenauer-Straße],2021-07-11T05:17:00.300Z
0.94400895,open,2021-07-11T05:22:00Z,843,50,0,893,893,24277[Börse],2021-07-11T05:27:01.001Z
0.02,open,2021-07-11T05:22:00Z,4,196,150,350,200,24276[Turmcenter],2021-07-11T05:27:01.001Z
0.15479116,open,2021-07-11T05:22:00Z,63,344,0,407,407,18944[Alte Oper],2021-07-11T05:27:01.001Z
0.03021978,open,2021-07-11T05:22:00Z,11,353,0,364,364,24281[Hauptbahnhof Süd],2021-07-11T05:27:01.001Z
0.27441284,open,2021-07-11T05:22:00Z,222,587,0,809,809,24279[Konstabler],2021-07-11T05:27:01.001Z
0.48591548,open,2021-07-11T05:22:00Z,207,219,0,426,426,18497[Hauptwache],2021-07-11T05:27:01.001Z
0.20147058,open,2021-07-11T05:22:00Z,137,543,0,680,680,18495[Am Gericht],2021-07-11T05:27:01.001Z
0.13396005,open,2021-07-11T05:22:00Z,114,737,45,896,851,109240[MyZeil],2021-07-11T05:27:01.001Z
0.04597701,open,2021-07-11T05:22:00Z,28,581,0,609,609,18494[Konrad-Adenauer-Straße],2021-07-11T05:27:01.001Z
0.94400895,open,2021-07-11T05:37:00Z,843,50,0,893,893,24277[Börse],2021-07-11T05:42:00.592Z
0.02,open,2021-07-11T05:37:00Z,4,196,150,350,200,24276[Turmcenter],2021-07-11T05:42:00.592Z
0.15479116,open,2021-07-11T05:37:00Z,63,344,0,407,407,18944[Alte Oper],2021-07-11T05:42:00.592Z
0.03021978,open,2021-07-11T05:37:00Z,11,353,0,364,364,24281[Hauptbahnhof Süd],2021-07-11T05:42:00.592Z
0.27441284,open,2021-07-11T05:37:00Z,222,587,0,809,809,24279[Konstabler],2021-07-11T05:42:00.592Z
0.48591548,open,2021-07-11T05:37:00Z,207,219,0,426,426,18497[Hauptwache],2021-07-11T05:42:00.592Z
0.1985294,open,2021-07-11T05:37:00Z,135,545,0,680,680,18495[Am Gericht],2021-07-11T05:42:00.592Z
0.13513513,open,2021-07-11T05:37:00Z,115,736,45,896,851,109240[MyZeil],2021-07-11T05:42:00.592Z
0.04597701,open,2021-07-11T05:37:00Z,28,581,0,609,609,18494[Konrad-Adenauer-Straße],2021-07-11T05:42:00.592Z
0.94400895,open,2021-07-11T05:42:00Z,843,50,0,893,893,24277[Börse],2021-07-11T05:47:00.930Z
0.02,open,2021-07-11T05:42:00Z,4,196,150,350,200,24276[Turmcenter],2021-07-11T05:47:00.930Z
0.15479116,open,2021-07-11T05:42:00Z,63,344,0,407,407,18944[Alte Oper],2021-07-11T05:47:00.930Z
0.032967035,open,2021-07-11T05:42:00Z,12,352,0,364,364,24281[Hauptbahnhof Süd],2021-07-11T05:47:00.930Z
0.27564895,open,2021-07-11T05:42:00Z,223,586,0,809,809,24279[Konstabler],2021-07-11T05:47:00.930Z
0.48591548,open,2021-07-11T05:42:00Z,207,219,0,426,426,18497[Hauptwache],2021-07-11T05:47:00.930Z
0.1985294,open,2021-07-11T05:42:00Z,135,545,0,680,680,18495[Am Gericht],2021-07-11T05:47:00.930Z
0.13513513,open,2021-07-11T05:42:00Z,115,736,45,896,851,109240[MyZeil],2021-07-11T05:47:00.930Z
0.04597701,open,2021-07-11T05:42:00Z,28,581,0,609,609,18494[Konrad-Adenauer-Straße],2021-07-11T05:47:00.930Z
0.94400895,open,2021-07-11T05:57:00Z,843,50,0,893,893,24277[Börse],2021-07-11T06:02:01.097Z
0.02,open,2021-07-11T05:57:00Z,4,196,150,350,200,24276[Turmcenter],2021-07-11T06:02:01.097Z
0.15724815,open,2021-07-11T05:57:00Z,64,343,0,407,407,18944[Alte Oper],2021-07-11T06:02:01.097Z
0.032967035,open,2021-07-11T05:57:00Z,12,352,0,364,364,24281[Hauptbahnhof Süd],2021-07-11T06:02:01.097Z
0.27688503,open,2021-07-11T05:57:00Z,224,585,0,809,809,24279[Konstabler],2021-07-11T06:02:01.097Z
0.48356807,open,2021-07-11T05:57:00Z,206,220,0,426,426,18497[Hauptwache],2021-07-11T06:02:01.097Z
0.1985294,open,2021-07-11T05:57:00Z,135,545,0,680,680,18495[Am Gericht],2021-07-11T06:02:01.097Z
0.13748531,open,2021-07-11T05:57:00Z,117,734,45,896,851,109240[MyZeil],2021-07-11T06:02:01.097Z
0.04269294,open,2021-07-11T05:57:00Z,26,583,0,609,609,18494[Konrad-Adenauer-Straße],2021-07-11T06:02:01.097Z
0.94400895,open,2021-07-11T06:22:00Z,843,50,0,893,893,24277[Börse],2021-07-11T06:27:02.558Z
0.015,open,2021-07-11T06:22:00Z,3,197,150,350,200,24276[Turmcenter],2021-07-11T06:27:02.558Z
0.15724815,open,2021-07-11T06:22:00Z,64,343,0,407,407,18944[Alte Oper],2021-07-11T06:27:02.558Z
0.035714287,open,2021-07-11T06:22:00Z,13,351,0,364,364,24281[Hauptbahnhof Süd],2021-07-11T06:27:02.558Z
0.27194068,open,2021-07-11T06:22:00Z,220,589,0,809,809,24279[Konstabler],2021-07-11T06:27:02.558Z
0.48356807,open,2021-07-11T06:22:00Z,206,220,0,426,426,18497[Hauptwache],2021-07-11T06:27:02.558Z
0.2,open,2021-07-11T06:22:00Z,136,544,0,680,680,18495[Am Gericht],2021-07-11T06:27:02.558Z
0.1386604,open,2021-07-11T06:22:00Z,118,733,45,896,851,109240[MyZeil],2021-07-11T06:27:02.558Z
0.044334974,open,2021-07-11T06:22:00Z,27,582,0,609,609,18494[Konrad-Adenauer-Straße],2021-07-11T06:27:02.558Z
0.94400895,open,2021-07-11T06:47:00Z,843,50,0,893,893,24277[Börse],2021-07-11T06:52:00.634Z
0.02,open,2021-07-11T06:47:00Z,4,196,150,350,200,24276[Turmcenter],2021-07-11T06:52:00.634Z
0.15724815,open,2021-07-11T06:47:00Z,64,343,0,407,407,18944[Alte Oper],2021-07-11T06:52:00.634Z
0.03846154,open,2021-07-11T06:47:00Z,14,350,0,364,364,24281[Hauptbahnhof Süd],2021-07-11T06:52:00.634Z
0.2694685,open,2021-07-11T06:47:00Z,218,591,0,809,809,24279[Konstabler],2021-07-11T06:52:00.634Z
0.48356807,open,2021-07-11T06:47:00Z,206,220,0,426,426,18497[Hauptwache],2021-07-11T06:52:00.634Z
0.1985294,open,2021-07-11T06:47:00Z,135,545,0,680,680,18495[Am Gericht],2021-07-11T06:52:00.634Z
0.13983549,open,2021-07-11T06:47:00Z,119,732,45,896,851,109240[MyZeil],2021-07-11T06:52:00.634Z
0.041050903,open,2021-07-11T06:47:00Z,25,584,0,609,609,18494[Konrad-Adenauer-Straße],2021-07-11T06:52:00.634Z
0.94400895,open,2021-07-11T07:02:00Z,843,50,0,893,893,24277[Börse],2021-07-11T07:07:02.909Z
0.015,open,2021-07-11T07:02:00Z,3,197,150,350,200,24276[Turmcenter],2021-07-11T07:07:02.909Z
0.15724815,open,2021-07-11T07:02:00Z,64,343,0,407,407,18944[Alte Oper],2021-07-11T07:07:02.909Z
0.035714287,open,2021-07-11T07:02:00Z,13,351,0,364,364,24281[Hauptbahnhof Süd],2021-07-11T07:07:02.909Z
0.2694685,open,2021-07-11T07:02:00Z,218,591,0,809,809,24279[Konstabler],2021-07-11T07:07:02.909Z
0.48591548,open,2021-07-11T07:02:00Z,207,219,0,426,426,18497[Hauptwache],2021-07-11T07:07:02.909Z
0.1985294,open,2021-07-11T07:02:00Z,135,545,0,680,680,18495[Am Gericht],2021-07-11T07:07:02.909Z
0.1386604,open,2021-07-11T07:02:00Z,118,733,45,896,851,109240[MyZeil],2021-07-11T07:07:02.909Z
0.03776683,open,2021-07-11T07:02:00Z,23,586,0,609,609,18494[Konrad-Adenauer-Straße],2021-07-11T07:07:02.909Z
0.94400895,open,2021-07-11T07:17:00Z,843,50,0,893,893,24277[Börse],2021-07-11T07:22:02.103Z
0.02,open,2021-07-11T07:17:00Z,4,196,150,350,200,24276[Turmcenter],2021-07-11T07:22:02.103Z
0.15724815,open,2021-07-11T07:17:00Z,64,343,0,407,407,18944[Alte Oper],2021-07-11T07:22:02.103Z
0.032967035,open,2021-07-11T07:17:00Z,12,352,0,364,364,24281[Hauptbahnhof Süd],2021-07-11T07:22:02.103Z
0.27070457,open,2021-07-11T07:17:00Z,219,590,0,809,809,24279[Konstabler],2021-07-11T07:22:02.103Z
0.49061033,open,2021-07-11T07:17:00Z,209,217,0,426,426,18497[Hauptwache],2021-07-11T07:22:02.103Z
0.1985294,open,2021-07-11T07:17:00Z,135,545,0,680,680,18495[Am Gericht],2021-07-11T07:22:02.103Z
0.14101058,open,2021-07-11T07:17:00Z,120,731,45,896,851,109240[MyZeil],2021-07-11T07:22:02.103Z
0.036124796,open,2021-07-11T07:17:00Z,22,587,0,609,609,18494[Konrad-Adenauer-Straße],2021-07-11T07:22:02.103Z
0.94400895,open,2021-07-11T07:27:00Z,843,50,0,893,893,24277[Börse],2021-07-11T07:32:02.887Z
0.02,open,2021-07-11T07:27:00Z,4,196,150,350,200,24276[Turmcenter],2021-07-11T07:32:02.887Z
0.15479116,open,2021-07-11T07:27:00Z,63,344,0,407,407,18944[Alte Oper],2021-07-11T07:32:02.887Z
0.032967035,open,2021-07-11T07:27:00Z,12,352,0,364,364,24281[Hauptbahnhof Süd],2021-07-11T07:32:02.887Z
0.27070457,open,2021-07-11T07:27:00Z,219,590,0,809,809,24279[Konstabler],2021-07-11T07:32:02.887Z
0.49061033,open,2021-07-11T07:27:00Z,209,217,0,426,426,18497[Hauptwache],2021-07-11T07:32:02.887Z
0.2,open,2021-07-11T07:27:00Z,136,544,0,680,680,18495[Am Gericht],2021-07-11T07:32:02.887Z
0.14336075,open,2021-07-11T07:27:00Z,122,729,45,896,851,109240[MyZeil],2021-07-11T07:32:02.887Z
0.03284072,open,2021-07-11T07:27:00Z,20,589,0,609,609,18494[Konrad-Adenauer-Straße],2021-07-11T07:32:02.887Z
0.94400895,open,2021-07-11T07:42:00Z,843,50,0,893,893,24277[Börse],2021-07-11T07:47:00.488Z
0.03,open,2021-07-11T07:42:00Z,6,194,150,350,200,24276[Turmcenter],2021-07-11T07:47:00.488Z
0.15970516,open,2021-07-11T07:42:00Z,65,342,0,407,407,18944[Alte Oper],2021-07-11T07:47:00.488Z
0.032967035,open,2021-07-11T07:42:00Z,12,352,0,364,364,24281[Hauptbahnhof Süd],2021-07-11T07:47:00.488Z
0.2694685,open,2021-07-11T07:42:00Z,218,591,0,809,809,24279[Konstabler],2021-07-11T07:47:00.488Z
0.49295774,open,2021-07-11T07:42:00Z,210,216,0,426,426,18497[Hauptwache],2021-07-11T07:47:00.488Z
0.1985294,open,2021-07-11T07:42:00Z,135,545,0,680,680,18495[Am Gericht],2021-07-11T07:47:00.488Z
0.14218566,open,2021-07-11T07:42:00Z,121,730,45,896,851,109240[MyZeil],2021-07-11T07:47:00.488Z
0.026272578,open,2021-07-11T07:42:00Z,16,593,0,609,609,18494[Konrad-Adenauer-Straße],2021-07-11T07:47:00.488Z
0.94400895,open,2021-07-11T07:52:00Z,843,50,0,893,893,24277[Börse],2021-07-11T07:57:01.802Z
0.04,open,2021-07-11T07:52:00Z,8,192,150,350,200,24276[Turmcenter],2021-07-11T07:57:01.802Z
0.15970516,open,2021-07-11T07:52:00Z,65,342,0,407,407,18944[Alte Oper],2021-07-11T07:57:01.802Z
0.035714287,open,2021-07-11T07:52:00Z,13,351,0,364,364,24281[Hauptbahnhof Süd],2021-07-11T07:57:01.802Z
0.2669963,open,2021-07-11T07:52:00Z,216,593,0,809,809,24279[Konstabler],2021-07-11T07:57:01.802Z
0.4976526,open,2021-07-11T07:52:00Z,212,214,0,426,426,18497[Hauptwache],2021-07-11T07:57:01.802Z
0.2,open,2021-07-11T07:52:00Z,136,544,0,680,680,18495[Am Gericht],2021-07-11T07:57:01.802Z
0.14688602,open,2021-07-11T07:52:00Z,125,726,45,896,851,109240[MyZeil],2021-07-11T07:57:01.802Z
0.024630541,open,2021-07-11T07:52:00Z,15,594,0,609,609,18494[Konrad-Adenauer-Straße],2021-07-11T07:57:01.802Z
0.94400895,open,2021-07-11T08:18:00Z,843,50,0,893,893,24277[Börse],2021-07-11T08:22:01.658Z
0.045,open,2021-07-11T08:18:00Z,9,191,150,350,200,24276[Turmcenter],2021-07-11T08:22:01.658Z
0.17444718,open,2021-07-11T08:18:00Z,71,336,0,407,407,18944[Alte Oper],2021-07-11T08:22:01.658Z
0.03021978,open,2021-07-11T08:18:00Z,11,353,0,364,364,24281[Hauptbahnhof Süd],2021-07-11T08:22:01.658Z
0.27070457,open,2021-07-11T08:18:00Z,219,590,0,809,809,24279[Konstabler],2021-07-11T08:22:01.658Z
0.5070422,open,2021-07-11T08:18:00Z,216,210,0,426,426,18497[Hauptwache],2021-07-11T08:22:01.658Z
0.1985294,open,2021-07-11T08:18:00Z,135,545,0,680,680,18495[Am Gericht],2021-07-11T08:22:01.658Z
0.14806111,open,2021-07-11T08:18:00Z,126,725,45,896,851,109240[MyZeil],2021-07-11T08:22:01.658Z
0.013136289,open,2021-07-11T08:18:00Z,8,601,0,609,609,18494[Konrad-Adenauer-Straße],2021-07-11T08:22:01.658Z
0.94400895,open,2021-07-11T08:33:00Z,843,50,0,893,893,24277[Börse],2021-07-11T08:37:02.933Z
0.045,open,2021-07-11T08:33:00Z,9,191,150,350,200,24276[Turmcenter],2021-07-11T08:37:02.933Z
0.18181819,open,2021-07-11T08:33:00Z,74,333,0,407,407,18944[Alte Oper],2021-07-11T08:37:02.933Z
0.03021978,open,2021-07-11T08:33:00Z,11,353,0,364,364,24281[Hauptbahnhof Süd],2021-07-11T08:37:02.933Z
0.27070457,open,2021-07-11T08:33:00Z,219,590,0,809,809,24279[Konstabler],2021-07-11T08:37:02.933Z
0.5164319,open,2021-07-11T08:33:00Z,220,206,0,426,426,18497[Hauptwache],2021-07-11T08:37:02.933Z
0.19558823,open,2021-07-11T08:33:00Z,133,547,0,680,680,18495[Am Gericht],2021-07-11T08:37:02.933Z
0.14453584,open,2021-07-11T08:33:00Z,123,728,45,896,851,109240[MyZeil],2021-07-11T08:37:02.933Z
0.009852217,open,2021-07-11T08:33:00Z,6,603,0,609,609,18494[Konrad-Adenauer-Straße],2021-07-11T08:37:02.933Z
0.94400895,open,2021-07-11T08:43:00Z,843,50,0,893,893,24277[Börse],2021-07-11T08:47:00.354Z
0.055,open,2021-07-11T08:43:00Z,11,189,150,350,200,24276[Turmcenter],2021-07-11T08:47:00.354Z
0.18181819,open,2021-07-11T08:43:00Z,74,333,0,407,407,18944[Alte Oper],2021-07-11T08:47:00.354Z
0.03021978,open,2021-07-11T08:43:00Z,11,353,0,364,364,24281[Hauptbahnhof Süd],2021-07-11T08:47:00.354Z
0.27194068,open,2021-07-11T08:43:00Z,220,589,0,809,809,24279[Konstabler],2021-07-11T08:47:00.354Z
0.52347416,open,2021-07-11T08:43:00Z,223,203,0,426,426,18497[Hauptwache],2021-07-11T08:47:00.354Z
0.19705883,open,2021-07-11T08:43:00Z,134,546,0,680,680,18495[Am Gericht],2021-07-11T08:47:00.354Z
0.13983549,open,2021-07-11T08:43:00Z,119,732,45,896,851,109240[MyZeil],2021-07-11T08:47:00.354Z
0.0065681445,open,2021-07-11T08:43:00Z,4,605,0,609,609,18494[Konrad-Adenauer-Straße],2021-07-11T08:47:00.354Z
0.94400895,open,2021-07-11T08:53:00Z,843,50,0,893,893,24277[Börse],2021-07-11T08:57:00.897Z
0.055,open,2021-07-11T08:53:00Z,11,189,150,350,200,24276[Turmcenter],2021-07-11T08:57:00.897Z
0.18427518,open,2021-07-11T08:53:00Z,75,332,0,407,407,18944[Alte Oper],2021-07-11T08:57:00.897Z
0.032967035,open,2021-07-11T08:53:00Z,12,352,0,364,364,24281[Hauptbahnhof Süd],2021-07-11T08:57:00.897Z
0.27070457,open,2021-07-11T08:53:00Z,219,590,0,809,809,24279[Konstabler],2021-07-11T08:57:00.897Z
0.52816904,open,2021-07-11T08:53:00Z,225,201,0,426,426,18497[Hauptwache],2021-07-11T08:57:00.897Z
0.19558823,open,2021-07-11T08:53:00Z,133,547,0,680,680,18495[Am Gericht],2021-07-11T08:57:00.897Z
0.14336075,open,2021-07-11T08:53:00Z,122,729,45,896,851,109240[MyZeil],2021-07-11T08:57:00.897Z
0.0065681445,open,2021-07-11T08:53:00Z,4,605,0,609,609,18494[Konrad-Adenauer-Straße],2021-07-11T08:57:00.897Z
0.94400895,open,2021-07-11T09:18:00Z,843,50,0,893,893,24277[Börse],2021-07-11T09:22:01.328Z
0.05,open,2021-07-11T09:18:00Z,10,190,150,350,200,24276[Turmcenter],2021-07-11T09:22:01.328Z
0.1990172,open,2021-07-11T09:18:00Z,81,326,0,407,407,18944[Alte Oper],2021-07-11T09:22:01.328Z
0.027472528,open,2021-07-11T09:18:00Z,10,354,0,364,364,24281[Hauptbahnhof Süd],2021-07-11T09:22:01.328Z
0.27070457,open,2021-07-11T09:18:00Z,219,590,0,809,809,24279[Konstabler],2021-07-11T09:22:01.328Z
0.5539906,open,2021-07-11T09:18:00Z,236,190,0,426,426,18497[Hauptwache],2021-07-11T09:22:01.328Z
0.19558823,open,2021-07-11T09:18:00Z,133,547,0,680,680,18495[Am Gericht],2021-07-11T09:22:01.328Z
0.14218566,open,2021-07-11T09:18:00Z,121,730,45,896,851,109240[MyZeil],2021-07-11T09:22:01.328Z
0.0032840723,open,2021-07-11T09:18:00Z,2,607,0,609,609,18494[Konrad-Adenauer-Straße],2021-07-11T09:22:01.328Z
0.94400895,open,2021-07-11T09:33:00Z,843,50,0,893,893,24277[Börse],2021-07-11T09:37:00.480Z
0.05,open,2021-07-11T09:33:00Z,10,190,150,350,200,24276[Turmcenter],2021-07-11T09:37:00.480Z
0.2113022,open,2021-07-11T09:33:00Z,86,321,0,407,407,18944[Alte Oper],2021-07-11T09:37:00.480Z
0.027472528,open,2021-07-11T09:33:00Z,10,354,0,364,364,24281[Hauptbahnhof Süd],2021-07-11T09:37:00.480Z
0.27564895,open,2021-07-11T09:33:00Z,223,586,0,809,809,24279[Konstabler],2021-07-11T09:37:00.480Z
0.5657277,open,2021-07-11T09:33:00Z,241,185,0,426,426,18497[Hauptwache],2021-07-11T09:37:00.480Z
0.19558823,open,2021-07-11T09:33:00Z,133,547,0,680,680,18495[Am Gericht],2021-07-11T09:37:00.480Z
0.14453584,open,2021-07-11T09:33:00Z,123,728,45,896,851,109240[MyZeil],2021-07-11T09:37:00.480Z
0.0016420361,open,2021-07-11T09:33:00Z,1,608,0,609,609,18494[Konrad-Adenauer-Straße],2021-07-11T09:37:00.480Z
0.94400895,open,2021-07-11T09:43:00Z,843,50,0,893,893,24277[Börse],2021-07-11T09:47:01.013Z
0.05,open,2021-07-11T09:43:00Z,10,190,150,350,200,24276[Turmcenter],2021-07-11T09:47:01.013Z
0.2113022,open,2021-07-11T09:43:00Z,86,321,0,407,407,18944[Alte Oper],2021-07-11T09:47:01.013Z
0.021978023,open,2021-07-11T09:43:00Z,8,356,0,364,364,24281[Hauptbahnhof Süd],2021-07-11T09:47:01.013Z
0.27688503,open,2021-07-11T09:43:00Z,224,585,0,809,809,24279[Konstabler],2021-07-11T09:47:01.013Z
0.5610329,open,2021-07-11T09:43:00Z,239,187,0,426,426,18497[Hauptwache],2021-07-11T09:47:01.013Z
0.19558823,open,2021-07-11T09:43:00Z,133,547,0,680,680,18495[Am Gericht],2021-07-11T09:47:01.013Z
0.14571093,open,2021-07-11T09:43:00Z,124,727,45,896,851,109240[MyZeil],2021-07-11T09:47:01.013Z
0,open,2021-07-11T09:43:00Z,0,609,0,609,609,18494[Konrad-Adenauer-Straße],2021-07-11T09:47:01.013Z
0.94400895,open,2021-07-11T09:53:00Z,843,50,0,893,893,24277[Börse],2021-07-11T09:57:02.323Z
0.045,open,2021-07-11T09:53:00Z,9,191,150,350,200,24276[Turmcenter],2021-07-11T09:57:02.323Z
0.21375921,open,2021-07-11T09:53:00Z,87,320,0,407,407,18944[Alte Oper],2021-07-11T09:57:02.323Z
0.021978023,open,2021-07-11T09:53:00Z,8,356,0,364,364,24281[Hauptbahnhof Süd],2021-07-11T09:57:02.323Z
0.2855377,open,2021-07-11T09:53:00Z,231,578,0,809,809,24279[Konstabler],2021-07-11T09:57:02.323Z
0.5680751,open,2021-07-11T09:53:00Z,242,184,0,426,426,18497[Hauptwache],2021-07-11T09:57:02.323Z
0.19705883,open,2021-07-11T09:53:00Z,134,546,0,680,680,18495[Am Gericht],2021-07-11T09:57:02.323Z
0.14336075,open,2021-07-11T09:53:00Z,122,729,45,896,851,109240[MyZeil],2021-07-11T09:57:02.323Z
0,open,2021-07-11T09:53:00Z,0,609,0,609,609,18494[Konrad-Adenauer-Straße],2021-07-11T09:57:02.323Z
0.94400895,open,2021-07-11T10:24:00Z,843,50,0,893,893,24277[Börse],2021-07-11T10:27:00.932Z
0.055,open,2021-07-11T10:24:00Z,11,189,150,350,200,24276[Turmcenter],2021-07-11T10:27:00.932Z
0.2063882,open,2021-07-11T10:24:00Z,84,323,0,407,407,18944[Alte Oper],2021-07-11T10:27:00.932Z
0.024725275,open,2021-07-11T10:24:00Z,9,355,0,364,364,24281[Hauptbahnhof Süd],2021-07-11T10:27:00.932Z
0.29542646,open,2021-07-11T10:24:00Z,239,570,0,809,809,24279[Konstabler],2021-07-11T10:27:00.932Z
0.5798122,open,2021-07-11T10:24:00Z,247,179,0,426,426,18497[Hauptwache],2021-07-11T10:27:00.932Z
0.19558823,open,2021-07-11T10:24:00Z,133,547,0,680,680,18495[Am Gericht],2021-07-11T10:27:00.932Z
0.14101058,open,2021-07-11T10:24:00Z,120,731,45,896,851,109240[MyZeil],2021-07-11T10:27:00.932Z
0.0032840723,open,2021-07-11T10:24:00Z,2,607,0,609,609,18494[Konrad-Adenauer-Straße],2021-07-11T10:27:00.932Z
0.94400895,open,2021-07-11T10:34:00Z,843,50,0,893,893,24277[Börse],2021-07-11T10:37:01.503Z
0.06,open,2021-07-11T10:34:00Z,12,188,150,350,200,24276[Turmcenter],2021-07-11T10:37:01.503Z
0.20884521,open,2021-07-11T10:34:00Z,85,322,0,407,407,18944[Alte Oper],2021-07-11T10:37:01.503Z
0.027472528,open,2021-07-11T10:34:00Z,10,354,0,364,364,24281[Hauptbahnhof Süd],2021-07-11T10:37:01.503Z
0.29913473,open,2021-07-11T10:34:00Z,242,567,0,809,809,24279[Konstabler],2021-07-11T10:37:01.503Z
0.5915493,open,2021-07-11T10:34:00Z,252,174,0,426,426,18497[Hauptwache],2021-07-11T10:37:01.503Z
0.1985294,open,2021-07-11T10:34:00Z,135,545,0,680,680,18495[Am Gericht],2021-07-11T10:37:01.503Z
0.13748531,open,2021-07-11T10:34:00Z,117,734,45,896,851,109240[MyZeil],2021-07-11T10:37:01.503Z
0.00821018,open,2021-07-11T10:34:00Z,5,604,0,609,609,18494[Konrad-Adenauer-Straße],2021-07-11T10:37:01.503Z
0.94400895,open,2021-07-11T10:44:00Z,843,50,0,893,893,24277[Börse],2021-07-11T10:47:02.905Z
0.075,open,2021-07-11T10:44:00Z,15,185,150,350,200,24276[Turmcenter],2021-07-11T10:47:02.905Z
0.2063882,open,2021-07-11T10:44:00Z,84,323,0,407,407,18944[Alte Oper],2021-07-11T10:47:02.905Z
0.027472528,open,2021-07-11T10:44:00Z,10,354,0,364,364,24281[Hauptbahnhof Süd],2021-07-11T10:47:02.905Z
0.30160692,open,2021-07-11T10:44:00Z,244,565,0,809,809,24279[Konstabler],2021-07-11T10:47:02.905Z
0.5938967,open,2021-07-11T10:44:00Z,253,173,0,426,426,18497[Hauptwache],2021-07-11T10:47:02.905Z
0.19705883,open,2021-07-11T10:44:00Z,134,546,0,680,680,18495[Am Gericht],2021-07-11T10:47:02.905Z
0.13513513,open,2021-07-11T10:44:00Z,115,736,45,896,851,109240[MyZeil],2021-07-11T10:47:02.905Z
0.011494253,open,2021-07-11T10:44:00Z,7,602,0,609,609,18494[Konrad-Adenauer-Straße],2021-07-11T10:47:02.905Z
0.94400895,open,2021-07-11T10:54:00Z,843,50,0,893,893,24277[Börse],2021-07-11T10:57:00.446Z
0.075,open,2021-07-11T10:54:00Z,15,185,150,350,200,24276[Turmcenter],2021-07-11T10:57:00.446Z
0.21621622,open,2021-07-11T10:54:00Z,88,319,0,407,407,18944[Alte Oper],2021-07-11T10:57:00.446Z
0.03021978,open,2021-07-11T10:54:00Z,11,353,0,364,364,24281[Hauptbahnhof Süd],2021-07-11T10:57:00.446Z
0.3090235,open,2021-07-11T10:54:00Z,250,559,0,809,809,24279[Konstabler],2021-07-11T10:57:00.446Z
0.600939,open,2021-07-11T10:54:00Z,256,170,0,426,426,18497[Hauptwache],2021-07-11T10:57:00.446Z
0.19411765,open,2021-07-11T10:54:00Z,132,548,0,680,680,18495[Am Gericht],2021-07-11T10:57:00.446Z
0.13278496,open,2021-07-11T10:54:00Z,113,738,45,896,851,109240[MyZeil],2021-07-11T10:57:00.446Z
0.019704433,open,2021-07-11T10:54:00Z,12,597,0,609,609,18494[Konrad-Adenauer-Straße],2021-07-11T10:57:00.446Z
0.94400895,open,2021-07-11T11:14:00Z,843,50,0,893,893,24277[Börse],2021-07-11T11:17:00.145Z
0.1,open,2021-07-11T11:14:00Z,20,180,150,350,200,24276[Turmcenter],2021-07-11T11:17:00.145Z
0.22113022,open,2021-07-11T11:14:00Z,90,317,0,407,407,18944[Alte Oper],2021-07-11T11:17:00.145Z
0.03021978,open,2021-07-11T11:14:00Z,11,353,0,364,364,24281[Hauptbahnhof Süd],2021-07-11T11:17:00.145Z
0.3250927,open,2021-07-11T11:14:00Z,263,546,0,809,809,24279[Konstabler],2021-07-11T11:17:00.145Z
0.6150235,open,2021-07-11T11:14:00Z,262,164,0,426,426,18497[Hauptwache],2021-07-11T11:17:00.145Z
0.19705883,open,2021-07-11T11:14:00Z,134,546,0,680,680,18495[Am Gericht],2021-07-11T11:17:00.145Z
0.12573443,open,2021-07-11T11:14:00Z,107,744,45,896,851,109240[MyZeil],2021-07-11T11:17:00.145Z
0.018062398,open,2021-07-11T11:14:00Z,11,598,0,609,609,18494[Konrad-Adenauer-Straße],2021-07-11T11:17:00.145Z
0.94400895,open,2021-07-11T11:24:00Z,843,50,0,893,893,24277[Börse],2021-07-11T11:27:01.103Z
0.11,open,2021-07-11T11:24:00Z,22,178,150,350,200,24276[Turmcenter],2021-07-11T11:27:01.103Z
0.22850123,open,2021-07-11T11:24:00Z,93,314,0,407,407,18944[Alte Oper],2021-07-11T11:27:01.103Z
0.03021978,open,2021-07-11T11:24:00Z,11,353,0,364,364,24281[Hauptbahnhof Süd],2021-07-11T11:27:01.103Z
0.32385662,open,2021-07-11T11:24:00Z,262,547,0,809,809,24279[Konstabler],2021-07-11T11:27:01.103Z
0.64319247,open,2021-07-11T11:24:00Z,274,152,0,426,426,18497[Hauptwache],2021-07-11T11:27:01.103Z
0.1985294,open,2021-07-11T11:24:00Z,135,545,0,680,680,18495[Am Gericht],2021-07-11T11:27:01.103Z
0.12220917,open,2021-07-11T11:24:00Z,104,747,45,896,851,109240[MyZeil],2021-07-11T11:27:01.103Z
0.018062398,open,2021-07-11T11:24:00Z,11,598,0,609,609,18494[Konrad-Adenauer-Straße],2021-07-11T11:27:01.103Z
0.94400895,open,2021-07-11T11:34:00Z,843,50,0,893,893,24277[Börse],2021-07-11T11:37:01.294Z
0.125,open,2021-07-11T11:34:00Z,25,175,150,350,200,24276[Turmcenter],2021-07-11T11:37:01.294Z
0.23341523,open,2021-07-11T11:34:00Z,95,312,0,407,407,18944[Alte Oper],2021-07-11T11:37:01.294Z
0.03846154,open,2021-07-11T11:34:00Z,14,350,0,364,364,24281[Hauptbahnhof Süd],2021-07-11T11:37:01.294Z
0.3275649,open,2021-07-11T11:34:00Z,265,544,0,809,809,24279[Konstabler],2021-07-11T11:37:01.294Z
0.64788735,open,2021-07-11T11:34:00Z,276,150,0,426,426,18497[Hauptwache],2021-07-11T11:37:01.294Z
0.20147058,open,2021-07-11T11:34:00Z,137,543,0,680,680,18495[Am Gericht],2021-07-11T11:37:01.294Z
0.11985899,open,2021-07-11T11:34:00Z,102,749,45,896,851,109240[MyZeil],2021-07-11T11:37:01.294Z
0.013136289,open,2021-07-11T11:34:00Z,8,601,0,609,609,18494[Konrad-Adenauer-Straße],2021-07-11T11:37:01.294Z
0.94400895,open,2021-07-11T11:44:00Z,843,50,0,893,893,24277[Börse],2021-07-11T11:47:01.832Z
0.14,open,2021-07-11T11:44:00Z,28,172,150,350,200,24276[Turmcenter],2021-07-11T11:47:01.832Z
0.24078624,open,2021-07-11T11:44:00Z,98,309,0,407,407,18944[Alte Oper],2021-07-11T11:47:01.832Z
0.043956045,open,2021-07-11T11:44:00Z,16,348,0,364,364,24281[Hauptbahnhof Süd],2021-07-11T11:47:01.832Z
0.33250928,open,2021-07-11T11:44:00Z,269,540,0,809,809,24279[Konstabler],2021-07-11T11:47:01.832Z
0.6666667,open,2021-07-11T11:44:00Z,284,142,0,426,426,18497[Hauptwache],2021-07-11T11:47:01.832Z
0.20882353,open,2021-07-11T11:44:00Z,142,538,0,680,680,18495[Am Gericht],2021-07-11T11:47:01.832Z
0.11633372,open,2021-07-11T11:44:00Z,99,752,45,896,851,109240[MyZeil],2021-07-11T11:47:01.832Z
0.019704433,open,2021-07-11T11:44:00Z,12,597,0,609,609,18494[Konrad-Adenauer-Straße],2021-07-11T11:47:01.832Z
0.94400895,open,2021-07-11T11:54:00Z,843,50,0,893,893,24277[Börse],2021-07-11T11:57:02.388Z
0.14,open,2021-07-11T11:54:00Z,28,172,150,350,200,24276[Turmcenter],2021-07-11T11:57:02.388Z
0.24570024,open,2021-07-11T11:54:00Z,100,307,0,407,407,18944[Alte Oper],2021-07-11T11:57:02.388Z
0.046703298,open,2021-07-11T11:54:00Z,17,347,0,364,364,24281[Hauptbahnhof Süd],2021-07-11T11:57:02.388Z
0.34239802,open,2021-07-11T11:54:00Z,277,532,0,809,809,24279[Konstabler],2021-07-11T11:57:02.388Z
0.69014084,open,2021-07-11T11:54:00Z,294,132,0,426,426,18497[Hauptwache],2021-07-11T11:57:02.388Z
0.21470588,open,2021-07-11T11:54:00Z,146,534,0,680,680,18495[Am Gericht],2021-07-11T11:57:02.388Z
0.11515864,open,2021-07-11T11:54:00Z,98,753,45,896,851,109240[MyZeil],2021-07-11T11:57:02.388Z
0.026272578,open,2021-07-11T11:54:00Z,16,593,0,609,609,18494[Konrad-Adenauer-Straße],2021-07-11T11:57:02.388Z
0.94400895,open,2021-07-11T12:29:00Z,843,50,0,893,893,24277[Börse],2021-07-11T12:32:01.697Z
0.235,open,2021-07-11T12:29:00Z,47,153,150,350,200,24276[Turmcenter],2021-07-11T12:32:01.697Z
0.23587224,open,2021-07-11T12:29:00Z,96,311,0,407,407,18944[Alte Oper],2021-07-11T12:32:01.697Z
0.052197803,open,2021-07-11T12:29:00Z,19,345,0,364,364,24281[Hauptbahnhof Süd],2021-07-11T12:32:01.697Z
0.3448702,open,2021-07-11T12:29:00Z,279,530,0,809,809,24279[Konstabler],2021-07-11T12:32:01.697Z
0.69953054,open,2021-07-11T12:29:00Z,298,128,0,426,426,18497[Hauptwache],2021-07-11T12:32:01.697Z
0.22941177,open,2021-07-11T12:29:00Z,156,524,0,680,680,18495[Am Gericht],2021-07-11T12:32:01.697Z
0.12103408,open,2021-07-11T12:29:00Z,103,748,45,896,851,109240[MyZeil],2021-07-11T12:32:01.697Z
0.024630541,open,2021-07-11T12:29:00Z,15,594,0,609,609,18494[Konrad-Adenauer-Straße],2021-07-11T12:32:01.697Z
0.94400895,open,2021-07-11T13:00:00Z,843,50,0,893,893,24277[Börse],2021-07-11T13:02:01.113Z
0.295,open,2021-07-11T13:00:00Z,59,141,150,350,200,24276[Turmcenter],2021-07-11T13:02:01.113Z
0.23095824,open,2021-07-11T13:00:00Z,94,313,0,407,407,18944[Alte Oper],2021-07-11T13:02:01.113Z
0.043956045,open,2021-07-11T13:00:00Z,16,348,0,364,364,24281[Hauptbahnhof Süd],2021-07-11T13:02:01.113Z
0.34239802,open,2021-07-11T13:00:00Z,277,532,0,809,809,24279[Konstabler],2021-07-11T13:02:01.113Z
0.6971831,open,2021-07-11T13:00:00Z,297,129,0,426,426,18497[Hauptwache],2021-07-11T13:02:01.113Z
0.23088235,open,2021-07-11T13:00:00Z,157,523,0,680,680,18495[Am Gericht],2021-07-11T13:02:01.113Z
0.12338425,open,2021-07-11T13:00:00Z,105,746,45,896,851,109240[MyZeil],2021-07-11T13:02:01.113Z
0.024630541,open,2021-07-11T13:00:00Z,15,594,0,609,609,18494[Konrad-Adenauer-Straße],2021-07-11T13:02:01.113Z
0.94400895,open,2021-07-11T13:20:00Z,843,50,0,893,893,24277[Börse],2021-07-11T13:22:00.510Z
0.285,open,2021-07-11T13:20:00Z,57,143,150,350,200,24276[Turmcenter],2021-07-11T13:22:00.510Z
0.2113022,open,2021-07-11T13:20:00Z,86,321,0,407,407,18944[Alte Oper],2021-07-11T13:22:00.510Z
0.03846154,open,2021-07-11T13:20:00Z,14,350,0,364,364,24281[Hauptbahnhof Süd],2021-07-11T13:22:00.510Z
0.33992583,open,2021-07-11T13:20:00Z,275,534,0,809,809,24279[Konstabler],2021-07-11T13:22:00.510Z
0.6971831,open,2021-07-11T13:20:00Z,297,129,0,426,426,18497[Hauptwache],2021-07-11T13:22:00.510Z
0.23235294,open,2021-07-11T13:20:00Z,158,522,0,680,680,18495[Am Gericht],2021-07-11T13:22:00.510Z
0.12573443,open,2021-07-11T13:20:00Z,107,744,45,896,851,109240[MyZeil],2021-07-11T13:22:00.510Z
0.026272578,open,2021-07-11T13:20:00Z,16,593,0,609,609,18494[Konrad-Adenauer-Straße],2021-07-11T13:22:00.510Z
0.94400895,open,2021-07-11T13:35:00Z,843,50,0,893,893,24277[Börse],2021-07-11T13:37:00.670Z
0.27,open,2021-07-11T13:35:00Z,54,146,150,350,200,24276[Turmcenter],2021-07-11T13:37:00.670Z
0.21375921,open,2021-07-11T13:35:00Z,87,320,0,407,407,18944[Alte Oper],2021-07-11T13:37:00.670Z
0.032967035,open,2021-07-11T13:35:00Z,12,352,0,364,364,24281[Hauptbahnhof Süd],2021-07-11T13:37:00.670Z
0.34239802,open,2021-07-11T13:35:00Z,277,532,0,809,809,24279[Konstabler],2021-07-11T13:37:00.670Z
0.6737089,open,2021-07-11T13:35:00Z,287,139,0,426,426,18497[Hauptwache],2021-07-11T13:37:00.670Z
0.2382353,open,2021-07-11T13:35:00Z,162,518,0,680,680,18495[Am Gericht],2021-07-11T13:37:00.670Z
0.12573443,open,2021-07-11T13:35:00Z,107,744,45,896,851,109240[MyZeil],2021-07-11T13:37:00.670Z
0.03284072,open,2021-07-11T13:35:00Z,20,589,0,609,609,18494[Konrad-Adenauer-Straße],2021-07-11T13:37:00.670Z
0.94400895,open,2021-07-11T13:45:00Z,843,50,0,893,893,24277[Börse],2021-07-11T13:47:01.119Z
0.28,open,2021-07-11T13:45:00Z,56,144,150,350,200,24276[Turmcenter],2021-07-11T13:47:01.119Z
0.22113022,open,2021-07-11T13:45:00Z,90,317,0,407,407,18944[Alte Oper],2021-07-11T13:47:01.119Z
0.035714287,open,2021-07-11T13:45:00Z,13,351,0,364,364,24281[Hauptbahnhof Süd],2021-07-11T13:47:01.119Z
0.3448702,open,2021-07-11T13:45:00Z,279,530,0,809,809,24279[Konstabler],2021-07-11T13:47:01.119Z
0.6760563,open,2021-07-11T13:45:00Z,288,138,0,426,426,18497[Hauptwache],2021-07-11T13:47:01.119Z
0.24705882,open,2021-07-11T13:45:00Z,168,512,0,680,680,18495[Am Gericht],2021-07-11T13:47:01.119Z
0.12220917,open,2021-07-11T13:45:00Z,104,747,45,896,851,109240[MyZeil],2021-07-11T13:47:01.119Z
0.03448276,open,2021-07-11T13:45:00Z,21,588,0,609,609,18494[Konrad-Adenauer-Straße],2021-07-11T13:47:01.119Z
0.94400895,open,2021-07-11T13:55:00Z,843,50,0,893,893,24277[Börse],2021-07-11T13:57:01.497Z
0.275,open,2021-07-11T13:55:00Z,55,145,150,350,200,24276[Turmcenter],2021-07-11T13:57:01.497Z
0.22850123,open,2021-07-11T13:55:00Z,93,314,0,407,407,18944[Alte Oper],2021-07-11T13:57:01.497Z
0.035714287,open,2021-07-11T13:55:00Z,13,351,0,364,364,24281[Hauptbahnhof Süd],2021-07-11T13:57:01.497Z
0.3522868,open,2021-07-11T13:55:00Z,285,524,0,809,809,24279[Konstabler],2021-07-11T13:57:01.497Z
0.6690141,open,2021-07-11T13:55:00Z,285,141,0,426,426,18497[Hauptwache],2021-07-11T13:57:01.497Z
0.25441176,open,2021-07-11T13:55:00Z,173,507,0,680,680,18495[Am Gericht],2021-07-11T13:57:01.497Z
0.11985899,open,2021-07-11T13:55:00Z,102,749,45,896,851,109240[MyZeil],2021-07-11T13:57:01.497Z
0.04269294,open,2021-07-11T13:55:00Z,26,583,0,609,609,18494[Konrad-Adenauer-Straße],2021-07-11T13:57:01.497Z
0.94400895,open,2021-07-11T14:10:00Z,843,50,0,893,893,24277[Börse],2021-07-11T14:12:00.655Z
0.28,open,2021-07-11T14:10:00Z,56,144,150,350,200,24276[Turmcenter],2021-07-11T14:12:00.655Z
0.22358723,open,2021-07-11T14:10:00Z,91,316,0,407,407,18944[Alte Oper],2021-07-11T14:12:00.655Z
0.043956045,open,2021-07-11T14:10:00Z,16,348,0,364,364,24281[Hauptbahnhof Süd],2021-07-11T14:12:00.655Z
0.35475895,open,2021-07-11T14:10:00Z,287,522,0,809,809,24279[Konstabler],2021-07-11T14:12:00.655Z
0.68779343,open,2021-07-11T14:10:00Z,293,133,0,426,426,18497[Hauptwache],2021-07-11T14:12:00.655Z
0.2647059,open,2021-07-11T14:10:00Z,180,500,0,680,680,18495[Am Gericht],2021-07-11T14:12:00.655Z
0.11985899,open,2021-07-11T14:10:00Z,102,749,45,896,851,109240[MyZeil],2021-07-11T14:12:00.655Z
0.05090312,open,2021-07-11T14:10:00Z,31,578,0,609,609,18494[Konrad-Adenauer-Straße],2021-07-11T14:12:00.655Z
0.94400895,open,2021-07-11T14:26:00Z,843,50,0,893,893,24277[Börse],2021-07-11T14:27:00.367Z
0.285,open,2021-07-11T14:26:00Z,57,143,150,350,200,24276[Turmcenter],2021-07-11T14:27:00.367Z
0.23587224,open,2021-07-11T14:26:00Z,96,311,0,407,407,18944[Alte Oper],2021-07-11T14:27:00.367Z
0.03846154,open,2021-07-11T14:26:00Z,14,350,0,364,364,24281[Hauptbahnhof Süd],2021-07-11T14:27:00.367Z
0.36093944,open,2021-07-11T14:26:00Z,292,517,0,809,809,24279[Konstabler],2021-07-11T14:27:00.367Z
0.6760563,open,2021-07-11T14:26:00Z,288,138,0,426,426,18497[Hauptwache],2021-07-11T14:27:00.367Z
0.26911765,open,2021-07-11T14:26:00Z,183,497,0,680,680,18495[Am Gericht],2021-07-11T14:27:00.367Z
0.12338425,open,2021-07-11T14:26:00Z,105,746,45,896,851,109240[MyZeil],2021-07-11T14:27:00.367Z
0.052545156,open,2021-07-11T14:26:00Z,32,577,0,609,609,18494[Konrad-Adenauer-Straße],2021-07-11T14:27:00.367Z
0.94400895,open,2021-07-11T14:36:00Z,843,50,0,893,893,24277[Börse],2021-07-11T14:37:00.511Z
0.29,open,2021-07-11T14:36:00Z,58,142,150,350,200,24276[Turmcenter],2021-07-11T14:37:00.511Z
0.23832923,open,2021-07-11T14:36:00Z,97,310,0,407,407,18944[Alte Oper],2021-07-11T14:37:00.511Z
0.043956045,open,2021-07-11T14:36:00Z,16,348,0,364,364,24281[Hauptbahnhof Süd],2021-07-11T14:37:00.511Z
0.36464772,open,2021-07-11T14:36:00Z,295,514,0,809,809,24279[Konstabler],2021-07-11T14:37:00.511Z
0.6830986,open,2021-07-11T14:36:00Z,291,135,0,426,426,18497[Hauptwache],2021-07-11T14:37:00.511Z
0.26764706,open,2021-07-11T14:36:00Z,182,498,0,680,680,18495[Am Gericht],2021-07-11T14:37:00.511Z
0.12220917,open,2021-07-11T14:36:00Z,104,747,45,896,851,109240[MyZeil],2021-07-11T14:37:00.511Z
0.049261082,open,2021-07-11T14:36:00Z,30,579,0,609,609,18494[Konrad-Adenauer-Straße],2021-07-11T14:37:00.511Z
0.94400895,open,2021-07-11T14:46:00Z,843,50,0,893,893,24277[Börse],2021-07-11T14:47:02.439Z
0.32,open,2021-07-11T14:46:00Z,64,136,150,350,200,24276[Turmcenter],2021-07-11T14:47:02.439Z
0.23832923,open,2021-07-11T14:46:00Z,97,310,0,407,407,18944[Alte Oper],2021-07-11T14:47:02.439Z
0.043956045,open,2021-07-11T14:46:00Z,16,348,0,364,364,24281[Hauptbahnhof Süd],2021-07-11T14:47:02.439Z
0.3658838,open,2021-07-11T14:46:00Z,296,513,0,809,809,24279[Konstabler],2021-07-11T14:47:02.439Z
0.69483566,open,2021-07-11T14:46:00Z,296,130,0,426,426,18497[Hauptwache],2021-07-11T14:47:02.439Z
0.27794117,open,2021-07-11T14:46:00Z,189,491,0,680,680,18495[Am Gericht],2021-07-11T14:47:02.439Z
0.12103408,open,2021-07-11T14:46:00Z,103,748,45,896,851,109240[MyZeil],2021-07-11T14:47:02.439Z
0.060755335,open,2021-07-11T14:46:00Z,37,572,0,609,609,18494[Konrad-Adenauer-Straße],2021-07-11T14:47:02.439Z
0.94400895,open,2021-07-11T15:01:00Z,843,50,0,893,893,24277[Börse],2021-07-11T15:02:00.220Z
0.31,open,2021-07-11T15:01:00Z,62,138,150,350,200,24276[Turmcenter],2021-07-11T15:02:00.220Z
0.23341523,open,2021-07-11T15:01:00Z,95,312,0,407,407,18944[Alte Oper],2021-07-11T15:02:00.220Z
0.041208792,open,2021-07-11T15:01:00Z,15,349,0,364,364,24281[Hauptbahnhof Süd],2021-07-11T15:02:00.220Z
0.37330037,open,2021-07-11T15:01:00Z,302,507,0,809,809,24279[Konstabler],2021-07-11T15:02:00.220Z
0.7089202,open,2021-07-11T15:01:00Z,302,124,0,426,426,18497[Hauptwache],2021-07-11T15:02:00.220Z
0.28970587,open,2021-07-11T15:01:00Z,197,483,0,680,680,18495[Am Gericht],2021-07-11T15:02:00.220Z
0.118683904,open,2021-07-11T15:01:00Z,101,750,45,896,851,109240[MyZeil],2021-07-11T15:02:00.220Z
0.0591133,open,2021-07-11T15:01:00Z,36,573,0,609,609,18494[Konrad-Adenauer-Straße],2021-07-11T15:02:00.220Z
0.94400895,open,2021-07-11T15:26:00Z,843,50,0,893,893,24277[Börse],2021-07-11T15:27:02.975Z
0.275,open,2021-07-11T15:26:00Z,55,145,150,350,200,24276[Turmcenter],2021-07-11T15:27:02.975Z
0.22604422,open,2021-07-11T15:26:00Z,92,315,0,407,407,18944[Alte Oper],2021-07-11T15:27:02.975Z
0.03846154,open,2021-07-11T15:26:00Z,14,350,0,364,364,24281[Hauptbahnhof Süd],2021-07-11T15:27:02.975Z
0.37824476,open,2021-07-11T15:26:00Z,306,503,0,809,809,24279[Konstabler],2021-07-11T15:27:02.975Z
0.7230047,open,2021-07-11T15:26:00Z,308,118,0,426,426,18497[Hauptwache],2021-07-11T15:27:02.975Z
0.29705882,open,2021-07-11T15:26:00Z,202,478,0,680,680,18495[Am Gericht],2021-07-11T15:27:02.975Z
0.118683904,open,2021-07-11T15:26:00Z,101,750,45,896,851,109240[MyZeil],2021-07-11T15:27:02.975Z
0.06403941,open,2021-07-11T15:26:00Z,39,570,0,609,609,18494[Konrad-Adenauer-Straße],2021-07-11T15:27:02.975Z
0.94400895,open,2021-07-11T15:46:00Z,843,50,0,893,893,24277[Börse],2021-07-11T15:47:00.236Z
0.295,open,2021-07-11T15:46:00Z,59,141,150,350,200,24276[Turmcenter],2021-07-11T15:47:00.236Z
0.23587224,open,2021-07-11T15:46:00Z,96,311,0,407,407,18944[Alte Oper],2021-07-11T15:47:00.236Z
0.041208792,open,2021-07-11T15:46:00Z,15,349,0,364,364,24281[Hauptbahnhof Süd],2021-07-11T15:47:00.236Z
0.3881335,open,2021-07-11T15:46:00Z,314,495,0,809,809,24279[Konstabler],2021-07-11T15:47:00.236Z
0.7230047,open,2021-07-11T15:46:00Z,308,118,0,426,426,18497[Hauptwache],2021-07-11T15:47:00.236Z
0.30735293,open,2021-07-11T15:46:00Z,209,471,0,680,680,18495[Am Gericht],2021-07-11T15:47:00.236Z
0.12103408,open,2021-07-11T15:46:00Z,103,748,45,896,851,109240[MyZeil],2021-07-11T15:47:00.236Z
0.057471264,open,2021-07-11T15:46:00Z,35,574,0,609,609,18494[Konrad-Adenauer-Straße],2021-07-11T15:47:00.236Z
0.94400895,open,2021-07-11T15:56:00Z,843,50,0,893,893,24277[Börse],2021-07-11T15:57:00.534Z
0.3,open,2021-07-11T15:56:00Z,60,140,150,350,200,24276[Turmcenter],2021-07-11T15:57:00.534Z
0.24570024,open,2021-07-11T15:56:00Z,100,307,0,407,407,18944[Alte Oper],2021-07-11T15:57:00.534Z
0.041208792,open,2021-07-11T15:56:00Z,15,349,0,364,364,24281[Hauptbahnhof Süd],2021-07-11T15:57:00.534Z
0.3906057,open,2021-07-11T15:56:00Z,316,493,0,809,809,24279[Konstabler],2021-07-11T15:57:00.534Z
0.7112676,open,2021-07-11T15:56:00Z,303,123,0,426,426,18497[Hauptwache],2021-07-11T15:57:00.534Z
0.31029412,open,2021-07-11T15:56:00Z,211,469,0,680,680,18495[Am Gericht],2021-07-11T15:57:00.534Z
0.12220917,open,2021-07-11T15:56:00Z,104,747,45,896,851,109240[MyZeil],2021-07-11T15:57:00.534Z
0.06568144,open,2021-07-11T15:56:00Z,40,569,0,609,609,18494[Konrad-Adenauer-Straße],2021-07-11T15:57:00.534Z
0.94400895,open,2021-07-11T16:27:00Z,843,50,0,893,893,24277[Börse],2021-07-11T16:32:01.417Z
0.305,open,2021-07-11T16:27:00Z,61,139,150,350,200,24276[Turmcenter],2021-07-11T16:32:01.417Z
0.24324325,open,2021-07-11T16:27:00Z,99,308,0,407,407,18944[Alte Oper],2021-07-11T16:32:01.417Z
0.03846154,open,2021-07-11T16:27:00Z,14,350,0,364,364,24281[Hauptbahnhof Süd],2021-07-11T16:32:01.417Z
0.40667492,open,2021-07-11T16:27:00Z,329,480,0,809,809,24279[Konstabler],2021-07-11T16:32:01.417Z
0.69014084,open,2021-07-11T16:27:00Z,294,132,0,426,426,18497[Hauptwache],2021-07-11T16:32:01.417Z
0.31323528,open,2021-07-11T16:27:00Z,213,467,0,680,680,18495[Am Gericht],2021-07-11T16:32:01.417Z
0.11985899,open,2021-07-11T16:27:00Z,102,749,45,896,851,109240[MyZeil],2021-07-11T16:32:01.417Z
0.062397372,open,2021-07-11T16:27:00Z,38,571,0,609,609,18494[Konrad-Adenauer-Straße],2021-07-11T16:32:01.417Z
0.94400895,open,2021-07-11T16:57:00Z,843,50,0,893,893,24277[Börse],2021-07-11T17:02:02.712Z
0.285,open,2021-07-11T16:57:00Z,57,143,150,350,200,24276[Turmcenter],2021-07-11T17:02:02.712Z
0.24570024,open,2021-07-11T16:57:00Z,100,307,0,407,407,18944[Alte Oper],2021-07-11T17:02:02.712Z
0.043956045,open,2021-07-11T16:57:00Z,16,348,0,364,364,24281[Hauptbahnhof Süd],2021-07-11T17:02:02.712Z
0.41532758,open,2021-07-11T16:57:00Z,336,473,0,809,809,24279[Konstabler],2021-07-11T17:02:02.712Z
0.6549296,open,2021-07-11T16:57:00Z,279,147,0,426,426,18497[Hauptwache],2021-07-11T17:02:02.712Z
0.31764707,open,2021-07-11T16:57:00Z,216,464,0,680,680,18495[Am Gericht],2021-07-11T17:02:02.712Z
0.118683904,open,2021-07-11T16:57:00Z,101,750,45,896,851,109240[MyZeil],2021-07-11T17:02:02.712Z
0.0591133,open,2021-07-11T16:57:00Z,36,573,0,609,609,18494[Konrad-Adenauer-Straße],2021-07-11T17:02:02.712Z
0.94400895,open,2021-07-11T17:22:00Z,843,50,0,893,893,24277[Börse],2021-07-11T17:27:02.739Z
0.28,open,2021-07-11T17:22:00Z,56,144,150,350,200,24276[Turmcenter],2021-07-11T17:27:02.739Z
0.27272728,open,2021-07-11T17:22:00Z,111,296,0,407,407,18944[Alte Oper],2021-07-11T17:27:02.739Z
0.043956045,open,2021-07-11T17:22:00Z,16,348,0,364,364,24281[Hauptbahnhof Süd],2021-07-11T17:27:02.739Z
0.40667492,open,2021-07-11T17:22:00Z,329,480,0,809,809,24279[Konstabler],2021-07-11T17:27:02.739Z
0.6549296,open,2021-07-11T17:22:00Z,279,147,0,426,426,18497[Hauptwache],2021-07-11T17:27:02.739Z
0.30441177,open,2021-07-11T17:22:00Z,207,473,0,680,680,18495[Am Gericht],2021-07-11T17:27:02.739Z
0.11515864,open,2021-07-11T17:22:00Z,98,753,45,896,851,109240[MyZeil],2021-07-11T17:27:02.739Z
0.06568144,open,2021-07-11T17:22:00Z,40,569,0,609,609,18494[Konrad-Adenauer-Straße],2021-07-11T17:27:02.739Z
0.94400895,open,2021-07-11T17:38:00Z,843,50,0,893,893,24277[Börse],2021-07-11T17:42:00.377Z
0.22,open,2021-07-11T17:38:00Z,44,156,150,350,200,24276[Turmcenter],2021-07-11T17:42:00.377Z
0.26781327,open,2021-07-11T17:38:00Z,109,298,0,407,407,18944[Alte Oper],2021-07-11T17:42:00.377Z
0.043956045,open,2021-07-11T17:38:00Z,16,348,0,364,364,24281[Hauptbahnhof Süd],2021-07-11T17:42:00.377Z
0.40296662,open,2021-07-11T17:38:00Z,326,483,0,809,809,24279[Konstabler],2021-07-11T17:42:00.377Z
0.63849765,open,2021-07-11T17:38:00Z,272,154,0,426,426,18497[Hauptwache],2021-07-11T17:42:00.377Z
0.30147058,open,2021-07-11T17:38:00Z,205,475,0,680,680,18495[Am Gericht],2021-07-11T17:42:00.377Z
0.11633372,open,2021-07-11T17:38:00Z,99,752,45,896,851,109240[MyZeil],2021-07-11T17:42:00.377Z
0.062397372,open,2021-07-11T17:38:00Z,38,571,0,609,609,18494[Konrad-Adenauer-Straße],2021-07-11T17:42:00.377Z
0.94400895,open,2021-07-11T17:48:00Z,843,50,0,893,893,24277[Börse],2021-07-11T17:52:02.851Z
0.225,open,2021-07-11T17:48:00Z,45,155,150,350,200,24276[Turmcenter],2021-07-11T17:52:02.851Z
0.26535627,open,2021-07-11T17:48:00Z,108,299,0,407,407,18944[Alte Oper],2021-07-11T17:52:02.851Z
0.046703298,open,2021-07-11T17:48:00Z,17,347,0,364,364,24281[Hauptbahnhof Süd],2021-07-11T17:52:02.851Z
0.4103832,open,2021-07-11T17:48:00Z,332,477,0,809,809,24279[Konstabler],2021-07-11T17:52:02.851Z
0.63615024,open,2021-07-11T17:48:00Z,271,155,0,426,426,18497[Hauptwache],2021-07-11T17:52:02.851Z
0.29411766,open,2021-07-11T17:48:00Z,200,480,0,680,680,18495[Am Gericht],2021-07-11T17:52:02.851Z
0.11633372,open,2021-07-11T17:48:00Z,99,752,45,896,851,109240[MyZeil],2021-07-11T17:52:02.851Z
0.055829227,open,2021-07-11T17:48:00Z,34,575,0,609,609,18494[Konrad-Adenauer-Straße],2021-07-11T17:52:02.851Z
0.94400895,open,2021-07-11T18:08:00Z,843,50,0,893,893,24277[Börse],2021-07-11T18:12:01.763Z
0.22,open,2021-07-11T18:08:00Z,44,156,150,350,200,24276[Turmcenter],2021-07-11T18:12:01.763Z
0.27764127,open,2021-07-11T18:08:00Z,113,294,0,407,407,18944[Alte Oper],2021-07-11T18:12:01.763Z
0.046703298,open,2021-07-11T18:08:00Z,17,347,0,364,364,24281[Hauptbahnhof Süd],2021-07-11T18:12:01.763Z
0.40914708,open,2021-07-11T18:08:00Z,331,478,0,809,809,24279[Konstabler],2021-07-11T18:12:01.763Z
0.64788735,open,2021-07-11T18:08:00Z,276,150,0,426,426,18497[Hauptwache],2021-07-11T18:12:01.763Z
0.28088236,open,2021-07-11T18:08:00Z,191,489,0,680,680,18495[Am Gericht],2021-07-11T18:12:01.763Z
0.12103408,open,2021-07-11T18:08:00Z,103,748,45,896,851,109240[MyZeil],2021-07-11T18:12:01.763Z
0.057471264,open,2021-07-11T18:08:00Z,35,574,0,609,609,18494[Konrad-Adenauer-Straße],2021-07-11T18:12:01.763Z
0.94400895,open,2021-07-11T18:33:00Z,843,50,0,893,893,24277[Börse],2021-07-11T18:37:02.012Z
0.23,open,2021-07-11T18:33:00Z,46,154,150,350,200,24276[Turmcenter],2021-07-11T18:37:02.012Z
0.26535627,open,2021-07-11T18:33:00Z,108,299,0,407,407,18944[Alte Oper],2021-07-11T18:37:02.012Z
0.046703298,open,2021-07-11T18:33:00Z,17,347,0,364,364,24281[Hauptbahnhof Süd],2021-07-11T18:37:02.012Z
0.41532758,open,2021-07-11T18:33:00Z,336,473,0,809,809,24279[Konstabler],2021-07-11T18:37:02.012Z
0.63615024,open,2021-07-11T18:33:00Z,271,155,0,426,426,18497[Hauptwache],2021-07-11T18:37:02.012Z
0.28529412,open,2021-07-11T18:33:00Z,194,486,0,680,680,18495[Am Gericht],2021-07-11T18:37:02.012Z
0.11515864,open,2021-07-11T18:33:00Z,98,753,45,896,851,109240[MyZeil],2021-07-11T18:37:02.012Z
0.052545156,open,2021-07-11T18:33:00Z,32,577,0,609,609,18494[Konrad-Adenauer-Straße],2021-07-11T18:37:02.012Z
0.94400895,open,2021-07-11T18:49:00Z,843,50,0,893,893,24277[Börse],2021-07-11T18:52:01.167Z
0.245,open,2021-07-11T18:49:00Z,49,151,150,350,200,24276[Turmcenter],2021-07-11T18:52:01.167Z
0.26044226,open,2021-07-11T18:49:00Z,106,301,0,407,407,18944[Alte Oper],2021-07-11T18:52:01.167Z
0.043956045,open,2021-07-11T18:49:00Z,16,348,0,364,364,24281[Hauptbahnhof Süd],2021-07-11T18:52:01.167Z
0.4128554,open,2021-07-11T18:49:00Z,334,475,0,809,809,24279[Konstabler],2021-07-11T18:52:01.167Z
0.685446,open,2021-07-11T18:49:00Z,292,134,0,426,426,18497[Hauptwache],2021-07-11T18:52:01.167Z
0.28970587,open,2021-07-11T18:49:00Z,197,483,0,680,680,18495[Am Gericht],2021-07-11T18:52:01.167Z
0.111633375,open,2021-07-11T18:49:00Z,95,756,45,896,851,109240[MyZeil],2021-07-11T18:52:01.167Z
0.04761905,open,2021-07-11T18:49:00Z,29,580,0,609,609,18494[Konrad-Adenauer-Straße],2021-07-11T18:52:01.167Z
0.94400895,open,2021-07-11T19:04:00Z,843,50,0,893,893,24277[Börse],2021-07-11T19:07:02.062Z
0.255,open,2021-07-11T19:04:00Z,51,149,150,350,200,24276[Turmcenter],2021-07-11T19:07:02.062Z
0.25061426,open,2021-07-11T19:04:00Z,102,305,0,407,407,18944[Alte Oper],2021-07-11T19:07:02.062Z
0.041208792,open,2021-07-11T19:04:00Z,15,349,0,364,364,24281[Hauptbahnhof Süd],2021-07-11T19:07:02.062Z
0.40667492,open,2021-07-11T19:04:00Z,329,480,0,809,809,24279[Konstabler],2021-07-11T19:07:02.062Z
0.685446,open,2021-07-11T19:04:00Z,292,134,0,426,426,18497[Hauptwache],2021-07-11T19:07:02.062Z
0.28529412,open,2021-07-11T19:04:00Z,194,486,0,680,680,18495[Am Gericht],2021-07-11T19:07:02.062Z
0.11280846,open,2021-07-11T19:04:00Z,96,755,45,896,851,109240[MyZeil],2021-07-11T19:07:02.062Z
0.05090312,open,2021-07-11T19:04:00Z,31,578,0,609,609,18494[Konrad-Adenauer-Straße],2021-07-11T19:07:02.062Z
0.94400895,open,2021-07-11T19:14:00Z,843,50,0,893,893,24277[Börse],2021-07-11T19:17:02.832Z
0.245,open,2021-07-11T19:14:00Z,49,151,150,350,200,24276[Turmcenter],2021-07-11T19:17:02.832Z
0.25061426,open,2021-07-11T19:14:00Z,102,305,0,407,407,18944[Alte Oper],2021-07-11T19:17:02.832Z
0.03846154,open,2021-07-11T19:14:00Z,14,350,0,364,364,24281[Hauptbahnhof Süd],2021-07-11T19:17:02.832Z
0.41409147,open,2021-07-11T19:14:00Z,335,474,0,809,809,24279[Konstabler],2021-07-11T19:17:02.832Z
0.69014084,open,2021-07-11T19:14:00Z,294,132,0,426,426,18497[Hauptwache],2021-07-11T19:17:02.832Z
0.27941176,open,2021-07-11T19:14:00Z,190,490,0,680,680,18495[Am Gericht],2021-07-11T19:17:02.832Z
0.11398355,open,2021-07-11T19:14:00Z,97,754,45,896,851,109240[MyZeil],2021-07-11T19:17:02.832Z
0.044334974,open,2021-07-11T19:14:00Z,27,582,0,609,609,18494[Konrad-Adenauer-Straße],2021-07-11T19:17:02.832Z
0.94400895,open,2021-07-11T19:24:00Z,843,50,0,893,893,24277[Börse],2021-07-11T19:27:00.441Z
0.245,open,2021-07-11T19:24:00Z,49,151,150,350,200,24276[Turmcenter],2021-07-11T19:27:00.441Z
0.24324325,open,2021-07-11T19:24:00Z,99,308,0,407,407,18944[Alte Oper],2021-07-11T19:27:00.441Z
0.035714287,open,2021-07-11T19:24:00Z,13,351,0,364,364,24281[Hauptbahnhof Süd],2021-07-11T19:27:00.441Z
0.41656366,open,2021-07-11T19:24:00Z,337,472,0,809,809,24279[Konstabler],2021-07-11T19:27:00.441Z
0.6830986,open,2021-07-11T19:24:00Z,291,135,0,426,426,18497[Hauptwache],2021-07-11T19:27:00.441Z
0.2720588,open,2021-07-11T19:24:00Z,185,495,0,680,680,18495[Am Gericht],2021-07-11T19:27:00.441Z
0.11398355,open,2021-07-11T19:24:00Z,97,754,45,896,851,109240[MyZeil],2021-07-11T19:27:00.441Z
0.03776683,open,2021-07-11T19:24:00Z,23,586,0,609,609,18494[Konrad-Adenauer-Straße],2021-07-11T19:27:00.441Z
0.94400895,open,2021-07-11T19:39:00Z,843,50,0,893,893,24277[Börse],2021-07-11T19:42:00.327Z
0.25,open,2021-07-11T19:39:00Z,50,150,150,350,200,24276[Turmcenter],2021-07-11T19:42:00.327Z
0.23095824,open,2021-07-11T19:39:00Z,94,313,0,407,407,18944[Alte Oper],2021-07-11T19:42:00.327Z
0.032967035,open,2021-07-11T19:39:00Z,12,352,0,364,364,24281[Hauptbahnhof Süd],2021-07-11T19:42:00.327Z
0.41656366,open,2021-07-11T19:39:00Z,337,472,0,809,809,24279[Konstabler],2021-07-11T19:42:00.327Z
0.67840374,open,2021-07-11T19:39:00Z,289,137,0,426,426,18497[Hauptwache],2021-07-11T19:42:00.327Z
0.27058825,open,2021-07-11T19:39:00Z,184,496,0,680,680,18495[Am Gericht],2021-07-11T19:42:00.327Z
0.11633372,open,2021-07-11T19:39:00Z,99,752,45,896,851,109240[MyZeil],2021-07-11T19:42:00.327Z
0.04269294,open,2021-07-11T19:39:00Z,26,583,0,609,609,18494[Konrad-Adenauer-Straße],2021-07-11T19:42:00.327Z
0.94400895,open,2021-07-11T19:50:00Z,843,50,0,893,893,24277[Börse],2021-07-11T19:52:00.658Z
0.245,open,2021-07-11T19:50:00Z,49,151,150,350,200,24276[Turmcenter],2021-07-11T19:52:00.658Z
0.22604422,open,2021-07-11T19:50:00Z,92,315,0,407,407,18944[Alte Oper],2021-07-11T19:52:00.658Z
0.027472528,open,2021-07-11T19:50:00Z,10,354,0,364,364,24281[Hauptbahnhof Süd],2021-07-11T19:52:00.658Z
0.41779974,open,2021-07-11T19:50:00Z,338,471,0,809,809,24279[Konstabler],2021-07-11T19:52:00.658Z
0.6713615,open,2021-07-11T19:50:00Z,286,140,0,426,426,18497[Hauptwache],2021-07-11T19:52:00.658Z
0.27058825,open,2021-07-11T19:50:00Z,184,496,0,680,680,18495[Am Gericht],2021-07-11T19:52:00.658Z
0.11515864,open,2021-07-11T19:50:00Z,98,753,45,896,851,109240[MyZeil],2021-07-11T19:52:00.658Z
0.036124796,open,2021-07-11T19:50:00Z,22,587,0,609,609,18494[Konrad-Adenauer-Straße],2021-07-11T19:52:00.658Z
0.94400895,open,2021-07-11T20:05:00Z,843,50,0,893,893,24277[Börse],2021-07-11T20:07:02.813Z
0.245,open,2021-07-11T20:05:00Z,49,151,150,350,200,24276[Turmcenter],2021-07-11T20:07:02.813Z
0.22113022,open,2021-07-11T20:05:00Z,90,317,0,407,407,18944[Alte Oper],2021-07-11T20:07:02.813Z
0.027472528,open,2021-07-11T20:05:00Z,10,354,0,364,364,24281[Hauptbahnhof Süd],2021-07-11T20:07:02.813Z
0.40173054,open,2021-07-11T20:05:00Z,325,484,0,809,809,24279[Konstabler],2021-07-11T20:07:02.813Z
0.6690141,open,2021-07-11T20:05:00Z,285,141,0,426,426,18497[Hauptwache],2021-07-11T20:07:02.813Z
0.27058825,open,2021-07-11T20:05:00Z,184,496,0,680,680,18495[Am Gericht],2021-07-11T20:07:02.813Z
0.11280846,open,2021-07-11T20:05:00Z,96,755,45,896,851,109240[MyZeil],2021-07-11T20:07:02.813Z
0.039408866,open,2021-07-11T20:05:00Z,24,585,0,609,609,18494[Konrad-Adenauer-Straße],2021-07-11T20:07:02.813Z
0.94400895,open,2021-07-11T20:32:00Z,843,50,0,893,893,24277[Börse],2021-07-11T20:37:00.171Z
0.215,open,2021-07-11T20:32:00Z,43,157,150,350,200,24276[Turmcenter],2021-07-11T20:37:00.171Z
0.20884521,open,2021-07-11T20:32:00Z,85,322,0,407,407,18944[Alte Oper],2021-07-11T20:37:00.171Z
0.024725275,open,2021-07-11T20:32:00Z,9,355,0,364,364,24281[Hauptbahnhof Süd],2021-07-11T20:37:00.171Z
0.3881335,open,2021-07-11T20:32:00Z,314,495,0,809,809,24279[Konstabler],2021-07-11T20:37:00.171Z
0.6619718,open,2021-07-11T20:32:00Z,282,144,0,426,426,18497[Hauptwache],2021-07-11T20:37:00.171Z
0.27058825,open,2021-07-11T20:32:00Z,184,496,0,680,680,18495[Am Gericht],2021-07-11T20:37:00.171Z
0.11280846,open,2021-07-11T20:32:00Z,96,755,45,896,851,109240[MyZeil],2021-07-11T20:37:00.171Z
0.03776683,open,2021-07-11T20:32:00Z,23,586,0,609,609,18494[Konrad-Adenauer-Straße],2021-07-11T20:37:00.171Z
0.94400895,open,2021-07-11T20:47:00Z,843,50,0,893,893,24277[Börse],2021-07-11T20:52:00.053Z
0.205,open,2021-07-11T20:47:00Z,41,159,150,350,200,24276[Turmcenter],2021-07-11T20:52:00.053Z
0.2063882,open,2021-07-11T20:47:00Z,84,323,0,407,407,18944[Alte Oper],2021-07-11T20:52:00.053Z
0.024725275,open,2021-07-11T20:47:00Z,9,355,0,364,364,24281[Hauptbahnhof Süd],2021-07-11T20:52:00.053Z
0.3893696,open,2021-07-11T20:47:00Z,315,494,0,809,809,24279[Konstabler],2021-07-11T20:52:00.053Z
0.65258217,open,2021-07-11T20:47:00Z,278,148,0,426,426,18497[Hauptwache],2021-07-11T20:52:00.053Z
0.26764706,open,2021-07-11T20:47:00Z,182,498,0,680,680,18495[Am Gericht],2021-07-11T20:52:00.053Z
0.111633375,open,2021-07-11T20:47:00Z,95,756,45,896,851,109240[MyZeil],2021-07-11T20:52:00.053Z
0.036124796,open,2021-07-11T20:47:00Z,22,587,0,609,609,18494[Konrad-Adenauer-Straße],2021-07-11T20:52:00.053Z
0.94400895,open,2021-07-11T20:52:00Z,843,50,0,893,893,24277[Börse],2021-07-11T20:57:01.855Z
0.2,open,2021-07-11T20:52:00Z,40,160,150,350,200,24276[Turmcenter],2021-07-11T20:57:01.855Z
0.2063882,open,2021-07-11T20:52:00Z,84,323,0,407,407,18944[Alte Oper],2021-07-11T20:57:01.855Z
0.027472528,open,2021-07-11T20:52:00Z,10,354,0,364,364,24281[Hauptbahnhof Süd],2021-07-11T20:57:01.855Z
0.38689741,open,2021-07-11T20:52:00Z,313,496,0,809,809,24279[Konstabler],2021-07-11T20:57:01.855Z
0.65258217,open,2021-07-11T20:52:00Z,278,148,0,426,426,18497[Hauptwache],2021-07-11T20:57:01.855Z
0.26764706,open,2021-07-11T20:52:00Z,182,498,0,680,680,18495[Am Gericht],2021-07-11T20:57:01.855Z
0.110458285,open,2021-07-11T20:52:00Z,94,757,45,896,851,109240[MyZeil],2021-07-11T20:57:01.855Z
0.03448276,open,2021-07-11T20:52:00Z,21,588,0,609,609,18494[Konrad-Adenauer-Straße],2021-07-11T20:57:01.855Z
0.94400895,open,2021-07-11T21:13:00Z,843,50,0,893,893,24277[Börse],2021-07-11T21:17:00.774Z
0.17,open,2021-07-11T21:13:00Z,34,166,150,350,200,24276[Turmcenter],2021-07-11T21:17:00.774Z
0.1891892,open,2021-07-11T21:13:00Z,77,330,0,407,407,18944[Alte Oper],2021-07-11T21:17:00.774Z
0.027472528,open,2021-07-11T21:13:00Z,10,354,0,364,364,24281[Hauptbahnhof Süd],2021-07-11T21:17:00.774Z
0.37453645,open,2021-07-11T21:13:00Z,303,506,0,809,809,24279[Konstabler],2021-07-11T21:17:00.774Z
0.65023476,open,2021-07-11T21:13:00Z,277,149,0,426,426,18497[Hauptwache],2021-07-11T21:17:00.774Z
0.26617646,open,2021-07-11T21:13:00Z,181,499,0,680,680,18495[Am Gericht],2021-07-11T21:17:00.774Z
0.10810811,open,2021-07-11T21:13:00Z,92,759,45,896,851,109240[MyZeil],2021-07-11T21:17:00.774Z
0.031198686,open,2021-07-11T21:13:00Z,19,590,0,609,609,18494[Konrad-Adenauer-Straße],2021-07-11T21:17:00.774Z
0.94400895,open,2021-07-11T21:28:00Z,843,50,0,893,893,24277[Börse],2021-07-11T21:32:02.838Z
0.15,open,2021-07-11T21:28:00Z,30,170,150,350,200,24276[Turmcenter],2021-07-11T21:32:02.838Z
0.1891892,open,2021-07-11T21:28:00Z,77,330,0,407,407,18944[Alte Oper],2021-07-11T21:32:02.838Z
0.027472528,open,2021-07-11T21:28:00Z,10,354,0,364,364,24281[Hauptbahnhof Süd],2021-07-11T21:32:02.838Z
0.3695921,open,2021-07-11T21:28:00Z,299,510,0,809,809,24279[Konstabler],2021-07-11T21:32:02.838Z
0.64319247,open,2021-07-11T21:28:00Z,274,152,0,426,426,18497[Hauptwache],2021-07-11T21:32:02.838Z
0.2632353,open,2021-07-11T21:28:00Z,179,501,0,680,680,18495[Am Gericht],2021-07-11T21:32:02.838Z
0.10575793,open,2021-07-11T21:28:00Z,90,761,45,896,851,109240[MyZeil],2021-07-11T21:32:02.838Z
0.024630541,open,2021-07-11T21:28:00Z,15,594,0,609,609,18494[Konrad-Adenauer-Straße],2021-07-11T21:32:02.838Z
0.94400895,open,2021-07-11T21:44:00Z,843,50,0,893,893,24277[Börse],2021-07-11T21:47:01.001Z
0.14,open,2021-07-11T21:44:00Z,28,172,150,350,200,24276[Turmcenter],2021-07-11T21:47:01.001Z
0.18673219,open,2021-07-11T21:44:00Z,76,331,0,407,407,18944[Alte Oper],2021-07-11T21:47:01.001Z
0.03021978,open,2021-07-11T21:44:00Z,11,353,0,364,364,24281[Hauptbahnhof Süd],2021-07-11T21:47:01.001Z
0.37082818,open,2021-07-11T21:44:00Z,300,509,0,809,809,24279[Konstabler],2021-07-11T21:47:01.001Z
0.64319247,open,2021-07-11T21:44:00Z,274,152,0,426,426,18497[Hauptwache],2021-07-11T21:47:01.001Z
0.2602941,open,2021-07-11T21:44:00Z,177,503,0,680,680,18495[Am Gericht],2021-07-11T21:47:01.001Z
0.102232665,open,2021-07-11T21:44:00Z,87,764,45,896,851,109240[MyZeil],2021-07-11T21:47:01.001Z
0.022988506,open,2021-07-11T21:44:00Z,14,595,0,609,609,18494[Konrad-Adenauer-Straße],2021-07-11T21:47:01.001Z
0.94400895,open,2021-07-11T21:49:00Z,843,50,0,893,893,24277[Börse],2021-07-11T21:52:02.853Z
0.135,open,2021-07-11T21:49:00Z,27,173,150,350,200,24276[Turmcenter],2021-07-11T21:52:02.853Z
0.18427518,open,2021-07-11T21:49:00Z,75,332,0,407,407,18944[Alte Oper],2021-07-11T21:52:02.853Z
0.03021978,open,2021-07-11T21:49:00Z,11,353,0,364,364,24281[Hauptbahnhof Süd],2021-07-11T21:52:02.853Z
0.3695921,open,2021-07-11T21:49:00Z,299,510,0,809,809,24279[Konstabler],2021-07-11T21:52:02.853Z
0.64084506,open,2021-07-11T21:49:00Z,273,153,0,426,426,18497[Hauptwache],2021-07-11T21:52:02.853Z
0.2602941,open,2021-07-11T21:49:00Z,177,503,0,680,680,18495[Am Gericht],2021-07-11T21:52:02.853Z
0.10105758,open,2021-07-11T21:49:00Z,86,765,45,896,851,109240[MyZeil],2021-07-11T21:52:02.853Z
0.022988506,open,2021-07-11T21:49:00Z,14,595,0,609,609,18494[Konrad-Adenauer-Straße],2021-07-11T21:52:02.853Z
0.94400895,open,2021-07-11T22:14:00Z,843,50,0,893,893,24277[Börse],2021-07-11T22:17:01.353Z
0.1,open,2021-07-11T22:14:00Z,20,180,150,350,200,24276[Turmcenter],2021-07-11T22:17:01.353Z
0.17199017,open,2021-07-11T22:14:00Z,70,337,0,407,407,18944[Alte Oper],2021-07-11T22:17:01.353Z
0.032967035,open,2021-07-11T22:14:00Z,12,352,0,364,364,24281[Hauptbahnhof Süd],2021-07-11T22:17:01.353Z
0.3263288,open,2021-07-11T22:14:00Z,264,545,0,809,809,24279[Konstabler],2021-07-11T22:17:01.353Z
0.6032864,open,2021-07-11T22:14:00Z,257,169,0,426,426,18497[Hauptwache],2021-07-11T22:17:01.353Z
0,closed,2021-07-11T22:14:00Z,,503,0,0,0,18495[Am Gericht],2021-07-11T22:17:01.353Z
0.0987074,open,2021-07-11T22:14:00Z,84,767,45,896,851,109240[MyZeil],2021-07-11T22:17:01.353Z
0.02134647,open,2021-07-11T22:14:00Z,13,596,0,609,609,18494[Konrad-Adenauer-Straße],2021-07-11T22:17:01.353Z
0.94400895,open,2021-07-11T22:30:00Z,843,50,0,893,893,24277[Börse],2021-07-11T22:32:02.163Z
0.065,open,2021-07-11T22:30:00Z,13,187,150,350,200,24276[Turmcenter],2021-07-11T22:32:02.163Z
0.16461916,open,2021-07-11T22:30:00Z,67,340,0,407,407,18944[Alte Oper],2021-07-11T22:32:02.163Z
0.035714287,open,2021-07-11T22:30:00Z,13,351,0,364,364,24281[Hauptbahnhof Süd],2021-07-11T22:32:02.163Z
0.31025958,open,2021-07-11T22:30:00Z,251,558,0,809,809,24279[Konstabler],2021-07-11T22:32:02.163Z
0.5539906,open,2021-07-11T22:30:00Z,236,190,0,426,426,18497[Hauptwache],2021-07-11T22:32:02.163Z
0,closed,2021-07-11T22:30:00Z,,503,0,0,0,18495[Am Gericht],2021-07-11T22:32:02.163Z
0.09753232,open,2021-07-11T22:30:00Z,83,768,45,896,851,109240[MyZeil],2021-07-11T22:32:02.163Z
0.018062398,open,2021-07-11T22:30:00Z,11,598,0,609,609,18494[Konrad-Adenauer-Straße],2021-07-11T22:32:02.163Z
0.94400895,open,2021-07-11T22:40:00Z,843,50,0,893,893,24277[Börse],2021-07-11T22:42:03.006Z
0.06,open,2021-07-11T22:40:00Z,12,188,150,350,200,24276[Turmcenter],2021-07-11T22:42:03.006Z
0.16216215,open,2021-07-11T22:40:00Z,66,341,0,407,407,18944[Alte Oper],2021-07-11T22:42:03.006Z
0.035714287,open,2021-07-11T22:40:00Z,13,351,0,364,364,24281[Hauptbahnhof Süd],2021-07-11T22:42:03.006Z
0.3053152,open,2021-07-11T22:40:00Z,247,562,0,809,809,24279[Konstabler],2021-07-11T22:42:03.006Z
0.5469484,open,2021-07-11T22:40:00Z,233,193,0,426,426,18497[Hauptwache],2021-07-11T22:42:03.006Z
0,closed,2021-07-11T22:40:00Z,,503,0,0,0,18495[Am Gericht],2021-07-11T22:42:03.006Z
0.09753232,open,2021-07-11T22:40:00Z,83,768,45,896,851,109240[MyZeil],2021-07-11T22:42:03.006Z
0.01642036,open,2021-07-11T22:40:00Z,10,599,0,609,609,18494[Konrad-Adenauer-Straße],2021-07-11T22:42:03.006Z
0.94400895,open,2021-07-11T22:50:00Z,843,50,0,893,893,24277[Börse],2021-07-11T22:52:02.001Z
0.06,open,2021-07-11T22:50:00Z,12,188,150,350,200,24276[Turmcenter],2021-07-11T22:52:02.001Z
0.16216215,open,2021-07-11T22:50:00Z,66,341,0,407,407,18944[Alte Oper],2021-07-11T22:52:02.001Z
0.035714287,open,2021-07-11T22:50:00Z,13,351,0,364,364,24281[Hauptbahnhof Süd],2021-07-11T22:52:02.001Z
0.30037084,open,2021-07-11T22:50:00Z,243,566,0,809,809,24279[Konstabler],2021-07-11T22:52:02.001Z
0.5422535,open,2021-07-11T22:50:00Z,231,195,0,426,426,18497[Hauptwache],2021-07-11T22:52:02.001Z
0,closed,2021-07-11T22:50:00Z,,503,0,0,0,18495[Am Gericht],2021-07-11T22:52:02.001Z
0.09753232,open,2021-07-11T22:50:00Z,83,768,45,896,851,109240[MyZeil],2021-07-11T22:52:02.001Z
0.01642036,open,2021-07-11T22:50:00Z,10,599,0,609,609,18494[Konrad-Adenauer-Straße],2021-07-11T22:52:02.001Z
0.94400895,open,2021-07-11T23:11:00Z,843,50,0,893,893,24277[Börse],2021-07-11T23:12:01.737Z
0.06,open,2021-07-11T23:11:00Z,12,188,150,350,200,24276[Turmcenter],2021-07-11T23:12:01.737Z
0.16461916,open,2021-07-11T23:11:00Z,67,340,0,407,407,18944[Alte Oper],2021-07-11T23:12:01.737Z
0.035714287,open,2021-07-11T23:11:00Z,13,351,0,364,364,24281[Hauptbahnhof Süd],2021-07-11T23:12:01.737Z
0.29171818,open,2021-07-11T23:11:00Z,236,573,0,809,809,24279[Konstabler],2021-07-11T23:12:01.737Z
0.52816904,open,2021-07-11T23:11:00Z,225,201,0,426,426,18497[Hauptwache],2021-07-11T23:12:01.737Z
0,closed,2021-07-11T23:11:00Z,,503,0,0,0,18495[Am Gericht],2021-07-11T23:12:01.737Z
0.0987074,open,2021-07-11T23:11:00Z,84,767,45,896,851,109240[MyZeil],2021-07-11T23:12:01.737Z
0.01642036,open,2021-07-11T23:11:00Z,10,599,0,609,609,18494[Konrad-Adenauer-Straße],2021-07-11T23:12:01.737Z
0.94400895,open,2021-07-11T23:26:00Z,843,50,0,893,893,24277[Börse],2021-07-11T23:27:01.937Z
0.055,open,2021-07-11T23:26:00Z,11,189,150,350,200,24276[Turmcenter],2021-07-11T23:27:01.937Z
0.15970516,open,2021-07-11T23:26:00Z,65,342,0,407,407,18944[Alte Oper],2021-07-11T23:27:01.937Z
0.035714287,open,2021-07-11T23:26:00Z,13,351,0,364,364,24281[Hauptbahnhof Süd],2021-07-11T23:27:01.937Z
0.2855377,open,2021-07-11T23:26:00Z,231,578,0,809,809,24279[Konstabler],2021-07-11T23:27:01.937Z
0.5093897,open,2021-07-11T23:26:00Z,217,209,0,426,426,18497[Hauptwache],2021-07-11T23:27:01.937Z
0,closed,2021-07-11T23:26:00Z,,503,0,0,0,18495[Am Gericht],2021-07-11T23:27:01.937Z
0.0987074,open,2021-07-11T23:26:00Z,84,767,45,896,851,109240[MyZeil],2021-07-11T23:27:01.937Z
0.014778325,open,2021-07-11T23:26:00Z,9,600,0,609,609,18494[Konrad-Adenauer-Straße],2021-07-11T23:27:01.937Z
0.94400895,open,2021-07-11T23:36:00Z,843,50,0,893,893,24277[Börse],2021-07-11T23:42:00.421Z
0.055,open,2021-07-11T23:36:00Z,11,189,150,350,200,24276[Turmcenter],2021-07-11T23:42:00.421Z
0.15233415,open,2021-07-11T23:36:00Z,62,345,0,407,407,18944[Alte Oper],2021-07-11T23:42:00.421Z
0.035714287,open,2021-07-11T23:36:00Z,13,351,0,364,364,24281[Hauptbahnhof Süd],2021-07-11T23:42:00.421Z
0.2843016,open,2021-07-11T23:36:00Z,230,579,0,809,809,24279[Konstabler],2021-07-11T23:42:00.421Z
0.5023474,open,2021-07-11T23:36:00Z,214,212,0,426,426,18497[Hauptwache],2021-07-11T23:42:00.421Z
0,closed,2021-07-11T23:36:00Z,,503,0,0,0,18495[Am Gericht],2021-07-11T23:42:00.421Z
0.09988249,open,2021-07-11T23:36:00Z,85,766,45,896,851,109240[MyZeil],2021-07-11T23:42:00.421Z
0.014778325,open,2021-07-11T23:36:00Z,9,600,0,609,609,18494[Konrad-Adenauer-Straße],2021-07-11T23:42:00.421Z
0.94400895,open,2021-07-11T23:47:00Z,843,50,0,893,893,24277[Börse],2021-07-11T23:52:02.374Z
0.055,open,2021-07-11T23:47:00Z,11,189,150,350,200,24276[Turmcenter],2021-07-11T23:52:02.374Z
0.15233415,open,2021-07-11T23:47:00Z,62,345,0,407,407,18944[Alte Oper],2021-07-11T23:52:02.374Z
0.035714287,open,2021-07-11T23:47:00Z,13,351,0,364,364,24281[Hauptbahnhof Süd],2021-07-11T23:52:02.374Z
0.28306553,open,2021-07-11T23:47:00Z,229,580,0,809,809,24279[Konstabler],2021-07-11T23:52:02.374Z
0.5,open,2021-07-11T23:47:00Z,213,213,0,426,426,18497[Hauptwache],2021-07-11T23:52:02.374Z
0,closed,2021-07-11T23:47:00Z,,503,0,0,0,18495[Am Gericht],2021-07-11T23:52:02.374Z
0.09988249,open,2021-07-11T23:47:00Z,85,766,45,896,851,109240[MyZeil],2021-07-11T23:52:02.374Z
0.01642036,open,2021-07-11T23:47:00Z,10,599,0,609,609,18494[Konrad-Adenauer-Straße],2021-07-11T23:52:02.374Z
0.94400895,open,2021-07-12T00:17:00Z,843,50,0,893,893,24277[Börse],2021-07-12T00:22:01.233Z
0.055,open,2021-07-12T00:17:00Z,11,189,150,350,200,24276[Turmcenter],2021-07-12T00:22:01.233Z
0.15479116,open,2021-07-12T00:17:00Z,63,344,0,407,407,18944[Alte Oper],2021-07-12T00:22:01.233Z
0.035714287,open,2021-07-12T00:17:00Z,13,351,0,364,364,24281[Hauptbahnhof Süd],2021-07-12T00:22:01.233Z
0.27441284,open,2021-07-12T00:17:00Z,222,587,0,809,809,24279[Konstabler],2021-07-12T00:22:01.233Z
0.48591548,open,2021-07-12T00:17:00Z,207,219,0,426,426,18497[Hauptwache],2021-07-12T00:22:01.233Z
0,closed,2021-07-12T00:17:00Z,,503,0,0,0,18495[Am Gericht],2021-07-12T00:22:01.233Z
0.09753232,open,2021-07-12T00:17:00Z,83,768,45,896,851,109240[MyZeil],2021-07-12T00:22:01.233Z
0.014778325,open,2021-07-12T00:17:00Z,9,600,0,609,609,18494[Konrad-Adenauer-Straße],2021-07-12T00:22:01.233Z
0.94400895,open,2021-07-12T01:28:00Z,843,50,0,893,893,24277[Börse],2021-07-12T01:32:00.087Z
0.055,open,2021-07-12T01:28:00Z,11,189,150,350,200,24276[Turmcenter],2021-07-12T01:32:00.087Z
0.13513513,open,2021-07-12T01:28:00Z,55,352,0,407,407,18944[Alte Oper],2021-07-12T01:32:00.087Z
0.032967035,open,2021-07-12T01:28:00Z,12,352,0,364,364,24281[Hauptbahnhof Süd],2021-07-12T01:32:00.087Z
0.27194068,open,2021-07-12T01:28:00Z,220,589,0,809,809,24279[Konstabler],2021-07-12T01:32:00.087Z
0.48122066,open,2021-07-12T01:28:00Z,205,221,0,426,426,18497[Hauptwache],2021-07-12T01:32:00.087Z
0,closed,2021-07-12T01:28:00Z,,503,0,0,0,18495[Am Gericht],2021-07-12T01:32:00.087Z
0.09400705,open,2021-07-12T01:28:00Z,80,771,45,896,851,109240[MyZeil],2021-07-12T01:32:00.087Z
0.014778325,open,2021-07-12T01:28:00Z,9,600,0,609,609,18494[Konrad-Adenauer-Straße],2021-07-12T01:32:00.087Z
0.94400895,open,2021-07-12T02:08:00Z,843,50,0,893,893,24277[Börse],2021-07-12T02:12:01.928Z
0.055,open,2021-07-12T02:08:00Z,11,189,150,350,200,24276[Turmcenter],2021-07-12T02:12:01.928Z
0.13513513,open,2021-07-12T02:08:00Z,55,352,0,407,407,18944[Alte Oper],2021-07-12T02:12:01.928Z
0.032967035,open,2021-07-12T02:08:00Z,12,352,0,364,364,24281[Hauptbahnhof Süd],2021-07-12T02:12:01.928Z
0.27194068,open,2021-07-12T02:08:00Z,220,589,0,809,809,24279[Konstabler],2021-07-12T02:12:01.928Z
0.4765258,open,2021-07-12T02:08:00Z,203,223,0,426,426,18497[Hauptwache],2021-07-12T02:12:01.928Z
0,closed,2021-07-12T02:08:00Z,,,0,0,0,18495[Am Gericht],2021-07-12T02:12:01.928Z
0.09400705,open,2021-07-12T02:08:00Z,80,771,45,896,851,109240[MyZeil],2021-07-12T02:12:01.928Z
0.013136289,open,2021-07-12T02:08:00Z,8,601,0,609,609,18494[Konrad-Adenauer-Straße],2021-07-12T02:12:01.928Z
0.94400895,open,2021-07-12T02:33:00Z,843,50,0,893,893,24277[Börse],2021-07-12T02:37:02.687Z
0.055,open,2021-07-12T02:33:00Z,11,189,150,350,200,24276[Turmcenter],2021-07-12T02:37:02.687Z
0.13267814,open,2021-07-12T02:33:00Z,54,353,0,407,407,18944[Alte Oper],2021-07-12T02:37:02.687Z
0.032967035,open,2021-07-12T02:33:00Z,12,352,0,364,364,24281[Hauptbahnhof Süd],2021-07-12T02:37:02.687Z
0.27194068,open,2021-07-12T02:33:00Z,220,589,0,809,809,24279[Konstabler],2021-07-12T02:37:02.687Z
0.4765258,open,2021-07-12T02:33:00Z,203,223,0,426,426,18497[Hauptwache],2021-07-12T02:37:02.687Z
0,closed,2021-07-12T02:33:00Z,,,0,0,0,18495[Am Gericht],2021-07-12T02:37:02.687Z
0.09400705,open,2021-07-12T02:33:00Z,80,771,45,896,851,109240[MyZeil],2021-07-12T02:37:02.687Z
0.018062398,open,2021-07-12T02:33:00Z,11,598,0,609,609,18494[Konrad-Adenauer-Straße],2021-07-12T02:37:02.687Z
0.94400895,open,2021-07-12T02:43:00Z,843,50,0,893,893,24277[Börse],2021-07-12T02:47:00.827Z
0.055,open,2021-07-12T02:43:00Z,11,189,150,350,200,24276[Turmcenter],2021-07-12T02:47:00.827Z
0.13267814,open,2021-07-12T02:43:00Z,54,353,0,407,407,18944[Alte Oper],2021-07-12T02:47:00.827Z
0.032967035,open,2021-07-12T02:43:00Z,12,352,0,364,364,24281[Hauptbahnhof Süd],2021-07-12T02:47:00.827Z
0.27194068,open,2021-07-12T02:43:00Z,220,589,0,809,809,24279[Konstabler],2021-07-12T02:47:00.827Z
0.4765258,open,2021-07-12T02:43:00Z,203,223,0,426,426,18497[Hauptwache],2021-07-12T02:47:00.827Z
0,closed,2021-07-12T02:43:00Z,,,0,0,0,18495[Am Gericht],2021-07-12T02:47:00.827Z
0.09400705,open,2021-07-12T02:43:00Z,80,771,45,896,851,109240[MyZeil],2021-07-12T02:47:00.827Z
0.018062398,open,2021-07-12T02:43:00Z,11,598,0,609,609,18494[Konrad-Adenauer-Straße],2021-07-12T02:47:00.827Z
0.94400895,open,2021-07-12T02:53:00Z,843,50,0,893,893,24277[Börse],2021-07-12T02:57:02.728Z
0.055,open,2021-07-12T02:53:00Z,11,189,150,350,200,24276[Turmcenter],2021-07-12T02:57:02.728Z
0.13267814,open,2021-07-12T02:53:00Z,54,353,0,407,407,18944[Alte Oper],2021-07-12T02:57:02.728Z
0.032967035,open,2021-07-12T02:53:00Z,12,352,0,364,364,24281[Hauptbahnhof Süd],2021-07-12T02:57:02.728Z
0.27194068,open,2021-07-12T02:53:00Z,220,589,0,809,809,24279[Konstabler],2021-07-12T02:57:02.728Z
0.4765258,open,2021-07-12T02:53:00Z,203,223,0,426,426,18497[Hauptwache],2021-07-12T02:57:02.728Z
0,closed,2021-07-12T02:53:00Z,,,0,0,0,18495[Am Gericht],2021-07-12T02:57:02.728Z
0.09400705,open,2021-07-12T02:53:00Z,80,771,45,896,851,109240[MyZeil],2021-07-12T02:57:02.728Z
0.018062398,open,2021-07-12T02:53:00Z,11,598,0,609,609,18494[Konrad-Adenauer-Straße],2021-07-12T02:57:02.728Z
0.94400895,open,2021-07-12T03:18:00Z,843,50,0,893,893,24277[Börse],2021-07-12T03:22:01.043Z
0.055,open,2021-07-12T03:18:00Z,11,189,150,350,200,24276[Turmcenter],2021-07-12T03:22:01.043Z
0.13267814,open,2021-07-12T03:18:00Z,54,353,0,407,407,18944[Alte Oper],2021-07-12T03:22:01.043Z
0.032967035,open,2021-07-12T03:18:00Z,12,352,0,364,364,24281[Hauptbahnhof Süd],2021-07-12T03:22:01.043Z
0.27441284,open,2021-07-12T03:18:00Z,222,587,0,809,809,24279[Konstabler],2021-07-12T03:22:01.043Z
0.4765258,open,2021-07-12T03:18:00Z,203,223,0,426,426,18497[Hauptwache],2021-07-12T03:22:01.043Z
0,closed,2021-07-12T03:18:00Z,,,0,0,0,18495[Am Gericht],2021-07-12T03:22:01.043Z
0.09400705,open,2021-07-12T03:18:00Z,80,771,45,896,851,109240[MyZeil],2021-07-12T03:22:01.043Z
0.019704433,open,2021-07-12T03:18:00Z,12,597,0,609,609,18494[Konrad-Adenauer-Straße],2021-07-12T03:22:01.043Z
0.94400895,open,2021-07-12T03:43:00Z,843,50,0,893,893,24277[Börse],2021-07-12T03:47:00.836Z
0.055,open,2021-07-12T03:43:00Z,11,189,150,350,200,24276[Turmcenter],2021-07-12T03:47:00.836Z
0.13267814,open,2021-07-12T03:43:00Z,54,353,0,407,407,18944[Alte Oper],2021-07-12T03:47:00.836Z
0.043956045,open,2021-07-12T03:43:00Z,16,348,0,364,364,24281[Hauptbahnhof Süd],2021-07-12T03:47:00.836Z
0.27194068,open,2021-07-12T03:43:00Z,220,589,0,809,809,24279[Konstabler],2021-07-12T03:47:00.836Z
0.4765258,open,2021-07-12T03:43:00Z,203,223,0,426,426,18497[Hauptwache],2021-07-12T03:47:00.836Z
0,closed,2021-07-12T03:43:00Z,,,0,0,0,18495[Am Gericht],2021-07-12T03:47:00.836Z
0.09400705,open,2021-07-12T03:43:00Z,80,771,45,896,851,109240[MyZeil],2021-07-12T03:47:00.836Z
0.022988506,open,2021-07-12T03:43:00Z,14,595,0,609,609,18494[Konrad-Adenauer-Straße],2021-07-12T03:47:00.836Z
0.94400895,open,2021-07-12T03:48:00Z,843,50,0,893,893,24277[Börse],2021-07-12T03:52:02.877Z
0.055,open,2021-07-12T03:48:00Z,11,189,150,350,200,24276[Turmcenter],2021-07-12T03:52:02.877Z
0.13267814,open,2021-07-12T03:48:00Z,54,353,0,407,407,18944[Alte Oper],2021-07-12T03:52:02.877Z
0.046703298,open,2021-07-12T03:48:00Z,17,347,0,364,364,24281[Hauptbahnhof Süd],2021-07-12T03:52:02.877Z
0.27194068,open,2021-07-12T03:48:00Z,220,589,0,809,809,24279[Konstabler],2021-07-12T03:52:02.877Z
0.4765258,open,2021-07-12T03:48:00Z,203,223,0,426,426,18497[Hauptwache],2021-07-12T03:52:02.877Z
0,closed,2021-07-12T03:48:00Z,,,0,0,0,18495[Am Gericht],2021-07-12T03:52:02.877Z
0.095182136,open,2021-07-12T03:48:00Z,81,770,45,896,851,109240[MyZeil],2021-07-12T03:52:02.877Z
0.02134647,open,2021-07-12T03:48:00Z,13,596,0,609,609,18494[Konrad-Adenauer-Straße],2021-07-12T03:52:02.877Z
0.94400895,open,2021-07-12T04:19:00Z,843,50,0,893,893,24277[Börse],2021-07-12T04:22:02.272Z
0,open,2021-07-12T04:19:00Z,0,150,200,350,150,24276[Turmcenter],2021-07-12T04:22:02.272Z
0.13513513,open,2021-07-12T04:19:00Z,55,352,0,407,407,18944[Alte Oper],2021-07-12T04:22:02.272Z
0.08516484,open,2021-07-12T04:19:00Z,31,333,0,364,364,24281[Hauptbahnhof Süd],2021-07-12T04:22:02.272Z
0.27812114,open,2021-07-12T04:19:00Z,225,584,0,809,809,24279[Konstabler],2021-07-12T04:22:02.272Z
0.4765258,open,2021-07-12T04:19:00Z,203,223,0,426,426,18497[Hauptwache],2021-07-12T04:22:02.272Z
0.2632353,open,2021-07-12T04:19:00Z,179,501,0,680,680,18495[Am Gericht],2021-07-12T04:22:02.272Z
0.095182136,open,2021-07-12T04:19:00Z,81,770,45,896,851,109240[MyZeil],2021-07-12T04:22:02.272Z
0.027914613,open,2021-07-12T04:19:00Z,17,592,0,609,609,18494[Konrad-Adenauer-Straße],2021-07-12T04:22:02.272Z
0.94400895,open,2021-07-12T04:39:00Z,843,50,0,893,893,24277[Börse],2021-07-12T04:42:00.585Z
0,open,2021-07-12T04:39:00Z,0,150,200,350,150,24276[Turmcenter],2021-07-12T04:42:00.585Z
0.14987715,open,2021-07-12T04:39:00Z,61,346,0,407,407,18944[Alte Oper],2021-07-12T04:42:00.585Z
0.12362637,open,2021-07-12T04:39:00Z,45,319,0,364,364,24281[Hauptbahnhof Süd],2021-07-12T04:42:00.585Z
0.2843016,open,2021-07-12T04:39:00Z,230,579,0,809,809,24279[Konstabler],2021-07-12T04:42:00.585Z
0.4765258,open,2021-07-12T04:39:00Z,203,223,0,426,426,18497[Hauptwache],2021-07-12T04:42:00.585Z
0.26911765,open,2021-07-12T04:39:00Z,183,497,0,680,680,18495[Am Gericht],2021-07-12T04:42:00.585Z
0.09400705,open,2021-07-12T04:39:00Z,80,771,45,896,851,109240[MyZeil],2021-07-12T04:42:00.585Z
0.02955665,open,2021-07-12T04:39:00Z,18,591,0,609,609,18494[Konrad-Adenauer-Straße],2021-07-12T04:42:00.585Z
0.94400895,open,2021-07-12T04:54:00Z,843,50,0,893,893,24277[Börse],2021-07-12T04:57:02.785Z
0.006666667,open,2021-07-12T04:54:00Z,1,149,200,350,150,24276[Turmcenter],2021-07-12T04:57:02.785Z
0.15233415,open,2021-07-12T04:54:00Z,62,345,0,407,407,18944[Alte Oper],2021-07-12T04:57:02.785Z
0.12087912,open,2021-07-12T04:54:00Z,44,320,0,364,364,24281[Hauptbahnhof Süd],2021-07-12T04:57:02.785Z
0.28800988,open,2021-07-12T04:54:00Z,233,576,0,809,809,24279[Konstabler],2021-07-12T04:57:02.785Z
0.48122066,open,2021-07-12T04:54:00Z,205,221,0,426,426,18497[Hauptwache],2021-07-12T04:57:02.785Z
0.2720588,open,2021-07-12T04:54:00Z,185,495,0,680,680,18495[Am Gericht],2021-07-12T04:57:02.785Z
0.09635723,open,2021-07-12T04:54:00Z,82,769,45,896,851,109240[MyZeil],2021-07-12T04:57:02.785Z
0.03284072,open,2021-07-12T04:54:00Z,20,589,0,609,609,18494[Konrad-Adenauer-Straße],2021-07-12T04:57:02.785Z
0.94400895,open,2021-07-12T05:14:00Z,843,50,0,893,893,24277[Börse],2021-07-12T05:17:02.197Z
0.013333334,open,2021-07-12T05:14:00Z,2,148,200,350,150,24276[Turmcenter],2021-07-12T05:17:02.197Z
0.16461916,open,2021-07-12T05:14:00Z,67,340,0,407,407,18944[Alte Oper],2021-07-12T05:17:02.197Z
0.12637363,open,2021-07-12T05:14:00Z,46,318,0,364,364,24281[Hauptbahnhof Süd],2021-07-12T05:17:02.197Z
0.2855377,open,2021-07-12T05:14:00Z,231,578,0,809,809,24279[Konstabler],2021-07-12T05:17:02.197Z
0.49295774,open,2021-07-12T05:14:00Z,210,216,0,426,426,18497[Hauptwache],2021-07-12T05:17:02.197Z
0.2882353,open,2021-07-12T05:14:00Z,196,484,0,680,680,18495[Am Gericht],2021-07-12T05:17:02.197Z
0.0987074,open,2021-07-12T05:14:00Z,84,767,45,896,851,109240[MyZeil],2021-07-12T05:17:02.197Z
0.03776683,open,2021-07-12T05:14:00Z,23,586,0,609,609,18494[Konrad-Adenauer-Straße],2021-07-12T05:17:02.197Z
0.94400895,open,2021-07-12T05:24:00Z,843,50,0,893,893,24277[Börse],2021-07-12T05:27:00.843Z
0.033333335,open,2021-07-12T05:24:00Z,5,145,200,350,150,24276[Turmcenter],2021-07-12T05:27:00.843Z
0.16953316,open,2021-07-12T05:24:00Z,69,338,0,407,407,18944[Alte Oper],2021-07-12T05:27:00.843Z
0.14285715,open,2021-07-12T05:24:00Z,52,312,0,364,364,24281[Hauptbahnhof Süd],2021-07-12T05:27:00.843Z
0.28306553,open,2021-07-12T05:24:00Z,229,580,0,809,809,24279[Konstabler],2021-07-12T05:27:00.843Z
0.49530515,open,2021-07-12T05:24:00Z,211,215,0,426,426,18497[Hauptwache],2021-07-12T05:27:00.843Z
0.29705882,open,2021-07-12T05:24:00Z,202,478,0,680,680,18495[Am Gericht],2021-07-12T05:27:00.843Z
0.103407755,open,2021-07-12T05:24:00Z,88,763,45,896,851,109240[MyZeil],2021-07-12T05:27:00.843Z
0.036124796,open,2021-07-12T05:24:00Z,22,587,0,609,609,18494[Konrad-Adenauer-Straße],2021-07-12T05:27:00.843Z
0.94400895,open,2021-07-12T05:34:00Z,843,50,0,893,893,24277[Börse],2021-07-12T05:37:01.481Z
0.046666667,open,2021-07-12T05:34:00Z,7,143,200,350,150,24276[Turmcenter],2021-07-12T05:37:01.481Z
0.17936118,open,2021-07-12T05:34:00Z,73,334,0,407,407,18944[Alte Oper],2021-07-12T05:37:01.481Z
0.1510989,open,2021-07-12T05:34:00Z,55,309,0,364,364,24281[Hauptbahnhof Süd],2021-07-12T05:37:01.481Z
0.2867738,open,2021-07-12T05:34:00Z,232,577,0,809,809,24279[Konstabler],2021-07-12T05:37:01.481Z
0.5,open,2021-07-12T05:34:00Z,213,213,0,426,426,18497[Hauptwache],2021-07-12T05:37:01.481Z
0.30294117,open,2021-07-12T05:34:00Z,206,474,0,680,680,18495[Am Gericht],2021-07-12T05:37:01.481Z
0.104582846,open,2021-07-12T05:34:00Z,89,762,45,896,851,109240[MyZeil],2021-07-12T05:37:01.481Z
0.04597701,open,2021-07-12T05:34:00Z,28,581,0,609,609,18494[Konrad-Adenauer-Straße],2021-07-12T05:37:01.481Z
0.94400895,open,2021-07-12T05:44:00Z,843,50,0,893,893,24277[Börse],2021-07-12T05:47:00.974Z
0.08,open,2021-07-12T05:44:00Z,12,138,200,350,150,24276[Turmcenter],2021-07-12T05:47:00.974Z
0.18427518,open,2021-07-12T05:44:00Z,75,332,0,407,407,18944[Alte Oper],2021-07-12T05:47:00.974Z
0.16483517,open,2021-07-12T05:44:00Z,60,304,0,364,364,24281[Hauptbahnhof Süd],2021-07-12T05:47:00.974Z
0.29048207,open,2021-07-12T05:44:00Z,235,574,0,809,809,24279[Konstabler],2021-07-12T05:47:00.974Z
0.5070422,open,2021-07-12T05:44:00Z,216,210,0,426,426,18497[Hauptwache],2021-07-12T05:47:00.974Z
0.31029412,open,2021-07-12T05:44:00Z,211,469,0,680,680,18495[Am Gericht],2021-07-12T05:47:00.974Z
0.10810811,open,2021-07-12T05:44:00Z,92,759,45,896,851,109240[MyZeil],2021-07-12T05:47:00.974Z
0.057471264,open,2021-07-12T05:44:00Z,35,574,0,609,609,18494[Konrad-Adenauer-Straße],2021-07-12T05:47:00.974Z
0.94400895,open,2021-07-12T06:04:00Z,843,50,0,893,893,24277[Börse],2021-07-12T06:07:00.344Z
0.14,open,2021-07-12T06:04:00Z,21,129,200,350,150,24276[Turmcenter],2021-07-12T06:07:00.344Z
0.18673219,open,2021-07-12T06:04:00Z,76,331,0,407,407,18944[Alte Oper],2021-07-12T06:07:00.344Z
0.21153846,open,2021-07-12T06:04:00Z,77,287,0,364,364,24281[Hauptbahnhof Süd],2021-07-12T06:07:00.344Z
0.31644005,open,2021-07-12T06:04:00Z,256,553,0,809,809,24279[Konstabler],2021-07-12T06:07:00.344Z
0.52816904,open,2021-07-12T06:04:00Z,225,201,0,426,426,18497[Hauptwache],2021-07-12T06:07:00.344Z
0.3367647,open,2021-07-12T06:04:00Z,229,451,0,680,680,18495[Am Gericht],2021-07-12T06:07:00.344Z
0.11398355,open,2021-07-12T06:04:00Z,97,754,45,896,851,109240[MyZeil],2021-07-12T06:07:00.344Z
0.07224959,open,2021-07-12T06:04:00Z,44,565,0,609,609,18494[Konrad-Adenauer-Straße],2021-07-12T06:07:00.344Z
